5 0.40234375 0.1109375 0.1 0.13125
4 0.615625 0.67890625 0.225 0.2875
4 0.79453125 0.6890625 0.1296875 0.159375
4 0.896875 0.71171875 0.13125 0.2125
4 0.78828125 0.87734375 0.09375 0.103125
4 0.4515625 0.775 0.1 0.1515625
4 0.36875 0.2828125 0.0765625 0.096875
4 0.27734375 0.2921875 0.1125 0.1609375
4 0.2296875 0.0953125 0.1109375 0.0875
5 0.2296875 0.69609375 0.09375 0.134375
4 0.44921875 0.9328125 0.1390625 0.134375
4 0.94609375 0.3546875 0.1078125 0.1734375
4 0.96640625 0.4828125 0.0671875 0.1296875
4 0.62734375 0.2859375 0.090625 0.14375
5 0.81015625 0.4484375 0.06875 0.103125
4 0.69140625 0.34765625 0.034375 0.059375
4 0.978125 0.90234375 0.04375 0.19375
4 0.71015625 0.82109375 0.0484375 0.0671875
5 0.665625 0.9328125 0.2234375 0.134375
4 0.59609375 0.83984375 0.065625 0.084375
2 0.3140625 0.85 0.025 0.065625
2 0.3375 0.7140625 0.0265625 0.08125
2 0.36640625 0.56015625 0.01875 0.0671875
2 0.40234375 0.4375 0.028125 0.065625
2 0.4484375 0.30078125 0.025 0.05
10 0.48828125 0.51953125 0.025 0.028125
10 0.38828125 0.93125 0.0359375 0.0765625
11 0.078125 0.2953125 0.15625 0.3703125
4 0.1078125 0.38203125 0.0453125 0.040625
4 0.19375 0.36796875 0.0453125 0.0453125
4 0.22109375 0.16015625 0.05 0.096875
4 0.2875 0.17890625 0.0796875 0.0875
4 0.2046875 0.25 0.04375 0.04375
4 0.0953125 0.42890625 0.06875 0.05625
5 0.19609375 0.30625 0.0578125 0.0875
4 0.103125 0.06875 0.0765625 0.075
4 0.1765625 0.01953125 0.1125 0.0375
4 0.1671875 0.08515625 0.04375 0.084375
10 0.790625 0.6234375 0.0375 0.034375
4 0.9796875 0.69609375 0.040625 0.146875
5 0.9078125 0.925 0.11875 0.15
5 0.81875 0.9671875 0.075 0.065625