10 0.55078125 0.984375 0.034375 0.03125
10 0.5625 0.7015625 0.0796875 0.05
10 0.546875 0.30859375 0.0625 0.0359375
2 0.8390625 0.7546875 0.071875 0.0203125
2 0.92421875 0.7484375 0.0625 0.025
2 0.97109375 0.8234375 0.0578125 0.034375
2 0.85 0.8265625 0.06875 0.025
2 0.6859375 0.9484375 0.0375 0.053125
2 0.58515625 0.96640625 0.021875 0.0484375
2 0.6828125 0.63359375 0.028125 0.053125
2 0.67890625 0.5765625 0.034375 0.0453125
2 0.67890625 0.525 0.034375 0.04375
2 0.678125 0.47265625 0.03125 0.04375
2 0.57578125 0.5609375 0.028125 0.040625
2 0.5734375 0.6203125 0.03125 0.040625
2 0.56953125 0.38359375 0.03125 0.05
2 0.56484375 0.28515625 0.0265625 0.04375
2 0.6671875 0.22265625 0.028125 0.0484375
2 0.665625 0.1140625 0.0359375 0.04375
2 0.65859375 0.06953125 0.034375 0.053125
2 0.6625 0.02265625 0.028125 0.040625
2 0.56484375 0.1421875 0.0375 0.05
2 0.5640625 0.084375 0.03125 0.0453125
2 0.5640625 0.02421875 0.0359375 0.0484375
3 0.2453125 0.84375 0.209375 0.1421875
11 0.23203125 0.4828125 0.4640625 0.15
11 0.22890625 0.6296875 0.4578125 0.146875
9 0.12890625 0.6546875 0.0171875 0.0125
9 0.06875 0.65390625 0.021875 0.0125
9 0.51171875 0.5375 0.021875 0.0140625
7 0.21640625 0.36796875 0.04375 0.0171875
7 0.16484375 0.37109375 0.053125 0.0125
4 0.44140625 0.75859375 0.1609375 0.09375
4 0.4078125 0.85078125 0.0875 0.084375
4 0.41015625 0.9375 0.04375 0.0390625
4 0.23828125 0.9546875 0.1734375 0.0828125
4 0.30390625 0.06015625 0.19375 0.1203125
4 0.4625 0.0484375 0.103125 0.096875
4 0.79296875 0.9828125 0.084375 0.034375
5 0.02421875 0.14921875 0.0484375 0.053125
5 0.38359375 0.225 0.3296875 0.209375
5 0.0578125 0.80546875 0.1 0.0671875
5 0.06171875 0.94453125 0.1234375 0.1109375
5 0.7703125 0.9328125 0.0671875 0.05625
5 0.7453125 0.1078125 0.05 0.025
5 0.540625 0.44140625 0.08125 0.0625
5 0.55546875 0.76796875 0.0375 0.034375
5 0.8703125 0.87265625 0.1 0.065625
5 0.80625 0.8953125 0.059375 0.0484375
5 0.96015625 0.86875 0.0796875 0.06875
4 0.853125 0.728125 0.071875 0.040625
4 0.74609375 0.55546875 0.0453125 0.025
4 0.5515625 0.64765625 0.0484375 0.028125
4 0.53828125 0.553125 0.0484375 0.0484375
4 0.54296875 0.35 0.0625 0.0484375
4 0.53828125 0.01953125 0.0453125 0.0375