9 0.5875 0.38671875 0.0171875 0.009375
9 0.5875 0.8265625 0.0125 0.009375
9 0.33984375 0.09609375 0.0140625 0.00625
9 0.28515625 0.0953125 0.0125 0.009375
9 0.0640625 0.56015625 0.01875 0.009375
9 0.01171875 0.4625 0.021875 0.00625
2 0.7203125 0.9953125 0.03125 0.009375
2 0.728125 0.9671875 0.028125 0.05
2 0.73828125 0.915625 0.03125 0.0453125
2 0.75234375 0.86171875 0.0359375 0.04375
2 0.7609375 0.8140625 0.0375 0.0453125
2 0.7703125 0.76328125 0.0375 0.0484375
2 0.77890625 0.71484375 0.0265625 0.0453125
2 0.7859375 0.6671875 0.0265625 0.0484375
2 0.81015625 0.55859375 0.04375 0.053125
2 0.68515625 0.62734375 0.0375 0.05
2 0.6734375 0.68359375 0.0375 0.0453125
2 0.66328125 0.73671875 0.03125 0.0453125
2 0.72109375 0.77890625 0.028125 0.0515625
2 0.65390625 0.7984375 0.0359375 0.04375
2 0.64453125 0.85234375 0.0359375 0.04375
2 0.6296875 0.9046875 0.03125 0.0390625
2 0.62265625 0.9484375 0.034375 0.03125
2 0.61328125 0.98828125 0.0359375 0.0234375
2 0.7125 0.48203125 0.0359375 0.04375
2 0.725 0.43046875 0.0375 0.04375
2 0.7296875 0.3796875 0.028125 0.0484375
2 0.74375 0.32109375 0.034375 0.05
2 0.89765625 0.1140625 0.0375 0.05
2 0.88828125 0.17421875 0.03125 0.04375
2 0.8765625 0.2328125 0.034375 0.04375
2 0.86640625 0.28828125 0.0359375 0.0484375
2 0.765625 0.19140625 0.0375 0.05
2 0.775 0.12734375 0.0375 0.0453125
10 0.75390625 0.03359375 0.040625 0.0671875
10 0.6765625 0.43359375 0.0375 0.0125
10 0.60703125 0.78828125 0.04375 0.0578125
8 0.109375 0.68984375 0.034375 0.028125
7 0.0625 0.046875 0.0171875 0.021875
7 0.06953125 0.07578125 0.0171875 0.021875
7 0.34765625 0.36328125 0.0359375 0.0125
7 0.3890625 0.37109375 0.0375 0.009375
4 0.47265625 0.96640625 0.065625 0.053125
4 0.290625 0.8296875 0.1609375 0.125
4 0.3953125 0.65625 0.14375 0.1078125
4 0.5453125 0.67578125 0.13125 0.090625
4 0.65390625 0.01796875 0.146875 0.0359375
4 0.11875 0.00859375 0.0453125 0.0171875
4 0.14765625 0.40625 0.05625 0.028125
4 0.0734375 0.7828125 0.0671875 0.0359375
4 0.10234375 0.80390625 0.05625 0.04375
5 0.45078125 0.81875 0.25625 0.1875
5 0.6046875 0.865625 0.04375 0.0375
5 0.6265625 0.7390625 0.05 0.03125
5 0.5890625 0.9515625 0.03125 0.0203125
4 0.04921875 0.96640625 0.06875 0.05625
5 0.1875 0.5421875 0.05 0.028125
5 0.0484375 0.3234375 0.053125 0.025
5 0.87265625 0.68515625 0.0578125 0.0296875
6 0.1859375 0.69375 0.071875 0.0890625
6 0.16015625 0.56015625 0.0171875 0.0359375
6 0.1921875 0.33515625 0.090625 0.0171875
6 0.2765625 0.34140625 0.1 0.01875
6 0.0609375 0.27734375 0.11875 0.05
6 0.08203125 0.32421875 0.04375 0.034375
6 0.09765625 0.07421875 0.0171875 0.03125
6 0.08046875 0.10234375 0.0140625 0.0359375
6 0.69140625 0.0515625 0.05 0.0484375
0 0.0421875 0.1390625 0.084375 0.221875
11 0.38125 0.26328125 0.5 0.15
11 0.3921875 0.1140625 0.503125 0.15625
5 0.50859375 0.51953125 0.315625 0.2125