9 0.6921875 0.0265625 0.0171875 0.0140625
9 0.65 0.0375 0.0171875 0.01875
9 0.5421875 0.01953125 0.021875 0.0171875
9 0.615625 0.00625 0.028125 0.0125
4 0.6578125 0.1421875 0.1375 0.11875
4 0.78515625 0.2234375 0.103125 0.1
4 0.90234375 0.23828125 0.1296875 0.0984375
5 0.8421875 0.7859375 0.2359375 0.159375
5 0.3890625 0.80078125 0.278125 0.2375
5 0.7078125 0.915625 0.1203125 0.065625
5 0.31640625 0.62734375 0.09375 0.065625
5 0.57421875 0.2515625 0.053125 0.0265625
5 0.39921875 0.02265625 0.071875 0.0453125
6 0.6984375 0.30078125 0.03125 0.021875
6 0.69375 0.62734375 0.03125 0.021875
6 0.6984375 0.66484375 0.034375 0.034375
6 0.75625 0.62734375 0.04375 0.028125
6 0.62890625 0.61328125 0.08125 0.04375
6 0.6421875 0.3109375 0.034375 0.021875
6 0.5484375 0.3328125 0.0359375 0.021875
6 0.58046875 0.29453125 0.0484375 0.034375
6 0.53984375 0.27890625 0.0359375 0.01875
6 0.415625 0.2484375 0.034375 0.0171875
6 0.35078125 0.2453125 0.05 0.0171875
6 0.2875 0.24296875 0.04375 0.0140625
6 0.5484375 0.52265625 0.0265625 0.025
7 0.59375 0.5484375 0.0265625 0.03125
7 0.58046875 0.51953125 0.021875 0.0265625
7 0.7796875 0.35546875 0.0265625 0.028125
7 0.78984375 0.38203125 0.028125 0.028125
7 0.24609375 0.21640625 0.034375 0.0171875
7 0.20078125 0.20703125 0.053125 0.0171875
4 0.609375 0.7984375 0.1515625 0.125
4 0.13359375 0.8109375 0.1734375 0.1203125
3 0.140625 0.68515625 0.2125 0.1421875
11 0.2359375 0.321875 0.471875 0.14375
11 0.2359375 0.46640625 0.471875 0.15
9 0.3296875 0.49296875 0.0171875 0.0140625
9 0.2515625 0.53125 0.0125 0.0125
9 0.1828125 0.58671875 0.0171875 0.0125
8 0.71015625 0.84765625 0.021875 0.021875
0 0.6734375 0.4375 0.315625 0.225