4 0.16640625 0.95625 0.0984375 0.0875
4 0.61328125 0.97734375 0.0671875 0.0453125
4 0.10078125 0.8953125 0.028125 0.03125
4 0.0203125 0.553125 0.040625 0.1
4 0.05859375 0.55078125 0.0578125 0.08125
4 0.1078125 0.5375 0.0484375 0.071875
4 0.1546875 0.55078125 0.071875 0.090625
4 0.2359375 0.52890625 0.08125 0.1
4 0.30546875 0.50390625 0.075 0.1203125
4 0.4015625 0.5484375 0.0890625 0.0875
5 0.6203125 0.41796875 0.11875 0.153125
4 0.9109375 0.58671875 0.0796875 0.059375
4 0.76953125 0.5203125 0.0890625 0.165625
4 0.4953125 0.56015625 0.0875 0.1125
5 0.61875 0.271875 0.071875 0.1296875
5 0.615625 0.12734375 0.0875 0.13125
4 0.5890625 0.18046875 0.0265625 0.0484375
4 0.578125 0.3265625 0.025 0.034375
4 0.74765625 0.02265625 0.04375 0.0453125
4 0.69453125 0.7328125 0.053125 0.065625
5 0.7875 0.96875 0.1609375 0.0625
5 0.89765625 0.85078125 0.125 0.2984375
5 0.7171875 0.43984375 0.071875 0.11875
5 0.3640625 0.18359375 0.065625 0.115625
5 0.00859375 0.884375 0.0171875 0.13125
5 0.009375 0.70390625 0.01875 0.1515625
5 0.078125 0.7234375 0.1125 0.25
5 0.55546875 0.77421875 0.159375 0.3078125
5 0.428125 0.7984375 0.0875 0.2359375
5 0.4203125 0.6296875 0.103125 0.0875
5 0.2125 0.7296875 0.14375 0.25625
5 0.334375 0.740625 0.096875 0.309375
4 0.178125 0.88203125 0.0875 0.05625
6 0.48203125 0.94921875 0.034375 0.025
6 0.4484375 0.9359375 0.028125 0.01875
6 0.4515625 0.96484375 0.0265625 0.0265625
6 0.56015625 0.96171875 0.0265625 0.0265625
6 0.5375 0.9515625 0.025 0.028125
6 0.5484375 0.9828125 0.028125 0.01875
6 0.828125 0.86171875 0.0140625 0.021875
2 0.69453125 0.15234375 0.01875 0.059375
2 0.69609375 0.2171875 0.01875 0.059375
2 0.45078125 0.0171875 0.0125 0.034375
2 0.43046875 0.0140625 0.0140625 0.028125
2 0.3859375 0.0171875 0.0171875 0.034375
2 0.2875 0.015625 0.0171875 0.03125
10 0.328125 0.04296875 0.028125 0.084375
10 0.09375 0.05859375 0.0625 0.0796875
10 0.584375 0.046875 0.028125 0.090625
10 0.78359375 0.04453125 0.034375 0.0890625
4 0.7125 0.3265625 0.06875 0.1