12 0.6359375 0.9578125 0.4328125 0.084375
5 0.30859375 0.9234375 0.096875 0.065625
5 0.5484375 0.78984375 0.3125 0.209375
5 0.928125 0.775 0.14375 0.146875
5 0.1625 0.0734375 0.325 0.14375
5 0.08828125 0.96171875 0.1765625 0.0734375
5 0.46875 0.6265625 0.075 0.05625
5 0.7015625 0.26171875 0.04375 0.034375
5 0.53515625 0.03828125 0.0578125 0.0484375
6 0.57109375 0.259375 0.04375 0.0140625
6 0.05390625 0.7671875 0.05625 0.0375
6 0.0734375 0.865625 0.028125 0.021875
6 0.01328125 0.8640625 0.0265625 0.059375
6 0.06015625 0.82421875 0.034375 0.025
6 0.16796875 0.209375 0.04375 0.0171875
6 0.5140625 0.25859375 0.034375 0.0140625
6 0.83046875 0.6234375 0.034375 0.0171875
6 0.765625 0.6203125 0.040625 0.025
6 0.87265625 0.6359375 0.0359375 0.0484375
6 0.765625 0.31640625 0.03125 0.025
6 0.69921875 0.30625 0.059375 0.040625
6 0.6828125 0.52734375 0.021875 0.025
6 0.428125 0.25234375 0.0359375 0.0171875
6 0.0375 0.5171875 0.028125 0.0375
4 0.078125 0.5953125 0.15625 0.1078125
4 0.1203125 0.69453125 0.115625 0.0765625
4 0.2953125 0.8078125 0.159375 0.11875
4 0.75859375 0.7984375 0.121875 0.1234375
4 0.8484375 0.91015625 0.09375 0.06875
4 0.8015625 0.1453125 0.13125 0.1078125
4 0.89453125 0.23828125 0.1296875 0.08125
9 0.06640625 0.803125 0.0171875 0.009375
9 0.39921875 0.50234375 0.01875 0.0125
9 0.47734375 0.490625 0.0171875 0.009375
7 0.38671875 0.22734375 0.04375 0.0140625
7 0.3421875 0.21875 0.034375 0.0125
7 0.71015625 0.52265625 0.0140625 0.025
7 0.7234375 0.553125 0.0140625 0.025
7 0.9 0.365625 0.025 0.021875
7 0.9078125 0.3890625 0.025 0.025
6 0.9796875 0.4984375 0.0375 0.0484375
9 0.93359375 0.303125 0.021875 0.009375
9 0.7640625 0.03125 0.0140625 0.0125
9 0.6734375 0.0296875 0.0140625 0.0125
9 0.40234375 0.58984375 0.01875 0.0125
3 0.2859375 0.6875 0.2125 0.134375
9 0.38828125 0.921875 0.021875 0.0125
8 0.8390625 0.85234375 0.03125 0.0265625
11 0.3546875 0.3328125 0.5046875 0.1375
11 0.3546875 0.4828125 0.5125 0.1609375