5 0.1203125 0.10546875 0.06875 0.053125
5 0.0921875 0.9640625 0.184375 0.071875
5 0.6765625 0.2828125 0.190625 0.1625
5 0.7078125 0.1296875 0.15625 0.1734375
5 0.2125 0.15625 0.1 0.0875
5 0.2453125 0.52734375 0.1375 0.0984375
5 0.25859375 0.728125 0.1 0.065625
4 0.4328125 0.978125 0.115625 0.04375
4 0.48203125 0.8859375 0.1203125 0.0890625
4 0.58984375 0.953125 0.1625 0.0703125
4 0.74296875 0.9640625 0.178125 0.071875
4 0.95078125 0.88671875 0.0984375 0.0921875
4 0.53359375 0.6859375 0.1734375 0.10625
4 0.48203125 0.5609375 0.209375 0.121875
4 0.80078125 0.36796875 0.1703125 0.0984375
4 0.9484375 0.35703125 0.103125 0.1203125
4 0.7828125 0.0625 0.0796875 0.125
4 0.2171875 0.271875 0.090625 0.09375
4 0.21171875 0.0578125 0.11875 0.0890625
4 0.44921875 0.07109375 0.0671875 0.059375
5 0.4640625 0.21015625 0.059375 0.0453125
6 0.5 0.34765625 0.0796875 0.125
6 0.74609375 0.7765625 0.184375 0.1734375
2 0.44140625 0.65859375 0.0796875 0.028125
2 0.4 0.09765625 0.05625 0.028125
2 0.39765625 0.0625 0.053125 0.028125
4 0.90390625 0.02265625 0.178125 0.0453125
12 0.9109375 0.51796875 0.178125 0.2078125