11 0.7546875 0.4796875 0.465625 0.1421875
11 0.7515625 0.62109375 0.471875 0.1421875
9 0.68984375 0.68125 0.021875 0.009375
9 0.7125 0.68046875 0.0171875 0.009375
9 0.259375 0.28125 0.0125 0.0125
9 0.4390625 0.1421875 0.0125 0.0125
9 0.4984375 0.178125 0.009375 0.00625
9 0.7765625 0.22578125 0.01875 0.009375
4 0.95703125 0.89765625 0.05 0.0359375
4 0.95703125 0.8140625 0.0859375 0.084375
4 0.959375 0.7234375 0.08125 0.103125
4 0.82421875 0.93046875 0.14375 0.115625
4 0.40234375 0.92890625 0.10625 0.10625
4 0.11640625 0.8015625 0.103125 0.0828125
4 0.23203125 0.24765625 0.053125 0.034375
4 0.025 0.2640625 0.03125 0.025
4 0.20078125 0.3546875 0.1078125 0.0765625
4 0.35546875 0.2828125 0.13125 0.075
4 0.5375 0.3109375 0.05625 0.034375
4 0.8921875 0.0828125 0.215625 0.146875
5 0.90234375 0.24375 0.19375 0.1875
5 0.6 0.1734375 0.0484375 0.0375
5 0.1625 0.1 0.325 0.2
5 0.06015625 0.3546875 0.1203125 0.075
5 0.4109375 0.3921875 0.0375 0.028125
5 0.13203125 0.94140625 0.2640625 0.1171875
5 0.665625 0.771875 0.0796875 0.0609375
5 0.6359375 0.92421875 0.303125 0.1515625
3 0.80390625 0.80859375 0.190625 0.128125
4 0.45703125 0.73046875 0.034375 0.025
7 0.37265625 0.69453125 0.0171875 0.0265625
7 0.3859375 0.665625 0.0265625 0.0265625
7 0.165625 0.4859375 0.01875 0.028125
7 0.15 0.5171875 0.01875 0.0265625
7 0.0453125 0.29921875 0.021875 0.025
8 0.50390625 0.0109375 0.0671875 0.021875
8 0.7640625 0.22578125 0.04375 0.021875
7 0.76953125 0.3703125 0.034375 0.009375
7 0.72578125 0.3765625 0.04375 0.00625
8 0.31953125 0.97109375 0.040625 0.034375
6 0.365625 0.7703125 0.03125 0.021875
6 0.29453125 0.78984375 0.04375 0.0375
6 0.31640625 0.765625 0.0671875 0.0453125
6 0.415625 0.6671875 0.025 0.025
6 0.40390625 0.634375 0.04375 0.0375
6 0.23203125 0.8109375 0.040625 0.0421875
6 0.046875 0.63671875 0.059375 0.06875
6 0.421875 0.44609375 0.0625 0.05625
6 0.29921875 0.4265625 0.115625 0.04375
6 0.6078125 0.39453125 0.175 0.0265625
6 0.55546875 0.15625 0.028125 0.040625
0 0.27734375 0.59140625 0.30625 0.2765625