4 0.84609375 0.1515625 0.1515625 0.2125
5 0.70546875 0.1046875 0.1015625 0.1296875
5 0.6765625 0.2921875 0.10625 0.1078125
5 0.63125 0.453125 0.15 0.1515625
5 0.41484375 0.421875 0.04375 0.0828125
4 0.390625 0.4859375 0.1109375 0.0765625
4 0.578125 0.6296875 0.0828125 0.0828125
4 0.5 0.78828125 0.0609375 0.103125
4 0.45078125 0.87734375 0.1015625 0.096875
4 0.53359375 0.89921875 0.0515625 0.0890625
4 0.484375 0.96953125 0.115625 0.0609375
4 0.771875 0.96875 0.1296875 0.0625
4 0.90078125 0.96953125 0.1171875 0.0609375
12 0.8859375 0.36171875 0.228125 0.6375
2 0.38828125 0.65625 0.0296875 0.053125
2 0.3140625 0.834375 0.0359375 0.0625
2 0.21484375 0.728125 0.0453125 0.0484375
2 0.24609375 0.97734375 0.034375 0.0453125
1 0.49375 0.34140625 0.0453125 0.1765625
10 0.4734375 0.68125 0.05625 0.04375
10 0.5984375 0.2015625 0.0453125 0.0703125
10 0.31875 0.41484375 0.021875 0.0265625