10 0.58203125 0.896875 0.025 0.071875
10 0.61171875 0.36171875 0.040625 0.04375
4 0.91796875 0.72578125 0.1625 0.14375
4 0.7796875 0.8015625 0.15625 0.1421875
4 0.93125 0.84765625 0.128125 0.1390625
4 0.77734375 0.92890625 0.175 0.1421875
4 0.4953125 0.8015625 0.1125 0.15
4 0.5046875 0.9484375 0.0890625 0.103125
4 0.5296875 0.44921875 0.0578125 0.103125
4 0.3765625 0.415625 0.1375 0.20625
4 0.5453125 0.27265625 0.096875 0.1203125
4 0.58984375 0.0921875 0.1375 0.1734375
4 0.10078125 0.9046875 0.2015625 0.190625
5 0.12265625 0.7078125 0.2453125 0.215625
5 0.1265625 0.08203125 0.1375 0.1625
5 0.8421875 0.10078125 0.1 0.1734375
5 0.7453125 0.5765625 0.04375 0.075
12 0.20546875 0.27578125 0.4109375 0.5515625
2 0.73828125 0.11328125 0.028125 0.053125
2 0.703125 0.24140625 0.025 0.0578125
2 0.68359375 0.16015625 0.025 0.0578125
2 0.6765625 0.42421875 0.025 0.065625
2 0.6296875 0.45546875 0.0171875 0.0625
2 0.64765625 0.59609375 0.025 0.0796875
2 0.64453125 0.73828125 0.028125 0.0796875
2 0.61640625 0.8640625 0.021875 0.0671875
2 0.65 0.88125 0.025 0.071875
2 0.6546875 0.97578125 0.0265625 0.0484375
9 0.5890625 0.5328125 0.009375 0.01875
9 0.5921875 0.4828125 0.0140625 0.0265625