10 0.72265625 0.34375 0.0625 0.05625
5 0.4671875 0.9421875 0.065625 0.1109375
5 0.25859375 0.94453125 0.0984375 0.1109375
5 0.80859375 0.0421875 0.0796875 0.084375
5 0.0484375 0.5609375 0.096875 0.2671875
4 0.10546875 0.38828125 0.125 0.1515625
4 0.0984375 0.27734375 0.125 0.0921875
4 0.1109375 0.1515625 0.128125 0.18125
4 0.571875 0.0921875 0.1546875 0.1515625
4 0.62890625 0.26328125 0.075 0.09375
4 0.7296875 0.4859375 0.1203125 0.134375
4 0.68125 0.60078125 0.1125 0.21875
4 0.7546875 0.77265625 0.0984375 0.115625
4 0.6390625 0.71875 0.096875 0.1109375
4 0.44921875 0.66796875 0.1390625 0.165625
4 0.30859375 0.70703125 0.1390625 0.1828125
2 0.421875 0.7546875 0.034375 0.0984375
2 0.9234375 0.64921875 0.040625 0.0375
2 0.83515625 0.43984375 0.0265625 0.04375
2 0.759375 0.2546875 0.0265625 0.03125
2 0.71484375 0.12890625 0.021875 0.071875
2 0.68671875 0.02734375 0.0265625 0.0546875
10 0.94921875 0.865625 0.0875 0.071875
6 0.5265625 0.46015625 0.1625 0.2046875