9 0.040625 0.4390625 0.0125 0.00625
4 0.05859375 0.09140625 0.1015625 0.153125
4 0.15 0.0984375 0.0625 0.075
4 0.39921875 0.0875 0.053125 0.075
4 0.08515625 0.3328125 0.15625 0.1875
4 0.22578125 0.3640625 0.125 0.175
4 0.4359375 0.3265625 0.1015625 0.1421875
4 0.55390625 0.2609375 0.0875 0.15
4 0.509375 0.3921875 0.1078125 0.1078125
4 0.47265625 0.47578125 0.065625 0.0875
4 0.5375 0.540625 0.146875 0.159375
4 0.415625 0.7765625 0.08125 0.1203125
4 0.365625 0.921875 0.15 0.15625
4 0.83046875 0.05390625 0.09375 0.10625
4 0.76328125 0.03828125 0.05 0.0765625
4 0.928125 0.17265625 0.14375 0.1703125
4 0.8921875 0.32421875 0.09375 0.1234375
4 0.97265625 0.3046875 0.0546875 0.1125
4 0.91484375 0.39765625 0.0984375 0.08125
4 0.984375 0.4703125 0.03125 0.121875
4 0.83046875 0.63203125 0.075 0.0453125
4 0.6078125 0.921875 0.084375 0.0890625
10 0.6703125 0.9578125 0.028125 0.053125
10 0.52734375 0.71484375 0.0265625 0.0671875
10 0.75390625 0.1703125 0.0796875 0.075
10 0.53125 0.0421875 0.025 0.05625
2 0.95078125 0.01484375 0.0171875 0.0296875
2 0.859375 0.1359375 0.03125 0.0671875
2 0.775 0.2234375 0.03125 0.053125
2 0.76953125 0.32109375 0.034375 0.059375
2 0.70078125 0.4703125 0.040625 0.059375
2 0.6609375 0.5828125 0.021875 0.034375
2 0.79921875 0.6453125 0.0359375 0.0484375
2 0.515625 0.9484375 0.0265625 0.0671875
2 0.57421875 0.7875 0.0609375 0.1515625
9 0.803125 0.7234375 0.0125 0.0125
12 0.1140625 0.84609375 0.228125 0.3078125
6 0.07421875 0.603125 0.146875 0.1078125
6 0.3375 0.5296875 0.165625 0.125
6 0.3453125 0.64921875 0.115625 0.075