6 0.79453125 0.35 0.1765625 0.321875
6 0.50703125 0.36328125 0.1375 0.1140625
6 0.209375 0.9421875 0.0359375 0.0453125
6 0.0515625 0.9046875 0.09375 0.1390625
6 0.02890625 0.109375 0.0578125 0.103125
4 0.0953125 0.0328125 0.071875 0.065625
4 0.69765625 0.07421875 0.1015625 0.1484375
4 0.571875 0.0890625 0.134375 0.178125
4 0.0890625 0.3484375 0.1375 0.084375
4 0.375 0.3453125 0.096875 0.1015625
4 0.3734375 0.45078125 0.10625 0.0984375
4 0.3890625 0.60234375 0.115625 0.16875
4 0.79453125 0.8234375 0.1078125 0.1140625
4 0.61328125 0.9265625 0.1203125 0.146875
4 0.8421875 0.65390625 0.1375 0.21875
4 0.89765625 0.48671875 0.0671875 0.096875
4 0.89765625 0.06875 0.0984375 0.1375
4 0.9640625 0.3265625 0.071875 0.0984375
4 0.978125 0.24765625 0.04375 0.0625
4 0.91796875 0.21171875 0.053125 0.0953125
4 0.9625 0.134375 0.075 0.15
4 0.978125 0.0265625 0.04375 0.053125
9 0.859375 0.7875 0.009375 0.0171875
10 0.84609375 0.896875 0.0703125 0.0890625
4 0.76171875 0.97109375 0.0828125 0.0578125
2 0.8609375 0.959375 0.0296875 0.0703125
2 0.9234375 0.82578125 0.05625 0.15
2 0.95703125 0.5734375 0.03125 0.059375
2 0.97734375 0.62890625 0.021875 0.065625
10 0.97421875 0.44609375 0.0515625 0.0265625
5 0.13671875 0.21640625 0.134375 0.18125
5 0.3296875 0.2453125 0.1171875 0.15625
5 0.265625 0.08671875 0.1390625 0.1546875
5 0.24140625 0.24296875 0.1015625 0.1921875
12 0.34609375 0.70546875 0.6265625 0.584375