12 0.65859375 0.571875 0.603125 0.6109375
4 0.61640625 0.44609375 0.134375 0.175
4 0.6265625 0.3140625 0.1 0.1296875
4 0.61875 0.19453125 0.103125 0.090625
4 0.90859375 0.2046875 0.1375 0.13125
4 0.359375 0.8078125 0.1515625 0.209375
4 0.2125 0.68125 0.1 0.1203125
4 0.1546875 0.49609375 0.1609375 0.153125
4 0.1046875 0.3328125 0.075 0.0890625
4 0.03828125 0.1734375 0.075 0.1
4 0.084375 0.0609375 0.0375 0.1078125
4 0.04140625 0.05625 0.0828125 0.1125
5 0.703125 0.09765625 0.10625 0.19375
5 0.8578125 0.10546875 0.146875 0.2109375
5 0.78125 0.0765625 0.071875 0.153125
5 0.953125 0.3546875 0.09375 0.15625
5 0.64921875 0.96484375 0.165625 0.06875
5 0.0203125 0.9484375 0.040625 0.08125
4 0.22734375 0.86328125 0.0875 0.1375
10 0.14765625 0.75859375 0.075 0.0984375
10 0.0265625 0.2984375 0.053125 0.0484375
6 0.24609375 0.23671875 0.2046875 0.2640625
6 0.478125 0.1453125 0.153125 0.175
6 0.2984375 0.53515625 0.075 0.225
6 0.47578125 0.8953125 0.1109375 0.125
6 0.91796875 0.8484375 0.159375 0.21875
2 0.0125 0.43046875 0.025 0.0640625
2 0.046875 0.58515625 0.034375 0.065625
2 0.0890625 0.58984375 0.0265625 0.0578125
2 0.09375 0.76796875 0.053125 0.1609375
2 0.14921875 0.83671875 0.0171875 0.0796875
2 0.1265625 0.96015625 0.028125 0.075