2 0.953125 0.303125 0.0578125 0.01875
2 0.8890625 0.303125 0.071875 0.021875
5 0.92578125 0.634375 0.11875 0.06875
5 0.69140625 0.3765625 0.190625 0.1109375
5 0.25703125 0.08203125 0.371875 0.1625
5 0.1046875 0.1984375 0.209375 0.19375
5 0.3578125 0.453125 0.3 0.1703125
5 0.39296875 0.5890625 0.3125 0.1
5 0.17421875 0.821875 0.1125 0.0796875
5 0.38203125 0.72109375 0.284375 0.1421875
5 0.41484375 0.92890625 0.25625 0.1421875
5 0.38828125 0.8265625 0.2859375 0.0671875
5 0.640625 0.81953125 0.071875 0.0671875
5 0.484375 0.0265625 0.06875 0.053125
4 0.6140625 0.23828125 0.1625 0.0890625
4 0.1 0.37265625 0.128125 0.08125
4 0.04140625 0.83359375 0.0828125 0.0984375
4 0.028125 0.92890625 0.05625 0.0484375
4 0.240625 0.88828125 0.0375 0.025
4 0.5828125 0.96875 0.0765625 0.0625
4 0.58046875 0.921875 0.0765625 0.059375
4 0.57109375 0.83515625 0.084375 0.084375
4 0.5796875 0.74765625 0.096875 0.0890625
4 0.62265625 0.6859375 0.1078125 0.075
4 0.5828125 0.59765625 0.103125 0.0765625
4 0.5359375 0.08984375 0.090625 0.075
4 0.571875 0.4984375 0.09375 0.090625
7 0.0984375 0.6515625 0.025 0.0359375
7 0.0828125 0.68515625 0.0375 0.028125
0 0.07109375 0.59765625 0.1421875 0.2671875