2 0.04453125 0.68515625 0.06875 0.025
2 0.225 0.6859375 0.053125 0.0265625
2 0.4734375 0.65234375 0.0671875 0.025
2 0.62265625 0.61796875 0.08125 0.025
2 0.69921875 0.55546875 0.0625 0.025
2 0.76796875 0.57421875 0.06875 0.025
2 0.928125 0.5109375 0.0625 0.028125
2 0.96640625 0.46171875 0.0671875 0.025
4 0.83984375 0.62109375 0.134375 0.0796875
4 0.8546875 0.71640625 0.1875 0.1078125
4 0.85078125 0.37265625 0.1515625 0.1
4 0.78359375 0.05546875 0.134375 0.1109375
4 0.43515625 0.2015625 0.1703125 0.121875
4 0.4203125 0.0921875 0.1515625 0.115625
4 0.26953125 0.21171875 0.1 0.0875
4 0.3234375 0.290625 0.09375 0.04375
4 0.43359375 0.3265625 0.23125 0.1421875
4 0.28828125 0.4046875 0.090625 0.0671875
4 0.08671875 0.5765625 0.1734375 0.125
4 0.2046875 0.571875 0.096875 0.08125
10 0.61640625 0.509375 0.05 0.03125
5 0.15390625 0.31640625 0.275 0.2125
5 0.13125 0.16484375 0.2625 0.090625
5 0.12421875 0.04921875 0.2484375 0.0984375
4 0.2953125 0.04453125 0.1203125 0.0890625
4 0.42890625 0.0109375 0.1296875 0.021875
5 0.4484375 0.4203125 0.2453125 0.1390625
5 0.69453125 0.1875 0.0984375 0.075
5 0.978125 0.59375 0.04375 0.075
5 0.4265625 0.7609375 0.115625 0.096875
5 0.82421875 0.80078125 0.084375 0.0515625
4 0.9515625 0.76953125 0.096875 0.06875
4 0.97109375 0.83984375 0.0578125 0.053125
11 0.77265625 0.91953125 0.434375 0.1609375