9 0.61328125 0.5875 0.009375 0.0171875
9 0.1734375 0.5875 0.009375 0.0125
9 0.90390625 0.33984375 0.00625 0.0140625
9 0.9046875 0.28515625 0.009375 0.0125
9 0.43984375 0.0640625 0.009375 0.01875
9 0.5375 0.01171875 0.00625 0.021875
2 0.0046875 0.7203125 0.009375 0.03125
2 0.0328125 0.728125 0.0515625 0.028125
2 0.084375 0.73828125 0.0453125 0.03125
2 0.13828125 0.75234375 0.04375 0.0359375
2 0.1859375 0.7609375 0.0453125 0.0375
2 0.23671875 0.7703125 0.0484375 0.0375
2 0.28515625 0.77890625 0.0453125 0.0265625
2 0.3328125 0.7859375 0.0484375 0.0265625
2 0.44140625 0.81015625 0.053125 0.04375
2 0.37265625 0.68515625 0.0515625 0.0375
2 0.31640625 0.6734375 0.0453125 0.0375
2 0.26328125 0.66328125 0.0453125 0.03125
2 0.22109375 0.72109375 0.0515625 0.028125
2 0.2015625 0.65390625 0.0421875 0.0359375
2 0.14765625 0.64453125 0.04375 0.0359375
2 0.0953125 0.6296875 0.0390625 0.03125
2 0.0515625 0.62265625 0.03125 0.034375
2 0.01171875 0.61328125 0.0234375 0.0359375
2 0.51796875 0.7125 0.04375 0.0359375
2 0.56953125 0.725 0.04375 0.0375
2 0.6203125 0.7296875 0.0484375 0.028125
2 0.67890625 0.74375 0.05 0.034375
2 0.8859375 0.89765625 0.05 0.0375
2 0.82578125 0.88828125 0.04375 0.03125
2 0.7671875 0.8765625 0.04375 0.034375
2 0.71171875 0.86640625 0.0484375 0.0359375
2 0.80859375 0.765625 0.05 0.0375
2 0.87265625 0.775 0.0453125 0.0390625
10 0.96640625 0.75390625 0.0671875 0.040625
10 0.56640625 0.6765625 0.0125 0.0375
10 0.21171875 0.60703125 0.0578125 0.04375
8 0.31015625 0.109375 0.028125 0.034375
7 0.953125 0.0625 0.021875 0.0171875
7 0.92421875 0.06953125 0.021875 0.0171875
7 0.63671875 0.34765625 0.0125 0.0359375
7 0.62890625 0.3890625 0.009375 0.0375
4 0.03359375 0.47265625 0.053125 0.065625
4 0.1703125 0.290625 0.125 0.1609375
4 0.34375 0.3953125 0.1078125 0.14375
4 0.32421875 0.5453125 0.090625 0.13125
4 0.98203125 0.65390625 0.0359375 0.146875
4 0.99140625 0.11875 0.0171875 0.0453125
4 0.59375 0.14765625 0.0296875 0.05625
4 0.2171875 0.0734375 0.0359375 0.0671875
4 0.19609375 0.10234375 0.04375 0.05625
5 0.18125 0.45078125 0.1875 0.2578125
5 0.134375 0.6046875 0.0390625 0.04375
5 0.2609375 0.6265625 0.03125 0.05
5 0.0484375 0.5890625 0.01875 0.03125
4 0.03359375 0.04921875 0.05625 0.06875
5 0.4578125 0.1875 0.028125 0.05
5 0.6765625 0.0484375 0.025 0.053125
5 0.31484375 0.87265625 0.028125 0.0578125
6 0.30625 0.1859375 0.0890625 0.071875
6 0.43984375 0.16015625 0.0359375 0.0171875
6 0.66484375 0.1921875 0.0171875 0.090625
6 0.65859375 0.2765625 0.01875 0.1
6 0.72265625 0.0609375 0.05 0.11875
6 0.67578125 0.08203125 0.034375 0.04375
6 0.92578125 0.09765625 0.03125 0.0171875
6 0.89765625 0.08046875 0.0359375 0.0140625
6 0.9484375 0.69140625 0.0484375 0.05
0 0.8609375 0.0421875 0.221875 0.084375
11 0.73671875 0.38125 0.15 0.5
11 0.8859375 0.3921875 0.15625 0.503125
5 0.48046875 0.50859375 0.2125 0.315625