9 0.5609375 0.959375 0.00625 0.0125
4 0.90859375 0.94140625 0.153125 0.1
4 0.9015625 0.85 0.075 0.0625
4 0.9125 0.60078125 0.075 0.053125
4 0.6671875 0.91484375 0.1875 0.15625
4 0.6359375 0.77421875 0.175 0.125
4 0.6734375 0.5640625 0.1421875 0.1
4 0.7390625 0.44609375 0.15 0.0875
4 0.6078125 0.490625 0.1078125 0.1078125
4 0.52421875 0.52734375 0.0875 0.065625
4 0.459375 0.4625 0.159375 0.146875
4 0.2234375 0.584375 0.1203125 0.08125
4 0.078125 0.634375 0.15625 0.15
4 0.94609375 0.16953125 0.10625 0.09375
4 0.96171875 0.23671875 0.0765625 0.05
4 0.82734375 0.071875 0.1703125 0.14375
4 0.67578125 0.1078125 0.121875 0.09375
4 0.6953125 0.02734375 0.1125 0.0546875
4 0.60234375 0.08515625 0.08125 0.0984375
4 0.5296875 0.015625 0.121875 0.03125
4 0.36796875 0.16953125 0.0453125 0.075
4 0.078125 0.3921875 0.0890625 0.084375
10 0.0421875 0.3296875 0.053125 0.028125
10 0.28515625 0.47265625 0.0671875 0.0265625
10 0.8296875 0.24609375 0.075 0.0796875
10 0.9578125 0.46875 0.05625 0.025
2 0.98515625 0.04921875 0.0296875 0.0171875
2 0.8640625 0.140625 0.0671875 0.03125
2 0.7765625 0.225 0.053125 0.03125
2 0.67890625 0.23046875 0.059375 0.034375
2 0.5296875 0.29921875 0.059375 0.040625
2 0.4171875 0.3390625 0.034375 0.021875
2 0.3546875 0.20078125 0.0484375 0.0359375
2 0.0515625 0.484375 0.0671875 0.0265625
2 0.2125 0.42578125 0.1515625 0.059375
9 0.2765625 0.196875 0.0125 0.0125
12 0.15390625 0.8859375 0.3078125 0.228125
6 0.396875 0.92578125 0.1078125 0.146875
6 0.4703125 0.6625 0.125 0.165625
6 0.35078125 0.6546875 0.075 0.115625