9 0.678125 0.58671875 0.0265625 0.0125
9 0.734375 0.58984375 0.0265625 0.0125
10 0.7453125 0.58046875 0.059375 0.040625
10 0.21484375 0.6140625 0.065625 0.0484375
10 0.03984375 0.88359375 0.053125 0.03125
10 0.43984375 0.80546875 0.053125 0.0375
4 0.2640625 0.37109375 0.21875 0.15
4 0.77265625 0.15625 0.2140625 0.10625
4 0.775 0.0484375 0.215625 0.096875
4 0.953125 0.2046875 0.09375 0.10625
4 0.953125 0.3546875 0.09375 0.10625
4 0.8265625 0.5140625 0.14375 0.125
4 0.63125 0.50390625 0.153125 0.09375
4 0.96640625 0.53359375 0.0671875 0.06875
4 0.61640625 0.91953125 0.225 0.1609375
4 0.64765625 0.81953125 0.1390625 0.1328125
4 0.728125 0.76171875 0.15 0.1109375
4 0.875 0.77421875 0.1125 0.1609375
4 0.2796875 0.5296875 0.125 0.0671875
4 0.1140625 0.5484375 0.146875 0.1
4 0.02890625 0.61328125 0.0578125 0.0578125
12 0.2078125 0.1984375 0.415625 0.396875
5 0.546875 0.12265625 0.2140625 0.2453125
2 0.97265625 0.66328125 0.0546875 0.0265625
2 0.8734375 0.66484375 0.0671875 0.025
2 0.73671875 0.65390625 0.053125 0.0171875
2 0.72109375 0.61875 0.053125 0.0171875
2 0.5921875 0.6453125 0.0671875 0.025
2 0.4359375 0.65390625 0.0671875 0.01875
2 0.35 0.62890625 0.0671875 0.0265625
2 0.259375 0.6734375 0.075 0.025
2 0.06953125 0.7234375 0.040625 0.0265625
2 0.05390625 0.678125 0.0625 0.0171875
5 0.93984375 0.896875 0.1203125 0.1203125