1 0.478125 0.9578125 0.034375 0.084375
2 0.52265625 0.7125 0.0265625 0.0671875
2 0.58203125 0.52890625 0.0359375 0.0625
2 0.63359375 0.39453125 0.0359375 0.04375
2 0.80390625 0.39765625 0.040625 0.053125
1 0.73046875 0.1765625 0.084375 0.1625
12 0.115625 0.71171875 0.2265625 0.5765625
4 0.171875 0.9359375 0.10625 0.128125
5 0.3265625 0.85234375 0.121875 0.125
5 0.3734375 0.68359375 0.134375 0.184375
4 0.240625 0.1078125 0.1703125 0.209375
4 0.09609375 0.08515625 0.1390625 0.1703125
4 0.5421875 0.27890625 0.128125 0.14375
4 0.4796875 0.16328125 0.0921875 0.2
4 0.44140625 0.07109375 0.1109375 0.1421875
4 0.565625 0.03046875 0.103125 0.0609375
4 0.609375 0.6421875 0.103125 0.059375
5 0.6140625 0.725 0.103125 0.090625
10 0.53359375 0.4390625 0.04375 0.065625
4 0.42421875 0.50703125 0.0765625 0.10625
6 0.3390625 0.30546875 0.221875 0.196875
6 0.0671875 0.36796875 0.1203125 0.1109375