5 0.89453125 0.8796875 0.053125 0.06875
5 0.0359375 0.9078125 0.071875 0.184375
5 0.7171875 0.3234375 0.1625 0.190625
5 0.8703125 0.2921875 0.1734375 0.15625
5 0.84375 0.7875 0.0875 0.1
5 0.47265625 0.7546875 0.0984375 0.1375
5 0.271875 0.74140625 0.065625 0.1
4 0.021875 0.5671875 0.04375 0.115625
4 0.1140625 0.51796875 0.0890625 0.1203125
4 0.046875 0.41015625 0.06875 0.1625
4 0.0359375 0.25703125 0.071875 0.178125
4 0.11328125 0.04921875 0.090625 0.0984375
4 0.3140625 0.46640625 0.10625 0.1734375
4 0.4390625 0.51796875 0.121875 0.209375
4 0.63203125 0.19921875 0.0984375 0.1703125
4 0.64296875 0.0515625 0.1203125 0.103125
4 0.9375 0.2171875 0.125 0.0796875
4 0.728125 0.7828125 0.09375 0.090625
4 0.9421875 0.78828125 0.0890625 0.11875
4 0.92890625 0.55078125 0.059375 0.0671875
5 0.78984375 0.5359375 0.0453125 0.059375
6 0.65234375 0.5 0.125 0.0796875
6 0.2234375 0.25390625 0.1734375 0.184375
2 0.34140625 0.55859375 0.028125 0.0796875
2 0.90234375 0.6 0.028125 0.05625
2 0.9375 0.60234375 0.028125 0.053125
4 0.97734375 0.09609375 0.0453125 0.178125
12 0.48203125 0.0890625 0.20625 0.178125