2 0.69921875 0.0109375 0.0265625 0.021875
4 0.76953125 0.2484375 0.0890625 0.1703125
4 0.90390625 0.30078125 0.0671875 0.11875
4 0.978125 0.2765625 0.04375 0.0828125
4 0.50625 0.2875 0.0875 0.0875
4 0.41953125 0.27421875 0.0828125 0.0765625
4 0.2671875 0.2765625 0.0828125 0.084375
4 0.196875 0.22578125 0.0703125 0.096875
4 0.18125 0.27265625 0.0765625 0.0765625
4 0.10546875 0.275 0.0703125 0.0640625
4 0.040625 0.28203125 0.08125 0.1015625
4 0.178125 0.8078125 0.1015625 0.1109375
4 0.08203125 0.8140625 0.0515625 0.053125
4 0.1265625 0.6140625 0.0296875 0.03125
4 0.08203125 0.94296875 0.1140625 0.1140625
4 0.63203125 0.73671875 0.075 0.103125
4 0.9390625 0.9078125 0.0796875 0.134375
8 0.87109375 0.86875 0.0296875 0.040625
8 0.82578125 0.94375 0.034375 0.0515625
7 0.53515625 0.9859375 0.0265625 0.0265625
7 0.50390625 0.99375 0.025 0.0125
7 0.3546875 0.74609375 0.0265625 0.0296875
7 0.32421875 0.759375 0.03125 0.0171875
9 0.009375 0.87578125 0.01875 0.0203125
9 0.18515625 0.93046875 0.0140625 0.0125
5 0.0203125 0.76953125 0.040625 0.075
5 0.1890625 0.66484375 0.0921875 0.115625
5 0.02421875 0.70078125 0.0484375 0.0484375
5 0.02421875 0.584375 0.0484375 0.1734375
5 0.025 0.41796875 0.0484375 0.1546875
5 0.1046875 0.4421875 0.1078125 0.21875
5 0.21015625 0.46171875 0.09375 0.284375
5 0.3015625 0.45078125 0.0890625 0.2625
5 0.39921875 0.4578125 0.0890625 0.2765625
5 0.54453125 0.48203125 0.209375 0.3078125
5 0.80390625 0.74375 0.178125 0.2640625
5 0.9203125 0.55859375 0.15625 0.3828125
5 0.6234375 0.15859375 0.10625 0.1765625
5 0.7203125 0.171875 0.065625 0.1234375
4 0.5953125 0.0515625 0.034375 0.04375
4 0.709375 0.078125 0.04375 0.0625
4 0.7046875 0.46171875 0.053125 0.0671875
4 0.98671875 0.775 0.0265625 0.0515625
0 0.4203125 0.8546875 0.2765625 0.290625
6 0.26328125 0.85546875 0.0171875 0.0390625
6 0.25625 0.9015625 0.0203125 0.0203125
6 0.27421875 0.9171875 0.0203125 0.03125
6 0.24765625 0.98046875 0.0203125 0.0265625
6 0.265625 0.97578125 0.0203125 0.0484375
6 0.45703125 0.65234375 0.021875 0.0140625
6 0.4640625 0.68125 0.0171875 0.021875
6 0.49375 0.6546875 0.0390625 0.0359375
6 0.5671875 0.6828125 0.0390625 0.0265625
6 0.60078125 0.88828125 0.034375 0.0390625
6 0.62890625 0.91796875 0.0296875 0.034375
6 0.6265625 0.88671875 0.025 0.040625
6 0.6109375 0.9375 0.028125 0.071875
6 0.6609375 0.8484375 0.0390625 0.0515625
6 0.7328125 0.9078125 0.028125 0.034375
4 0.32421875 0.240625 0.0765625 0.121875