9 0.6921875 0.9734375 0.0171875 0.0140625
9 0.65 0.9625 0.0171875 0.01875
9 0.5421875 0.98046875 0.021875 0.0171875
9 0.615625 0.99375 0.028125 0.0125
4 0.6578125 0.8578125 0.1375 0.11875
4 0.78515625 0.7765625 0.103125 0.1
4 0.90234375 0.76171875 0.1296875 0.0984375
5 0.8421875 0.2140625 0.2359375 0.159375
5 0.3890625 0.19921875 0.278125 0.2375
5 0.7078125 0.084375 0.1203125 0.065625
5 0.31640625 0.37265625 0.09375 0.065625
5 0.57421875 0.7484375 0.053125 0.0265625
5 0.39921875 0.97734375 0.071875 0.0453125
6 0.6984375 0.69921875 0.03125 0.021875
6 0.69375 0.37265625 0.03125 0.021875
6 0.6984375 0.33515625 0.034375 0.034375
6 0.75625 0.37265625 0.04375 0.028125
6 0.62890625 0.38671875 0.08125 0.04375
6 0.6421875 0.6890625 0.034375 0.021875
6 0.5484375 0.6671875 0.0359375 0.021875
6 0.58046875 0.70546875 0.0484375 0.034375
6 0.53984375 0.72109375 0.0359375 0.01875
6 0.415625 0.7515625 0.034375 0.0171875
6 0.35078125 0.7546875 0.05 0.0171875
6 0.2875 0.75703125 0.04375 0.0140625
6 0.5484375 0.47734375 0.0265625 0.025
7 0.59375 0.4515625 0.0265625 0.03125
7 0.58046875 0.48046875 0.021875 0.0265625
7 0.7796875 0.64453125 0.0265625 0.028125
7 0.78984375 0.61796875 0.028125 0.028125
7 0.24609375 0.78359375 0.034375 0.0171875
7 0.20078125 0.79296875 0.053125 0.0171875
4 0.609375 0.2015625 0.1515625 0.125
4 0.13359375 0.1890625 0.1734375 0.1203125
3 0.140625 0.31484375 0.2125 0.1421875
11 0.2359375 0.678125 0.471875 0.1453125
11 0.2359375 0.53359375 0.471875 0.15
9 0.3296875 0.50703125 0.0171875 0.0140625
9 0.2515625 0.46875 0.0125 0.0125
9 0.1828125 0.41328125 0.0171875 0.0125
8 0.71015625 0.15234375 0.021875 0.021875
0 0.6734375 0.5625 0.315625 0.225