2 0.696875 0.046875 0.0203125 0.0578125
2 0.696875 0.1109375 0.021875 0.071875
5 0.365625 0.07421875 0.0703125 0.11875
5 0.6234375 0.30859375 0.1109375 0.190625
5 0.91796875 0.74296875 0.1640625 0.3734375
5 0.8015625 0.8953125 0.1953125 0.209375
5 0.546875 0.6421875 0.1703125 0.3015625
5 0.4109375 0.60703125 0.1015625 0.3125
5 0.178125 0.82578125 0.0796875 0.1140625
5 0.27890625 0.61796875 0.1421875 0.284375
5 0.07109375 0.58515625 0.1421875 0.2578125
5 0.1734375 0.61171875 0.0671875 0.2859375
5 0.18046875 0.359375 0.0671875 0.071875
5 0.9734375 0.515625 0.053125 0.0703125
4 0.76171875 0.3859375 0.0890625 0.1640625
4 0.62734375 0.9 0.0828125 0.128125
4 0.16640625 0.95859375 0.0984375 0.0828125
4 0.07109375 0.971875 0.0484375 0.05625
4 0.11171875 0.759375 0.025 0.0390625
4 0.03125 0.4171875 0.0625 0.0765625
4 0.078125 0.41953125 0.0609375 0.0765625
4 0.16484375 0.42890625 0.084375 0.084375
4 0.25234375 0.4203125 0.0890625 0.096875
4 0.3140625 0.37734375 0.075 0.1078125
4 0.40234375 0.4171875 0.0765625 0.103125
4 0.91015625 0.4640625 0.075 0.0921875
4 0.5015625 0.428125 0.0921875 0.09375
7 0.3484375 0.9015625 0.0359375 0.025
7 0.31484375 0.9171875 0.0296875 0.0390625
0 0.40234375 0.92890625 0.2671875 0.1421875