4 0.67890625 0.7859375 0.1296875 0.271875
4 0.81015625 0.76171875 0.15625 0.20625
4 0.93359375 0.77890625 0.0984375 0.1734375
4 0.80078125 0.59765625 0.0796875 0.121875
4 0.64765625 0.17578125 0.18125 0.2328125
4 0.603125 0.61640625 0.065625 0.0890625
4 0.43359375 0.51328125 0.090625 0.11875
4 0.4546875 0.3453125 0.128125 0.2
4 0.44921875 0.18125 0.0890625 0.1109375
4 0.46875 0.0625 0.1 0.125
10 0.4046875 0.01328125 0.0171875 0.0265625
4 0.79921875 0.1453125 0.1203125 0.2
4 0.925 0.11796875 0.15 0.2359375
4 0.8390625 0.01953125 0.0671875 0.0375
4 0.978125 0.61171875 0.04375 0.1515625
5 0.8859375 0.40625 0.228125 0.271875
5 0.9625 0.9640625 0.075 0.071875
5 0.80625 0.975 0.053125 0.05
5 0.6671875 0.4578125 0.221875 0.2671875
4 0.5671875 0.78125 0.128125 0.25
4 0.7140625 0.64296875 0.0578125 0.071875
4 0.4515625 0.67421875 0.0875 0.1
10 0.49296875 0.91796875 0.0125 0.075
4 0.08203125 0.9640625 0.0359375 0.04375
4 0.11328125 0.975 0.034375 0.0375
4 0.29453125 0.77890625 0.021875 0.034375
4 0.2140625 0.06953125 0.115625 0.1390625
4 0.209375 0.38828125 0.028125 0.0625
4 0.178125 0.39765625 0.028125 0.05
4 0.20546875 0.4640625 0.03125 0.05
5 0.234375 0.73046875 0.103125 0.134375
11 0.04921875 0.92421875 0.0984375 0.1515625
9 0.33515625 0.8015625 0.00625 0.025
2 0.384375 0.859375 0.0265625 0.059375
2 0.384375 0.70703125 0.021875 0.0578125
2 0.34765625 0.7125 0.025 0.05625
2 0.33046875 0.58671875 0.021875 0.05625
2 0.31640625 0.41484375 0.028125 0.10625
2 0.32578125 0.1734375 0.021875 0.059375
2 0.3328125 0.0515625 0.0171875 0.0671875
2 0.36796875 0.01484375 0.0234375 0.0296875
4 0.084375 0.29453125 0.08125 0.065625
5 0.09140625 0.171875 0.11875 0.146875
5 0.20078125 0.134375 0.0875 0.125
4 0.01328125 0.30859375 0.0265625 0.1390625