4 0.103125 0.7765625 0.134375 0.165625
4 0.0796875 0.9046875 0.146875 0.15625
4 0.11796875 0.94609375 0.1453125 0.1078125
4 0.303125 0.4484375 0.115625 0.1875
4 0.428125 0.47734375 0.15 0.1609375
4 0.0265625 0.1890625 0.053125 0.1203125
4 0.6234375 0.4328125 0.1 0.1203125
4 0.73046875 0.665625 0.121875 0.13125
4 0.62109375 0.88359375 0.075 0.1125
4 0.5796875 0.96640625 0.10625 0.0671875
4 0.70078125 0.5203125 0.1421875 0.121875
4 0.7390625 0.3734375 0.103125 0.1125
5 0.2703125 0.2046875 0.0890625 0.121875
5 0.36328125 0.21015625 0.053125 0.0671875
5 0.4671875 0.2078125 0.065625 0.08125
5 0.77890625 0.08828125 0.2046875 0.1765625
5 0.06171875 0.6765625 0.1234375 0.128125
5 0.04140625 0.5671875 0.0828125 0.125
10 0.7171875 0.8125 0.059375 0.075
10 0.94453125 0.2953125 0.090625 0.0796875
2 0.7171875 0.98203125 0.034375 0.0359375
2 0.76953125 0.8421875 0.0359375 0.05
2 0.8390625 0.6703125 0.0359375 0.0453125
2 0.93359375 0.4734375 0.040625 0.0484375
6 0.52421875 0.6875 0.215625 0.209375
6 0.16953125 0.55390625 0.084375 0.1234375
6 0.209375 0.7328125 0.075 0.0890625
12 0.2921875 0.90234375 0.2234375 0.19375