2 0.9890625 0.69921875 0.021875 0.0265625
4 0.7515625 0.76953125 0.1703125 0.0890625
4 0.69921875 0.90390625 0.11875 0.0671875
4 0.7234375 0.978125 0.08125 0.04375
4 0.7125 0.50625 0.0875 0.0875
4 0.72578125 0.41953125 0.0765625 0.08125
4 0.7234375 0.2671875 0.084375 0.08125
4 0.77421875 0.196875 0.096875 0.06875
4 0.72734375 0.18125 0.0765625 0.0765625
4 0.725 0.10546875 0.065625 0.06875
4 0.71796875 0.040625 0.1015625 0.08125
4 0.1921875 0.178125 0.1109375 0.1
4 0.1859375 0.08203125 0.053125 0.05
4 0.3859375 0.1265625 0.03125 0.028125
4 0.05703125 0.08203125 0.1140625 0.1140625
4 0.26328125 0.63203125 0.103125 0.075
4 0.0921875 0.9390625 0.134375 0.0796875
8 0.13125 0.87109375 0.040625 0.028125
8 0.05625 0.82578125 0.05 0.034375
7 0.0140625 0.53515625 0.0265625 0.0265625
7 0.00625 0.50390625 0.0125 0.025
7 0.25390625 0.3546875 0.028125 0.0265625
7 0.240625 0.32421875 0.0171875 0.03125
9 0.12421875 0.009375 0.0203125 0.01875
9 0.06953125 0.18515625 0.0125 0.0140625
5 0.23046875 0.0203125 0.075 0.040625
5 0.33515625 0.1890625 0.115625 0.090625
5 0.29921875 0.02421875 0.0484375 0.0484375
5 0.415625 0.02421875 0.1734375 0.0484375
5 0.58203125 0.025 0.153125 0.0484375
5 0.5578125 0.1046875 0.21875 0.1078125
5 0.53828125 0.21015625 0.284375 0.09375
5 0.54921875 0.3015625 0.2625 0.0890625
5 0.5421875 0.39921875 0.2765625 0.0890625
5 0.51796875 0.54453125 0.3078125 0.209375
5 0.25625 0.80390625 0.2640625 0.178125
5 0.44140625 0.9203125 0.38125 0.15625
5 0.84140625 0.6234375 0.175 0.10625
5 0.828125 0.7203125 0.121875 0.065625
4 0.9484375 0.5953125 0.04375 0.034375
4 0.921875 0.709375 0.0625 0.04375
4 0.53828125 0.7046875 0.0671875 0.053125
4 0.225 0.98671875 0.05 0.0265625
0 0.1453125 0.4203125 0.290625 0.2765625
6 0.14453125 0.26328125 0.0375 0.0171875
6 0.0984375 0.25625 0.01875 0.01875
6 0.0828125 0.27421875 0.03125 0.01875
6 0.01953125 0.24765625 0.0265625 0.01875
6 0.02421875 0.265625 0.0484375 0.01875
6 0.34765625 0.45703125 0.0140625 0.021875
6 0.31875 0.4640625 0.021875 0.0171875
6 0.3453125 0.49375 0.0359375 0.0375
6 0.3171875 0.5671875 0.0265625 0.0375
6 0.11171875 0.60078125 0.0375 0.0328125
6 0.08203125 0.62890625 0.034375 0.028125
6 0.11328125 0.6265625 0.040625 0.025
6 0.0625 0.6109375 0.071875 0.028125
6 0.1515625 0.6609375 0.05 0.0390625
6 0.0921875 0.7328125 0.034375 0.028125
4 0.759375 0.32421875 0.121875 0.0765625