2 0.6265625 0.9078125 0.0171875 0.0625
2 0.6765625 0.7546875 0.021875 0.0671875
2 0.6421875 0.70078125 0.021875 0.0625
2 0.6734375 0.62109375 0.021875 0.059375
2 0.6703125 0.478125 0.025 0.065625
2 0.6625 0.31484375 0.01875 0.065625
2 0.65234375 0.1359375 0.01875 0.0625
2 0.62265625 0.040625 0.028125 0.065625
2 0.6625 0.0203125 0.01875 0.040625
2 0.91796875 0.3265625 0.0484375 0.04375
4 0.51796875 0.15859375 0.1 0.15625
4 0.51953125 0.34765625 0.121875 0.153125
4 0.5453125 0.521875 0.0765625 0.1078125
4 0.53984375 0.68046875 0.1125 0.196875
4 0.55390625 0.8484375 0.090625 0.14375
4 0.34140625 0.521875 0.18125 0.1921875
4 0.1859375 0.47734375 0.0890625 0.1734375
4 0.1625 0.25 0.128125 0.24375
4 0.0421875 0.2453125 0.084375 0.2328125
4 0.0671875 0.4640625 0.134375 0.240625
4 0.79921875 0.31953125 0.14375 0.2046875
4 0.77890625 0.24296875 0.14375 0.1921875
4 0.9171875 0.1734375 0.165625 0.2234375
4 0.85078125 0.1109375 0.221875 0.165625
9 0.71171875 0.63125 0.0125 0.0265625
5 0.9046875 0.49765625 0.128125 0.1515625
5 0.31015625 0.77734375 0.2140625 0.2765625
5 0.1859375 0.08515625 0.153125 0.1703125
5 0.0421875 0.0828125 0.084375 0.1515625
5 0.7953125 0.4625 0.0890625 0.10625
4 0.38828125 0.9359375 0.065625 0.0671875
4 0.28125 0.9640625 0.0625 0.0484375
4 0.16953125 0.97734375 0.184375 0.0453125
5 0.09296875 0.809375 0.1859375 0.38125
4 0.90859375 0.60703125 0.090625 0.065625
4 0.81875 0.69375 0.03125 0.053125
4 0.78359375 0.6859375 0.034375 0.0671875
4 0.98046875 0.63125 0.0375 0.059375
4 0.978125 0.57421875 0.04375 0.0625
4 0.77890625 0.8796875 0.0265625 0.0484375
4 0.5296875 0.93515625 0.04375 0.05625
4 0.43515625 0.984375 0.0671875 0.03125