2 0.0640625 0.02265625 0.04375 0.0296875
2 0.01796875 0.0265625 0.0359375 0.0265625
2 0.39296875 0.03515625 0.0390625 0.0296875
2 0.446875 0.0375 0.0453125 0.025
2 0.6140625 0.04453125 0.040625 0.0265625
2 0.70546875 0.0484375 0.034375 0.021875
2 0.66015625 0.0453125 0.0390625 0.021875
2 0.8484375 0.053125 0.0453125 0.0265625
2 0.89453125 0.05625 0.0390625 0.03125
2 0.9953125 0.0625 0.009375 0.025
4 0.9390625 0.08046875 0.115625 0.146875
4 0.921875 0.240625 0.1453125 0.2234375
4 0.64765625 0.0609375 0.04375 0.0796875
4 0.36328125 0.0515625 0.0296875 0.0390625
4 0.09375 0.16953125 0.0453125 0.0453125
4 0.1703125 0.17421875 0.071875 0.096875
4 0.2640625 0.1296875 0.103125 0.134375
4 0.05625 0.31015625 0.1125 0.1359375
4 0.05546875 0.74140625 0.1109375 0.159375
4 0.64765625 0.9484375 0.0703125 0.103125
4 0.7203125 0.80546875 0.075 0.134375
4 0.759375 0.91953125 0.03125 0.053125
4 0.6859375 0.6109375 0.040625 0.0515625
3 0.1828125 0.32578125 0.1296875 0.1734375
5 0.2203125 0.478125 0.0609375 0.0796875
5 0.07109375 0.51796875 0.1421875 0.271875
5 0.05625 0.95078125 0.103125 0.0984375
8 0.0203125 0.8296875 0.03125 0.0484375
7 0.51171875 0.98515625 0.0265625 0.0296875
7 0.4796875 0.99375 0.0265625 0.0125
7 0.2984375 0.76953125 0.0265625 0.0140625
7 0.3296875 0.75390625 0.0234375 0.025
7 0.62890625 0.359375 0.009375 0.03125
7 0.62265625 0.4015625 0.009375 0.0359375
8 0.77734375 0.3640625 0.0265625 0.0453125
9 0.775 0.35546875 0.0125 0.021875
9 0.85234375 0.63828125 0.0125 0.0140625
9 0.8640625 0.70078125 0.0125 0.009375
9 0.71875 0.88828125 0.0125 0.0125
9 0.31484375 0.44140625 0.009375 0.0125
9 0.3171875 0.4203125 0.0078125 0.0125
9 0.3453125 0.08515625 0.0125 0.0171875
10 0.6859375 0.04453125 0.03125 0.0890625
10 0.3234375 0.0359375 0.0296875 0.071875
10 0.03515625 0.03515625 0.0578125 0.0703125
11 0.37890625 0.37109375 0.1328125 0.5046875
11 0.515625 0.38828125 0.1421875 0.4890625
6 0.609375 0.5203125 0.0265625 0.1765625
6 0.57421875 0.7390625 0.0359375 0.075
6 0.53125 0.72109375 0.025 0.05625
6 0.57109375 0.834375 0.0546875 0.0890625
6 0.33046875 0.725 0.0296875 0.0265625
6 0.2125 0.82578125 0.075 0.096875
5 0.828125 0.53359375 0.040625 0.0484375
5 0.77734375 0.15859375 0.209375 0.3171875
5 0.90703125 0.9171875 0.1859375 0.1625
8 0.98984375 0.62265625 0.0203125 0.0421875
5 0.6109375 0.73671875 0.034375 0.0484375
0 0.4015625 0.8546875 0.2703125 0.290625