4 0.65 0.30078125 0.1328125 0.209375
4 0.50390625 0.68984375 0.128125 0.128125
4 0.48046875 0.51328125 0.125 0.125
4 0.4796875 0.3328125 0.084375 0.1421875
4 0.47109375 0.14921875 0.125 0.1921875
4 0.8234375 0.3453125 0.0828125 0.178125
4 0.84609375 0.5796875 0.1296875 0.2078125
4 0.96171875 0.5984375 0.0765625 0.2078125
4 0.940625 0.3625 0.11875 0.196875
4 0.1875 0.5328125 0.16875 0.2359375
4 0.2296875 0.6 0.165625 0.1875
4 0.18984375 0.70703125 0.15 0.0578125
4 0.071875 0.725 0.14375 0.1625
5 0.11171875 0.3390625 0.1375 0.1703125
5 0.65859375 0.0890625 0.196875 0.178125
5 0.89140625 0.09453125 0.2171875 0.1890625
5 0.86796875 0.7640625 0.2640625 0.2171875
5 0.63359375 0.96484375 0.1421875 0.0703125
5 0.25 0.87890625 0.0484375 0.0796875
9 0.32109375 0.78515625 0.0140625 0.034375
9 0.28828125 0.03125 0.0125 0.040625
4 0.2171875 0.16953125 0.0359375 0.0578125
4 0.18515625 0.16328125 0.0296875 0.0484375
12 0.80390625 0.9421875 0.2 0.115625
2 0.37734375 0.88671875 0.021875 0.0609375
2 0.33515625 0.88359375 0.0234375 0.0609375
2 0.34609375 0.6875 0.0234375 0.071875
2 0.38359375 0.65 0.0234375 0.0703125
2 0.3453125 0.58046875 0.021875 0.0578125
2 0.334375 0.4 0.0234375 0.0625
2 0.36328125 0.31953125 0.021875 0.0703125
2 0.32421875 0.23671875 0.0265625 0.0671875
2 0.3265625 0.1046875 0.0171875 0.0671875
2 0.3578125 0.11796875 0.0171875 0.075
10 0.40390625 0.0359375 0.0296875 0.071875
10 0.4078125 0.5578125 0.0390625 0.053125