10 0.37890625 0.60078125 0.0359375 0.05
10 0.71015625 0.6 0.04375 0.05625
10 0.0484375 0.59609375 0.0875 0.040625
2 0.73671875 0.45703125 0.0484375 0.03125
2 0.796875 0.4625 0.040625 0.034375
2 0.84765625 0.4625 0.0375 0.034375
2 0.89765625 0.4671875 0.04375 0.03125
2 0.81484375 0.5734375 0.04375 0.0265625
2 0.759375 0.5734375 0.040625 0.03125
2 0.9375 0.571875 0.0578125 0.028125
2 0.9890625 0.5734375 0.021875 0.03125
2 0.55859375 0.38671875 0.0265625 0.0796875
2 0.603125 0.296875 0.0265625 0.071875
2 0.60546875 0.20703125 0.01875 0.0796875
2 0.6046875 0.015625 0.025 0.03125
2 0.41328125 0.46171875 0.05 0.03125
2 0.40234375 0.56484375 0.05 0.03125
2 0.34609375 0.5625 0.04375 0.0265625
2 0.2921875 0.5671875 0.0484375 0.034375
2 0.26171875 0.5203125 0.05 0.034375
2 0.2640625 0.46171875 0.071875 0.0484375
2 0.1859375 0.4578125 0.0484375 0.0359375
2 0.1203125 0.4546875 0.0515625 0.03125
2 0.06015625 0.453125 0.040625 0.0375
2 0.009375 0.45078125 0.01875 0.0265625
5 0.65234375 0.29296875 0.034375 0.0796875
5 0.64765625 0.0890625 0.0484375 0.1125
5 0.4390625 0.3859375 0.040625 0.0875
5 0.3796875 0.4203125 0.0375 0.0578125
5 0.2921875 0.41796875 0.04375 0.071875
5 0.25234375 0.3765625 0.0484375 0.0765625
5 0.5140625 0.27734375 0.059375 0.134375
5 0.51953125 0.14921875 0.071875 0.1125
6 0.4515625 0.71484375 0.0578125 0.103125
6 0.0578125 0.87734375 0.0515625 0.0765625
6 0.021875 0.9703125 0.04375 0.05
6 0.0828125 0.9578125 0.040625 0.0796875
5 0.18359375 0.8609375 0.071875 0.090625
5 0.3109375 0.95078125 0.059375 0.0796875
5 0.27421875 0.71484375 0.1140625 0.21875
5 0.4390625 0.60234375 0.0265625 0.0453125
5 0.52890625 0.5984375 0.0375 0.0375
5 0.61640625 0.5921875 0.04375 0.04375
5 0.83984375 0.61875 0.053125 0.0671875
5 0.9578125 0.6203125 0.065625 0.0796875
5 0.52421875 0.0515625 0.053125 0.09375
5 0.47265625 0.0953125 0.065625 0.1
5 0.134375 0.7078125 0.1390625 0.1703125
4 0.54453125 0.75859375 0.065625 0.1109375
4 0.64921875 0.71171875 0.1109375 0.1515625
4 0.43125 0.9328125 0.1234375 0.134375
4 0.0265625 0.7203125 0.053125 0.184375
3 0.54921875 0.90859375 0.146875 0.1828125
11 0.7640625 0.85078125 0.1421875 0.2984375
11 0.9015625 0.85078125 0.15 0.2984375