2 0.97734375 0.92421875 0.01875 0.0625
2 0.81640625 0.92421875 0.0265625 0.0578125
2 0.84375 0.91796875 0.0171875 0.065625
2 0.603125 0.89453125 0.025 0.0625
2 0.60546875 0.67421875 0.021875 0.06875
2 0.60546875 0.58203125 0.021875 0.071875
2 0.55859375 0.4828125 0.025 0.0671875
2 0.56015625 0.34375 0.053125 0.03125
2 0.740625 0.4109375 0.053125 0.034375
2 0.7984375 0.41015625 0.0375 0.034375
2 0.90234375 0.4109375 0.0375 0.028125
2 0.85078125 0.4046875 0.040625 0.021875
2 0.99140625 0.2953125 0.0171875 0.0265625
2 0.9484375 0.29453125 0.0453125 0.025
2 0.82109375 0.29453125 0.04375 0.028125
2 0.75859375 0.296875 0.04375 0.028125
2 0.4109375 0.41484375 0.0578125 0.03125
2 0.39765625 0.30546875 0.05 0.03125
2 0.3421875 0.30390625 0.05 0.034375
2 0.2859375 0.3015625 0.0453125 0.03125
2 0.2546875 0.4109375 0.06875 0.0453125
2 0.17890625 0.41953125 0.05 0.03125
2 0.1140625 0.415625 0.0578125 0.0375
2 0.06640625 0.30859375 0.059375 0.0375
2 0.04921875 0.4203125 0.0484375 0.0359375
4 0.65 0.14296875 0.1 0.15625
4 0.65390625 0.58515625 0.040625 0.0765625
4 0.6546875 0.7984375 0.04375 0.090625
4 0.64921875 0.8796875 0.04375 0.0671875
5 0.515625 0.9359375 0.0625 0.1109375
5 0.46171875 0.88828125 0.0484375 0.08125
4 0.06015625 0.50859375 0.05625 0.06875
5 0.12734375 0.13203125 0.1375 0.21875
4 0.5421875 0.0984375 0.0578125 0.0984375
5 0.265625 0.13359375 0.1390625 0.253125
5 0.22109375 0.27421875 0.03125 0.034375
5 0.3296875 0.271875 0.025 0.034375
5 0.6140625 0.26796875 0.034375 0.0375
5 0.52265625 0.26796875 0.025 0.040625
5 0.4390625 0.49609375 0.05625 0.05625
5 0.4734375 0.54296875 0.05625 0.05
5 0.51328125 0.59375 0.0671875 0.125
5 0.515625 0.71171875 0.0625 0.10625
5 0.521875 0.8234375 0.05625 0.1
5 0.47109375 0.78125 0.0578125 0.084375
9 0.321875 0.43984375 0.0125 0.0125
5 0.9 0.5203125 0.05 0.059375
5 0.81875 0.525 0.04375 0.0484375
10 0.0421875 0.2546875 0.084375 0.0484375
10 0.3734375 0.25625 0.0359375 0.0375
10 0.71171875 0.25390625 0.0484375 0.034375
11 0.91328125 0.0828125 0.16875 0.165625
11 0.7609375 0.0828125 0.134375 0.165625
4 0.4484375 0.1 0.0375 0.065625
4 0.025 0.14140625 0.05 0.1796875
4 0.0109375 0.5375 0.021875 0.059375
5 0.375 0.44453125 0.05625 0.05625
5 0.28984375 0.4484375 0.040625 0.0578125
5 0.1875 0.4484375 0.05 0.04375