2 0.18046875 0.0765625 0.0484375 0.0484375
2 0.021875 0.3453125 0.04375 0.0265625
2 0.1390625 0.37109375 0.0796875 0.025
2 0.1921875 0.334375 0.071875 0.025
2 0.34609375 0.3234375 0.0765625 0.0265625
2 0.4859375 0.31953125 0.059375 0.021875
2 0.63828125 0.36171875 0.075 0.01875
2 0.8296875 0.3390625 0.1203125 0.021875
2 0.978125 0.37734375 0.04375 0.021875
10 0.1390625 0.4 0.09375 0.040625
10 0.65 0.4015625 0.053125 0.0375
4 0.88671875 0.8546875 0.21875 0.2328125
4 0.79296875 0.709375 0.0671875 0.059375
4 0.9046875 0.553125 0.190625 0.1109375
4 0.7609375 0.609375 0.103125 0.04375
4 0.3390625 0.6296875 0.215625 0.13125
4 0.38359375 0.72109375 0.134375 0.05625
4 0.3125 0.8109375 0.1734375 0.0890625
4 0.2796875 0.9328125 0.246875 0.134375
4 0.09765625 0.82578125 0.19375 0.1421875
4 0.07109375 0.9515625 0.1375 0.096875
4 0.6859375 0.44375 0.1078125 0.1
4 0.52734375 0.44921875 0.184375 0.1
4 0.3546875 0.45546875 0.1375 0.065625
4 0.1875 0.478125 0.159375 0.09375
4 0.04609375 0.48515625 0.0921875 0.1015625
9 0.1734375 0.58984375 0.0171875 0.00625
9 0.2609375 0.30078125 0.021875 0.0125
4 0.16328125 0.2046875 0.2046875 0.1375
4 0.09765625 0.22734375 0.19375 0.128125
4 0.04140625 0.11953125 0.0828125 0.0765625
4 0.446875 0.08046875 0.075 0.0875
4 0.5328125 0.21171875 0.053125 0.0375
4 0.53828125 0.1765625 0.05 0.021875
5 0.88359375 0.24765625 0.1203125 0.08125
5 0.33671875 0.0921875 0.146875 0.121875
5 0.3015625 0.19921875 0.10625 0.0984375
4 0.290625 0.25859375 0.05625 0.01875