2 0.0921875 0.6265625 0.0625 0.0171875
2 0.2453125 0.6765625 0.0671875 0.021875
2 0.29921875 0.6421875 0.0625 0.021875
2 0.37890625 0.6734375 0.059375 0.021875
2 0.521875 0.6703125 0.065625 0.025
2 0.68515625 0.6625 0.065625 0.01875
2 0.8640625 0.65234375 0.0625 0.0203125
2 0.959375 0.62265625 0.065625 0.028125
2 0.9796875 0.6625 0.040625 0.01875
2 0.6734375 0.91796875 0.04375 0.0484375
4 0.84140625 0.51796875 0.15625 0.1
4 0.65234375 0.51953125 0.153125 0.121875
4 0.478125 0.5453125 0.1078125 0.0765625
4 0.31953125 0.53984375 0.196875 0.1125
4 0.1515625 0.55390625 0.14375 0.090625
4 0.478125 0.34140625 0.1921875 0.18125
4 0.52265625 0.1859375 0.1734375 0.0890625
4 0.75 0.1625 0.24375 0.128125
4 0.7546875 0.0421875 0.2328125 0.084375
4 0.5359375 0.0671875 0.240625 0.134375
4 0.68046875 0.79921875 0.2046875 0.14375
4 0.75703125 0.77890625 0.1921875 0.14375
4 0.8265625 0.9171875 0.2234375 0.165625
4 0.8890625 0.85078125 0.165625 0.221875
9 0.36875 0.71171875 0.0265625 0.0125
5 0.50234375 0.9046875 0.1515625 0.128125
5 0.22265625 0.31015625 0.2765625 0.2140625
5 0.91484375 0.1859375 0.1703125 0.153125
5 0.9171875 0.0421875 0.1515625 0.084375
5 0.5375 0.7953125 0.10625 0.0890625
4 0.0640625 0.38828125 0.0671875 0.065625
4 0.0359375 0.28125 0.0484375 0.0625
4 0.02265625 0.16953125 0.0453125 0.184375
5 0.190625 0.09296875 0.38125 0.1859375
4 0.39296875 0.90859375 0.065625 0.0921875
4 0.30625 0.81875 0.053125 0.03125
4 0.3140625 0.78359375 0.0671875 0.034375
4 0.36875 0.98046875 0.059375 0.0390625
4 0.42578125 0.978125 0.0625 0.04375
4 0.1203125 0.77890625 0.0484375 0.0265625
4 0.06484375 0.5296875 0.05625 0.04375
4 0.015625 0.43515625 0.03125 0.0671875