4 0.1359375 0.0796875 0.06875 0.084375
4 0.6359375 0.678125 0.2359375 0.15
4 0.609375 0.80390625 0.196875 0.1203125
4 0.58515625 0.91796875 0.178125 0.11875
4 0.43359375 0.7953125 0.1 0.0890625
4 0.478125 0.7125 0.0765625 0.04375
4 0.44453125 0.59765625 0.096875 0.06875
4 0.359375 0.43515625 0.115625 0.0875
4 0.1921875 0.44453125 0.19375 0.1390625
4 0.06171875 0.63515625 0.1234375 0.1765625
4 0.06015625 0.87890625 0.1203125 0.21875
4 0.45 0.97421875 0.14375 0.0515625
4 0.94140625 0.62265625 0.1171875 0.0671875
4 0.9578125 0.37265625 0.084375 0.0671875
4 0.9515625 0.2875 0.096875 0.0796875
4 0.0375 0.4484375 0.075 0.0890625
5 0.296875 0.68046875 0.271875 0.18125
5 0.2875 0.90390625 0.303125 0.1875
5 0.62265625 0.5609375 0.24375 0.1296875
5 0.4390625 0.459375 0.05625 0.0578125
5 0.58515625 0.2359375 0.146875 0.1109375
5 0.96875 0.19921875 0.0625 0.0578125
5 0.853125 0.8171875 0.1078125 0.0671875
5 0.83203125 0.96015625 0.14375 0.0796875
5 0.9203125 0.9484375 0.159375 0.103125
5 0.04921875 0.08203125 0.0984375 0.121875
11 0.8640625 0.0796875 0.271875 0.159375
2 0.9125 0.42578125 0.06875 0.021875
2 0.5359375 0.3390625 0.0578125 0.028125
2 0.46640625 0.3734375 0.0671875 0.0359375
2 0.35546875 0.31484375 0.0625 0.021875
2 0.234375 0.31953125 0.065625 0.021875
2 0.1625 0.35234375 0.0875 0.021875
2 0.0625 0.3171875 0.103125 0.034375
9 0.39296875 0.28828125 0.01875 0.0125