2 0.3734375 0.0921875 0.0171875 0.0625
2 0.3234375 0.2453125 0.021875 0.0671875
2 0.3578125 0.29921875 0.021875 0.0625
2 0.3265625 0.37890625 0.021875 0.0609375
2 0.3296875 0.521875 0.0234375 0.065625
2 0.3375 0.68515625 0.0203125 0.065625
2 0.34765625 0.8640625 0.0203125 0.0625
2 0.37734375 0.959375 0.0296875 0.065625
2 0.3375 0.9796875 0.0203125 0.040625
2 0.08203125 0.6734375 0.0484375 0.04375
4 0.48203125 0.84140625 0.1015625 0.15625
4 0.48046875 0.65234375 0.1234375 0.1546875
4 0.4546875 0.478125 0.0765625 0.1078125
4 0.46015625 0.31953125 0.1140625 0.196875
4 0.44609375 0.1515625 0.0921875 0.1453125
4 0.65859375 0.478125 0.18125 0.1921875
4 0.8140625 0.52265625 0.0890625 0.1734375
4 0.8375 0.75 0.128125 0.24375
4 0.9578125 0.7546875 0.084375 0.2328125
4 0.9328125 0.5359375 0.134375 0.240625
4 0.20078125 0.68046875 0.1453125 0.2046875
4 0.22109375 0.75703125 0.1453125 0.1921875
4 0.0828125 0.8265625 0.165625 0.2234375
4 0.14921875 0.8890625 0.221875 0.165625
9 0.28828125 0.36875 0.0125 0.0265625
5 0.0953125 0.50234375 0.128125 0.1515625
5 0.68984375 0.22265625 0.2140625 0.2765625
5 0.8140625 0.91484375 0.153125 0.1703125
5 0.9578125 0.9171875 0.084375 0.1515625
5 0.2046875 0.5375 0.0890625 0.10625
4 0.61171875 0.0640625 0.065625 0.0671875
4 0.71875 0.0359375 0.0625 0.0484375
4 0.83046875 0.02265625 0.1859375 0.0453125
5 0.90703125 0.190625 0.1859375 0.38125
4 0.09140625 0.39296875 0.090625 0.065625
4 0.18125 0.30625 0.03125 0.053125
4 0.21640625 0.3140625 0.034375 0.0671875
4 0.01953125 0.36875 0.0390625 0.0609375
4 0.021875 0.42578125 0.04375 0.0625
4 0.22109375 0.1203125 0.0265625 0.0484375
4 0.4703125 0.06484375 0.04375 0.05625
4 0.56484375 0.015625 0.0671875 0.03125