11 0.5203125 0.2453125 0.1421875 0.4671875
11 0.37890625 0.2484375 0.1421875 0.471875
9 0.31875 0.31015625 0.009375 0.021875
9 0.31953125 0.2875 0.009375 0.0171875
9 0.71875 0.740625 0.0125 0.0125
9 0.8578125 0.5609375 0.0125 0.0125
9 0.821875 0.5015625 0.0078125 0.009375
9 0.77421875 0.2234375 0.009375 0.0203125
4 0.10234375 0.04296875 0.0359375 0.0515625
4 0.1859375 0.04296875 0.084375 0.0859375
4 0.2765625 0.040625 0.103125 0.08125
4 0.06953125 0.17578125 0.115625 0.1453125
4 0.07109375 0.59765625 0.10625 0.10625
4 0.1984375 0.88359375 0.0828125 0.103125
4 0.75234375 0.76796875 0.034375 0.053125
4 0.7359375 0.975 0.025 0.03125
4 0.6453125 0.79921875 0.0765625 0.1078125
4 0.7171875 0.64453125 0.075 0.1328125
4 0.6890625 0.4625 0.034375 0.05625
4 0.9171875 0.1078125 0.146875 0.215625
5 0.75625 0.09765625 0.1875 0.1953125
5 0.8265625 0.4 0.0390625 0.0484375
5 0.9 0.8375 0.2 0.325
5 0.6453125 0.93984375 0.075 0.1203125
5 0.6078125 0.5890625 0.028125 0.0390625
5 0.05859375 0.86796875 0.1171875 0.2640625
5 0.228125 0.334375 0.0609375 0.0796875
5 0.07578125 0.3640625 0.1515625 0.303125
3 0.19140625 0.19609375 0.128125 0.190625
4 0.26953125 0.54296875 0.025 0.034375
7 0.30546875 0.62734375 0.0265625 0.0171875
7 0.334375 0.6140625 0.0265625 0.0265625
7 0.5140625 0.834375 0.028125 0.0203125
7 0.4828125 0.85 0.0265625 0.0203125
7 0.70078125 0.9546875 0.025 0.021875
8 0.9890625 0.49609375 0.021875 0.0671875
8 0.77421875 0.2359375 0.021875 0.04375
7 0.6296875 0.23046875 0.009375 0.034375
7 0.6234375 0.27421875 0.0078125 0.04375
8 0.02890625 0.68046875 0.034375 0.040625
6 0.2296875 0.634375 0.021875 0.03125
6 0.21015625 0.70546875 0.0390625 0.04375
6 0.234375 0.68359375 0.0453125 0.0671875
6 0.3328125 0.584375 0.0234375 0.025
6 0.365625 0.59609375 0.0390625 0.04375
6 0.1890625 0.76796875 0.04375 0.040625
6 0.36328125 0.953125 0.0703125 0.0609375
6 0.55390625 0.578125 0.0546875 0.0625
6 0.5734375 0.70078125 0.04375 0.115625
6 0.60546875 0.3921875 0.0265625 0.1765625
6 0.84375 0.44453125 0.040625 0.0296875
0 0.40859375 0.72265625 0.2765625 0.30625