4 0.0796875 0.8640625 0.084375 0.0703125
4 0.678125 0.3640625 0.15 0.2359375
4 0.80390625 0.390625 0.1203125 0.196875
4 0.91796875 0.41484375 0.11875 0.178125
4 0.7953125 0.56640625 0.0890625 0.1015625
4 0.7125 0.521875 0.04375 0.0765625
4 0.59765625 0.55546875 0.0703125 0.096875
4 0.43515625 0.640625 0.0859375 0.115625
4 0.44453125 0.8078125 0.1390625 0.1953125
4 0.63515625 0.93828125 0.1765625 0.1234375
4 0.87890625 0.93984375 0.21875 0.1203125
4 0.97421875 0.55 0.0515625 0.14375
4 0.62265625 0.05859375 0.0671875 0.1171875
4 0.37265625 0.0421875 0.0671875 0.084375
4 0.2875 0.0484375 0.0796875 0.096875
4 0.4484375 0.9625 0.0890625 0.075
5 0.68046875 0.703125 0.1796875 0.271875
5 0.90390625 0.7125 0.1875 0.303125
5 0.5609375 0.37734375 0.1296875 0.24375
5 0.459375 0.5609375 0.0578125 0.05625
5 0.2359375 0.41484375 0.1109375 0.146875
5 0.19921875 0.03125 0.0578125 0.0625
5 0.8171875 0.146875 0.0671875 0.1078125
5 0.96015625 0.16796875 0.0796875 0.1453125
5 0.9484375 0.0796875 0.103125 0.159375
5 0.08203125 0.95078125 0.1234375 0.0984375
11 0.0796875 0.1359375 0.159375 0.271875
2 0.42578125 0.0875 0.021875 0.0703125
2 0.3390625 0.4640625 0.0296875 0.0578125
2 0.3734375 0.53359375 0.0359375 0.0671875
2 0.31484375 0.64453125 0.021875 0.0625
2 0.31953125 0.765625 0.021875 0.065625
2 0.35234375 0.8375 0.021875 0.0875
2 0.3171875 0.9375 0.034375 0.103125
9 0.28828125 0.60703125 0.0125 0.0203125