2 0.97734375 0.07578125 0.0203125 0.0625
2 0.81640625 0.07578125 0.0265625 0.0578125
2 0.84375 0.08203125 0.0171875 0.065625
2 0.603125 0.10546875 0.025 0.0625
2 0.60546875 0.32578125 0.021875 0.0703125
2 0.60546875 0.41796875 0.021875 0.071875
2 0.55859375 0.5171875 0.025 0.0671875
2 0.56015625 0.65625 0.053125 0.03125
2 0.740625 0.5890625 0.053125 0.034375
2 0.7984375 0.58984375 0.0390625 0.034375
2 0.90234375 0.5890625 0.0390625 0.028125
2 0.85078125 0.5953125 0.040625 0.021875
2 0.99140625 0.7046875 0.0171875 0.0265625
2 0.9484375 0.70546875 0.0453125 0.025
2 0.82109375 0.70546875 0.04375 0.028125
2 0.75859375 0.703125 0.04375 0.0296875
2 0.4109375 0.58515625 0.0578125 0.03125
2 0.39765625 0.69453125 0.0515625 0.03125
2 0.3421875 0.69609375 0.0515625 0.034375
2 0.2859375 0.6984375 0.0453125 0.03125
2 0.2546875 0.5890625 0.0703125 0.0453125
2 0.17890625 0.58046875 0.0515625 0.03125
2 0.1140625 0.584375 0.0578125 0.0390625
2 0.06640625 0.69140625 0.0609375 0.0390625
2 0.04921875 0.5796875 0.0484375 0.0359375
4 0.65 0.85703125 0.1015625 0.15625
4 0.65390625 0.41484375 0.040625 0.0765625
4 0.6546875 0.2015625 0.04375 0.090625
4 0.64921875 0.1203125 0.04375 0.0671875
5 0.515625 0.0640625 0.0625 0.1109375
5 0.46171875 0.11171875 0.0484375 0.0828125
4 0.06015625 0.49140625 0.05625 0.0703125
5 0.12734375 0.86796875 0.1375 0.21875
4 0.5421875 0.9015625 0.0578125 0.0984375
5 0.265625 0.86640625 0.1390625 0.253125
5 0.22109375 0.72578125 0.03125 0.034375
5 0.3296875 0.728125 0.0234375 0.034375
5 0.6140625 0.73203125 0.034375 0.0390625
5 0.52265625 0.73203125 0.0234375 0.040625
5 0.4390625 0.50390625 0.05625 0.05625
5 0.4734375 0.45703125 0.05625 0.0515625
5 0.51328125 0.40625 0.0671875 0.125
5 0.515625 0.28828125 0.0625 0.10625
5 0.521875 0.1765625 0.05625 0.1
5 0.47109375 0.21875 0.0578125 0.084375
9 0.321875 0.56015625 0.0125 0.0125
5 0.9 0.4796875 0.0515625 0.0609375
5 0.81875 0.475 0.04375 0.0484375
10 0.0421875 0.7453125 0.084375 0.0484375
10 0.3734375 0.74375 0.0359375 0.0390625
10 0.71171875 0.74609375 0.0484375 0.034375
11 0.91328125 0.9171875 0.16875 0.165625
11 0.7609375 0.9171875 0.134375 0.165625
4 0.4484375 0.9 0.0390625 0.065625
4 0.025 0.85859375 0.05 0.1796875
4 0.0109375 0.4625 0.021875 0.0609375
5 0.375 0.55546875 0.05625 0.0546875
5 0.28984375 0.5515625 0.040625 0.0578125
5 0.1875 0.5515625 0.0515625 0.04375