8 0.8953125 0.8140625 0.021875 0.04375
8 0.91328125 0.88671875 0.0265625 0.0375
11 0.53359375 0.72109375 0.284375 0.26875
7 0.6078125 0.83203125 0.021875 0.03125
7 0.6359375 0.82109375 0.028125 0.0265625
7 0.45703125 0.6203125 0.028125 0.01875
7 0.4859375 0.61328125 0.021875 0.025
4 0.94140625 0.15859375 0.1171875 0.2046875
4 0.65859375 0.16328125 0.084375 0.125
4 0.46640625 0.0765625 0.075 0.125
4 0.40390625 0.10546875 0.0765625 0.125
4 0.30390625 0.11171875 0.071875 0.13125
4 0.32421875 0.05546875 0.06875 0.103125
4 0.22578125 0.08671875 0.084375 0.128125
4 0.13828125 0.09375 0.0921875 0.1390625
4 0.2484375 0.8140625 0.0890625 0.165625
4 0.3265625 0.66796875 0.075 0.115625
4 0.34140625 0.53359375 0.0765625 0.090625
4 0.75 0.63671875 0.065625 0.0890625
4 0.84609375 0.9125 0.0875 0.1
4 0.22578125 0.64765625 0.04375 0.0671875
4 0.25625 0.46640625 0.0265625 0.0375
4 0.040625 0.07421875 0.0796875 0.075
5 0.13671875 0.9640625 0.0359375 0.071875
5 0.35 0.8328125 0.0359375 0.05625
5 0.09375 0.52265625 0.1875 0.440625
5 0.05546875 0.21484375 0.0984375 0.175
5 0.90234375 0.6734375 0.1828125 0.2390625
5 0.71015625 0.36640625 0.153125 0.284375
5 0.5640625 0.34140625 0.15 0.284375
5 0.40390625 0.3328125 0.159375 0.284375
5 0.21484375 0.30390625 0.2171875 0.2703125
4 0.56640625 0.1390625 0.0875 0.090625
6 0.734375 0.79921875 0.0265625 0.05
6 0.7015625 0.771875 0.025 0.05
6 0.7546875 0.7296875 0.03125 0.0453125
6 0.40234375 0.81640625 0.0234375 0.03125
6 0.39921875 0.75234375 0.0265625 0.040625
6 0.35234375 0.92890625 0.0140625 0.034375
6 0.34609375 0.975 0.0171875 0.04375
6 0.01328125 0.92890625 0.021875 0.0625
12 0.9640625 0.9109375 0.071875 0.178125
6 0.59765625 0.53515625 0.053125 0.04375