9 0.321875 0.58671875 0.0265625 0.0125
9 0.265625 0.58984375 0.0265625 0.0125
10 0.2546875 0.58046875 0.059375 0.040625
10 0.78515625 0.6140625 0.065625 0.0484375
10 0.96015625 0.88359375 0.053125 0.03125
10 0.56015625 0.80546875 0.053125 0.0375
4 0.7359375 0.37109375 0.21875 0.15
4 0.22734375 0.15625 0.2140625 0.10625
4 0.225 0.0484375 0.215625 0.096875
4 0.046875 0.2046875 0.09375 0.10625
4 0.046875 0.3546875 0.09375 0.10625
4 0.1734375 0.5140625 0.14375 0.125
4 0.36875 0.50390625 0.153125 0.09375
4 0.03359375 0.53359375 0.0671875 0.06875
4 0.38359375 0.91953125 0.225 0.1609375
4 0.35234375 0.81953125 0.1390625 0.1328125
4 0.271875 0.76171875 0.15 0.1109375
4 0.125 0.77421875 0.1125 0.1609375
4 0.7203125 0.5296875 0.125 0.0671875
4 0.8859375 0.5484375 0.146875 0.1
4 0.97109375 0.61328125 0.0578125 0.0578125
12 0.7921875 0.1984375 0.415625 0.396875
5 0.453125 0.12265625 0.2140625 0.2453125
2 0.02734375 0.66328125 0.0546875 0.0265625
2 0.1265625 0.66484375 0.0671875 0.025
2 0.26328125 0.65390625 0.053125 0.0171875
2 0.27890625 0.61875 0.053125 0.0171875
2 0.4078125 0.6453125 0.0671875 0.025
2 0.5640625 0.65390625 0.0671875 0.01875
2 0.65 0.62890625 0.0671875 0.0265625
2 0.740625 0.6734375 0.075 0.025
2 0.93046875 0.7234375 0.040625 0.0265625
2 0.94609375 0.678125 0.0625 0.0171875
5 0.06015625 0.896875 0.1203125 0.1203125