11 0.515625 0.515625 0.1546875 0.490625
11 0.3765625 0.52421875 0.125 0.4953125
0 0.3921875 0.92734375 0.28125 0.1453125
8 0.775 0.49609375 0.034375 0.053125
8 0.9890625 0.775 0.021875 0.0515625
8 0.01171875 0.97734375 0.0234375 0.0421875
2 0.06953125 0.05625 0.0453125 0.025
2 0.375 0.0625 0.04375 0.0265625
2 0.4265625 0.0640625 0.0359375 0.028125
2 0.478125 0.06484375 0.0390625 0.0265625
2 0.52890625 0.0671875 0.0390625 0.0265625
2 0.771875 0.0796875 0.0515625 0.025
2 0.86796875 0.08046875 0.0484375 0.021875
2 0.915625 0.08515625 0.04375 0.025
2 0.96015625 0.08671875 0.04375 0.0265625
2 0.99375 0.084375 0.0125 0.0265625
2 0.9015625 0.1765625 0.04375 0.0265625
2 0.84765625 0.1734375 0.04375 0.0296875
2 0.6140625 0.16796875 0.0390625 0.0296875
2 0.709375 0.171875 0.03125 0.025
2 0.44453125 0.1609375 0.0484375 0.021875
2 0.38828125 0.16328125 0.04375 0.03125
2 0.05625 0.1453125 0.0515625 0.0296875
2 0.01328125 0.14765625 0.0265625 0.03125
10 0.02421875 0.1546875 0.0484375 0.065625
10 0.3140625 0.14296875 0.0453125 0.1203125
10 0.6875 0.1546875 0.034375 0.1140625
9 0.77734375 0.4890625 0.0140625 0.0265625
9 0.3375 0.56953125 0.0125 0.0140625
9 0.32578125 0.59140625 0.0125 0.0125
9 0.803125 0.89453125 0.0140625 0.0171875
9 0.86875 0.84609375 0.0140625 0.0140625
9 0.890625 0.7796875 0.0140625 0.0125
9 0.36875 0.20703125 0.0078125 0.0171875
4 0.35703125 0.17890625 0.03125 0.0375
4 0.44921875 0.1875 0.0578125 0.0515625
4 0.9359375 0.2203125 0.128125 0.125
4 0.9328125 0.38359375 0.134375 0.209375
4 0.72109375 0.94453125 0.090625 0.1109375
4 0.6859375 0.7546875 0.0390625 0.053125
4 0.053125 0.9078125 0.10625 0.1515625
4 0.0515625 0.459375 0.103125 0.1515625
4 0.165625 0.30859375 0.0703125 0.1015625
4 0.08046875 0.303125 0.0390625 0.0453125
4 0.25703125 0.26328125 0.096875 0.146875
4 0.02734375 0.01796875 0.0484375 0.0359375
5 0.7703125 0.3015625 0.209375 0.3171875
5 0.5609375 0.1875 0.05625 0.0890625
5 0.16328125 0.1734375 0.03125 0.0265625
5 0.21015625 0.6265625 0.0578125 0.075
5 0.06484375 0.67890625 0.1296875 0.2765625
5 0.609375 0.88828125 0.0265625 0.04375
5 0.83203125 0.68125 0.034375 0.04375
6 0.10703125 0.25859375 0.034375 0.040625
3 0.1734375 0.459375 0.128125 0.1953125
6 0.240625 0.5046875 0.0140625 0.0296875
6 0.16015625 0.5625 0.034375 0.0125
6 0.2203125 0.95078125 0.04375 0.0984375
6 0.3546875 0.875 0.09375 0.03125
6 0.55546875 0.86875 0.0796875 0.0796875
6 0.57109375 0.96953125 0.0546875 0.0609375
6 0.60546875 0.66328125 0.0296875 0.1921875
7 0.6296875 0.4953125 0.009375 0.0390625
7 0.625 0.53984375 0.009375 0.04375
7 0.2953125 0.9234375 0.0234375 0.021875
7 0.3265625 0.90390625 0.03125 0.0203125