4 0.52265625 0.884375 0.2328125 0.1375
4 0.30859375 0.8890625 0.103125 0.1625
4 0.39765625 0.90625 0.075 0.165625
4 0.0625 0.56484375 0.125 0.125
4 0.0625 0.321875 0.125 0.15625
4 0.19140625 0.27890625 0.1515625 0.1421875
4 0.571875 0.41953125 0.196875 0.146875
4 0.40859375 0.36640625 0.125 0.065625
4 0.75390625 0.459375 0.125 0.0875
4 0.921875 0.484375 0.11875 0.065625
4 0.884375 0.62109375 0.21875 0.1421875
4 0.059375 0.68828125 0.11875 0.0890625
5 0.1203125 0.9328125 0.240625 0.134375
5 0.61640625 0.165625 0.10625 0.0796875
5 0.98203125 0.2609375 0.0359375 0.04375
9 0.0875 0.14765625 0.021875 0.0171875
9 0.0484375 0.12734375 0.021875 0.0140625
10 0.35234375 0.265625 0.0578125 0.06875
10 0.81640625 0.3953125 0.096875 0.0375
12 0.66484375 0.7921875 0.6421875 0.415625
2 0.9078125 0.34140625 0.0671875 0.021875
2 0.990625 0.35859375 0.01875 0.0171875
2 0.6921875 0.30078125 0.0671875 0.025
2 0.68984375 0.3421875 0.071875 0.021875
2 0.55546875 0.3015625 0.059375 0.025
2 0.56015625 0.265625 0.065625 0.025
2 0.38203125 0.2015625 0.053125 0.03125
2 0.3078125 0.209375 0.0453125 0.028125
2 0.27421875 0.15 0.05 0.028125
2 0.140625 0.0953125 0.0484375 0.034375
4 0.6609375 0.0640625 0.084375 0.065625