4 0.95390625 0.85390625 0.0921875 0.1984375
4 0.9515625 0.69921875 0.096875 0.1109375
4 0.24765625 0.70703125 0.0984375 0.1375
4 0.1390625 0.759375 0.0890625 0.0890625
4 0.053125 0.75234375 0.0390625 0.0453125
4 0.03828125 0.9203125 0.0765625 0.159375
5 0.78828125 0.7796875 0.215625 0.3609375
5 0.22265625 0.5921875 0.04375 0.0453125
5 0.13671875 0.58984375 0.034375 0.0390625
5 0.0453125 0.5953125 0.028125 0.034375
5 0.05078125 0.3796875 0.0515625 0.0796875
5 0.26171875 0.08203125 0.05 0.11875
5 0.11328125 0.27890625 0.0765625 0.125
5 0.1203125 0.1609375 0.075 0.1015625
5 0.115625 0.0578125 0.10625 0.1078125
5 0.896875 0.3921875 0.0265625 0.053125
2 0.978125 0.58046875 0.04375 0.021875
2 0.921875 0.57578125 0.04375 0.028125
2 0.8640625 0.57421875 0.0484375 0.0296875
2 0.71875 0.57421875 0.0359375 0.028125
2 0.665625 0.57421875 0.0453125 0.028125
2 0.61796875 0.57421875 0.040625 0.028125
2 0.4328125 0.57109375 0.0484375 0.028125
2 0.3765625 0.5734375 0.04375 0.034375
2 0.02265625 0.55859375 0.0453125 0.034375
2 0.03828125 0.45703125 0.0515625 0.028125
2 0.365625 0.4625 0.05 0.0265625
2 0.41796875 0.46015625 0.04375 0.0265625
2 0.47109375 0.4625 0.04375 0.034375
2 0.52265625 0.46171875 0.040625 0.028125
2 0.7828125 0.47109375 0.05 0.0265625
2 0.88828125 0.4734375 0.0453125 0.0265625
2 0.93359375 0.478125 0.0453125 0.03125
2 0.98203125 0.47265625 0.0359375 0.03125
2 0.234375 0.2953125 0.0171875 0.0796875
2 0.24296875 0.21015625 0.021875 0.059375
2 0.18046875 0.015625 0.021875 0.03125
2 0.16484375 0.14453125 0.0265625 0.090625
2 0.171875 0.07421875 0.025 0.0578125
2 0.1609375 0.2828125 0.021875 0.059375
3 0.146875 0.9046875 0.14375 0.190625
11 0.5171875 0.84921875 0.146875 0.3015625
11 0.36328125 0.8484375 0.15625 0.303125
9 0.50859375 0.63203125 0.0125 0.0171875
9 0.91328125 0.63203125 0.0171875 0.0171875
10 0.29296875 0.5984375 0.0484375 0.0453125
10 0.6921875 0.6078125 0.040625 0.0375
10 0.00703125 0.59765625 0.0140625 0.028125
4 0.3453125 0.5953125 0.028125 0.0453125
4 0.4421875 0.609375 0.059375 0.05
6 0.328125 0.6671875 0.065625 0.053125
6 0.609375 0.67578125 0.03125 0.059375
6 0.0734375 0.68515625 0.05625 0.0578125
6 0.021875 0.68046875 0.04375 0.0796875
6 0.5328125 0.6921875 0.025 0.028125
6 0.2203125 0.9640625 0.0140625 0.04375
4 0.2609375 0.29453125 0.040625 0.084375
4 0.85 0.0375 0.059375 0.075
5 0.984375 0.60703125 0.03125 0.05625
5 0.5609375 0.60546875 0.0578125 0.06875
4 0.44140625 0.39296875 0.028125 0.0484375
4 0.85703125 0.3421875 0.0453125 0.0796875
4 0.85546875 0.396875 0.01875 0.034375
5 0.85234375 0.28828125 0.021875 0.0296875
4 0.009375 0.3515625 0.01875 0.084375
4 0.0109375 0.421875 0.021875 0.053125