2 0.41953125 0.0625 0.040625 0.0390625
2 0.27890625 0.0578125 0.0609375 0.0359375
2 0.72734375 0.06875 0.040625 0.0265625
2 0.7796875 0.06640625 0.04375 0.03125
2 0.83046875 0.071875 0.0390625 0.03125
2 0.87890625 0.06953125 0.04375 0.0359375
2 0.97578125 0.1734375 0.0359375 0.03125
2 0.9171875 0.1671875 0.0359375 0.025
2 0.80546875 0.16484375 0.0484375 0.03125
2 0.74609375 0.16328125 0.04375 0.0359375
2 0.4109375 0.1515625 0.0515625 0.03125
2 0.3546875 0.1546875 0.0484375 0.0296875
2 0.30546875 0.15390625 0.0484375 0.0265625
2 0.20703125 0.0578125 0.0484375 0.040625
2 0.1453125 0.0578125 0.0515625 0.04375
2 0.08515625 0.053125 0.0484375 0.0390625
2 0.02734375 0.0515625 0.04375 0.0390625
2 0.10078125 0.146875 0.0515625 0.0296875
10 0.6984375 0.1546875 0.040625 0.1078125
10 0.3859375 0.15234375 0.0359375 0.103125
10 0.078125 0.14765625 0.0875 0.1109375
11 0.7484375 0.5328125 0.1421875 0.478125
11 0.88671875 0.53359375 0.1375 0.4828125
0 0.7921875 0.92265625 0.309375 0.1546875
8 0.19140625 0.55546875 0.040625 0.0515625
8 0.3765625 0.91796875 0.0234375 0.0390625
8 0.0640625 0.9484375 0.034375 0.040625
8 0.009375 0.34921875 0.01875 0.0796875
12 0.215625 0.80234375 0.253125 0.3953125
3 0.540625 0.46875 0.1421875 0.196875
9 0.5984375 0.77734375 0.0140625 0.0203125
9 0.73828125 0.6546875 0.0203125 0.0203125
9 0.7328125 0.5796875 0.0125 0.0203125
9 0.21640625 0.93984375 0.0125 0.021875
9 0.2140625 0.83671875 0.0140625 0.021875
5 0.4578125 0.71171875 0.2234375 0.290625
5 0.45078125 0.93828125 0.1203125 0.1234375
5 0.1703125 0.24609375 0.1234375 0.1765625
5 0.290625 0.23828125 0.1203125 0.2015625
5 0.0484375 0.2515625 0.096875 0.196875
5 0.2125 0.4 0.075 0.103125
5 0.32421875 0.5 0.0578125 0.084375
5 0.61328125 0.65 0.053125 0.1109375
5 0.06953125 0.61328125 0.040625 0.0515625
4 0.43984375 0.47578125 0.10625 0.1515625
4 0.5453125 0.31640625 0.059375 0.103125
4 0.640625 0.26953125 0.096875 0.1515625
6 0.08984375 0.44375 0.0671875 0.0671875
6 0.02265625 0.5625 0.034375 0.1015625
6 0.0265625 0.4546875 0.0390625 0.0609375
6 0.421875 0.2796875 0.025 0.0390625
6 0.4640625 0.26796875 0.0265625 0.0453125
6 0.9828125 0.88203125 0.034375 0.0625
6 0.60546875 0.9546875 0.0265625 0.05625
6 0.9859375 0.59140625 0.0125 0.03125