4 0.8578125 0.10703125 0.1015625 0.16875
4 0.24140625 0.8390625 0.1171875 0.1484375
4 0.04296875 0.8890625 0.05625 0.0671875
4 0.13203125 0.8953125 0.0875 0.115625
4 0.9578125 0.853125 0.084375 0.125
5 0.80546875 0.875 0.2453125 0.25
5 0.25625 0.421875 0.04375 0.0765625
5 0.25625 0.20078125 0.053125 0.1015625
5 0.046875 0.5046875 0.0515625 0.0703125
5 0.9 0.515625 0.025 0.0609375
5 0.10078125 0.3921875 0.0796875 0.0921875
5 0.0828125 0.459375 0.0484375 0.05625
5 0.1140625 0.29296875 0.0703125 0.10625
5 0.1109375 0.19140625 0.103125 0.0984375
5 0.11171875 0.07109375 0.115625 0.1421875
5 0.27734375 0.1203125 0.0359375 0.0625
9 0.9734375 0.7640625 0.0125 0.009375
2 0.98046875 0.7046875 0.0390625 0.0265625
2 0.92578125 0.7046875 0.0484375 0.028125
2 0.8703125 0.7015625 0.0515625 0.034375
2 0.89296875 0.5953125 0.0453125 0.03125
2 0.93984375 0.5984375 0.0453125 0.034375
2 0.9828125 0.5953125 0.034375 0.03125
2 0.7859375 0.5984375 0.05625 0.034375
2 0.7203125 0.70546875 0.040625 0.0265625
2 0.66796875 0.7046875 0.04375 0.028125
2 0.61875 0.7046875 0.04375 0.028125
2 0.55859375 0.7015625 0.0484375 0.028125
2 0.521875 0.58984375 0.0453125 0.0296875
2 0.4671875 0.5875 0.0453125 0.025
2 0.4328125 0.69921875 0.0484375 0.0296875
2 0.37265625 0.7015625 0.0453125 0.028125
2 0.41484375 0.5875 0.04375 0.028125
2 0.359375 0.5875 0.0484375 0.028125
2 0.01796875 0.6921875 0.0359375 0.0359375
2 0.02890625 0.584375 0.04375 0.028125
4 0.33984375 0.728125 0.0296875 0.0453125
4 0.43984375 0.74765625 0.053125 0.059375
10 0.69921875 0.7546875 0.04375 0.040625
10 0.28828125 0.740625 0.0515625 0.040625
2 0.1578125 0.40390625 0.021875 0.0671875
2 0.23046875 0.4171875 0.025 0.075
2 0.23828125 0.3265625 0.0203125 0.0703125
2 0.15859375 0.265625 0.0296875 0.0890625
2 0.1625 0.1921875 0.0296875 0.0671875
2 0.16796875 0.109375 0.0203125 0.071875
2 0.2453125 0.10546875 0.0171875 0.0625
6 0.66015625 0.48828125 0.03125 0.034375
4 0.00625 0.5515625 0.0125 0.04375