2 0.41953125 0.9375 0.040625 0.0375
2 0.27890625 0.9421875 0.059375 0.0359375
2 0.72734375 0.93125 0.040625 0.0265625
2 0.7796875 0.93359375 0.04375 0.03125
2 0.83046875 0.928125 0.0375 0.03125
2 0.87890625 0.93046875 0.04375 0.0359375
2 0.97578125 0.8265625 0.0359375 0.03125
2 0.9171875 0.8328125 0.0359375 0.025
2 0.80546875 0.83515625 0.0484375 0.03125
2 0.74609375 0.83671875 0.04375 0.0359375
2 0.4109375 0.8484375 0.05 0.03125
2 0.3546875 0.8453125 0.0484375 0.028125
2 0.30546875 0.84609375 0.0484375 0.0265625
2 0.20703125 0.9421875 0.0484375 0.040625
2 0.1453125 0.9421875 0.05 0.04375
2 0.08515625 0.946875 0.0484375 0.0375
2 0.02734375 0.9484375 0.04375 0.0375
2 0.10078125 0.853125 0.05 0.028125
10 0.6984375 0.8453125 0.040625 0.1078125
10 0.3859375 0.84765625 0.0359375 0.103125
10 0.078125 0.85234375 0.0875 0.1109375
11 0.7484375 0.4671875 0.1421875 0.478125
11 0.88671875 0.46640625 0.1375 0.4828125
0 0.7921875 0.07734375 0.309375 0.1546875
8 0.19140625 0.44453125 0.040625 0.05
8 0.3765625 0.08203125 0.025 0.0375
8 0.0640625 0.0515625 0.034375 0.040625
8 0.009375 0.65078125 0.01875 0.0796875
12 0.215625 0.19765625 0.253125 0.3953125
3 0.540625 0.53125 0.1421875 0.196875
9 0.5984375 0.22265625 0.0140625 0.01875
9 0.73828125 0.3453125 0.01875 0.01875
9 0.7328125 0.4203125 0.0125 0.01875
9 0.21640625 0.06015625 0.0125 0.021875
9 0.2140625 0.16328125 0.0140625 0.021875
5 0.4578125 0.28828125 0.2234375 0.290625
5 0.45078125 0.06171875 0.1203125 0.1234375
5 0.1703125 0.75390625 0.121875 0.175
5 0.290625 0.76171875 0.1203125 0.2015625
5 0.0484375 0.7484375 0.096875 0.196875
5 0.2125 0.6 0.075 0.103125
5 0.32421875 0.5 0.0578125 0.084375
5 0.61328125 0.35 0.053125 0.1109375
5 0.06953125 0.38671875 0.040625 0.05
4 0.43984375 0.52421875 0.10625 0.1515625
4 0.5453125 0.68359375 0.059375 0.103125
4 0.640625 0.73046875 0.096875 0.1515625
6 0.08984375 0.55625 0.0671875 0.0671875
6 0.02265625 0.4375 0.034375 0.1
6 0.0265625 0.5453125 0.0375 0.059375
6 0.421875 0.7203125 0.025 0.0375
6 0.4640625 0.73203125 0.0265625 0.0453125
6 0.9828125 0.11796875 0.034375 0.0625
6 0.60546875 0.0453125 0.0265625 0.05625
6 0.9859375 0.40859375 0.0125 0.03125