4 0.2234375 0.103125 0.165625 0.134375
4 0.0953125 0.0796875 0.15625 0.146875
4 0.05390625 0.11796875 0.1078125 0.14375
4 0.5515625 0.303125 0.1875 0.115625
4 0.52265625 0.428125 0.1609375 0.15
4 0.8109375 0.0265625 0.1203125 0.053125
4 0.5671875 0.6234375 0.1203125 0.1
4 0.334375 0.73046875 0.13125 0.121875
4 0.11640625 0.62109375 0.1125 0.075
4 0.03359375 0.5796875 0.0671875 0.1046875
4 0.4796875 0.70078125 0.121875 0.1421875
4 0.6265625 0.7390625 0.1125 0.103125
5 0.7953125 0.2703125 0.121875 0.0890625
5 0.78984375 0.36328125 0.0671875 0.053125
5 0.7921875 0.4671875 0.08125 0.065625
5 0.91171875 0.77890625 0.1765625 0.2046875
5 0.3234375 0.06171875 0.128125 0.1234375
5 0.4328125 0.04140625 0.125 0.0828125
10 0.1875 0.7171875 0.075 0.059375
10 0.7046875 0.94453125 0.0796875 0.0921875
2 0.01796875 0.7171875 0.0359375 0.034375
2 0.1578125 0.76953125 0.05 0.0359375
2 0.3296875 0.8390625 0.0453125 0.0359375
2 0.5265625 0.93359375 0.0484375 0.040625
6 0.3125 0.52421875 0.209375 0.215625
6 0.44609375 0.16953125 0.121875 0.084375
6 0.2671875 0.209375 0.0890625 0.075
12 0.09765625 0.2921875 0.19375 0.2234375