5 0.87734375 0.7671875 0.128125 0.209375
5 0.88046875 0.13125 0.2390625 0.259375
5 0.259375 0.27734375 0.0484375 0.06875
5 0.15859375 0.728125 0.0921875 0.125
4 0.89453125 0.946875 0.128125 0.10625
4 0.62265625 0.41796875 0.1515625 0.1921875
4 0.49921875 0.05625 0.1140625 0.1125
4 0.478125 0.390625 0.0875 0.13125
4 0.4546875 0.55859375 0.103125 0.115625
4 0.41015625 0.734375 0.1421875 0.1703125
4 0.0765625 0.10546875 0.153125 0.2109375
4 0.21640625 0.06015625 0.1296875 0.1203125
10 0.25625 0.95078125 0.075 0.090625
10 0.38828125 0.4859375 0.0453125 0.053125
9 0.3578125 0.64453125 0.0125 0.021875
12 0.79921875 0.6234375 0.4015625 0.615625
2 0.178125 0.93359375 0.0265625 0.05
2 0.2609375 0.7484375 0.021875 0.0484375
2 0.32109375 0.68125 0.021875 0.059375
2 0.3171875 0.5328125 0.021875 0.0625
2 0.33671875 0.4171875 0.021875 0.0671875
2 0.3765625 0.36171875 0.01875 0.075
2 0.3453125 0.271875 0.01875 0.0625
2 0.3890625 0.14296875 0.01875 0.071875
2 0.35703125 0.1078125 0.025 0.08125
2 0.35546875 0.01328125 0.025 0.0265625
10 0.19921875 0.26171875 0.053125 0.075