9 0.41328125 0.321875 0.0125 0.0265625
9 0.41015625 0.265625 0.0125 0.0265625
10 0.41953125 0.2546875 0.040625 0.0609375
10 0.3859375 0.78515625 0.0484375 0.065625
10 0.11640625 0.96015625 0.03125 0.053125
10 0.19453125 0.56015625 0.0390625 0.053125
4 0.62890625 0.7359375 0.15 0.21875
4 0.84375 0.22734375 0.10625 0.2140625
4 0.9515625 0.225 0.096875 0.2171875
4 0.7953125 0.046875 0.10625 0.09375
4 0.6453125 0.046875 0.10625 0.09375
4 0.4859375 0.1734375 0.125 0.1453125
4 0.49609375 0.36875 0.09375 0.1546875
4 0.46640625 0.03359375 0.0703125 0.0671875
4 0.08046875 0.38359375 0.1609375 0.225
4 0.18046875 0.35234375 0.13125 0.1390625
4 0.23828125 0.271875 0.1109375 0.1484375
4 0.22578125 0.125 0.1609375 0.1140625
4 0.4703125 0.7203125 0.0671875 0.125
4 0.4515625 0.8859375 0.1015625 0.146875
4 0.38671875 0.97109375 0.0578125 0.0578125
12 0.8015625 0.7921875 0.396875 0.415625
5 0.87734375 0.453125 0.2453125 0.2140625
2 0.33671875 0.02734375 0.0265625 0.0546875
2 0.33515625 0.1265625 0.0234375 0.0671875
2 0.34609375 0.26328125 0.0171875 0.053125
2 0.38125 0.27890625 0.0171875 0.053125
2 0.3546875 0.4078125 0.0234375 0.0671875
2 0.34609375 0.5640625 0.0203125 0.0671875
2 0.37109375 0.65 0.0265625 0.0671875
2 0.3265625 0.740625 0.0234375 0.075
2 0.2765625 0.93046875 0.0265625 0.040625
2 0.321875 0.94609375 0.0171875 0.0625
5 0.103125 0.06015625 0.1203125 0.1203125