4 0.1109375 0.61796875 0.18125 0.159375
4 0.13671875 0.47265625 0.15625 0.0765625
4 0.48671875 0.49296875 0.159375 0.1125
4 0.6609375 0.4890625 0.159375 0.1
4 0.83515625 0.47265625 0.1390625 0.0984375
4 0.8546875 0.6453125 0.2375 0.121875
4 0.83515625 0.8171875 0.14375 0.0765625
4 0.83984375 0.9171875 0.2140625 0.165625
4 0.59375 0.8953125 0.221875 0.209375
5 0.38125 0.8734375 0.20625 0.253125
12 0.13125 0.78125 0.2625 0.4375
9 0.803125 0.55546875 0.025 0.0125
9 0.72734375 0.30859375 0.0171875 0.0125
9 0.88125 0.39453125 0.021875 0.0125
9 0.97265625 0.38828125 0.0140625 0.009375
4 0.67890625 0.22734375 0.1296875 0.1375
4 0.41015625 0.084375 0.1515625 0.16875
4 0.45703125 0.16953125 0.1125 0.10625
4 0.5203125 0.23203125 0.14375 0.0984375
4 0.58984375 0.2484375 0.0875 0.134375
4 0.5140625 0.0609375 0.090625 0.1109375
4 0.56640625 0.146875 0.1125 0.0765625
2 0.61171875 0.09140625 0.04375 0.053125
2 0.125 0.3234375 0.065625 0.025
2 0.09765625 0.359375 0.065625 0.0359375
2 0.29296875 0.34375 0.065625 0.025
2 0.3578125 0.37734375 0.05625 0.0171875
2 0.4171875 0.3484375 0.0578125 0.0171875
2 0.55078125 0.38359375 0.0625 0.0265625
2 0.6140625 0.3453125 0.059375 0.025
2 0.725 0.3390625 0.0671875 0.0265625
2 0.8859375 0.328125 0.075 0.0265625
2 0.8765625 0.359375 0.06875 0.01875
5 0.83515625 0.103125 0.228125 0.1390625
10 0.5984375 0.4109375 0.0578125 0.034375
10 0.05859375 0.38671875 0.065625 0.0484375
10 0.9546875 0.4640625 0.090625 0.128125
10 0.83984375 0.73046875 0.125 0.0390625
10 0.28984375 0.1890625 0.05 0.04375
5 0.27734375 0.25234375 0.084375 0.04375