9 0.959375 0.5609375 0.0125 0.0078125
4 0.94140625 0.90859375 0.1015625 0.1546875
4 0.85 0.9015625 0.0625 0.075
4 0.60078125 0.9125 0.053125 0.075
4 0.91484375 0.6671875 0.15625 0.1875
4 0.77421875 0.6359375 0.125 0.1765625
4 0.5640625 0.6734375 0.1015625 0.1421875
4 0.44609375 0.7390625 0.0875 0.15
4 0.490625 0.6078125 0.1078125 0.1078125
4 0.52734375 0.52421875 0.065625 0.0859375
4 0.4625 0.459375 0.146875 0.159375
4 0.584375 0.2234375 0.0828125 0.1203125
4 0.634375 0.078125 0.15 0.15625
4 0.16953125 0.94609375 0.09375 0.10625
4 0.23671875 0.96171875 0.0515625 0.0765625
4 0.071875 0.82734375 0.14375 0.1703125
4 0.1078125 0.67578125 0.09375 0.1234375
4 0.02734375 0.6953125 0.0546875 0.1125
4 0.08515625 0.60234375 0.0984375 0.0828125
4 0.015625 0.5296875 0.03125 0.121875
4 0.16953125 0.36796875 0.075 0.0453125
4 0.3921875 0.078125 0.084375 0.0890625
10 0.3296875 0.0421875 0.0296875 0.053125
10 0.47265625 0.28515625 0.0265625 0.0671875
10 0.24609375 0.8296875 0.0796875 0.075
10 0.46875 0.9578125 0.025 0.05625
2 0.04921875 0.98515625 0.0171875 0.0296875
2 0.140625 0.8640625 0.03125 0.0671875
2 0.225 0.7765625 0.03125 0.053125
2 0.23046875 0.67890625 0.034375 0.059375
2 0.29921875 0.5296875 0.040625 0.059375
2 0.3390625 0.4171875 0.021875 0.034375
2 0.20078125 0.3546875 0.0359375 0.0484375
2 0.484375 0.0515625 0.0265625 0.0671875
2 0.42578125 0.2125 0.0609375 0.1515625
9 0.196875 0.2765625 0.0125 0.0125
12 0.8859375 0.15390625 0.228125 0.3078125
6 0.92578125 0.396875 0.146875 0.1078125
6 0.6625 0.4703125 0.165625 0.125
6 0.6546875 0.35078125 0.115625 0.075