1 0.44609375 0.946875 0.0484375 0.10625
12 0.88203125 0.90234375 0.2359375 0.19375
9 0.928125 0.59609375 0.0140625 0.021875
9 0.20703125 0.88359375 0.0140625 0.01875
10 0.46875 0.178125 0.01875 0.0375
10 0.2515625 0.3125 0.075 0.059375
10 0.47578125 0.853125 0.0390625 0.0875
2 0.1 0.20078125 0.0328125 0.0359375
2 0.19453125 0.36640625 0.034375 0.053125
2 0.2515625 0.4953125 0.0265625 0.0484375
2 0.3109375 0.6203125 0.0359375 0.0671875
2 0.35703125 0.71640625 0.034375 0.065625
2 0.20546875 0.775 0.0390625 0.05
2 0.39296875 0.82109375 0.0265625 0.0359375
4 0.5890625 0.928125 0.0765625 0.1109375
4 0.63359375 0.9796875 0.05625 0.040625
4 0.4671875 0.68125 0.1296875 0.1828125
4 0.5203125 0.6140625 0.0765625 0.0796875
4 0.49296875 0.5265625 0.1296875 0.1
4 0.5765625 0.46484375 0.059375 0.13125
4 0.53125 0.46015625 0.0375 0.103125
4 0.446875 0.4 0.0984375 0.14375
4 0.7828125 0.515625 0.121875 0.159375
4 0.91484375 0.47578125 0.159375 0.18125
5 0.43984375 0.0890625 0.159375 0.178125
5 0.60078125 0.22734375 0.0578125 0.065625
5 0.73203125 0.23828125 0.059375 0.0765625
5 0.8453125 0.23828125 0.0578125 0.075
5 0.9375 0.225 0.09375 0.13125
2 0.77421875 0.41796875 0.0265625 0.06875
2 0.55390625 0.384375 0.025 0.065625
5 0.10546875 0.3125 0.0921875 0.159375
4 0.11875 0.4640625 0.096875 0.096875
4 0.0375 0.45546875 0.071875 0.0796875
4 0.0265625 0.38359375 0.0515625 0.0796875
6 0.6515625 0.7140625 0.221875 0.2
6 0.72578125 0.90859375 0.084375 0.1109375
6 0.92265625 0.721875 0.1546875 0.11875
6 0.3640625 0.21640625 0.065625 0.0984375
6 0.31640625 0.1625 0.053125 0.08125
6 0.23671875 0.1515625 0.0625 0.0890625
4 0.19375 0.2078125 0.0625 0.075
4 0.16796875 0.05390625 0.10625 0.10625
4 0.16328125 0.146875 0.0890625 0.0921875
4 0.025 0.628125 0.05 0.0875