4 0.115625 0.47734375 0.1375 0.2328125
4 0.1109375 0.69140625 0.1625 0.103125
4 0.09375 0.60234375 0.165625 0.075
4 0.43515625 0.9375 0.125 0.125
4 0.678125 0.9375 0.15625 0.125
4 0.72109375 0.80859375 0.1421875 0.1515625
4 0.58046875 0.428125 0.146875 0.196875
4 0.63359375 0.59140625 0.065625 0.125
4 0.540625 0.24609375 0.0875 0.125
4 0.515625 0.078125 0.065625 0.11875
4 0.37890625 0.115625 0.1421875 0.21875
4 0.31171875 0.940625 0.0890625 0.11875
5 0.0671875 0.8796875 0.134375 0.240625
5 0.834375 0.38359375 0.0796875 0.10625
5 0.7390625 0.01796875 0.04375 0.0359375
9 0.85234375 0.9125 0.0171875 0.021875
9 0.87265625 0.9515625 0.0140625 0.021875
10 0.734375 0.64765625 0.06875 0.0578125
10 0.6046875 0.18359375 0.0390625 0.096875
12 0.2078125 0.33515625 0.415625 0.6421875
2 0.65859375 0.0921875 0.021875 0.0671875
2 0.64140625 0.009375 0.0171875 0.01875
2 0.69921875 0.3078125 0.025 0.0671875
2 0.6578125 0.31015625 0.021875 0.071875
2 0.6984375 0.44453125 0.025 0.059375
2 0.734375 0.43984375 0.025 0.065625
2 0.7984375 0.61796875 0.03125 0.053125
2 0.790625 0.6921875 0.028125 0.0453125
2 0.85 0.72578125 0.028125 0.0515625
2 0.9046875 0.859375 0.034375 0.0484375
4 0.9359375 0.3390625 0.065625 0.084375