4 0.61796875 0.8890625 0.159375 0.18125
4 0.47265625 0.86328125 0.0765625 0.15625
4 0.49296875 0.51328125 0.1140625 0.159375
4 0.4890625 0.3390625 0.1015625 0.159375
4 0.47265625 0.16484375 0.0984375 0.1390625
4 0.6453125 0.1453125 0.121875 0.2390625
4 0.8171875 0.16484375 0.0765625 0.1453125
4 0.9171875 0.16015625 0.165625 0.2140625
4 0.8953125 0.40625 0.209375 0.221875
5 0.8734375 0.61875 0.253125 0.2078125
12 0.78125 0.86875 0.4375 0.2625
9 0.55546875 0.196875 0.0125 0.025
9 0.30859375 0.27265625 0.0125 0.0171875
9 0.39453125 0.11875 0.0125 0.021875
9 0.38828125 0.02734375 0.009375 0.0140625
4 0.22734375 0.32109375 0.1375 0.1296875
4 0.084375 0.58984375 0.16875 0.1515625
4 0.16953125 0.54296875 0.10625 0.1140625
4 0.23203125 0.4796875 0.0984375 0.1453125
4 0.2484375 0.41015625 0.134375 0.0875
4 0.0609375 0.4859375 0.1109375 0.0921875
4 0.146875 0.43359375 0.0765625 0.1140625
2 0.09140625 0.38828125 0.053125 0.04375
2 0.3234375 0.875 0.0234375 0.065625
2 0.359375 0.90234375 0.0359375 0.065625
2 0.34375 0.70703125 0.025 0.065625
2 0.37734375 0.6421875 0.0171875 0.05625
2 0.3484375 0.5828125 0.0171875 0.0578125
2 0.38359375 0.44921875 0.0265625 0.0625
2 0.3453125 0.3859375 0.0234375 0.0609375
2 0.3390625 0.275 0.0265625 0.0671875
2 0.328125 0.1140625 0.0265625 0.075
2 0.359375 0.1234375 0.0203125 0.06875
5 0.103125 0.16484375 0.1390625 0.228125
10 0.4109375 0.4015625 0.034375 0.0578125
10 0.38671875 0.94140625 0.0484375 0.065625
10 0.4640625 0.0453125 0.128125 0.090625
10 0.73046875 0.16015625 0.0390625 0.125
10 0.1890625 0.71015625 0.04375 0.0515625
5 0.25234375 0.72265625 0.04375 0.084375