11 0.4796875 0.2453125 0.1421875 0.465625
11 0.62109375 0.2484375 0.1421875 0.471875
9 0.68125 0.31015625 0.009375 0.021875
9 0.68046875 0.2875 0.009375 0.0171875
9 0.28125 0.740625 0.0125 0.0125
9 0.1421875 0.5609375 0.0125 0.0125
9 0.178125 0.5015625 0.00625 0.009375
9 0.22578125 0.2234375 0.009375 0.01875
4 0.89765625 0.04296875 0.0359375 0.05
4 0.8140625 0.04296875 0.084375 0.0859375
4 0.7234375 0.040625 0.103125 0.08125
4 0.93046875 0.17578125 0.115625 0.14375
4 0.92890625 0.59765625 0.10625 0.10625
4 0.8015625 0.88359375 0.08125 0.103125
4 0.24765625 0.76796875 0.034375 0.053125
4 0.2640625 0.975 0.025 0.03125
4 0.3546875 0.79921875 0.0765625 0.1078125
4 0.2828125 0.64453125 0.075 0.13125
4 0.3109375 0.4625 0.034375 0.05625
4 0.0828125 0.1078125 0.146875 0.215625
5 0.24375 0.09765625 0.1875 0.19375
5 0.1734375 0.4 0.0375 0.0484375
5 0.1 0.8375 0.2 0.325
5 0.3546875 0.93984375 0.075 0.1203125
5 0.3921875 0.5890625 0.028125 0.0375
5 0.94140625 0.86796875 0.1171875 0.2640625
5 0.771875 0.334375 0.059375 0.0796875
5 0.92421875 0.3640625 0.1515625 0.303125
3 0.80859375 0.19609375 0.128125 0.190625
4 0.73046875 0.54296875 0.025 0.034375
7 0.69453125 0.62734375 0.0265625 0.0171875
7 0.665625 0.6140625 0.0265625 0.0265625
7 0.4859375 0.834375 0.028125 0.01875
7 0.5171875 0.85 0.0265625 0.01875
7 0.29921875 0.9546875 0.025 0.021875
8 0.0109375 0.49609375 0.021875 0.0671875
8 0.22578125 0.2359375 0.021875 0.04375
7 0.3703125 0.23046875 0.009375 0.034375
7 0.3765625 0.27421875 0.00625 0.04375
8 0.97109375 0.68046875 0.034375 0.040625
6 0.7703125 0.634375 0.021875 0.03125
6 0.78984375 0.70546875 0.0375 0.04375
6 0.765625 0.68359375 0.0453125 0.0671875
6 0.6671875 0.584375 0.025 0.025
6 0.634375 0.59609375 0.0375 0.04375
6 0.8109375 0.76796875 0.04375 0.040625
6 0.63671875 0.953125 0.06875 0.059375
6 0.44609375 0.578125 0.05625 0.0625
6 0.4265625 0.70078125 0.04375 0.115625
6 0.39453125 0.3921875 0.0265625 0.175
6 0.15625 0.44453125 0.040625 0.028125
0 0.59140625 0.72265625 0.2765625 0.30625