5 0.87734375 0.2328125 0.128125 0.209375
5 0.88046875 0.86875 0.2390625 0.259375
5 0.259375 0.72265625 0.0484375 0.06875
5 0.15859375 0.271875 0.090625 0.125
4 0.89453125 0.053125 0.128125 0.10625
4 0.62265625 0.58203125 0.1515625 0.1921875
4 0.49921875 0.94375 0.1140625 0.1125
4 0.478125 0.609375 0.0875 0.13125
4 0.4546875 0.44140625 0.103125 0.115625
4 0.41015625 0.265625 0.1421875 0.1703125
4 0.0765625 0.89453125 0.153125 0.2109375
4 0.21640625 0.93984375 0.1296875 0.1203125
10 0.25625 0.04921875 0.075 0.090625
10 0.38828125 0.5140625 0.0453125 0.053125
9 0.3578125 0.35546875 0.0125 0.021875
12 0.79921875 0.3765625 0.4015625 0.615625
2 0.178125 0.06640625 0.0265625 0.05
2 0.2609375 0.2515625 0.021875 0.0484375
2 0.32109375 0.31875 0.021875 0.059375
2 0.3171875 0.4671875 0.021875 0.0625
2 0.33671875 0.5828125 0.021875 0.0671875
2 0.3765625 0.63828125 0.01875 0.075
2 0.3453125 0.728125 0.01875 0.0625
2 0.3890625 0.85703125 0.01875 0.071875
2 0.35703125 0.8921875 0.025 0.08125
2 0.35546875 0.98671875 0.025 0.0265625
10 0.19921875 0.73828125 0.053125 0.075