12 0.65859375 0.428125 0.603125 0.6109375
4 0.61640625 0.55390625 0.134375 0.175
4 0.6265625 0.6859375 0.1 0.1296875
4 0.61875 0.80546875 0.103125 0.090625
4 0.90859375 0.7953125 0.1375 0.13125
4 0.359375 0.1921875 0.1515625 0.209375
4 0.2125 0.31875 0.1 0.1203125
4 0.1546875 0.50390625 0.1609375 0.153125
4 0.1046875 0.6671875 0.075 0.0890625
4 0.03828125 0.8265625 0.075 0.1
4 0.084375 0.9390625 0.0375 0.1078125
4 0.04140625 0.94375 0.0828125 0.1125
5 0.703125 0.90234375 0.10625 0.19375
5 0.8578125 0.89453125 0.146875 0.2109375
5 0.78125 0.9234375 0.071875 0.153125
5 0.953125 0.6453125 0.09375 0.15625
5 0.64921875 0.03515625 0.165625 0.06875
5 0.0203125 0.0515625 0.040625 0.08125
4 0.22734375 0.13671875 0.0875 0.1375
10 0.14765625 0.24140625 0.075 0.0984375
10 0.0265625 0.7015625 0.053125 0.0484375
6 0.24609375 0.76328125 0.2046875 0.2640625
6 0.478125 0.8546875 0.153125 0.175
6 0.2984375 0.46484375 0.075 0.225
6 0.47578125 0.1046875 0.1109375 0.125
6 0.91796875 0.1515625 0.159375 0.21875
2 0.0125 0.56953125 0.025 0.0640625
2 0.046875 0.41484375 0.034375 0.065625
2 0.0890625 0.41015625 0.0265625 0.0578125
2 0.09375 0.23203125 0.053125 0.1609375
2 0.14921875 0.16328125 0.0171875 0.0796875
2 0.1265625 0.03984375 0.028125 0.075