4 0.896875 0.2234375 0.134375 0.165625
4 0.9203125 0.0953125 0.146875 0.15625
4 0.88203125 0.05390625 0.1453125 0.1078125
4 0.696875 0.5515625 0.115625 0.1875
4 0.571875 0.52265625 0.15 0.1609375
4 0.9734375 0.8109375 0.053125 0.1203125
4 0.3765625 0.5671875 0.1015625 0.1203125
4 0.26953125 0.334375 0.1234375 0.1328125
4 0.37890625 0.11640625 0.075 0.1140625
4 0.4203125 0.03359375 0.10625 0.0671875
4 0.29921875 0.4796875 0.1421875 0.1234375
4 0.2609375 0.6265625 0.103125 0.1140625
5 0.7296875 0.7953125 0.0890625 0.1234375
5 0.63671875 0.78984375 0.053125 0.0671875
5 0.5328125 0.7921875 0.065625 0.0828125
5 0.22109375 0.91171875 0.2046875 0.1765625
5 0.93828125 0.3234375 0.1234375 0.128125
5 0.95859375 0.4328125 0.0828125 0.125
10 0.2828125 0.1875 0.0609375 0.075
10 0.05546875 0.7046875 0.0921875 0.0796875
2 0.2828125 0.01796875 0.0328125 0.0359375
2 0.23046875 0.1578125 0.0359375 0.0515625
2 0.1609375 0.3296875 0.0359375 0.0453125
2 0.06640625 0.5265625 0.040625 0.0484375
6 0.47578125 0.3125 0.2171875 0.209375
6 0.83046875 0.44609375 0.084375 0.1234375
6 0.790625 0.2671875 0.075 0.0890625
12 0.7078125 0.09765625 0.2234375 0.1953125