4 0.1515625 0.84609375 0.2125 0.1515625
5 0.1046875 0.70546875 0.1296875 0.1015625
5 0.2921875 0.6765625 0.1078125 0.10625
5 0.453125 0.63125 0.1515625 0.15
5 0.421875 0.41484375 0.08125 0.04375
4 0.4859375 0.390625 0.0765625 0.1109375
4 0.6296875 0.578125 0.08125 0.08125
4 0.78828125 0.5 0.103125 0.059375
4 0.87734375 0.45078125 0.096875 0.1
4 0.89921875 0.53359375 0.0890625 0.05
4 0.96953125 0.484375 0.0609375 0.115625
4 0.96875 0.771875 0.0625 0.1296875
4 0.96953125 0.90078125 0.0609375 0.1171875
12 0.36171875 0.8859375 0.6375 0.228125
2 0.65625 0.38828125 0.053125 0.028125
2 0.834375 0.3140625 0.0625 0.0359375
2 0.728125 0.21484375 0.0484375 0.0453125
2 0.97734375 0.24609375 0.0453125 0.034375
1 0.34140625 0.49375 0.175 0.0453125
10 0.68125 0.4734375 0.04375 0.05625
10 0.2015625 0.5984375 0.06875 0.0453125
10 0.41484375 0.31875 0.0265625 0.021875