4 0.67890625 0.2140625 0.1296875 0.271875
4 0.81015625 0.23828125 0.15625 0.2078125
4 0.93359375 0.22109375 0.0984375 0.1734375
4 0.80078125 0.40234375 0.0796875 0.1234375
4 0.64765625 0.82421875 0.1796875 0.2328125
4 0.603125 0.38359375 0.065625 0.0890625
4 0.43359375 0.48671875 0.0921875 0.11875
4 0.4546875 0.6546875 0.128125 0.2
4 0.44921875 0.81875 0.0890625 0.1109375
4 0.46875 0.9375 0.1015625 0.125
10 0.4046875 0.98671875 0.0171875 0.0265625
4 0.79921875 0.8546875 0.1203125 0.2
4 0.925 0.88203125 0.15 0.2359375
4 0.8390625 0.98046875 0.0671875 0.0390625
4 0.978125 0.38828125 0.04375 0.1515625
5 0.8859375 0.59375 0.228125 0.271875
5 0.9625 0.0359375 0.075 0.071875
5 0.80625 0.025 0.053125 0.05
5 0.6671875 0.5421875 0.221875 0.2671875
4 0.5671875 0.21875 0.128125 0.25
4 0.7140625 0.35703125 0.0578125 0.071875
4 0.4515625 0.32578125 0.0875 0.1015625
10 0.49296875 0.08203125 0.0125 0.075
4 0.08203125 0.0359375 0.0359375 0.04375
4 0.11328125 0.025 0.034375 0.0390625
4 0.29453125 0.22109375 0.021875 0.034375
4 0.2140625 0.93046875 0.115625 0.1390625
4 0.209375 0.61171875 0.0296875 0.0625
4 0.178125 0.60234375 0.0296875 0.0515625
4 0.20546875 0.5359375 0.03125 0.0515625
5 0.234375 0.26953125 0.103125 0.134375
11 0.04921875 0.07578125 0.0984375 0.1515625
9 0.33515625 0.1984375 0.0078125 0.025
2 0.384375 0.140625 0.0265625 0.0609375
2 0.384375 0.29296875 0.021875 0.0578125
2 0.34765625 0.2875 0.025 0.0546875
2 0.33046875 0.41328125 0.021875 0.05625
2 0.31640625 0.58515625 0.0296875 0.10625
2 0.32578125 0.8265625 0.021875 0.0609375
2 0.3328125 0.9484375 0.0171875 0.0671875
2 0.36796875 0.98515625 0.0234375 0.0296875
4 0.084375 0.70546875 0.0828125 0.065625
5 0.09140625 0.828125 0.11875 0.146875
5 0.20078125 0.865625 0.0875 0.125
4 0.01328125 0.69140625 0.0265625 0.1390625