10 0.984375 0.44921875 0.03125 0.034375
10 0.7015625 0.4375 0.05 0.0796875
10 0.30859375 0.453125 0.0359375 0.0625
2 0.7546875 0.1609375 0.01875 0.071875
2 0.7484375 0.07578125 0.025 0.0625
2 0.8234375 0.02890625 0.034375 0.0578125
2 0.8265625 0.15 0.025 0.06875
2 0.9484375 0.3140625 0.053125 0.0375
2 0.96640625 0.41484375 0.0484375 0.021875
2 0.63359375 0.3171875 0.053125 0.028125
2 0.5765625 0.32109375 0.0453125 0.034375
2 0.525 0.32109375 0.04375 0.034375
2 0.47265625 0.321875 0.04375 0.03125
2 0.5609375 0.42421875 0.040625 0.028125
2 0.6203125 0.4265625 0.040625 0.03125
2 0.38359375 0.43046875 0.05 0.03125
2 0.28515625 0.43515625 0.04375 0.0265625
2 0.22265625 0.3328125 0.0484375 0.028125
2 0.1140625 0.334375 0.04375 0.0359375
2 0.06953125 0.34140625 0.053125 0.034375
2 0.02265625 0.3375 0.040625 0.028125
2 0.1421875 0.43515625 0.05 0.0375
2 0.084375 0.4359375 0.0453125 0.03125
2 0.02421875 0.4359375 0.0484375 0.0359375
3 0.84375 0.7546875 0.1421875 0.209375
11 0.4828125 0.76796875 0.15 0.4640625
11 0.6296875 0.77109375 0.146875 0.4578125
9 0.6546875 0.87109375 0.0125 0.0171875
9 0.65390625 0.93125 0.0125 0.021875
9 0.5375 0.48828125 0.0140625 0.021875
7 0.36796875 0.78359375 0.0171875 0.04375
7 0.37109375 0.83515625 0.0125 0.053125
4 0.75859375 0.55859375 0.09375 0.1609375
4 0.85078125 0.5921875 0.084375 0.0875
4 0.9375 0.58984375 0.0375 0.04375
4 0.9546875 0.76171875 0.08125 0.1734375
4 0.06015625 0.69609375 0.1203125 0.19375
4 0.0484375 0.5375 0.096875 0.103125
4 0.9828125 0.20703125 0.034375 0.084375
5 0.14921875 0.97578125 0.053125 0.0484375
5 0.225 0.61640625 0.209375 0.3296875
5 0.80546875 0.9421875 0.0671875 0.1
5 0.94453125 0.93828125 0.1109375 0.1234375
5 0.9328125 0.2296875 0.05625 0.0671875
5 0.1078125 0.2546875 0.025 0.05
5 0.44140625 0.459375 0.0625 0.08125
5 0.76796875 0.44453125 0.034375 0.0375
5 0.87265625 0.1296875 0.065625 0.1
5 0.8953125 0.19375 0.0484375 0.059375
5 0.86875 0.03984375 0.06875 0.0796875
4 0.728125 0.146875 0.040625 0.071875
4 0.55546875 0.25390625 0.025 0.0453125
4 0.64765625 0.4484375 0.028125 0.0484375
4 0.553125 0.46171875 0.0484375 0.0484375
4 0.35 0.45703125 0.0484375 0.0625
4 0.01953125 0.46171875 0.0375 0.0453125