9 0.6984375 0.00703125 0.0140625 0.0140625
4 0.81015625 0.0875 0.23125 0.1515625
4 0.765625 0.2234375 0.1734375 0.13125
4 0.81953125 0.43515625 0.10625 0.090625
4 0.72578125 0.49609375 0.13125 0.134375
4 0.86171875 0.56015625 0.125 0.1125
4 0.584375 0.5359375 0.1390625 0.1375
4 0.365625 0.415625 0.0890625 0.090625
5 0.1921875 0.36328125 0.196875 0.159375
5 0.03828125 0.3390625 0.0765625 0.1078125
12 0.2125 0.11171875 0.425 0.2234375
2 0.83984375 0.22734375 0.084375 0.025
2 0.86875 0.44921875 0.0671875 0.021875
2 0.8265625 0.6984375 0.0625 0.040625
2 0.69453125 0.73046875 0.040625 0.0140625
2 0.47265625 0.8015625 0.0671875 0.05
9 0.4625 0.79921875 0.009375 0.009375
2 0.3234375 0.5328125 0.0375 0.0265625
2 0.1421875 0.50859375 0.084375 0.0265625
2 0.27734375 0.5484375 0.0578125 0.0375
1 0.4828125 0.63203125 0.1515625 0.0890625
4 0.21875 0.6 0.11875 0.125
10 0.421875 0.52734375 0.05 0.04375
10 0.17578125 0.6734375 0.034375 0.025
10 0.96171875 0.7515625 0.0765625 0.09375
5 0.11328125 0.6 0.0875 0.1078125
6 0.525 0.34140625 0.1296875 0.20625
6 0.50703125 0.07578125 0.128125 0.1515625
4 0.80859375 0.88828125 0.10625 0.0875
4 0.8265625 0.95546875 0.0875 0.0875
5 0.93515625 0.9015625 0.1296875 0.1
4 0.89453125 0.978125 0.0625 0.04375
4 0.1296875 0.74140625 0.09375 0.0609375
4 0.046875 0.7765625 0.05 0.0453125
4 0.05390625 0.859375 0.096875 0.0671875
2 0.0953125 0.95703125 0.065625 0.03125