9 0.0265625 0.3078125 0.0140625 0.0171875
9 0.0375 0.35 0.0203125 0.0171875
9 0.01953125 0.4578125 0.0171875 0.021875
9 0.00625 0.384375 0.0125 0.0296875
4 0.1421875 0.3421875 0.11875 0.1375
4 0.2234375 0.21484375 0.1015625 0.103125
4 0.23828125 0.09765625 0.0984375 0.1296875
5 0.7859375 0.1578125 0.159375 0.2359375
5 0.80078125 0.6109375 0.2390625 0.2796875
5 0.915625 0.2921875 0.065625 0.1203125
5 0.62734375 0.68359375 0.065625 0.09375
5 0.2515625 0.42578125 0.0265625 0.053125
5 0.02265625 0.60078125 0.0453125 0.071875
6 0.30078125 0.3015625 0.021875 0.03125
6 0.62734375 0.30625 0.021875 0.03125
6 0.66484375 0.3015625 0.034375 0.034375
6 0.62734375 0.24375 0.028125 0.04375
6 0.61328125 0.37109375 0.04375 0.0828125
6 0.3109375 0.3578125 0.021875 0.0328125
6 0.3328125 0.4515625 0.021875 0.0359375
6 0.29453125 0.41953125 0.0328125 0.0484375
6 0.27890625 0.46015625 0.0203125 0.0359375
6 0.2484375 0.584375 0.0171875 0.034375
6 0.2453125 0.64921875 0.0171875 0.0515625
6 0.24296875 0.7125 0.0140625 0.04375
6 0.52265625 0.4515625 0.0234375 0.0265625
7 0.5484375 0.40625 0.03125 0.0265625
7 0.51953125 0.41953125 0.0265625 0.021875
7 0.35546875 0.2203125 0.0296875 0.0265625
7 0.38203125 0.21015625 0.0296875 0.0296875
7 0.21640625 0.75390625 0.0171875 0.034375
7 0.20703125 0.79921875 0.0171875 0.053125
4 0.7984375 0.390625 0.125 0.1515625
4 0.8109375 0.86640625 0.1203125 0.1734375
3 0.68515625 0.859375 0.1421875 0.2125
11 0.321875 0.7640625 0.1453125 0.471875
11 0.46640625 0.7640625 0.1484375 0.471875
9 0.49296875 0.6703125 0.0140625 0.0171875
9 0.53125 0.7484375 0.0125 0.0125
9 0.58671875 0.8171875 0.0125 0.0171875
8 0.84765625 0.28984375 0.021875 0.021875
0 0.4375 0.3265625 0.2265625 0.315625