2 0.82578125 0.96015625 0.146875 0.0484375
12 0.77734375 0.3453125 0.44375 0.6515625
2 0.8296875 0.9109375 0.0796875 0.028125
2 0.1625 0.66953125 0.075 0.03125
2 0.12109375 0.10546875 0.0625 0.0265625
2 0.1203125 0.0734375 0.06875 0.025
4 0.7484375 0.3796875 0.184375 0.1203125
4 0.6140625 0.3609375 0.134375 0.08125
4 0.4890625 0.375 0.1296875 0.1109375
4 0.196875 0.571875 0.2015625 0.1203125
4 0.23203125 0.6984375 0.159375 0.11875
4 0.49609375 0.07578125 0.10625 0.134375
4 0.83984375 0.84140625 0.221875 0.1546875
4 0.64765625 0.89921875 0.115625 0.0625
4 0.475 0.96875 0.1203125 0.0625
4 0.203125 0.9015625 0.1375 0.115625
4 0.134375 0.98671875 0.134375 0.0265625
4 0.95390625 0.78984375 0.0921875 0.1328125
5 0.3765625 0.12890625 0.184375 0.146875
5 0.39765625 0.30390625 0.184375 0.1609375
5 0.3125 0.2609375 0.246875 0.14375
5 0.178125 0.2171875 0.05625 0.04375
5 0.19609375 0.39921875 0.034375 0.0359375
5 0.1609375 0.0765625 0.0796875 0.05
5 0.315625 0.95625 0.190625 0.0875
5 0.01796875 0.52734375 0.0359375 0.0765625
10 0.58984375 0.96640625 0.0578125 0.0671875
6 0.49609375 0.75625 0.34375 0.153125