12 0.50703125 0.97578125 0.11875 0.0484375
4 0.11796875 0.61640625 0.103125 0.134375
4 0.3125 0.66484375 0.0984375 0.1703125
4 0.43984375 0.6203125 0.128125 0.16875
4 0.06015625 0.72265625 0.1203125 0.1703125
4 0.021875 0.55859375 0.04375 0.11875
4 0.04140625 0.8625 0.0828125 0.15
10 0.0609375 0.98046875 0.04375 0.0375
4 0.634375 0.92890625 0.125 0.1421875
5 0.8953125 0.85 0.134375 0.1828125
5 0.7328125 0.821875 0.175 0.25
5 0.93046875 0.5890625 0.065625 0.0796875
5 0.7953125 0.5921875 0.034375 0.0578125
5 0.8453125 0.3375 0.084375 0.1078125
5 0.484375 0.38125 0.08125 0.1421875
5 0.2859375 0.4015625 0.0578125 0.0984375
4 0.48046875 0.0796875 0.10625 0.159375
4 0.9484375 0.94140625 0.103125 0.0890625
4 0.15 0.38671875 0.059375 0.075
4 0.3953125 0.3921875 0.05 0.0671875
4 0.7328125 0.3734375 0.0875 0.1109375
4 0.94140625 0.3484375 0.0875 0.115625
4 0.21796875 0.04296875 0.0640625 0.0859375
2 0.34609375 0.5609375 0.0265625 0.071875
2 0.9109375 0.52421875 0.025 0.053125
2 0.94375 0.5328125 0.021875 0.065625
6 0.2390625 0.82109375 0.1828125 0.2125
6 0.6765625 0.634375 0.146875 0.0984375