8 0.1046875 0.1859375 0.021875 0.04375
8 0.08671875 0.11328125 0.0265625 0.0375
11 0.46640625 0.27890625 0.284375 0.26875
7 0.3921875 0.16796875 0.021875 0.03125
7 0.3640625 0.17890625 0.028125 0.0265625
7 0.54296875 0.3796875 0.028125 0.01875
7 0.5140625 0.38671875 0.021875 0.025
4 0.05859375 0.84140625 0.1171875 0.2046875
4 0.34140625 0.83671875 0.084375 0.125
4 0.53359375 0.9234375 0.075 0.125
4 0.59609375 0.89453125 0.0765625 0.125
4 0.69609375 0.88828125 0.071875 0.13125
4 0.67578125 0.94453125 0.06875 0.103125
4 0.77421875 0.91328125 0.084375 0.128125
4 0.86171875 0.90625 0.090625 0.1390625
4 0.7515625 0.1859375 0.0890625 0.165625
4 0.6734375 0.33203125 0.075 0.115625
4 0.65859375 0.46640625 0.0765625 0.090625
4 0.25 0.36328125 0.065625 0.0890625
4 0.15390625 0.0875 0.0875 0.1015625
4 0.77421875 0.35234375 0.04375 0.0671875
4 0.74375 0.53359375 0.0265625 0.0375
4 0.959375 0.92578125 0.0796875 0.075
5 0.86328125 0.0359375 0.0359375 0.071875
5 0.65 0.1671875 0.0359375 0.05625
5 0.90625 0.47734375 0.1875 0.440625
5 0.94453125 0.78515625 0.0984375 0.1765625
5 0.09765625 0.3265625 0.1828125 0.2390625
5 0.28984375 0.63359375 0.1546875 0.284375
5 0.4359375 0.65859375 0.15 0.284375
5 0.59609375 0.6671875 0.159375 0.284375
5 0.78515625 0.69609375 0.215625 0.2703125
4 0.43359375 0.8609375 0.0875 0.090625
6 0.265625 0.20078125 0.0265625 0.05
6 0.2984375 0.228125 0.025 0.05
6 0.2453125 0.2703125 0.03125 0.0453125
6 0.59765625 0.18359375 0.025 0.03125
6 0.60078125 0.24765625 0.0265625 0.040625
6 0.64765625 0.07109375 0.0140625 0.034375
6 0.65390625 0.025 0.0171875 0.04375
6 0.98671875 0.07109375 0.021875 0.0625
12 0.0359375 0.0890625 0.071875 0.178125
6 0.40234375 0.46484375 0.053125 0.04375