4 0.83359375 0.95625 0.0984375 0.0875
4 0.38671875 0.97734375 0.0671875 0.0453125
4 0.89921875 0.8953125 0.028125 0.03125
4 0.9796875 0.553125 0.040625 0.1
4 0.94140625 0.55078125 0.0578125 0.08125
4 0.8921875 0.5375 0.0484375 0.071875
4 0.8453125 0.55078125 0.071875 0.090625
4 0.7640625 0.52890625 0.08125 0.1
4 0.69453125 0.50390625 0.075 0.1203125
4 0.5984375 0.5484375 0.0890625 0.0875
5 0.3796875 0.41796875 0.11875 0.153125
4 0.0890625 0.58671875 0.0796875 0.059375
4 0.23046875 0.5203125 0.0890625 0.165625
4 0.5046875 0.56015625 0.0875 0.1125
5 0.38125 0.271875 0.071875 0.1296875
5 0.384375 0.12734375 0.0875 0.13125
4 0.4109375 0.18046875 0.0265625 0.0484375
4 0.421875 0.3265625 0.025 0.034375
4 0.25234375 0.02265625 0.04375 0.0453125
4 0.30546875 0.7328125 0.053125 0.065625
5 0.2125 0.96875 0.1609375 0.0625
5 0.10234375 0.85078125 0.125 0.2984375
5 0.2828125 0.43984375 0.071875 0.11875
5 0.6359375 0.18359375 0.065625 0.115625
5 0.99140625 0.884375 0.0171875 0.13125
5 0.990625 0.70390625 0.01875 0.1515625
5 0.921875 0.7234375 0.1125 0.25
5 0.44453125 0.77421875 0.159375 0.3078125
5 0.571875 0.7984375 0.0875 0.2359375
5 0.5796875 0.6296875 0.103125 0.0875
5 0.7875 0.7296875 0.14375 0.25625
5 0.665625 0.740625 0.096875 0.309375
4 0.821875 0.88203125 0.0875 0.05625
6 0.51796875 0.94921875 0.034375 0.025
6 0.5515625 0.9359375 0.028125 0.01875
6 0.5484375 0.96484375 0.0265625 0.0265625
6 0.43984375 0.96171875 0.0265625 0.0265625
6 0.4625 0.9515625 0.025 0.028125
6 0.4515625 0.9828125 0.028125 0.01875
6 0.171875 0.86171875 0.0140625 0.021875
2 0.30546875 0.15234375 0.01875 0.059375
2 0.30390625 0.2171875 0.01875 0.059375
2 0.54921875 0.0171875 0.0125 0.034375
2 0.56953125 0.0140625 0.0140625 0.028125
2 0.6140625 0.0171875 0.0171875 0.034375
2 0.7125 0.015625 0.0171875 0.03125
10 0.671875 0.04296875 0.028125 0.084375
10 0.90625 0.05859375 0.0625 0.0796875
10 0.415625 0.046875 0.028125 0.090625
10 0.21640625 0.04453125 0.034375 0.0890625
4 0.2875 0.3265625 0.06875 0.1