1 0.521875 0.0421875 0.034375 0.084375
2 0.47734375 0.2875 0.0265625 0.0671875
2 0.41796875 0.47109375 0.0359375 0.0625
2 0.36640625 0.60546875 0.0359375 0.04375
2 0.19609375 0.60234375 0.040625 0.053125
1 0.26953125 0.8234375 0.084375 0.1625
12 0.884375 0.28828125 0.225 0.5765625
4 0.828125 0.0640625 0.10625 0.128125
5 0.6734375 0.14765625 0.121875 0.125
5 0.6265625 0.31640625 0.134375 0.184375
4 0.759375 0.8921875 0.1703125 0.209375
4 0.90390625 0.91484375 0.1390625 0.1703125
4 0.4578125 0.72109375 0.128125 0.14375
4 0.5203125 0.83671875 0.090625 0.2
4 0.55859375 0.92890625 0.1109375 0.1421875
4 0.434375 0.96953125 0.103125 0.0609375
4 0.390625 0.3578125 0.103125 0.059375
5 0.3859375 0.275 0.103125 0.090625
10 0.46640625 0.5609375 0.04375 0.065625
4 0.57578125 0.49296875 0.0765625 0.10625
6 0.6609375 0.69453125 0.221875 0.196875
6 0.9328125 0.63203125 0.1203125 0.1109375