9 0.2546875 0.4859375 0.0140625 0.0140625
9 0.1625 0.3078125 0.0125 0.0078125
9 0.35703125 0.08203125 0.0140625 0.0171875
9 0.365625 0.0328125 0.0125 0.0234375
9 0.428125 0.22578125 0.0140625 0.025
9 0.42421875 0.171875 0.0125 0.0140625
10 0.0875 0.57578125 0.0515625 0.075
10 0.82421875 0.71484375 0.04375 0.0484375
10 0.68046875 0.271875 0.0203125 0.0984375
10 0.58828125 0.0296875 0.0296875 0.059375
2 0.90859375 0.74609375 0.0390625 0.0703125
2 0.8859375 0.68359375 0.025 0.0390625
2 0.8296875 0.72734375 0.03125 0.071875
2 0.84140625 0.56640625 0.0296875 0.0484375
2 0.8171875 0.50859375 0.025 0.0453125
2 0.76796875 0.54296875 0.03125 0.05625
2 0.74609375 0.48671875 0.0265625 0.059375
2 0.79453125 0.4390625 0.025 0.04375
2 0.77421875 0.384375 0.021875 0.0390625
2 0.75625 0.3375 0.03125 0.0515625
2 0.6984375 0.3421875 0.0265625 0.0515625
2 0.73046875 0.26953125 0.0296875 0.0515625
2 0.6890625 0.16484375 0.025 0.04375
2 0.64296875 0.040625 0.0171875 0.04375
2 0.625 0.1359375 0.021875 0.04375
2 0.65390625 0.2234375 0.0203125 0.04375
2 0.70546875 0.2140625 0.021875 0.0578125
2 0.103125 0.696875 0.03125 0.05625
2 0.0671875 0.978125 0.0125 0.04375
2 0.05859375 0.9203125 0.0171875 0.075
2 0.04921875 0.81640625 0.0359375 0.0609375
2 0.03828125 0.7078125 0.034375 0.0671875
2 0.0171875 0.5515625 0.0265625 0.0578125
2 0.0625 0.5625 0.025 0.0390625
2 0.04453125 0.3953125 0.021875 0.0484375
2 0.01328125 0.1203125 0.025 0.0546875
4 0.0359375 0.07109375 0.071875 0.1421875
4 0.10234375 0.0453125 0.0890625 0.090625
4 0.2703125 0.0765625 0.05625 0.1421875
4 0.24609375 0.15390625 0.0359375 0.1203125
4 0.30390625 0.20546875 0.065625 0.103125
4 0.30625 0.296875 0.0484375 0.0609375
4 0.11796875 0.803125 0.075 0.0828125
4 0.10234375 0.6359375 0.0765625 0.084375
4 0.40390625 0.703125 0.0296875 0.103125
4 0.03984375 0.19140625 0.0609375 0.103125
4 0.6578125 0.3765625 0.0578125 0.0984375
5 0.87265625 0.90625 0.128125 0.1875
5 0.9515625 0.63671875 0.05625 0.146875
5 0.59140625 0.22734375 0.0625 0.1109375
5 0.5734375 0.12734375 0.075 0.1203125
5 0.53515625 0.0796875 0.0484375 0.1421875
5 0.7328125 0.93984375 0.146875 0.1203125
5 0.271875 0.79453125 0.134375 0.1875
5 0.4046875 0.58515625 0.1140625 0.1328125
5 0.34140625 0.453125 0.0953125 0.209375
4 0.28359375 0.36875 0.0609375 0.1109375
5 0.4171875 0.4578125 0.0578125 0.1375
5 0.2296875 0.61796875 0.15 0.1703125
5 0.1265625 0.4703125 0.115625 0.1296875
5 0.06875 0.321875 0.0890625 0.1171875
5 0.1140625 0.18125 0.0765625 0.1203125
3 0.21171875 0.04296875 0.0984375 0.0859375
3 0.17421875 0.1453125 0.0703125 0.128125
0 0.4265625 0.06015625 0.2140625 0.1203125
7 0.40859375 0.19140625 0.0203125 0.0171875
7 0.446875 0.165625 0.0203125 0.0265625
8 0.359375 0.9671875 0.0265625 0.034375