4 0.24140625 0.81875 0.0984375 0.1875
5 0.7484375 0.92890625 0.1390625 0.1421875
4 0.85234375 0.90703125 0.1046875 0.1859375
10 0.81953125 0.7046875 0.0484375 0.0515625
10 0.67890625 0.2671875 0.0234375 0.103125
10 0.5921875 0.021875 0.0171875 0.04375
4 0.11796875 0.8015625 0.0671875 0.1078125
10 0.08671875 0.5734375 0.0453125 0.0578125
4 0.13828125 0.94453125 0.09375 0.1109375
4 0.22578125 0.9578125 0.0921875 0.0796875
4 0.44140625 0.7703125 0.0703125 0.1109375
4 0.40390625 0.7015625 0.04375 0.0875
5 0.396875 0.58203125 0.1109375 0.134375
5 0.58984375 0.225 0.0796875 0.0984375
5 0.5890625 0.11796875 0.065625 0.1109375
5 0.54453125 0.0875 0.034375 0.159375
5 0.23046875 0.615625 0.1453125 0.146875
5 0.3015625 0.73828125 0.0703125 0.15
5 0.365625 0.4390625 0.1734375 0.1921875
4 0.27421875 0.07578125 0.0578125 0.15
4 0.3015625 0.203125 0.0546875 0.1078125
4 0.30390625 0.28515625 0.040625 0.071875
4 0.28828125 0.36328125 0.04375 0.1421875
4 0.03828125 0.17578125 0.0703125 0.096875
4 0.046875 0.06640625 0.09375 0.1328125
4 0.09609375 0.04453125 0.0890625 0.0890625
5 0.95703125 0.625 0.075 0.1375
4 0.6609375 0.36875 0.053125 0.115625
4 0.13828125 0.61328125 0.04375 0.1390625
5 0.06875 0.29921875 0.11875 0.1515625
5 0.109375 0.478125 0.0875 0.128125
5 0.6828125 0.0359375 0.0828125 0.071875
2 0.6390625 0.03828125 0.0265625 0.0296875
2 0.828125 0.71875 0.0296875 0.0609375
2 0.90859375 0.75 0.03125 0.084375
2 0.884375 0.67578125 0.0265625 0.0578125
2 0.84375 0.56953125 0.03125 0.065625
2 0.765625 0.5328125 0.0296875 0.059375
2 0.74296875 0.4734375 0.021875 0.0484375
2 0.81953125 0.50390625 0.0265625 0.0453125
2 0.790625 0.43125 0.03125 0.053125
2 0.7703125 0.37734375 0.028125 0.0625
2 0.7484375 0.33203125 0.0203125 0.0390625
2 0.7359375 0.27265625 0.0171875 0.0484375
2 0.70078125 0.3390625 0.025 0.0390625
2 0.6890625 0.16015625 0.025 0.0390625
2 0.62734375 0.12890625 0.025 0.0484375
2 0.10078125 0.69375 0.034375 0.0671875
2 0.0609375 0.55625 0.021875 0.0484375
2 0.0453125 0.39921875 0.0203125 0.0453125
2 0.0375 0.696875 0.0203125 0.075
2 0.046875 0.81640625 0.0140625 0.075
2 0.05859375 0.921875 0.0140625 0.065625
2 0.06875 0.978125 0.0171875 0.04375
2 0.015625 0.5421875 0.0171875 0.0703125
2 0.0109375 0.1109375 0.0203125 0.040625
4 0.10078125 0.63203125 0.0609375 0.0625
9 0.4265625 0.22109375 0.009375 0.0203125
9 0.36328125 0.02734375 0.0140625 0.0171875
9 0.35703125 0.0765625 0.0125 0.025
9 0.4234375 0.1703125 0.0140625 0.0125
7 0.446875 0.1609375 0.025 0.0171875
7 0.4078125 0.19140625 0.0125 0.021875
0 0.4328125 0.05390625 0.2078125 0.1078125
3 0.171875 0.15625 0.096875 0.0875
3 0.20546875 0.0578125 0.0828125 0.1078125
9 0.1609375 0.30390625 0.0125 0.0203125
9 0.25234375 0.478125 0.0125 0.0203125