5 0.89609375 0.86015625 0.2078125 0.1109375
5 0.91796875 0.73828125 0.1625 0.1515625
5 0.2328125 0.59375 0.115625 0.065625
5 0.115625 0.5828125 0.0875 0.0453125
5 0.0953125 0.5421875 0.134375 0.0484375
5 0.03515625 0.6890625 0.06875 0.08125
5 0.6359375 0.9546875 0.1203125 0.0671875
5 0.5875 0.3921875 0.146875 0.09375
5 0.43984375 0.3421875 0.2453125 0.125
5 0.48203125 0.4109375 0.125 0.065625
5 0.79921875 0.25390625 0.2125 0.1390625
5 0.615625 0.2296875 0.1875 0.15
5 0.4703125 0.12109375 0.121875 0.11875
5 0.328125 0.07578125 0.1203125 0.1
5 0.1859375 0.115625 0.096875 0.0765625
5 0.95625 0.13359375 0.0875 0.0921875
5 0.9640625 0.22109375 0.071875 0.0671875
5 0.61796875 0.1453125 0.11875 0.06875
4 0.79921875 0.11796875 0.0796875 0.06875
4 0.64296875 0.09375 0.084375 0.0625
4 0.19921875 0.0421875 0.0984375 0.0578125
4 0.0578125 0.04296875 0.115625 0.0859375
4 0.0515625 0.1109375 0.103125 0.090625
4 0.38125 0.6578125 0.103125 0.05
5 0.171875 0.7171875 0.103125 0.0359375
5 0.7453125 0.44375 0.0984375 0.0578125
9 0.23046875 0.4265625 0.034375 0.0125
9 0.178125 0.42421875 0.0125 0.00625
9 0.08671875 0.35703125 0.025 0.0125
9 0.0359375 0.365625 0.025 0.0140625
9 0.3078125 0.16328125 0.0171875 0.0125
9 0.4859375 0.2515625 0.025 0.0125
10 0.0359375 0.5921875 0.071875 0.025
10 0.2796875 0.68046875 0.071875 0.0359375
10 0.7140625 0.8265625 0.059375 0.034375
10 0.57578125 0.08984375 0.075 0.04375
2 0.55625 0.05859375 0.0484375 0.025
2 0.9265625 0.06015625 0.05 0.0265625
2 0.98671875 0.0671875 0.0265625 0.01875
2 0.82421875 0.0453125 0.065625 0.0265625
2 0.703125 0.1046875 0.0578125 0.034375
2 0.70546875 0.0359375 0.071875 0.0265625
2 0.54921875 0.01796875 0.065625 0.0265625
2 0.396875 0.04453125 0.0625 0.0140625
2 0.3265625 0.00390625 0.0359375 0.00625
2 0.125 0.0109375 0.0796875 0.01875
2 0.14296875 0.62890625 0.0484375 0.0296875
2 0.040625 0.64296875 0.0359375 0.025
2 0.234375 0.6578125 0.0578125 0.025
2 0.16953125 0.6890625 0.0375 0.0265625
2 0.2140625 0.709375 0.05 0.021875
2 0.271875 0.7328125 0.0453125 0.028125
2 0.3453125 0.69921875 0.0453125 0.025
2 0.47578125 0.7453125 0.059375 0.0265625
2 0.53828125 0.7609375 0.0453125 0.01875
2 0.3328125 0.75234375 0.040625 0.0265625
2 0.390625 0.7765625 0.059375 0.021875
2 0.4375 0.796875 0.05 0.0359375
2 0.51171875 0.81875 0.04375 0.0265625
2 0.57109375 0.8453125 0.05625 0.03125
2 0.67890625 0.88359375 0.0359375 0.03125
2 0.75 0.9109375 0.059375 0.0390625
3 0.0609375 0.22265625 0.1203125 0.10625
3 0.1609375 0.18984375 0.159375 0.1125
4 0.28125 0.3015625 0.065625 0.05
5 0.3796875 0.28984375 0.115625 0.075
5 0.0953125 0.2796875 0.125 0.065625
5 0.16328125 0.25625 0.1296875 0.0359375
5 0.2328125 0.3171875 0.103125 0.0671875
0 0.08046875 0.4359375 0.15 0.240625