2 0.83046875 0.725 0.028125 0.053125
2 0.9109375 0.75859375 0.0359375 0.071875
2 0.8859375 0.6875 0.03125 0.05
2 0.84609375 0.57578125 0.0359375 0.053125
2 0.81953125 0.50859375 0.03125 0.05
2 0.765625 0.5421875 0.025 0.0578125
2 0.74296875 0.484375 0.025 0.0453125
2 0.79296875 0.44453125 0.03125 0.05
2 0.7703125 0.3890625 0.025 0.0375
2 0.75234375 0.33515625 0.025 0.040625
2 0.6984375 0.34765625 0.025 0.05
2 0.7296875 0.27421875 0.025 0.0453125
2 0.7078125 0.22265625 0.0265625 0.03125
2 0.69140625 0.1734375 0.025 0.040625
2 0.65859375 0.2328125 0.021875 0.0375
2 0.625 0.146875 0.025 0.0375
2 0.64296875 0.04453125 0.0171875 0.05
2 0.57578125 0.0109375 0.021875 0.021875
2 0.0609375 0.93359375 0.025 0.0453125
2 0.046875 0.82421875 0.025 0.059375
2 0.0375 0.709375 0.028125 0.05625
2 0.10078125 0.7046875 0.028125 0.059375
2 0.0171875 0.54921875 0.0265625 0.0578125
2 0.0609375 0.55859375 0.021875 0.04375
2 0.04296875 0.4015625 0.01875 0.053125
2 0.00234375 0.3328125 0.0046875 0.0359375
2 0.0109375 0.1109375 0.021875 0.05
2 0.06640625 0.98671875 0.0171875 0.0265625
10 0.82578125 0.7140625 0.05 0.059375
10 0.68046875 0.2765625 0.021875 0.09375
10 0.59140625 0.04921875 0.0125 0.0984375
10 0.08515625 0.584375 0.065625 0.06875
4 0.0984375 0.640625 0.065625 0.09375
4 0.11640625 0.81015625 0.0671875 0.09375
4 0.03984375 0.19609375 0.0625 0.1
4 0.0453125 0.065625 0.090625 0.13125
4 0.1078125 0.05546875 0.09375 0.1109375
4 0.3078125 0.2125 0.059375 0.09375
4 0.3140625 0.2875 0.0578125 0.08125
5 0.87265625 0.90390625 0.11875 0.1921875
5 0.734375 0.91796875 0.146875 0.1625
5 0.95703125 0.64453125 0.0578125 0.175
5 0.6 0.2390625 0.0796875 0.1203125
5 0.67890625 0.046875 0.09375 0.09375
5 0.58671875 0.11875 0.065625 0.1203125
5 0.53984375 0.0890625 0.05 0.1375
5 0.39296875 0.5984375 0.096875 0.15
5 0.34140625 0.4359375 0.115625 0.253125
5 0.25 0.8125 0.11875 0.246875
5 0.2296875 0.603125 0.15625 0.1875
5 0.07109375 0.31484375 0.11875 0.115625
5 0.1265625 0.47578125 0.11875 0.1078125
5 0.11640625 0.18984375 0.075 0.0984375
5 0.1421875 0.95390625 0.084375 0.0921875
9 0.428125 0.23203125 0.0140625 0.03125
9 0.42578125 0.17890625 0.0125 0.0171875
9 0.35703125 0.0875 0.0140625 0.0265625
9 0.365625 0.040625 0.0140625 0.021875
0 0.4328125 0.078125 0.2140625 0.1390625
7 0.446875 0.1734375 0.01875 0.01875
7 0.41015625 0.19609375 0.01875 0.021875
8 0.35703125 0.97578125 0.034375 0.040625
9 0.25234375 0.48828125 0.0140625 0.01875
9 0.16328125 0.3125 0.0140625 0.0171875