9 0.7453125 0.4859375 0.0140625 0.0140625
9 0.8375 0.3078125 0.0125 0.00625
9 0.64296875 0.08203125 0.0140625 0.0171875
9 0.634375 0.0328125 0.0125 0.025
9 0.571875 0.22578125 0.0140625 0.025
9 0.57578125 0.171875 0.0125 0.0140625
10 0.9125 0.57578125 0.05 0.075
10 0.17578125 0.71484375 0.04375 0.0484375
10 0.31953125 0.271875 0.0203125 0.0984375
10 0.41171875 0.0296875 0.0296875 0.059375
2 0.09140625 0.74609375 0.0390625 0.06875
2 0.1140625 0.68359375 0.025 0.0375
2 0.1703125 0.72734375 0.03125 0.071875
2 0.15859375 0.56640625 0.028125 0.0484375
2 0.1828125 0.50859375 0.025 0.0453125
2 0.23203125 0.54296875 0.03125 0.05625
2 0.25390625 0.48671875 0.0265625 0.059375
2 0.20546875 0.4390625 0.025 0.04375
2 0.22578125 0.384375 0.021875 0.0375
2 0.24375 0.3375 0.03125 0.05
2 0.3015625 0.3421875 0.0265625 0.05
2 0.26953125 0.26953125 0.028125 0.05
2 0.3109375 0.16484375 0.025 0.04375
2 0.35703125 0.040625 0.0171875 0.04375
2 0.375 0.1359375 0.021875 0.04375
2 0.34609375 0.2234375 0.01875 0.04375
2 0.29453125 0.2140625 0.021875 0.0578125
2 0.896875 0.696875 0.03125 0.05625
2 0.9328125 0.978125 0.0125 0.04375
2 0.94140625 0.9203125 0.0171875 0.075
2 0.95078125 0.81640625 0.0359375 0.0609375
2 0.96171875 0.7078125 0.034375 0.0671875
2 0.9828125 0.5515625 0.0265625 0.0578125
2 0.9375 0.5625 0.025 0.0375
2 0.95546875 0.3953125 0.021875 0.0484375
2 0.98671875 0.1203125 0.025 0.05625
4 0.9640625 0.07109375 0.071875 0.1421875
4 0.89765625 0.0453125 0.0890625 0.090625
4 0.7296875 0.0765625 0.05625 0.1421875
4 0.75390625 0.15390625 0.0359375 0.1203125
4 0.69609375 0.20546875 0.065625 0.103125
4 0.69375 0.296875 0.0484375 0.059375
4 0.88203125 0.803125 0.075 0.0828125
4 0.89765625 0.6359375 0.0765625 0.084375
4 0.59609375 0.703125 0.028125 0.103125
4 0.96015625 0.19140625 0.059375 0.103125
4 0.3421875 0.3765625 0.0578125 0.0984375
5 0.12734375 0.90625 0.128125 0.1875
5 0.0484375 0.63671875 0.05625 0.146875
5 0.40859375 0.22734375 0.0625 0.1109375
5 0.4265625 0.12734375 0.075 0.1203125
5 0.46484375 0.0796875 0.0484375 0.1421875
5 0.2671875 0.93984375 0.146875 0.1203125
5 0.728125 0.79453125 0.134375 0.1875
5 0.5953125 0.58515625 0.1125 0.13125
5 0.65859375 0.453125 0.096875 0.209375
4 0.71640625 0.36875 0.059375 0.1109375
5 0.5828125 0.4578125 0.0578125 0.1375
5 0.7703125 0.61796875 0.15 0.1703125
5 0.8734375 0.4703125 0.115625 0.1296875
5 0.93125 0.321875 0.0890625 0.11875
5 0.8859375 0.18125 0.0765625 0.1203125
3 0.78828125 0.04296875 0.0984375 0.0859375
3 0.82578125 0.1453125 0.0703125 0.128125
0 0.5734375 0.06015625 0.2140625 0.1203125
7 0.59140625 0.19140625 0.01875 0.0171875
7 0.553125 0.165625 0.01875 0.0265625
8 0.640625 0.9671875 0.0265625 0.034375