4 0.75859375 0.81875 0.0984375 0.1875
5 0.2515625 0.92890625 0.1390625 0.1421875
4 0.14765625 0.90703125 0.1046875 0.1859375
10 0.18046875 0.7046875 0.0484375 0.05
10 0.32109375 0.2671875 0.025 0.103125
10 0.4078125 0.021875 0.0171875 0.04375
4 0.88203125 0.8015625 0.0671875 0.1078125
10 0.91328125 0.5734375 0.0453125 0.0578125
4 0.86171875 0.94453125 0.09375 0.1109375
4 0.77421875 0.9578125 0.090625 0.0796875
4 0.55859375 0.7703125 0.06875 0.1109375
4 0.59609375 0.7015625 0.04375 0.0875
5 0.603125 0.58203125 0.1109375 0.134375
5 0.41015625 0.225 0.0796875 0.0984375
5 0.4109375 0.11796875 0.065625 0.1109375
5 0.45546875 0.0875 0.034375 0.159375
5 0.76953125 0.615625 0.14375 0.146875
5 0.6984375 0.73828125 0.06875 0.15
5 0.634375 0.4390625 0.1734375 0.1921875
4 0.72578125 0.07578125 0.0578125 0.15
4 0.6984375 0.203125 0.05625 0.1078125
4 0.69609375 0.28515625 0.040625 0.071875
4 0.71171875 0.36328125 0.04375 0.1421875
4 0.96171875 0.17578125 0.06875 0.096875
4 0.953125 0.06640625 0.09375 0.13125
4 0.90390625 0.04453125 0.0890625 0.0890625
5 0.04296875 0.625 0.075 0.1375
4 0.3390625 0.36875 0.053125 0.115625
4 0.86171875 0.61328125 0.04375 0.1390625
5 0.93125 0.29921875 0.11875 0.1515625
5 0.890625 0.478125 0.0875 0.128125
5 0.3171875 0.0359375 0.08125 0.071875
2 0.3609375 0.03828125 0.0265625 0.028125
2 0.171875 0.71875 0.028125 0.059375
2 0.09140625 0.75 0.03125 0.084375
2 0.115625 0.67578125 0.0265625 0.0578125
2 0.15625 0.56953125 0.03125 0.065625
2 0.234375 0.5328125 0.028125 0.059375
2 0.25703125 0.4734375 0.021875 0.0484375
2 0.18046875 0.50390625 0.0265625 0.0453125
2 0.209375 0.43125 0.03125 0.053125
2 0.2296875 0.37734375 0.028125 0.0625
2 0.2515625 0.33203125 0.01875 0.0375
2 0.2640625 0.27265625 0.0171875 0.0484375
2 0.29921875 0.3390625 0.025 0.0375
2 0.3109375 0.16015625 0.025 0.0375
2 0.37265625 0.12890625 0.025 0.0484375
2 0.89921875 0.69375 0.034375 0.0671875
2 0.9390625 0.55625 0.021875 0.0484375
2 0.9546875 0.39921875 0.01875 0.0453125
2 0.9625 0.696875 0.01875 0.075
2 0.953125 0.81640625 0.0140625 0.075
2 0.94140625 0.921875 0.0140625 0.065625
2 0.93125 0.978125 0.0171875 0.04375
2 0.984375 0.5421875 0.0171875 0.06875
2 0.9890625 0.1109375 0.01875 0.040625
4 0.89921875 0.63203125 0.059375 0.0625
9 0.5734375 0.22109375 0.009375 0.01875
9 0.63671875 0.02734375 0.0140625 0.0171875
9 0.64296875 0.0765625 0.0125 0.025
9 0.5765625 0.1703125 0.0140625 0.0125
7 0.553125 0.1609375 0.025 0.0171875
7 0.5921875 0.19140625 0.0125 0.021875
0 0.5671875 0.05390625 0.20625 0.1078125
3 0.828125 0.15625 0.096875 0.0875
3 0.79453125 0.0578125 0.08125 0.1078125
9 0.8390625 0.30390625 0.0125 0.01875
9 0.74765625 0.478125 0.0125 0.01875