2 0.275 0.83046875 0.053125 0.028125
2 0.24140625 0.9109375 0.071875 0.0359375
2 0.3125 0.8859375 0.05 0.03125
2 0.42421875 0.84609375 0.053125 0.0359375
2 0.49140625 0.81953125 0.05 0.03125
2 0.4578125 0.765625 0.0578125 0.025
2 0.515625 0.74296875 0.0453125 0.025
2 0.55546875 0.79296875 0.05 0.03125
2 0.6109375 0.7703125 0.0375 0.025
2 0.66484375 0.75234375 0.040625 0.025
2 0.65234375 0.6984375 0.05 0.025
2 0.72578125 0.7296875 0.0453125 0.025
2 0.77734375 0.7078125 0.03125 0.0265625
2 0.8265625 0.69140625 0.040625 0.025
2 0.7671875 0.65859375 0.0375 0.021875
2 0.853125 0.625 0.0375 0.025
2 0.95546875 0.64296875 0.05 0.0171875
2 0.9890625 0.57578125 0.021875 0.021875
2 0.06640625 0.0609375 0.0453125 0.025
2 0.17578125 0.046875 0.059375 0.025
2 0.290625 0.0375 0.05625 0.028125
2 0.2953125 0.10078125 0.059375 0.028125
2 0.45078125 0.0171875 0.0578125 0.0265625
2 0.44140625 0.0609375 0.04375 0.021875
2 0.5984375 0.04296875 0.053125 0.01875
2 0.6671875 0.00234375 0.0359375 0.0046875
2 0.8890625 0.0109375 0.05 0.021875
2 0.01328125 0.06640625 0.0265625 0.0171875
10 0.2859375 0.82578125 0.059375 0.05
10 0.7234375 0.68046875 0.09375 0.021875
10 0.95078125 0.59140625 0.0984375 0.0125
10 0.415625 0.08515625 0.06875 0.065625
4 0.359375 0.0984375 0.09375 0.065625
4 0.18984375 0.11640625 0.09375 0.0671875
4 0.80390625 0.03984375 0.1 0.0625
4 0.934375 0.0453125 0.13125 0.090625
4 0.94453125 0.1078125 0.1109375 0.09375
4 0.7875 0.3078125 0.09375 0.059375
4 0.7125 0.3140625 0.08125 0.0578125
5 0.09609375 0.87265625 0.1921875 0.11875
5 0.08203125 0.734375 0.1625 0.146875
5 0.35546875 0.95703125 0.175 0.0578125
5 0.7609375 0.6 0.1203125 0.0796875
5 0.953125 0.67890625 0.09375 0.09375
5 0.88125 0.58671875 0.1203125 0.065625
5 0.9109375 0.53984375 0.1375 0.05
5 0.4015625 0.39296875 0.15 0.096875
5 0.5640625 0.34140625 0.253125 0.115625
5 0.1875 0.25 0.246875 0.11875
5 0.396875 0.2296875 0.1875 0.15625
5 0.68515625 0.07109375 0.115625 0.11875
5 0.52421875 0.1265625 0.1078125 0.11875
5 0.81015625 0.11640625 0.0984375 0.075
5 0.04609375 0.1421875 0.0921875 0.084375
9 0.76796875 0.428125 0.03125 0.0140625
9 0.82109375 0.42578125 0.0171875 0.0125
9 0.9125 0.35703125 0.0265625 0.0140625
9 0.959375 0.365625 0.021875 0.0140625
0 0.921875 0.4328125 0.1390625 0.2140625
7 0.8265625 0.446875 0.01875 0.01875
7 0.80390625 0.41015625 0.021875 0.01875
8 0.02421875 0.35703125 0.040625 0.034375
9 0.51171875 0.25234375 0.01875 0.0140625
9 0.6875 0.16328125 0.0171875 0.0140625