4 0.18125 0.75859375 0.1875 0.0984375
5 0.07109375 0.2515625 0.1421875 0.1390625
4 0.09296875 0.14765625 0.1859375 0.1046875
10 0.2953125 0.18046875 0.05 0.0484375
10 0.7328125 0.32109375 0.103125 0.025
10 0.978125 0.4078125 0.04375 0.0171875
4 0.1984375 0.88203125 0.1078125 0.0671875
10 0.4265625 0.91328125 0.0578125 0.0453125
4 0.05546875 0.86171875 0.1109375 0.09375
4 0.0421875 0.77421875 0.0796875 0.090625
4 0.2296875 0.55859375 0.1109375 0.06875
4 0.2984375 0.59609375 0.0875 0.04375
5 0.41796875 0.603125 0.134375 0.1109375
5 0.775 0.41015625 0.0984375 0.0796875
5 0.88203125 0.4109375 0.1109375 0.065625
5 0.9125 0.45546875 0.159375 0.034375
5 0.384375 0.76953125 0.146875 0.1453125
5 0.26171875 0.6984375 0.15 0.06875
5 0.5609375 0.634375 0.1921875 0.1734375
4 0.92421875 0.72578125 0.15 0.0578125
4 0.796875 0.6984375 0.1078125 0.05625
4 0.71484375 0.69609375 0.071875 0.040625
4 0.63671875 0.71171875 0.1421875 0.04375
4 0.82421875 0.96171875 0.096875 0.06875
4 0.93359375 0.953125 0.13125 0.09375
4 0.95546875 0.90390625 0.0890625 0.0890625
5 0.375 0.04296875 0.1375 0.075
4 0.63125 0.3390625 0.115625 0.053125
4 0.38671875 0.86171875 0.1390625 0.04375
5 0.70078125 0.93125 0.1515625 0.11875
5 0.521875 0.890625 0.128125 0.0875
5 0.9640625 0.3171875 0.071875 0.08125
2 0.96171875 0.3609375 0.028125 0.0265625
2 0.28125 0.171875 0.059375 0.028125
2 0.25 0.09140625 0.084375 0.03125
2 0.32421875 0.115625 0.0578125 0.0265625
2 0.43046875 0.15625 0.065625 0.03125
2 0.4671875 0.234375 0.059375 0.028125
2 0.5265625 0.25703125 0.0484375 0.021875
2 0.49609375 0.18046875 0.0453125 0.0265625
2 0.56875 0.209375 0.053125 0.03125
2 0.62265625 0.2296875 0.0625 0.028125
2 0.66796875 0.2515625 0.0375 0.01875
2 0.72734375 0.2640625 0.0484375 0.0171875
2 0.6609375 0.29921875 0.0375 0.025
2 0.83984375 0.3109375 0.0375 0.025
2 0.87109375 0.37265625 0.0484375 0.025
2 0.30625 0.89921875 0.0671875 0.034375
2 0.44375 0.9390625 0.0484375 0.021875
2 0.60078125 0.9546875 0.0453125 0.0203125
2 0.303125 0.9625 0.075 0.0203125
2 0.18359375 0.953125 0.075 0.0140625
2 0.078125 0.94140625 0.065625 0.0140625
2 0.021875 0.93125 0.04375 0.0171875
2 0.4578125 0.984375 0.06875 0.0171875
2 0.8890625 0.9890625 0.040625 0.0203125
4 0.36796875 0.89921875 0.0625 0.0609375
9 0.77890625 0.5734375 0.01875 0.009375
9 0.97265625 0.63671875 0.0171875 0.0140625
9 0.9234375 0.64296875 0.025 0.0125
9 0.8296875 0.5765625 0.0125 0.0140625
7 0.8390625 0.553125 0.0171875 0.025
7 0.80859375 0.5921875 0.021875 0.0125
0 0.94609375 0.5671875 0.1078125 0.20625
3 0.84375 0.828125 0.0875 0.096875
3 0.9421875 0.79453125 0.1078125 0.0828125
9 0.69609375 0.8390625 0.01875 0.0125
9 0.521875 0.74765625 0.01875 0.0125