0 0.1046875 0.63203125 0.0875 0.0796875
0 0.93984375 0.90625 0.1 0.090625
0 0.209375 0.29765625 0.103125 0.0734375
0 0.41015625 0.60546875 0.071875 0.0734375
0 0.1265625 0.0796875 0.0875 0.0625
0 0.596875 0.41015625 0.0609375 0.06875
0 0.1140625 0.5078125 0.1109375 0.1
0 0.3515625 0.61015625 0.0578125 0.0578125
0 0.80546875 0.778125 0.0953125 0.1078125
0 0.59375 0.765625 0.0921875 0.09375
0 0.2703125 0.50390625 0.06875 0.0546875
0 0.3234375 0.06875 0.109375 0.1375
0 0.73203125 0.790625 0.0796875 0.1046875
0 0.37265625 0.89296875 0.0515625 0.090625
0 0.628125 0.521875 0.096875 0.115625
0 0.12265625 0.89296875 0.1640625 0.13125
0 0.18671875 0.5875 0.09375 0.1296875
0 0.94609375 0.58984375 0.0734375 0.0765625
0 0.4453125 0.21171875 0.0921875 0.1
0 0.315625 0.8984375 0.06875 0.0828125
0 0.5671875 0.07421875 0.0578125 0.0671875
0 0.48046875 0.571875 0.0875 0.1015625
0 0.53671875 0.034375 0.0671875 0.06875
0 0.44609375 0.2859375 0.1078125 0.0796875
0 0.09921875 0.20546875 0.0859375 0.071875
0 0.49140625 0.91015625 0.0609375 0.0734375
0 0.8375 0.71484375 0.0703125 0.06875
0 0.6890625 0.95546875 0.140625 0.0875
0 0.4859375 0.14765625 0.059375 0.096875
0 0.38515625 0.040625 0.0828125 0.08125
0 0.328125 0.490625 0.059375 0.05
0 0.2890625 0.4234375 0.09375 0.115625
0 0.85078125 0.45859375 0.0890625 0.0671875
0 0.59296875 0.8921875 0.0734375 0.0828125
0 0.66796875 0.58828125 0.1015625 0.0875
0 0.05 0.0453125 0.0796875 0.090625
0 0.5390625 0.425 0.1203125 0.1140625
0 0.76796875 0.215625 0.1578125 0.1703125
0 0.6421875 0.83984375 0.059375 0.0625
0 0.6453125 0.72265625 0.08125 0.0859375
0 0.8234375 0.5640625 0.06875 0.05
0 0.784375 0.4984375 0.0875 0.0828125
0 0.5265625 0.8734375 0.090625 0.0921875
0 0.8484375 0.9359375 0.0640625 0.0828125
0 0.546875 0.175 0.1 0.1171875
0 0.3421875 0.28515625 0.0921875 0.1015625
0 0.546875 0.9359375 0.096875 0.0828125
0 0.79609375 0.33828125 0.1109375 0.103125
0 0.109375 0.571875 0.0796875 0.065625
0 0.446875 0.665625 0.103125 0.1015625
0 0.21875 0.49375 0.0671875 0.05625
0 0.28828125 0.21796875 0.0671875 0.065625
0 0.44140625 0.95078125 0.0640625 0.08125
0 0.84609375 0.64921875 0.090625 0.0875
0 0.77421875 0.684375 0.1 0.0984375
0 0.2609375 0.11953125 0.084375 0.0875
0 0.9125 0.79296875 0.09375 0.075
0 0.46640625 0.4765625 0.046875 0.046875
0 0.6640625 0.78125 0.078125 0.0703125
0 0.31875 0.81484375 0.1578125 0.1390625
0 0.9046875 0.71484375 0.0953125 0.0984375
0 0.3359375 0.95390625 0.0640625 0.0921875
0 0.46484375 0.43046875 0.0921875 0.0734375
0 0.19453125 0.76640625 0.0921875 0.084375
0 0.8625 0.06640625 0.1703125 0.1328125
0 0.953125 0.265625 0.0765625 0.0703125
0 0.84765625 0.52890625 0.0796875 0.0625
0 0.44140625 0.36953125 0.078125 0.1
0 0.13515625 0.4359375 0.0953125 0.06875
0 0.2953125 0.934375 0.0734375 0.0640625
0 0.24375 0.88203125 0.0890625 0.1078125
0 0.0921875 0.853125 0.0796875 0.0703125
0 0.43125 0.065625 0.084375 0.1046875
0 0.1109375 0.784375 0.1 0.0984375
0 0.521875 0.334375 0.0734375 0.0703125
0 0.9078125 0.41640625 0.0703125 0.078125
0 0.2765625 0.5484375 0.1125 0.0953125
0 0.65859375 0.915625 0.0953125 0.0859375
0 0.66953125 0.1125 0.146875 0.1515625
0 0.79921875 0.9265625 0.0640625 0.06875
0 0.3796875 0.4546875 0.090625 0.103125
0 0.21796875 0.4015625 0.0765625 0.075
0 0.16328125 0.359375 0.090625 0.071875
0 0.90390625 0.2140625 0.1359375 0.16875
0 0.08515625 0.2703125 0.05625 0.05625
0 0.2640625 0.9546875 0.053125 0.065625
0 0.1875 0.04453125 0.125 0.0890625
0 0.090625 0.3328125 0.0765625 0.0890625
0 0.77109375 0.0875 0.0765625 0.0828125
0 0.6015625 0.2859375 0.11875 0.1546875
0 0.9453125 0.471875 0.0765625 0.071875
0 0.1484375 0.6953125 0.084375 0.0765625
0 0.41484375 0.87265625 0.078125 0.0875
0 0.2265625 0.24765625 0.084375 0.0734375
0 0.4171875 0.1546875 0.0859375 0.0796875
0 0.5578125 0.57265625 0.084375 0.103125
0 0.7484375 0.875 0.1109375 0.1078125
0 0.9296875 0.52578125 0.0859375 0.0609375
0 0.6171875 0.1625 0.09375 0.1234375
0 0.7109375 0.521875 0.084375 0.075
0 0.34609375 0.6953125 0.1390625 0.153125
0 0.8046875 0.61484375 0.0640625 0.078125
0 0.5765625 0.825 0.0953125 0.0796875
0 0.33203125 0.178125 0.090625 0.0953125
0 0.665625 0.24375 0.075 0.08125
0 0.7484375 0.59921875 0.0828125 0.1125
0 0.540625 0.259375 0.0921875 0.090625
0 0.28203125 0.32421875 0.0765625 0.0796875
0 0.7140625 0.31953125 0.075 0.078125
0 0.24296875 0.653125 0.0953125 0.0890625
0 0.35546875 0.371875 0.08125 0.09375
0 0.9125 0.62109375 0.0984375 0.10625