0 0.7625 0.5359375 0.1203125 0.1015625
0 0.43203125 0.696875 0.103125 0.125
0 0.678125 0.2421875 0.0984375 0.0953125
0 0.16796875 0.7 0.0734375 0.096875
0 0.78203125 0.89765625 0.0859375 0.0890625
0 0.7390625 0.396875 0.0671875 0.0921875
0 0.2828125 0.81953125 0.071875 0.075
0 0.771875 0.29296875 0.0640625 0.0859375
0 0.384375 0.6078125 0.0796875 0.08125
0 0.85078125 0.65625 0.0640625 0.0609375
0 0.71796875 0.05078125 0.08125 0.0828125
0 0.6234375 0.34375 0.0484375 0.0859375
0 0.38515625 0.14140625 0.1078125 0.103125
0 0.26640625 0.17109375 0.0734375 0.115625
0 0.475 0.41796875 0.0765625 0.0953125
0 0.303125 0.69140625 0.05625 0.090625
0 0.11015625 0.15703125 0.0921875 0.0984375
0 0.63046875 0.1734375 0.1203125 0.1171875
0 0.36875 0.2359375 0.0859375 0.125
0 0.71796875 0.67734375 0.0515625 0.0546875
0 0.21796875 0.071875 0.1015625 0.0953125
0 0.61171875 0.55234375 0.090625 0.1015625
0 0.25625 0.584375 0.071875 0.0609375
0 0.23515625 0.9015625 0.0640625 0.08125
0 0.6453125 0.6578125 0.053125 0.0453125