0 0.2515625 0.24609375 0.128125 0.0984375
0 0.884375 0.41015625 0.1453125 0.11875
0 0.55703125 0.92421875 0.128125 0.1125
0 0.93984375 0.51015625 0.115625 0.1484375
0 0.50234375 0.26640625 0.1390625 0.125
0 0.728125 0.42890625 0.1515625 0.125
0 0.7421875 0.16953125 0.05625 0.0609375
0 0.478125 0.753125 0.1109375 0.0640625
0 0.0515625 0.31875 0.103125 0.1328125
0 0.93125 0.66953125 0.109375 0.1046875
0 0.43828125 0.1375 0.140625 0.1296875
0 0.7734375 0.9171875 0.1171875 0.06875
0 0.24375 0.9328125 0.171875 0.13125
0 0.278125 0.44453125 0.0796875 0.10625
0 0.85078125 0.6828125 0.08125 0.08125
0 0.553125 0.06015625 0.1453125 0.1203125
0 0.275 0.78515625 0.096875 0.1171875
0 0.61328125 0.21015625 0.109375 0.1
0 0.390625 0.6890625 0.065625 0.071875
0 0.51171875 0.6671875 0.103125 0.10625
0 0.61640625 0.7140625 0.14375 0.1671875
0 0.8171875 0.53984375 0.1828125 0.1453125
0 0.125 0.078125 0.1484375 0.13125
0 0.36171875 0.28125 0.1015625 0.10625
0 0.16640625 0.3453125 0.115625 0.1375
0 0.315625 0.1609375 0.19375 0.1609375
0 0.2140625 0.16484375 0.0546875 0.06875
0 0.92578125 0.04375 0.1265625 0.0875
0 0.35546875 0.74375 0.0640625 0.075
0 0.43984375 0.609375 0.0921875 0.0859375
0 0.525 0.396875 0.1078125 0.13125
0 0.01875 0.6 0.0375 0.065625
0 0.53984375 0.82265625 0.121875 0.1109375
0 0.90390625 0.16015625 0.1484375 0.1546875
0 0.7359375 0.82109375 0.1421875 0.1265625
0 0.7234375 0.07265625 0.1265625 0.1015625
0 0.878125 0.8578125 0.1234375 0.1015625
0 0.44453125 0.32578125 0.1015625 0.103125
0 0.9171875 0.934375 0.1625 0.1265625
0 0.1078125 0.20546875 0.1234375 0.1375
0 0.7375 0.675 0.134375 0.18125
0 0.30625 0.59765625 0.15625 0.171875
0 0.115625 0.965625 0.0875 0.065625
0 0.7359375 0.28203125 0.1328125 0.1578125
0 0.25859375 0.33671875 0.0953125 0.0921875
0 0.41328125 0.8453125 0.1453125 0.1796875
0 0.5484375 0.15703125 0.0734375 0.0734375
0 0.821875 0.75390625 0.1140625 0.096875
0 0.184375 0.784375 0.1015625 0.1265625
0 0.05078125 0.85546875 0.0953125 0.1578125
0 0.06328125 0.4609375 0.1265625 0.1203125
0 0.92578125 0.29921875 0.11875 0.09375
0 0.52109375 0.5734375 0.078125 0.0890625
0 0.6140625 0.53515625 0.0859375 0.0953125
0 0.18671875 0.6296875 0.146875 0.134375
0 0.3734375 0.434375 0.1328125 0.1546875
0 0.08515625 0.60234375 0.0828125 0.115625
0 0.64609375 0.35234375 0.1 0.128125