0 0.1234375 0.8 0.0671875 0.065625
0 0.64765625 0.67109375 0.0625 0.0828125
0 0.540625 0.18828125 0.0765625 0.0796875
0 0.93203125 0.78671875 0.0703125 0.06875
0 0.47421875 0.91796875 0.1109375 0.1203125
0 0.71484375 0.3109375 0.1046875 0.09375
0 0.2265625 0.296875 0.065625 0.0578125
0 0.715625 0.14453125 0.075 0.0625
0 0.4546875 0.4453125 0.05 0.0578125
0 0.5203125 0.5765625 0.0609375 0.0609375
0 0.20546875 0.325 0.08125 0.059375
0 0.384375 0.24375 0.0359375 0.046875
0 0.18046875 0.49296875 0.059375 0.0625
0 0.33359375 0.1453125 0.0828125 0.090625
0 0.72578125 0.60703125 0.0828125 0.0703125
0 0.4359375 0.109375 0.06875 0.05625
0 0.7890625 0.42890625 0.0875 0.06875
0 0.8375 0.2171875 0.06875 0.0734375
0 0.265625 0.82578125 0.0875 0.0953125
0 0.43359375 0.540625 0.0640625 0.0703125
0 0.04453125 0.46875 0.0796875 0.06875
0 0.803125 0.7078125 0.08125 0.084375
0 0.64375 0.25078125 0.075 0.0890625
0 0.43828125 0.35234375 0.0578125 0.0609375
0 0.23828125 0.7875 0.0859375 0.103125
0 0.1453125 0.11484375 0.0671875 0.05625
0 0.284375 0.0484375 0.06875 0.0796875
0 0.475 0.8234375 0.0734375 0.109375
0 0.55390625 0.93515625 0.078125 0.103125
0 0.08359375 0.24375 0.071875 0.0671875
0 0.44609375 0.165625 0.1390625 0.1203125
0 0.640625 0.396875 0.0875 0.084375
0 0.28125 0.33984375 0.078125 0.08125
0 0.92578125 0.4078125 0.071875 0.04375
0 0.653125 0.12109375 0.0578125 0.075
0 0.6390625 0.3265625 0.059375 0.0625
0 0.18203125 0.2171875 0.0625 0.0921875
0 0.92265625 0.91640625 0.153125 0.1515625
0 0.1671875 0.37578125 0.06875 0.0625
0 0.865625 0.71640625 0.0703125 0.065625
0 0.3234375 0.69453125 0.0765625 0.0796875
0 0.93125 0.21015625 0.134375 0.153125
0 0.56640625 0.81796875 0.0671875 0.084375
0 0.51171875 0.7140625 0.0625 0.0765625
0 0.32265625 0.09609375 0.0515625 0.0515625
0 0.096875 0.921875 0.11875 0.128125
0 0.47734375 0.678125 0.06875 0.075
0 0.2515625 0.7015625 0.109375 0.1203125
0 0.24765625 0.125 0.0890625 0.075
0 0.9484375 0.5140625 0.0796875 0.0765625
0 0.32109375 0.83125 0.0625 0.0859375
0 0.44140625 0.721875 0.0765625 0.0765625
0 0.21484375 0.434375 0.103125 0.078125
0 0.559375 0.6859375 0.071875 0.0796875
0 0.18203125 0.62734375 0.078125 0.096875
0 0.59375 0.7203125 0.065625 0.0765625
0 0.49296875 0.6 0.0609375 0.071875
0 0.06796875 0.196875 0.1140625 0.0859375
0 0.7734375 0.6484375 0.1109375 0.0859375
0 0.13828125 0.421875 0.0890625 0.0671875
0 0.2984375 0.5296875 0.075 0.0734375
0 0.76640625 0.36015625 0.1078125 0.0828125
0 0.87109375 0.4984375 0.1078125 0.090625
0 0.17734375 0.7859375 0.0734375 0.1109375
0 0.58984375 0.31640625 0.06875 0.0546875
0 0.234375 0.50546875 0.084375 0.0921875
0 0.76640625 0.19765625 0.0546875 0.0765625
0 0.403125 0.2953125 0.06875 0.078125
0 0.3625 0.47734375 0.0734375 0.075
0 0.54375 0.4984375 0.0515625 0.059375
0 0.12421875 0.5140625 0.075 0.078125
0 0.33359375 0.359375 0.0671875 0.0609375
0 0.1546875 0.55546875 0.059375 0.0625
0 0.459375 0.0765625 0.0515625 0.0640625
0 0.14609375 0.071875 0.040625 0.04375
0 0.57109375 0.1171875 0.0546875 0.071875
0 0.58671875 0.0484375 0.0671875 0.075
0 0.5328125 0.4 0.1015625 0.1015625
0 0.83203125 0.7953125 0.08125 0.0859375
0 0.85234375 0.27578125 0.0828125 0.084375
0 0.5078125 0.26171875 0.0546875 0.05625
0 0.65703125 0.1578125 0.0390625 0.059375
0 0.11953125 0.03671875 0.0734375 0.0734375
0 0.32109375 0.75078125 0.0546875 0.0828125
0 0.640625 0.60859375 0.0609375 0.0703125
0 0.6390625 0.0875 0.0578125 0.0796875
0 0.17890625 0.1484375 0.075 0.0796875
0 0.8578125 0.559375 0.096875 0.078125
0 0.509375 0.471875 0.0796875 0.071875
0 0.13984375 0.75 0.0828125 0.0921875
0 0.1421875 0.2484375 0.0828125 0.0765625
0 0.06796875 0.84296875 0.0828125 0.0890625
0 0.96875 0.06796875 0.059375 0.0765625
0 0.7203125 0.19375 0.0875 0.0984375
0 0.7 0.70703125 0.065625 0.078125
0 0.5765625 0.5453125 0.0546875 0.0625
0 0.51640625 0.10078125 0.075 0.084375
0 0.778125 0.4734375 0.065625 0.0671875
0 0.0671875 0.3171875 0.1265625 0.0796875
0 0.2453125 0.37890625 0.1046875 0.0859375
0 0.7765625 0.25390625 0.078125 0.0796875
0 0.82734375 0.12109375 0.0828125 0.121875
0 0.3296875 0.4609375 0.046875 0.0484375
0 0.60234375 0.48828125 0.0671875 0.0765625
0 0.24453125 0.24296875 0.10625 0.103125
0 0.91015625 0.28359375 0.0796875 0.084375
0 0.421875 0.41171875 0.0578125 0.0609375
0 0.6390625 0.5296875 0.0734375 0.0765625
0 0.9390625 0.346875 0.11875 0.1109375
0 0.61015625 0.178125 0.0703125 0.075
0 0.45390625 0.29765625 0.059375 0.08125
0 0.53984375 0.54140625 0.0515625 0.059375
0 0.6328125 0.884375 0.0765625 0.1265625
0 0.23984375 0.59765625 0.1046875 0.09375
0 0.74609375 0.753125 0.0796875 0.096875
0 0.33359375 0.2125 0.0765625 0.084375
0 0.09609375 0.61953125 0.0921875 0.096875
0 0.07734375 0.39375 0.109375 0.0875
0 0.40078125 0.371875 0.065625 0.059375
0 0.04921875 0.78671875 0.053125 0.071875
0 0.17890625 0.0265625 0.0859375 0.053125
0 0.70234375 0.90078125 0.0984375 0.1359375
0 0.665625 0.4328125 0.078125 0.0796875
0 0.77734375 0.5875 0.0828125 0.0625
0 0.634375 0.03046875 0.06875 0.0609375
0 0.48359375 0.50625 0.0640625 0.0671875
0 0.2 0.546875 0.0671875 0.0609375
0 0.78828125 0.14609375 0.059375 0.071875
0 0.53671875 0.86875 0.08125 0.0875
0 0.37421875 0.7515625 0.065625 0.1046875
0 0.29296875 0.88203125 0.0796875 0.078125
0 0.4171875 0.80078125 0.0796875 0.090625
0 0.6640625 0.20703125 0.059375 0.0640625
0 0.70234375 0.5484375 0.078125 0.0828125
0 0.328125 0.05859375 0.0515625 0.05
0 0.903125 0.12421875 0.103125 0.1203125
0 0.45703125 0.0359375 0.0578125 0.0484375
0 0.36484375 0.4140625 0.053125 0.0625
0 0.3328125 0.3125 0.065625 0.0734375
0 0.084375 0.78125 0.0625 0.0859375
0 0.2734375 0.4609375 0.0640625 0.078125
0 0.31875 0.6015625 0.084375 0.0875
0 0.75859375 0.08984375 0.0609375 0.0703125
0 0.5078125 0.325 0.0765625 0.0671875
0 0.83515625 0.39921875 0.0765625 0.0609375
0 0.715625 0.4703125 0.1015625 0.103125
0 0.6421875 0.76484375 0.0640625 0.084375
0 0.80234375 0.871875 0.0890625 0.1046875
0 0.56796875 0.45703125 0.0609375 0.0578125
0 0.3625 0.534375 0.06875 0.065625
0 0.36796875 0.90234375 0.0921875 0.1140625
0 0.578125 0.26171875 0.103125 0.096875
0 0.19765625 0.07109375 0.0703125 0.075
0 0.2671875 0.18125 0.0796875 0.084375
0 0.428125 0.21484375 0.0640625 0.06875
0 0.22265625 0.1859375 0.0453125 0.05625
0 0.478125 0.38125 0.053125 0.071875
0 0.6890625 0.04921875 0.078125 0.0984375
0 0.15 0.29921875 0.075 0.06875
0 0.3296875 0.4203125 0.046875 0.05