0 0.84140625 0.33359375 0.315625 0.19375
0 0.9125 0.89453125 0.1734375 0.1921875
0 0.3109375 0.903125 0.228125 0.19375
0 0.19453125 0.89609375 0.25 0.2078125
0 0.29609375 0.67890625 0.2984375 0.265625
0 0.60390625 0.909375 0.18125 0.178125
0 0.7484375 0.9015625 0.184375 0.1578125
0 0.78984375 0.72890625 0.3265625 0.2125
0 0.89453125 0.478125 0.1640625 0.16875
0 0.103125 0.2171875 0.20625 0.3296875
0 0.3234375 0.21328125 0.265625 0.303125
0 0.18203125 0.46875 0.25625 0.1859375
0 0.63828125 0.7703125 0.2109375 0.134375
0 0.9359375 0.62578125 0.1265625 0.1578125
0 0.409375 0.32109375 0.2640625 0.2796875
0 0.7515625 0.5375 0.3140625 0.2375
0 0.07734375 0.853125 0.1546875 0.0953125
0 0.828125 0.06953125 0.2359375 0.1390625
0 0.9078125 0.190625 0.1828125 0.1640625
0 0.17578125 0.1265625 0.16875 0.1875
0 0.32265625 0.0921875 0.2828125 0.184375
0 0.09921875 0.74375 0.184375 0.20625