0 0.8484375 0.46875 0.1859375 0.13125
0 0.46015625 0.13046875 0.2484375 0.2609375
0 0.06796875 0.5609375 0.10625 0.1203125
0 0.30859375 0.2953125 0.2828125 0.2625
0 0.11640625 0.803125 0.1890625 0.203125
0 0.12890625 0.178125 0.171875 0.15
0 0.396875 0.90859375 0.2796875 0.178125
0 0.375 0.684375 0.2765625 0.2828125
0 0.1390625 0.58359375 0.0921875 0.15
0 0.85859375 0.5796875 0.1625 0.1046875
0 0.29140625 0.090625 0.1703125 0.18125
0 0.9359375 0.91015625 0.125 0.121875
0 0.8515625 0.71953125 0.2453125 0.196875
0 0.85234375 0.1859375 0.2015625 0.18125
0 0.9390625 0.81328125 0.11875 0.1
0 0.14453125 0.36875 0.2671875 0.265625
0 0.73828125 0.93046875 0.1640625 0.134375
0 0.86875 0.940625 0.125 0.115625
0 0.1921875 0.70234375 0.1375 0.1125
0 0.79296875 0.834375 0.1578125 0.1625
0 0.2515625 0.5765625 0.2203125 0.19375
0 0.95546875 0.63359375 0.0875 0.1375
0 0.20078125 0.109375 0.1359375 0.146875
0 0.80703125 0.34375 0.225 0.1625
0 0.959375 0.4828125 0.0796875 0.140625