0 0.49140625 0.19375 0.05625 0.046875
0 0.2015625 0.640625 0.1171875 0.14375
0 0.7734375 0.04765625 0.10625 0.0953125
0 0.71796875 0.23515625 0.05 0.06875
0 0.33828125 0.11328125 0.0421875 0.0421875
0 0.76328125 0.3140625 0.0921875 0.1109375
0 0.21640625 0.18671875 0.0734375 0.0703125
0 0.5453125 0.25625 0.115625 0.121875
0 0.134375 0.6765625 0.059375 0.0609375
0 0.33125 0.03984375 0.0421875 0.04375
0 0.8625 0.90703125 0.1078125 0.0921875
0 0.4625 0.5359375 0.0640625 0.0609375
0 0.690625 0.31875 0.0875 0.1078125
0 0.57421875 0.45625 0.09375 0.09375
0 0.24453125 0.775 0.103125 0.0984375
0 0.09609375 0.02734375 0.0328125 0.03125
0 0.37109375 0.0921875 0.05 0.0453125
0 0.3 0.70390625 0.1046875 0.08125
0 0.134375 0.19140625 0.0625 0.090625
0 0.4203125 0.91015625 0.0796875 0.0828125
0 0.38125 0.8859375 0.0734375 0.06875
0 0.6328125 0.70625 0.09375 0.1046875
0 0.59921875 0.15078125 0.0703125 0.0796875
0 0.53125 0.76015625 0.115625 0.0984375
0 0.63984375 0.425 0.09375 0.1
0 0.55078125 0.16796875 0.05625 0.0625
0 0.315625 0.828125 0.0703125 0.090625
0 0.0390625 0.22734375 0.059375 0.0609375
0 0.71953125 0.7890625 0.0703125 0.05625
0 0.88828125 0.6046875 0.128125 0.08125
0 0.47734375 0.15078125 0.0640625 0.0484375
0 0.89453125 0.696875 0.134375 0.1140625
0 0.73359375 0.9453125 0.0859375 0.096875
0 0.30078125 0.4078125 0.153125 0.2015625
0 0.146875 0.26640625 0.05 0.05
0 0.3609375 0.3671875 0.0609375 0.0671875
0 0.05625 0.3046875 0.1109375 0.09375
0 0.5546875 0.67578125 0.0828125 0.1015625
0 0.4671875 0.95625 0.109375 0.0859375
0 0.64296875 0.1328125 0.05625 0.0640625
0 0.8640625 0.3703125 0.0640625 0.0703125
0 0.11484375 0.071875 0.0671875 0.0734375
0 0.88984375 0.50390625 0.1390625 0.0921875
0 0.0234375 0.140625 0.046875 0.084375
0 0.16640625 0.328125 0.053125 0.0625
0 0.25546875 0.95703125 0.071875 0.0796875
0 0.05390625 0.7109375 0.1078125 0.125
0 0.50546875 0.6953125 0.05625 0.075
0 0.80859375 0.73203125 0.109375 0.090625
0 0.7953125 0.84765625 0.084375 0.078125
0 0.2734375 0.58125 0.090625 0.1
0 0.53671875 0.8296875 0.103125 0.065625
0 0.78046875 0.22421875 0.078125 0.1046875
0 0.925 0.375 0.0625 0.0609375
0 0.7625 0.40625 0.1640625 0.1578125
0 0.83359375 0.1125 0.1203125 0.1234375
0 0.43515625 0.78984375 0.059375 0.0625
0 0.38046875 0.815625 0.0671875 0.1171875
0 0.446875 0.62265625 0.071875 0.08125
0 0.24140625 0.1453125 0.0484375 0.0421875
0 0.72265625 0.75078125 0.071875 0.0625
0 0.41171875 0.678125 0.075 0.0484375
0 0.4828125 0.86171875 0.071875 0.0609375
0 0.9171875 0.840625 0.1078125 0.09375
0 0.47734375 0.44296875 0.121875 0.1109375
0 0.43359375 0.8546875 0.0671875 0.0640625
0 0.065625 0.5359375 0.1265625 0.1015625
0 0.1953125 0.1421875 0.0328125 0.0296875
0 0.7390625 0.1546875 0.1 0.0921875
0 0.946875 0.446875 0.0671875 0.059375
0 0.30625 0.065625 0.0359375 0.0328125
0 0.76640625 0.79140625 0.0765625 0.071875
0 0.08671875 0.62890625 0.0890625 0.0953125
0 0.86484375 0.2484375 0.1125 0.1265625
0 0.43359375 0.69453125 0.0828125 0.0765625
0 0.4984375 0.89609375 0.065625 0.0453125
0 0.9140625 0.0828125 0.0625 0.0875
0 0.49609375 0.628125 0.0734375 0.090625
0 0.63046875 0.796875 0.1125 0.0953125
0 0.6171875 0.8765625 0.11875 0.078125
0 0.33046875 0.575 0.053125 0.05625
0 0.4515625 0.0734375 0.1234375 0.09375
0 0.62734375 0.20859375 0.0609375 0.059375
0 0.65234375 0.26484375 0.05625 0.0609375
0 0.0671875 0.8046875 0.075 0.078125
0 0.321875 0.64375 0.04375 0.053125
0 0.0421875 0.91015625 0.084375 0.1171875
0 0.67734375 0.228125 0.05 0.0671875
0 0.12890625 0.9328125 0.121875 0.109375