0 0.94453125 0.8375 0.06875 0.096875
0 0.465625 0.53515625 0.0625 0.071875
0 0.3546875 0.559375 0.0875 0.0875
0 0.459375 0.1953125 0.084375 0.0953125
0 0.96171875 0.4203125 0.0640625 0.0546875
0 0.37890625 0.75390625 0.103125 0.134375
0 0.77890625 0.21640625 0.096875 0.0703125
0 0.228125 0.5421875 0.1296875 0.1171875
0 0.35703125 0.34765625 0.090625 0.084375
0 0.95390625 0.26796875 0.0640625 0.05625
0 0.3359375 0.83671875 0.1 0.109375
0 0.45 0.90390625 0.0921875 0.1359375
0 0.478125 0.42265625 0.0796875 0.0734375
0 0.6484375 0.12734375 0.0703125 0.065625
0 0.5703125 0.115625 0.1140625 0.1265625
0 0.415625 0.04296875 0.134375 0.0859375
0 0.2796875 0.734375 0.090625 0.09375
0 0.46953125 0.25390625 0.0859375 0.071875
0 0.3453125 0.15078125 0.115625 0.11875
0 0.5296875 0.1921875 0.084375 0.0921875
0 0.94765625 0.7359375 0.103125 0.10625
0 0.50234375 0.81171875 0.084375 0.1015625
0 0.94375 0.2234375 0.0796875 0.05625
0 0.79296875 0.64296875 0.053125 0.053125
0 0.41015625 0.1 0.06875 0.10625
0 0.35234375 0.4265625 0.1015625 0.1046875
0 0.39296875 0.8640625 0.1046875 0.103125
0 0.8890625 0.07265625 0.0921875 0.071875
0 0.6390625 0.05 0.075 0.1
0 0.89453125 0.89765625 0.0953125 0.096875
0 0.23046875 0.3921875 0.1171875 0.1265625
0 0.17578125 0.7546875 0.1390625 0.1390625
0 0.84453125 0.5234375 0.115625 0.1109375
0 0.896875 0.6640625 0.0953125 0.0796875
0 0.8921875 0.25546875 0.065625 0.0734375
0 0.07734375 0.0859375 0.0765625 0.0953125
0 0.51640625 0.55078125 0.0515625 0.0515625
0 0.1703125 0.0953125 0.128125 0.1015625
0 0.28125 0.3578125 0.0671875 0.0796875
0 0.95703125 0.359375 0.0828125 0.08125
0 0.12109375 0.359375 0.125 0.109375
0 0.05390625 0.65234375 0.1078125 0.1265625
0 0.33828125 0.23828125 0.0671875 0.0625
0 0.73125 0.62890625 0.084375 0.075
0 0.63515625 0.75625 0.10625 0.103125
0 0.803125 0.6953125 0.0671875 0.078125
0 0.9578125 0.47109375 0.084375 0.0828125
0 0.63203125 0.51796875 0.06875 0.0640625
0 0.7359375 0.69296875 0.090625 0.0890625
0 0.796875 0.921875 0.1296875 0.1140625
0 0.63125 0.196875 0.0875 0.090625
0 0.77265625 0.35703125 0.084375 0.071875
0 0.728125 0.52265625 0.0828125 0.1078125
0 0.628125 0.68359375 0.096875 0.10625
0 0.56875 0.41015625 0.06875 0.08125
0 0.559375 0.33125 0.0703125 0.0859375
0 0.87265625 0.809375 0.0890625 0.0796875
0 0.56640625 0.04453125 0.103125 0.0890625
0 0.9546875 0.5234375 0.0890625 0.0765625
0 0.52578125 0.6078125 0.0703125 0.0671875
0 0.40546875 0.1828125 0.0453125 0.0734375
0 0.91171875 0.59375 0.08125 0.071875
0 0.28671875 0.57734375 0.0703125 0.0859375
0 0.10546875 0.45703125 0.1578125 0.1125
0 0.5609375 0.26015625 0.0703125 0.0765625
0 0.85 0.6125 0.0796875 0.08125
0 0.628125 0.259375 0.078125 0.078125
0 0.878125 0.42734375 0.1234375 0.10625
0 0.87890625 0.13984375 0.103125 0.1171875
0 0.51640625 0.47578125 0.1078125 0.10625
0 0.475 0.1140625 0.0734375 0.0859375
0 0.7796875 0.28359375 0.146875 0.1390625
0 0.7671875 0.0734375 0.1453125 0.146875
0 0.578125 0.55546875 0.1 0.1328125
0 0.93515625 0.1734375 0.0984375 0.1
0 0.103125 0.17421875 0.10625 0.146875
0 0.2359375 0.0578125 0.1625 0.115625
0 0.17109375 0.30859375 0.134375 0.11875
0 0.7828125 0.828125 0.1125 0.1140625
0 0.10859375 0.8625 0.1578125 0.1765625
0 0.1890625 0.18984375 0.125 0.1359375
0 0.84140625 0.7421875 0.109375 0.1046875
0 0.6421875 0.58359375 0.0640625 0.0796875
0 0.509375 0.91015625 0.0609375 0.0609375
0 0.35859375 0.64375 0.0921875 0.0859375
0 0.62890625 0.44140625 0.11875 0.115625
0 0.38359375 0.29140625 0.084375 0.134375
0 0.2734375 0.665625 0.109375 0.10625
0 0.453125 0.6171875 0.0875 0.096875
0 0.64140625 0.3390625 0.0875 0.1296875
0 0.77890625 0.58828125 0.0765625 0.0828125
0 0.228125 0.8625 0.11875 0.090625
0 0.28359375 0.2265625 0.090625 0.1046875
0 0.56875 0.80390625 0.075 0.125
0 0.28203125 0.4703125 0.1046875 0.0921875
0 0.78671875 0.4875 0.128125 0.128125
0 0.1421875 0.6703125 0.11875 0.128125
0 0.878125 0.29453125 0.06875 0.0703125
0 0.625 0.86328125 0.11875 0.1265625
0 0.95390625 0.11171875 0.071875 0.084375
0 0.9453125 0.3015625 0.05625 0.0515625
0 0.109375 0.5640625 0.1109375 0.0984375
0 0.4703125 0.33515625 0.103125 0.109375
0 0.5078125 0.36484375 0.0578125 0.0609375
0 0.5265625 0.671875 0.1015625 0.1015625
0 0.8875 0.34140625 0.1203125 0.0875
0 0.9640625 0.6515625 0.0703125 0.08125
0 0.26484375 0.803125 0.084375 0.084375
0 0.475 0.73046875 0.1140625 0.134375
0 0.38828125 0.51171875 0.1078125 0.11875