0 0.821875 0.89296875 0.278125 0.2125
0 0.17109375 0.1015625 0.1171875 0.134375
0 0.68359375 0.365625 0.2265625 0.21875
0 0.85625 0.08359375 0.24375 0.1671875
0 0.925 0.77890625 0.1484375 0.1796875
0 0.91171875 0.6484375 0.175 0.18125
0 0.5859375 0.9265625 0.2125 0.146875
0 0.06484375 0.83203125 0.1265625 0.1421875
0 0.42421875 0.4921875 0.171875 0.2484375
0 0.07890625 0.6859375 0.1578125 0.1953125
0 0.3328125 0.2359375 0.2140625 0.271875
0 0.415625 0.8625 0.221875 0.2359375
0 0.1890625 0.65078125 0.1390625 0.1515625
0 0.7546875 0.21796875 0.2125 0.2046875
0 0.35859375 0.66953125 0.225 0.1859375
0 0.55625 0.140625 0.2375 0.24375
0 0.484375 0.3109375 0.2328125 0.278125
0 0.07265625 0.4140625 0.1453125 0.296875
0 0.91328125 0.24765625 0.1703125 0.2171875
0 0.19609375 0.47109375 0.178125 0.240625
0 0.17265625 0.8375 0.1484375 0.2234375
0 0.3109375 0.4921875 0.1078125 0.2171875
0 0.26640625 0.84765625 0.165625 0.2203125