0 0.7515625 0.89375 0.1609375 0.1859375
0 0.7046875 0.0671875 0.15 0.134375
0 0.7140625 0.6515625 0.084375 0.0734375
0 0.41328125 0.26015625 0.1015625 0.115625
0 0.23515625 0.21796875 0.1078125 0.084375
0 0.3359375 0.6171875 0.0921875 0.1109375
0 0.265625 0.8359375 0.1234375 0.128125
0 0.78671875 0.18359375 0.1078125 0.103125
0 0.23203125 0.28515625 0.078125 0.0765625
0 0.95078125 0.25 0.0875 0.09375
0 0.8296875 0.23125 0.121875 0.0765625
0 0.61875 0.37109375 0.0625 0.0640625
0 0.684375 0.5359375 0.0953125 0.1078125
0 0.31171875 0.48359375 0.14375 0.0953125
0 0.76953125 0.525 0.075 0.0859375
0 0.5671875 0.90625 0.1234375 0.1578125
0 0.7375 0.38359375 0.075 0.075
0 0.7625 0.4578125 0.065625 0.0625
0 0.3625 0.37890625 0.134375 0.1234375
0 0.94921875 0.95703125 0.0671875 0.0765625
0 0.57109375 0.271875 0.1140625 0.1046875
0 0.2578125 0.4046875 0.0984375 0.0921875
0 0.80546875 0.66640625 0.1046875 0.1140625
0 0.20234375 0.1515625 0.0828125 0.0828125
0 0.103125 0.08984375 0.090625 0.109375
0 0.70078125 0.72578125 0.1234375 0.109375
0 0.87734375 0.29140625 0.075 0.0875
0 0.60859375 0.6203125 0.084375 0.0875
0 0.40859375 0.478125 0.0765625 0.0984375
0 0.43125 0.609375 0.1109375 0.128125
0 0.25546875 0.58984375 0.1234375 0.1421875
0 0.828125 0.4828125 0.078125 0.0828125
0 0.2734375 0.73125 0.171875 0.14375
0 0.7671875 0.32265625 0.0640625 0.0484375
0 0.1046875 0.871875 0.153125 0.1421875
0 0.94609375 0.78828125 0.1046875 0.115625
0 0.83359375 0.771875 0.128125 0.1296875
0 0.3 0.071875 0.0703125 0.0921875
0 0.66953125 0.3453125 0.0828125 0.0640625
0 0.884375 0.08984375 0.090625 0.13125
0 0.1328125 0.24765625 0.11875 0.1625
0 0.14921875 0.6125 0.128125 0.1078125
0 0.1703125 0.69453125 0.103125 0.1125
0 0.41328125 0.7265625 0.1296875 0.1171875
0 0.434375 0.159375 0.1046875 0.125
0 0.565625 0.47421875 0.0984375 0.084375
0 0.60546875 0.53515625 0.0796875 0.1046875
0 0.53515625 0.73984375 0.13125 0.1421875
0 0.871875 0.53671875 0.0921875 0.0796875
0 0.890625 0.384375 0.0578125 0.0828125
0 0.47265625 0.3359375 0.078125 0.0765625
0 0.525 0.05859375 0.071875 0.0640625
0 0.4046875 0.06953125 0.1515625 0.1171875
0 0.52734375 0.38359375 0.1078125 0.0921875
0 0.7515625 0.290625 0.04375 0.0484375
0 0.11875 0.74375 0.109375 0.121875
0 0.878125 0.909375 0.0890625 0.1046875
0 0.0375 0.0796875 0.075 0.13125
0 0.82578125 0.33359375 0.08125 0.059375
0 0.159375 0.42578125 0.1484375 0.1421875
0 0.30390625 0.85625 0.1234375 0.134375
0 0.80625 0.2890625 0.0734375 0.046875
0 0.4765625 0.45 0.1125 0.14375
0 0.334375 0.25625 0.0765625 0.0828125
0 0.334375 0.68671875 0.0703125 0.08125
0 0.33046875 0.18359375 0.11875 0.0984375
0 0.9109375 0.46953125 0.11875 0.109375
0 0.85 0.6046875 0.084375 0.084375
0 0.44609375 0.90546875 0.128125 0.18125
0 0.7046875 0.271875 0.1 0.0828125
0 0.56171875 0.35 0.078125 0.06875
0 0.5390625 0.175 0.1046875 0.1015625
0 0.9140625 0.86328125 0.0703125 0.0671875
0 0.7484375 0.5828125 0.0875 0.09375
0 0.8234375 0.396875 0.071875 0.0578125
0 0.64140625 0.284375 0.05625 0.0671875
0 0.2984375 0.3171875 0.1171875 0.09375
0 0.8359375 0.05 0.103125 0.1
0 0.6921875 0.43828125 0.0578125 0.0609375
0 0.503125 0.10703125 0.075 0.0625
0 0.1421875 0.134375 0.0734375 0.090625
0 0.90625 0.671875 0.10625 0.103125
0 0.07734375 0.378125 0.1546875 0.146875