0 0.21015625 0.60703125 0.121875 0.140625
0 0.80859375 0.07421875 0.1296875 0.1484375
0 0.2484375 0.20703125 0.121875 0.1546875
0 0.50546875 0.08203125 0.1265625 0.1578125
0 0.6390625 0.94375 0.178125 0.109375
0 0.88515625 0.10546875 0.1765625 0.1328125
0 0.34375 0.89609375 0.1546875 0.1203125
0 0.66875 0.1 0.2265625 0.2
0 0.16640625 0.85078125 0.084375 0.0828125
0 0.06015625 0.925 0.1203125 0.146875
0 0.09765625 0.3171875 0.1953125 0.1421875
0 0.1109375 0.12265625 0.15625 0.1484375
0 0.2171875 0.73203125 0.16875 0.1609375
0 0.80859375 0.5328125 0.1515625 0.115625
0 0.92734375 0.6125 0.14375 0.1671875
0 0.12109375 0.7421875 0.11875 0.1734375
0 0.5625 0.821875 0.175 0.2390625
0 0.75 0.45703125 0.2078125 0.159375
0 0.62265625 0.72890625 0.115625 0.11875
0 0.4 0.64375 0.16875 0.1703125
0 0.228125 0.88515625 0.1140625 0.1375
0 0.9109375 0.16796875 0.175 0.175
0 0.4765625 0.9484375 0.13125 0.1
0 0.58046875 0.4671875 0.1265625 0.1125
0 0.334375 0.5921875 0.171875 0.178125
0 0.6671875 0.828125 0.1203125 0.1328125
0 0.37109375 0.7828125 0.1265625 0.159375
0 0.5796875 0.5765625 0.153125 0.1625
0 0.87734375 0.86953125 0.1828125 0.1609375
0 0.390625 0.95234375 0.1078125 0.0921875
0 0.94453125 0.85078125 0.109375 0.1546875