0 0.459375 0.84921875 0.115625 0.1390625
0 0.2125 0.6375 0.103125 0.0859375
0 0.3703125 0.94375 0.11875 0.075
0 0.3734375 0.73125 0.0859375 0.0953125
0 0.56953125 0.88359375 0.0921875 0.084375
0 0.2359375 0.93671875 0.1125 0.1078125
0 0.0734375 0.8375 0.09375 0.10625
0 0.34375 0.65546875 0.0671875 0.0921875
0 0.4703125 0.1671875 0.1234375 0.1453125
0 0.6 0.7171875 0.0953125 0.096875
0 0.26171875 0.0921875 0.1328125 0.15
0 0.803125 0.20390625 0.1078125 0.11875
0 0.78671875 0.7734375 0.11875 0.125
0 0.8578125 0.4453125 0.0796875 0.0734375
0 0.259375 0.725 0.0703125 0.0921875
0 0.9484375 0.40234375 0.1 0.0921875
0 0.13203125 0.59296875 0.1171875 0.115625
0 0.359375 0.49140625 0.11875 0.1
0 0.5390625 0.29453125 0.1109375 0.1078125
0 0.72421875 0.1890625 0.121875 0.1421875
0 0.71953125 0.73046875 0.0609375 0.0484375
0 0.9515625 0.7015625 0.0484375 0.0640625
0 0.75390625 0.65546875 0.0921875 0.1125
0 0.52890625 0.38984375 0.11875 0.121875
0 0.8859375 0.23828125 0.125 0.1375
0 0.89453125 0.84609375 0.090625 0.0828125
0 0.86328125 0.67890625 0.0546875 0.09375
0 0.0984375 0.15703125 0.1375 0.1625
0 0.56484375 0.06328125 0.1390625 0.1265625
0 0.91640625 0.08046875 0.1671875 0.1609375
0 0.47421875 0.721875 0.1078125 0.0890625
0 0.93671875 0.8046875 0.05 0.0625
0 0.12734375 0.81015625 0.109375 0.1109375
0 0.32734375 0.7765625 0.0953125 0.1015625
0 0.42109375 0.2296875 0.0953125 0.11875
0 0.51953125 0.475 0.1171875 0.1
0 0.18671875 0.0625 0.06875 0.115625
0 0.44296875 0.76015625 0.075 0.075
0 0.3046875 0.68984375 0.0609375 0.0796875
0 0.87578125 0.7578125 0.1078125 0.1046875
0 0.88125 0.52578125 0.1265625 0.1203125
0 0.20546875 0.26796875 0.1265625 0.13125
0 0.69375 0.89375 0.140625 0.1625
0 0.25859375 0.83828125 0.0796875 0.1234375
0 0.125 0.9390625 0.115625 0.11875
0 0.94375 0.6015625 0.0765625 0.0453125
0 0.1734375 0.7671875 0.1 0.0734375
0 0.6984375 0.0796875 0.1296875 0.159375
0 0.2328125 0.46875 0.0953125 0.0953125
0 0.4609375 0.6546875 0.071875 0.0828125
0 0.82421875 0.6625 0.075 0.1109375
0 0.959375 0.51953125 0.08125 0.0796875
0 0.63828125 0.346875 0.10625 0.125
0 0.0625 0.4640625 0.10625 0.0859375
0 0.3734375 0.4390625 0.05625 0.075
0 0.04765625 0.72890625 0.09375 0.103125
0 0.7609375 0.45625 0.125 0.115625
0 0.11875 0.34140625 0.1421875 0.1453125
0 0.40078125 0.34375 0.1609375 0.13125
0 0.78984375 0.303125 0.1265625 0.1265625
0 0.59375 0.1921875 0.153125 0.1546875
0 0.54765625 0.68046875 0.1 0.10625
0 0.2625 0.59375 0.0875 0.0828125
0 0.29140625 0.25 0.115625 0.1484375
0 0.24140625 0.384375 0.109375 0.1078125
0 0.05 0.603125 0.1 0.096875
0 0.47265625 0.934375 0.0953125 0.084375
0 0.55 0.5796875 0.1125 0.0984375
0 0.1578125 0.69921875 0.09375 0.10625
0 0.878125 0.93671875 0.134375 0.1234375
0 0.915625 0.68359375 0.0734375 0.0609375
0 0.56015625 0.80546875 0.1421875 0.1359375
0 0.6234375 0.59375 0.1453125 0.1453125
0 0.94453125 0.63671875 0.040625 0.0359375
0 0.3375 0.8828125 0.1 0.1140625