0 0.40234375 0.2734375 0.165625 0.1625
0 0.8828125 0.18984375 0.14375 0.103125
0 0.728125 0.8984375 0.1359375 0.1875
0 0.52265625 0.36640625 0.1375 0.1390625
0 0.8546875 0.31875 0.14375 0.0859375
0 0.128125 0.68984375 0.1234375 0.10625
0 0.28046875 0.3140625 0.128125 0.1234375
0 0.434375 0.33828125 0.084375 0.103125
0 0.6140625 0.68828125 0.0890625 0.0984375
0 0.65703125 0.45234375 0.090625 0.075
0 0.46171875 0.7359375 0.128125 0.134375
0 0.08359375 0.81484375 0.1625 0.153125
0 0.87109375 0.40234375 0.25 0.1375
0 0.9 0.58671875 0.2 0.184375
0 0.7390625 0.5578125 0.103125 0.0890625
0 0.46875 0.6328125 0.0921875 0.0765625
0 0.6265625 0.54296875 0.121875 0.1125
0 0.80390625 0.48203125 0.13125 0.0875
0 0.7390625 0.63984375 0.1 0.090625
0 0.8328125 0.89453125 0.11875 0.1203125
0 0.246875 0.19453125 0.10625 0.0859375
0 0.784375 0.77734375 0.18125 0.1640625
0 0.171875 0.1453125 0.084375 0.0953125
0 0.34375 0.65703125 0.0796875 0.0890625
0 0.546875 0.47578125 0.11875 0.096875
0 0.9328125 0.8671875 0.096875 0.128125