0 0.62890625 0.28984375 0.0984375 0.0953125
0 0.72734375 0.2453125 0.0875 0.1
0 0.5265625 0.37109375 0.0984375 0.06875
0 0.8765625 0.5515625 0.096875 0.0734375
0 0.3578125 0.2734375 0.0921875 0.0796875
0 0.61953125 0.38671875 0.0484375 0.0453125
0 0.3296875 0.1984375 0.0953125 0.1015625
0 0.17578125 0.19921875 0.0640625 0.0640625
0 0.7671875 0.6265625 0.0859375 0.071875
0 0.71875 0.08515625 0.1234375 0.14375
0 0.4296875 0.16796875 0.0640625 0.071875
0 0.671875 0.4734375 0.1046875 0.1078125
0 0.334375 0.03515625 0.109375 0.0703125
0 0.6078125 0.45859375 0.0515625 0.059375
0 0.48828125 0.1859375 0.0640625 0.0828125
0 0.75859375 0.4671875 0.0625 0.0578125
0 0.84765625 0.6515625 0.0875 0.08125
0 0.4421875 0.5625 0.0890625 0.071875
0 0.53125 0.56640625 0.071875 0.071875
0 0.5015625 0.3203125 0.1078125 0.0609375
0 0.50234375 0.42265625 0.0921875 0.1015625
0 0.8 0.1984375 0.0625 0.0734375
0 0.0359375 0.31171875 0.071875 0.1140625
0 0.29453125 0.37265625 0.0765625 0.0828125
0 0.396875 0.37578125 0.0609375 0.065625
0 0.09375 0.0875 0.0640625 0.0671875
0 0.4921875 0.04609375 0.1109375 0.0921875
0 0.4015625 0.31484375 0.09375 0.0875
0 0.8578125 0.1171875 0.053125 0.0921875
0 0.64921875 0.21875 0.05625 0.05625
0 0.89609375 0.47734375 0.078125 0.0625
0 0.7875 0.5078125 0.06875 0.065625
0 0.36796875 0.459375 0.078125 0.1015625
0 0.25703125 0.246875 0.0703125 0.0578125
0 0.965625 0.33046875 0.06875 0.09375
0 0.80078125 0.12734375 0.084375 0.1078125
0 0.12890625 0.15390625 0.0953125 0.078125
0 0.8125 0.41640625 0.0890625 0.0671875
0 0.71484375 0.55078125 0.11875 0.0984375
0 0.55390625 0.16015625 0.08125 0.0921875
0 0.78515625 0.03984375 0.1109375 0.0796875
0 0.03984375 0.15234375 0.0796875 0.0953125
0 0.5875 0.2171875 0.0859375 0.0828125
0 0.090625 0.184375 0.1 0.103125
0 0.240625 0.340625 0.115625 0.1265625
0 0.96015625 0.23046875 0.078125 0.09375
0 0.91953125 0.4046875 0.1140625 0.0859375
0 0.1484375 0.2640625 0.090625 0.0765625
0 0.68046875 0.18125 0.0578125 0.05625
0 0.8484375 0.321875 0.165625 0.178125
0 0.35078125 0.36328125 0.0796875 0.103125
0 0.41953125 0.22109375 0.071875 0.0828125
0 0.49375 0.26171875 0.1 0.078125
0 0.4453125 0.41015625 0.0640625 0.0921875
0 0.9359375 0.13671875 0.1265625 0.11875
0 0.57734375 0.42421875 0.0625 0.0578125
0 0.265625 0.125 0.125 0.1109375
0 0.23125 0.17734375 0.1078125 0.1109375