0 0.6203125 0.34140625 0.04375 0.040625
0 0.8609375 0.4109375 0.0390625 0.0421875
0 0.5234375 0.4046875 0.0453125 0.04375
0 0.72421875 0.9 0.05 0.053125
0 0.728125 0.6484375 0.0453125 0.0609375
0 0.92421875 0.94921875 0.0953125 0.0984375
0 0.47890625 0.24375 0.04375 0.059375
0 0.834375 0.83359375 0.1546875 0.1640625
0 0.66171875 0.4796875 0.0359375 0.046875
0 0.88203125 0.478125 0.0703125 0.0515625
0 0.875 0.08125 0.04375 0.05
0 0.27265625 0.07265625 0.0640625 0.0734375
0 0.75 0.52890625 0.040625 0.0515625
0 0.5375 0.525 0.0484375 0.040625
0 0.959375 0.17734375 0.04375 0.0453125
0 0.0921875 0.45703125 0.0609375 0.0625
0 0.90546875 0.71171875 0.05 0.0484375
0 0.32578125 0.678125 0.090625 0.0671875
0 0.78046875 0.18125 0.0390625 0.0453125
0 0.35390625 0.2640625 0.0453125 0.040625
0 0.28828125 0.8609375 0.09375 0.10625
0 0.796875 0.2875 0.04375 0.046875
0 0.52890625 0.56328125 0.040625 0.040625
0 0.15390625 0.28203125 0.053125 0.0546875
0 0.25703125 0.265625 0.0921875 0.0828125
0 0.775 0.9171875 0.059375 0.06875
0 0.6890625 0.9390625 0.0609375 0.0578125
0 0.9421875 0.6734375 0.115625 0.1625
0 0.62109375 0.1703125 0.05625 0.05625
0 0.1859375 0.16640625 0.05625 0.0484375