0 0.34609375 0.315625 0.1375 0.1203125
0 0.05078125 0.53984375 0.1015625 0.1203125
0 0.0421875 0.65703125 0.084375 0.1234375
0 0.65 0.10390625 0.140625 0.159375
0 0.4234375 0.140625 0.1375 0.15
0 0.57890625 0.58671875 0.1265625 0.1171875
0 0.89453125 0.175 0.071875 0.06875
0 0.2046875 0.8671875 0.1390625 0.1921875
0 0.5484375 0.8109375 0.1421875 0.153125
0 0.76328125 0.4359375 0.159375 0.13125
0 0.85078125 0.9375 0.196875 0.121875
0 0.51328125 0.07890625 0.140625 0.1578125
0 0.30390625 0.06953125 0.1703125 0.1390625
0 0.1921875 0.140625 0.1 0.13125
0 0.271875 0.4921875 0.178125 0.196875
0 0.9390625 0.74453125 0.121875 0.175
0 0.2203125 0.3609375 0.1171875 0.115625
0 0.05703125 0.24140625 0.1125 0.128125
0 0.80390625 0.209375 0.1546875 0.1484375
0 0.22578125 0.6734375 0.18125 0.184375
0 0.14375 0.19375 0.1140625 0.1140625
0 0.59375 0.3671875 0.125 0.1578125
0 0.8203125 0.2890625 0.125 0.109375
0 0.45390625 0.9046875 0.121875 0.1375
0 0.67265625 0.51640625 0.0921875 0.0734375
0 0.11328125 0.7046875 0.10625 0.115625
0 0.85 0.73203125 0.090625 0.096875
0 0.85390625 0.13359375 0.053125 0.05
0 0.403125 0.26796875 0.1375 0.13125
0 0.23203125 0.25546875 0.1234375 0.10625
0 0.78125 0.546875 0.13125 0.1578125
0 0.69140625 0.5734375 0.103125 0.103125
0 0.084375 0.82890625 0.15 0.1515625
0 0.12421875 0.2953125 0.13125 0.1265625
0 0.875 0.37109375 0.15 0.1109375
0 0.821875 0.065625 0.0796875 0.084375
0 0.17265625 0.05625 0.0796875 0.09375
0 0.1546875 0.4609375 0.1203125 0.1140625
0 0.92421875 0.2703125 0.1078125 0.125
0 0.446875 0.61328125 0.1359375 0.1296875
0 0.2890625 0.86640625 0.125 0.14375
0 0.5140625 0.32734375 0.1265625 0.1375
0 0.8765625 0.4671875 0.128125 0.1203125
0 0.7640625 0.77109375 0.1859375 0.096875
0 0.78359375 0.84375 0.1578125 0.1140625
0 0.290625 0.17578125 0.1328125 0.1390625
0 0.82421875 0.621875 0.1125 0.1078125
0 0.9171875 0.6421875 0.115625 0.1328125
0 0.125 0.12734375 0.059375 0.0609375
0 0.3640625 0.67265625 0.10625 0.0953125
0 0.08671875 0.4 0.1734375 0.1578125
0 0.3578125 0.91015625 0.109375 0.178125
0 0.43984375 0.7609375 0.2375 0.2140625
0 0.4421875 0.4390625 0.2015625 0.215625
0 0.634375 0.7125 0.1421875 0.184375
0 0.56328125 0.49453125 0.13125 0.121875
0 0.6703125 0.4203125 0.0875 0.1359375
0 0.67265625 0.2125 0.14375 0.1453125
0 0.75390625 0.6859375 0.16875 0.1359375