0 0.88125 0.771875 0.234375 0.3796875
0 0.30703125 0.334375 0.2484375 0.30625
0 0.78984375 0.0890625 0.2640625 0.178125
0 0.115625 0.2671875 0.23125 0.3171875
0 0.1046875 0.9203125 0.209375 0.1578125
0 0.4953125 0.9484375 0.2015625 0.1
0 0.6734375 0.7359375 0.24375 0.3140625
0 0.059375 0.10703125 0.11875 0.15625
0 0.9421875 0.48671875 0.1109375 0.3328125
0 0.94609375 0.17109375 0.103125 0.26875
0 0.38203125 0.1078125 0.2390625 0.215625
0 0.659375 0.93828125 0.190625 0.1203125
0 0.8171875 0.490625 0.2359375 0.30625
0 0.8734375 0.275 0.2078125 0.21875
0 0.271875 0.08984375 0.171875 0.1796875
0 0.13671875 0.50390625 0.225 0.159375
0 0.57265625 0.27734375 0.1765625 0.2125
0 0.56796875 0.078125 0.19375 0.15625
0 0.12265625 0.71171875 0.2453125 0.2984375
0 0.346875 0.621875 0.2890625 0.2828125
0 0.35546875 0.859375 0.3296875 0.2625