0 0.6875 0.2 0.0765625 0.0765625
0 0.603125 0.06171875 0.1078125 0.1234375
0 0.36484375 0.3984375 0.121875 0.11875
0 0.22734375 0.203125 0.134375 0.13125
0 0.9046875 0.05625 0.0859375 0.1125
0 0.04375 0.5546875 0.0875 0.059375
0 0.70859375 0.92578125 0.1390625 0.1484375
0 0.38984375 0.21796875 0.0875 0.1046875
0 0.57421875 0.5171875 0.1046875 0.1234375
0 0.6359375 0.346875 0.0578125 0.0890625
0 0.83515625 0.12421875 0.115625 0.09375
0 0.89453125 0.534375 0.0515625 0.071875
0 0.62109375 0.17109375 0.0796875 0.1015625
0 0.50078125 0.175 0.109375 0.11875
0 0.83828125 0.04140625 0.103125 0.0828125
0 0.04296875 0.6484375 0.0859375 0.1203125
0 0.2 0.95859375 0.0609375 0.08125
0 0.47734375 0.2734375 0.115625 0.109375
0 0.6734375 0.284375 0.078125 0.0765625
0 0.4859375 0.0859375 0.115625 0.103125
0 0.52109375 0.4765625 0.059375 0.0515625
0 0.7734375 0.6390625 0.1265625 0.1578125
0 0.5703125 0.20546875 0.078125 0.134375
0 0.81171875 0.27578125 0.0625 0.0609375
0 0.24453125 0.7671875 0.1734375 0.14375
0 0.84453125 0.4953125 0.071875 0.0703125
0 0.9265625 0.16015625 0.0875 0.1109375
0 0.2390625 0.665625 0.1859375 0.16875
0 0.84453125 0.56171875 0.053125 0.0546875
0 0.4953125 0.34375 0.053125 0.0625
0 0.5703125 0.328125 0.103125 0.1421875
0 0.90078125 0.87890625 0.0953125 0.1140625
0 0.50078125 0.675 0.096875 0.1046875
0 0.096875 0.94765625 0.153125 0.103125
0 0.896875 0.8046875 0.059375 0.0796875
0 0.6859375 0.1328125 0.0515625 0.0796875
0 0.8859375 0.646875 0.09375 0.096875
0 0.43828125 0.16015625 0.0765625 0.109375
0 0.2953125 0.33984375 0.1015625 0.0875
0 0.75 0.7015625 0.0875 0.0671875
0 0.15546875 0.62890625 0.140625 0.121875
0 0.8109375 0.91796875 0.0765625 0.09375
0 0.89453125 0.39296875 0.109375 0.109375
0 0.72734375 0.16328125 0.0828125 0.078125
0 0.59609375 0.640625 0.103125 0.134375
0 0.6125 0.73359375 0.1625 0.115625
0 0.834375 0.4265625 0.075 0.078125
0 0.4703125 0.57421875 0.153125 0.1484375
0 0.3171875 0.096875 0.1 0.1421875
0 0.86015625 0.2203125 0.0765625 0.1078125
0 0.64296875 0.5640625 0.071875 0.0671875
0 0.80625 0.1984375 0.0734375 0.084375
0 0.90390625 0.5859375 0.0671875 0.0625
0 0.9359375 0.265625 0.121875 0.125
0 0.2875 0.27578125 0.0765625 0.071875
0 0.53125 0.065625 0.0671875 0.084375
0 0.940625 0.5 0.0953125 0.1
0 0.91953125 0.73046875 0.0765625 0.071875
0 0.634375 0.25390625 0.0734375 0.0796875
0 0.821875 0.81484375 0.084375 0.1265625
0 0.95703125 0.6421875 0.0828125 0.0953125
0 0.0765625 0.75078125 0.1203125 0.125
0 0.78046875 0.44296875 0.0734375 0.071875
0 0.74375 0.540625 0.08125 0.059375
0 0.96796875 0.81015625 0.0625 0.096875
0 0.85703125 0.734375 0.0765625 0.0734375
0 0.23515625 0.85546875 0.1390625 0.1328125
0 0.35625 0.2546875 0.0921875 0.103125
0 0.0859375 0.5 0.171875 0.09375
0 0.0859375 0.42265625 0.171875 0.090625
0 0.6703125 0.640625 0.0671875 0.0859375
0 0.32109375 0.19140625 0.0625 0.059375
0 0.42578125 0.50390625 0.1 0.084375
0 0.275 0.93671875 0.10625 0.109375
0 0.38359375 0.8828125 0.159375 0.171875
0 0.7234375 0.484375 0.090625 0.075
0 0.79375 0.51953125 0.06875 0.0765625
0 0.9671875 0.4296875 0.0640625 0.0671875
0 0.7234375 0.7859375 0.1546875 0.146875
0 0.0984375 0.8578125 0.1265625 0.1421875
0 0.7453125 0.11875 0.05625 0.05
0 0.74375 0.2515625 0.103125 0.1234375
0 0.38671875 0.1109375 0.0796875 0.1296875
0 0.78828125 0.08125 0.0765625 0.1015625
0 0.4875 0.4390625 0.109375 0.0875
0 0.96640625 0.1109375 0.065625 0.0765625
0 0.6984375 0.34296875 0.0671875 0.065625
0 0.628125 0.44296875 0.0984375 0.0921875
0 0.4203125 0.35078125 0.115625 0.09375