0 0.92734375 0.28515625 0.125 0.09375
0 0.878125 0.63671875 0.1 0.1171875
0 0.55703125 0.490625 0.1078125 0.1140625
0 0.23125 0.93828125 0.1109375 0.1203125
0 0.75546875 0.1390625 0.109375 0.1171875
0 0.1234375 0.33984375 0.1078125 0.0640625
0 0.0625 0.86484375 0.109375 0.1109375
0 0.23515625 0.43125 0.1 0.1109375
0 0.11953125 0.2890625 0.1265625 0.0875
0 0.72421875 0.68125 0.1125 0.1484375
0 0.8671875 0.15703125 0.121875 0.121875
0 0.05625 0.76640625 0.1125 0.1703125
0 0.67109375 0.07734375 0.2015625 0.1546875
0 0.63671875 0.5171875 0.0875 0.0765625
0 0.4953125 0.92890625 0.140625 0.1390625
0 0.2796875 0.62890625 0.1265625 0.1296875
0 0.05625 0.44609375 0.1125 0.1140625
0 0.2359375 0.19609375 0.109375 0.115625
0 0.63046875 0.63671875 0.1359375 0.1015625
0 0.709375 0.7953125 0.153125 0.1453125
0 0.32265625 0.0484375 0.1015625 0.096875
0 0.39765625 0.05390625 0.1046875 0.1078125
0 0.9484375 0.6515625 0.0640625 0.1125
0 0.4765625 0.06484375 0.0765625 0.0953125
0 0.7046875 0.9078125 0.128125 0.1109375
0 0.55625 0.6953125 0.1046875 0.1375
0 0.1328125 0.815625 0.1234375 0.1578125
0 0.6671875 0.46953125 0.1140625 0.1203125
0 0.16640625 0.66796875 0.1125 0.103125
0 0.91796875 0.84375 0.0734375 0.0875
0 0.47578125 0.45703125 0.0703125 0.084375
0 0.80703125 0.08046875 0.0921875 0.115625
0 0.078125 0.91171875 0.103125 0.0984375
0 0.26953125 0.77890625 0.184375 0.1921875
0 0.61796875 0.415625 0.0875 0.0875
0 0.12109375 0.7203125 0.0765625 0.075
0 0.4234375 0.43984375 0.1 0.134375
0 0.35546875 0.4328125 0.090625 0.1171875
0 0.24453125 0.33359375 0.146875 0.13125
0 0.41796875 0.325 0.115625 0.1125
0 0.58984375 0.0765625 0.090625 0.0953125
0 0.953125 0.21328125 0.090625 0.071875
0 0.9484375 0.12578125 0.1015625 0.1
0 0.5671875 0.57109375 0.1078125 0.109375
0 0.9140625 0.35546875 0.0828125 0.0734375
0 0.35625 0.553125 0.1515625 0.125
0 0.73359375 0.209375 0.11875 0.1140625
0 0.86328125 0.2515625 0.1109375 0.1046875
0 0.57734375 0.78828125 0.1171875 0.1015625
0 0.421875 0.634375 0.18125 0.1828125
0 0.26640625 0.09375 0.0921875 0.146875
0 0.53046875 0.40625 0.1203125 0.084375
0 0.7328125 0.29375 0.10625 0.103125
0 0.09765625 0.1765625 0.1625 0.1234375
0 0.0640625 0.6453125 0.121875 0.1015625
0 0.62421875 0.2328125 0.128125 0.1234375
0 0.85546875 0.7984375 0.0703125 0.0734375
0 0.42578125 0.85234375 0.1578125 0.1703125
0 0.90703125 0.89140625 0.1109375 0.175
0 0.79375 0.62421875 0.0765625 0.0734375
0 0.5265625 0.1484375 0.078125 0.103125
0 0.8203125 0.53828125 0.1046875 0.1171875
0 0.8203125 0.4078125 0.128125 0.1734375
0 0.36875 0.1578125 0.146875 0.1578125
0 0.53515625 0.3375 0.134375 0.103125
0 0.6609375 0.57734375 0.1 0.0875
0 0.83828125 0.71796875 0.15 0.15625
0 0.91796875 0.4296875 0.103125 0.1
0 0.81171875 0.8671875 0.109375 0.1671875
0 0.29140625 0.49296875 0.1125 0.146875
0 0.759375 0.56953125 0.1 0.1
0 0.15078125 0.41015625 0.109375 0.103125
0 0.665625 0.34765625 0.1390625 0.1375
0 0.6171875 0.128125 0.096875 0.1015625
0 0.1734375 0.5375 0.1828125 0.19375
0 0.54453125 0.04921875 0.0828125 0.0984375
0 0.4671875 0.2328125 0.0734375 0.08125
0 0.1640625 0.1125 0.14375 0.1234375
0 0.32421875 0.88203125 0.1 0.146875
0 0.334375 0.3296875 0.06875 0.0640625