0 0.59296875 0.60390625 0.090625 0.0546875
0 0.79140625 0.50859375 0.1453125 0.1125
0 0.13984375 0.2859375 0.084375 0.0546875
0 0.60703125 0.9421875 0.0921875 0.090625
0 0.3078125 0.49609375 0.1 0.1078125
0 0.1421875 0.76875 0.08125 0.09375
0 0.16484375 0.2234375 0.084375 0.0578125
0 0.8765625 0.57265625 0.084375 0.090625
0 0.25703125 0.3421875 0.078125 0.0546875
0 0.31484375 0.584375 0.153125 0.090625
0 0.88671875 0.6796875 0.0875 0.08125
0 0.7734375 0.8109375 0.0953125 0.096875
0 0.13671875 0.15390625 0.0953125 0.0578125
0 0.55546875 0.2609375 0.075 0.096875
0 0.05859375 0.3640625 0.0984375 0.06875
0 0.8921875 0.13515625 0.128125 0.1265625
0 0.61640625 0.23515625 0.0890625 0.0796875
0 0.28125 0.425 0.084375 0.0703125
0 0.9171875 0.90234375 0.0984375 0.1015625
0 0.8140625 0.58515625 0.1078125 0.096875
0 0.5734375 0.78125 0.1375 0.11875
0 0.809375 0.2109375 0.1203125 0.1125
0 0.65625 0.70859375 0.0921875 0.1171875
0 0.421875 0.9125 0.0984375 0.1390625
0 0.89921875 0.39296875 0.0890625 0.103125
0 0.2515625 0.5453125 0.0796875 0.071875
0 0.7328125 0.90625 0.0796875 0.121875
0 0.32265625 0.92109375 0.1109375 0.0984375
0 0.64609375 0.29296875 0.075 0.0890625
0 0.25703125 0.103125 0.0875 0.078125
0 0.77109375 0.6828125 0.08125 0.0890625
0 0.7984375 0.09375 0.1171875 0.103125
0 0.5046875 0.16171875 0.071875 0.096875
0 0.84453125 0.36953125 0.1109375 0.0984375
0 0.421875 0.19140625 0.1203125 0.1265625
0 0.10625 0.53125 0.13125 0.0953125
0 0.153125 0.58984375 0.0953125 0.06875
0 0.3515625 0.34296875 0.065625 0.0765625
0 0.13359375 0.70703125 0.06875 0.0875
0 0.30390625 0.665625 0.1265625 0.08125