0 0.58359375 0.921875 0.1234375 0.1546875
0 0.840625 0.2140625 0.1046875 0.0921875
0 0.8125 0.29375 0.0625 0.08125
0 0.7265625 0.2703125 0.1375 0.1390625
0 0.21171875 0.2515625 0.11875 0.1578125
0 0.12890625 0.6890625 0.1375 0.153125
0 0.2171875 0.82109375 0.0984375 0.103125
0 0.84921875 0.096875 0.0953125 0.115625
0 0.4203125 0.1234375 0.1734375 0.1296875
0 0.31953125 0.1796875 0.1296875 0.1390625
0 0.92734375 0.915625 0.0765625 0.09375
0 0.6875 0.82265625 0.065625 0.0609375
0 0.2375 0.6703125 0.125 0.1109375
0 0.465625 0.30546875 0.1078125 0.0625
0 0.76796875 0.86875 0.1453125 0.134375
0 0.18671875 0.56875 0.15 0.11875
0 0.29453125 0.7359375 0.10625 0.1125
0 0.7734375 0.50625 0.15625 0.125
0 0.24140625 0.10546875 0.1234375 0.11875
0 0.28046875 0.5171875 0.08125 0.08125
0 0.2984375 0.4265625 0.0875 0.096875
0 0.06953125 0.4515625 0.1359375 0.1234375
0 0.73828125 0.67265625 0.1578125 0.1109375
0 0.0703125 0.57890625 0.140625 0.14375
0 0.76484375 0.1265625 0.128125 0.1328125
0 0.12578125 0.8234375 0.1125 0.1171875
0 0.94375 0.3828125 0.103125 0.0890625
0 0.37890625 0.7625 0.1953125 0.18125
0 0.25078125 0.378125 0.071875 0.078125
0 0.74609375 0.40859375 0.1796875 0.1546875
0 0.9375 0.5703125 0.1125 0.1296875
0 0.3453125 0.459375 0.0796875 0.0734375
0 0.43359375 0.234375 0.128125 0.11875
0 0.459375 0.4484375 0.06875 0.0953125
0 0.1796875 0.48671875 0.0984375 0.090625
0 0.3046875 0.3109375 0.146875 0.1421875
0 0.090625 0.115625 0.1515625 0.121875
0 0.3546875 0.88984375 0.153125 0.146875
0 0.20625 0.41875 0.0890625 0.0703125
0 0.3984375 0.34921875 0.1203125 0.11875
0 0.83203125 0.57890625 0.14375 0.1546875
0 0.88671875 0.30703125 0.1171875 0.1265625
0 0.9546875 0.45859375 0.0890625 0.0953125
0 0.896875 0.75703125 0.2046875 0.240625
0 0.9375 0.115625 0.121875 0.153125
0 0.221875 0.8984375 0.134375 0.153125
0 0.1171875 0.2375 0.1265625 0.14375
0 0.6703125 0.95234375 0.0578125 0.0734375
0 0.37421875 0.56796875 0.128125 0.13125
0 0.0921875 0.9078125 0.10625 0.08125
0 0.19375 0.74453125 0.0953125 0.0984375
0 0.5078125 0.38203125 0.096875 0.1171875
0 0.853125 0.40234375 0.0609375 0.0859375
0 0.0515625 0.8484375 0.103125 0.11875
0 0.18046875 0.359375 0.0765625 0.0640625
0 0.05234375 0.76875 0.1046875 0.0828125
0 0.709375 0.7578125 0.1140625 0.0984375