0 0.9046875 0.54140625 0.184375 0.209375
0 0.5859375 0.52734375 0.1421875 0.2328125
0 0.171875 0.0859375 0.2078125 0.171875
0 0.46484375 0.22890625 0.175 0.1859375
0 0.88515625 0.71328125 0.134375 0.13125
0 0.24453125 0.8703125 0.1109375 0.1546875
0 0.490625 0.74609375 0.1671875 0.1953125
0 0.11015625 0.8 0.1890625 0.20625
0 0.19765625 0.69765625 0.23125 0.2421875
0 0.28515625 0.246875 0.203125 0.184375
0 0.54296875 0.13359375 0.16875 0.121875
0 0.1125 0.27265625 0.225 0.278125
0 0.27890625 0.45 0.2890625 0.3140625
0 0.9046875 0.31796875 0.1890625 0.1390625
0 0.85703125 0.13515625 0.1765625 0.2
0 0.3703125 0.80078125 0.2109375 0.2078125
0 0.9546875 0.046875 0.0875 0.0921875
0 0.5859375 0.35859375 0.16875 0.128125
0 0.7921875 0.078125 0.1640625 0.15625
0 0.93828125 0.9484375 0.1234375 0.1015625
0 0.3203125 0.09921875 0.1453125 0.1984375
0 0.80546875 0.82109375 0.0875 0.1296875
0 0.65234375 0.88046875 0.2859375 0.2375
0 0.103125 0.58359375 0.20625 0.24375
0 0.0671875 0.40546875 0.134375 0.171875
0 0.88046875 0.859375 0.1359375 0.1734375
0 0.8421875 0.64453125 0.075 0.06875
0 0.83203125 0.44296875 0.1453125 0.1625
0 0.7421875 0.2421875 0.1484375 0.1890625
0 0.46796875 0.35390625 0.1171875 0.1140625
0 0.6953125 0.66328125 0.2515625 0.23125
0 0.4421875 0.93359375 0.1328125 0.1296875
0 0.53046875 0.06953125 0.1671875 0.1390625
0 0.45859375 0.50625 0.171875 0.221875
0 0.7265625 0.365625 0.1171875 0.1078125
0 0.615625 0.22421875 0.16875 0.1984375
0 0.709375 0.4796875 0.165625 0.1828125