0 0.61015625 0.33203125 0.10625 0.1078125
0 0.03203125 0.7140625 0.0625 0.0765625
0 0.790625 0.73828125 0.1296875 0.121875
0 0.1421875 0.36953125 0.040625 0.0453125
0 0.20546875 0.3890625 0.0875 0.0921875
0 0.3359375 0.8609375 0.1140625 0.109375
0 0.7765625 0.509375 0.084375 0.0640625
0 0.140625 0.03359375 0.0609375 0.059375
0 0.265625 0.0484375 0.103125 0.096875
0 0.94296875 0.93515625 0.1125 0.1296875
0 0.56640625 0.96328125 0.09375 0.071875
0 0.5609375 0.12109375 0.0828125 0.1109375
0 0.90390625 0.80703125 0.0921875 0.13125
0 0.1078125 0.30625 0.13125 0.0671875
0 0.115625 0.62578125 0.0734375 0.0484375
0 0.12421875 0.7765625 0.0859375 0.084375
0 0.071875 0.384375 0.121875 0.078125
0 0.39765625 0.12890625 0.1296875 0.15625
0 0.1484375 0.90859375 0.046875 0.0453125
0 0.6203125 0.08828125 0.0859375 0.13125
0 0.39296875 0.70625 0.0890625 0.1125
0 0.12109375 0.45 0.053125 0.0453125
0 0.2484375 0.10390625 0.0875 0.0875
0 0.54921875 0.2453125 0.1109375 0.10625
0 0.4640625 0.35 0.1015625 0.11875
0 0.25234375 0.828125 0.0875 0.0796875
0 0.5578125 0.37578125 0.0953125 0.10625
0 0.2359375 0.7359375 0.0984375 0.1140625
0 0.32421875 0.721875 0.071875 0.1109375
0 0.71171875 0.3578125 0.1109375 0.109375
0 0.56171875 0.48203125 0.0703125 0.084375
0 0.56640625 0.72890625 0.1625 0.1296875
0 0.3671875 0.3890625 0.115625 0.13125
0 0.25390625 0.27734375 0.0890625 0.090625
0 0.215625 0.15625 0.0953125 0.0921875
0 0.93359375 0.11328125 0.0921875 0.0796875
0 0.059375 0.94375 0.11875 0.1109375
0 0.0359375 0.08359375 0.071875 0.1015625
0 0.49921875 0.90390625 0.0828125 0.10625
0 0.9203125 0.43984375 0.103125 0.0953125
0 0.28046875 0.66640625 0.0421875 0.0515625
0 0.18125 0.0890625 0.0703125 0.078125
0 0.80625 0.95703125 0.125 0.0828125
0 0.10859375 0.7265625 0.096875 0.065625
0 0.04609375 0.65625 0.0921875 0.059375
0 0.04765625 0.58515625 0.0953125 0.1015625
0 0.70546875 0.834375 0.1 0.1140625
0 0.18515625 0.48046875 0.1 0.0765625
0 0.3625 0.26953125 0.13125 0.115625
0 0.68359375 0.92265625 0.1125 0.1125
0 0.65703125 0.7109375 0.090625 0.1203125
0 0.8203125 0.8609375 0.09375 0.1234375
0 0.878125 0.15625 0.0796875 0.090625
0 0.534375 0.56484375 0.09375 0.0828125
0 0.2578125 0.4234375 0.0859375 0.0609375
0 0.26796875 0.55859375 0.0953125 0.1109375
0 0.490625 0.103125 0.0640625 0.075
0 0.31328125 0.79140625 0.03125 0.0359375
0 0.9359375 0.3515625 0.1140625 0.0875
0 0.03828125 0.2421875 0.0765625 0.0875
0 0.83125 0.415625 0.1078125 0.109375
0 0.8421875 0.271875 0.1078125 0.10625
0 0.28046875 0.4703125 0.096875 0.065625
0 0.88828125 0.5828125 0.1171875 0.1171875
0 0.1828125 0.553125 0.071875 0.0578125
0 0.24453125 0.38046875 0.0515625 0.0359375
0 0.771875 0.59453125 0.071875 0.06875
0 0.34453125 0.525 0.08125 0.0796875
0 0.71796875 0.2046875 0.15625 0.1421875
0 0.44921875 0.63203125 0.0578125 0.065625
0 0.68203125 0.5765625 0.1375 0.11875
0 0.096875 0.1578125 0.0796875 0.0921875
0 0.2171875 0.6421875 0.10625 0.1015625
0 0.73359375 0.44296875 0.0859375 0.0796875
0 0.19765625 0.8265625 0.0359375 0.0453125
0 0.0390625 0.4421875 0.078125 0.1125
0 0.62890625 0.478125 0.0890625 0.1
0 0.54765625 0.8 0.1359375 0.121875
0 0.084375 0.03984375 0.0625 0.05
0 0.28046875 0.93203125 0.096875 0.1109375
0 0.1328125 0.66953125 0.0609375 0.0421875