0 0.790625 0.05390625 0.121875 0.1078125
0 0.9328125 0.4625 0.084375 0.09375
0 0.74375 0.2859375 0.1484375 0.1265625
0 0.65625 0.06875 0.0890625 0.1140625
0 0.10546875 0.6828125 0.1453125 0.1234375
0 0.15 0.23125 0.1515625 0.1546875
0 0.81328125 0.12265625 0.0640625 0.059375
0 0.4546875 0.48671875 0.090625 0.0734375
0 0.571875 0.41171875 0.153125 0.0953125
0 0.584375 0.52265625 0.1859375 0.1859375
0 0.67109375 0.18125 0.1125 0.134375
0 0.85625 0.43046875 0.1078125 0.1328125
0 0.71953125 0.6078125 0.171875 0.271875
0 0.3234375 0.23046875 0.1046875 0.0859375
0 0.31875 0.37265625 0.225 0.2546875
0 0.2671875 0.94296875 0.190625 0.1140625
0 0.86640625 0.146875 0.0984375 0.11875
0 0.21328125 0.4859375 0.1375 0.1609375
0 0.77265625 0.1796875 0.1171875 0.1234375
0 0.10703125 0.43359375 0.1171875 0.1515625
0 0.06875 0.1 0.1375 0.1375
0 0.31484375 0.59375 0.13125 0.1109375
0 0.8578125 0.51875 0.109375 0.0703125
0 0.90078125 0.6421875 0.1421875 0.1125
0 0.1203125 0.84453125 0.20625 0.1734375
0 0.046875 0.578125 0.09375 0.1015625
0 0.58671875 0.059375 0.0875 0.11875
0 0.38046875 0.484375 0.06875 0.0640625
0 0.78828125 0.4390625 0.084375 0.09375
0 0.9296875 0.5625 0.1375 0.1265625
0 0.54140625 0.8953125 0.146875 0.1640625
0 0.68359375 0.40390625 0.121875 0.109375
0 0.83671875 0.6578125 0.0875 0.0828125
0 0.57734375 0.221875 0.1078125 0.1234375
0 0.84140625 0.26328125 0.1390625 0.1390625