0 0.45078125 0.5171875 0.0765625 0.103125
0 0.528125 0.54296875 0.10625 0.11875
0 0.11015625 0.47265625 0.0953125 0.05625
0 0.88515625 0.4796875 0.071875 0.075
0 0.4421875 0.44375 0.078125 0.0765625
0 0.2078125 0.49765625 0.0875 0.0875
0 0.95078125 0.39765625 0.0671875 0.0671875
0 0.93046875 0.690625 0.1390625 0.0921875
0 0.14609375 0.86171875 0.0953125 0.084375
0 0.2265625 0.1078125 0.103125 0.0921875
0 0.6703125 0.26640625 0.0640625 0.06875
0 0.04375 0.540625 0.0875 0.078125
0 0.5484375 0.27890625 0.06875 0.071875
0 0.16953125 0.3921875 0.0984375 0.0875
0 0.08125 0.42421875 0.0921875 0.0671875
0 0.734375 0.5203125 0.1609375 0.1484375
0 0.803125 0.3265625 0.0984375 0.071875
0 0.04609375 0.87109375 0.0921875 0.1421875
0 0.5125 0.8796875 0.096875 0.134375
0 0.36953125 0.6859375 0.0453125 0.0515625
0 0.86875 0.31875 0.0671875 0.06875
0 0.065625 0.61328125 0.13125 0.0796875
0 0.1 0.76015625 0.090625 0.0796875
0 0.88125 0.1515625 0.115625 0.084375
0 0.39921875 0.32734375 0.0546875 0.0609375
0 0.36640625 0.8375 0.0515625 0.05625
0 0.3296875 0.71015625 0.0609375 0.071875
0 0.5125 0.425 0.059375 0.0578125
0 0.4453125 0.88125 0.0765625 0.109375
0 0.4359375 0.3484375 0.0625 0.065625
0 0.796875 0.42578125 0.0609375 0.05625
0 0.2875 0.45625 0.0578125 0.06875
0 0.35078125 0.62265625 0.0703125 0.0765625
0 0.2109375 0.56640625 0.0578125 0.071875
0 0.7515625 0.30078125 0.0703125 0.103125
0 0.83984375 0.40234375 0.05 0.059375
0 0.57890625 0.565625 0.0640625 0.078125
0 0.47421875 0.79921875 0.071875 0.075
0 0.49765625 0.47734375 0.04375 0.046875
0 0.634375 0.25390625 0.0421875 0.040625
0 0.3109375 0.20703125 0.0671875 0.059375
0 0.609375 0.53515625 0.0484375 0.05625
0 0.1171875 0.1265625 0.053125 0.0484375
0 0.090625 0.0703125 0.1078125 0.1015625
0 0.3515625 0.45703125 0.09375 0.115625
0 0.171875 0.28359375 0.0875 0.071875
0 0.28125 0.665625 0.09375 0.059375
0 0.2140625 0.71640625 0.0796875 0.05
0 0.1359375 0.93515625 0.0859375 0.0890625
0 0.58828125 0.4671875 0.0984375 0.0953125
0 0.52578125 0.7484375 0.109375 0.075
0 0.8328125 0.2640625 0.103125 0.0765625
0 0.5203125 0.13046875 0.096875 0.1
0 0.3578125 0.753125 0.0609375 0.0375
0 0.1515625 0.21484375 0.1171875 0.0734375
0 0.646875 0.17578125 0.0875 0.0859375
0 0.3859375 0.25703125 0.0796875 0.071875
0 0.4015625 0.95625 0.10625 0.084375
0 0.409375 0.834375 0.059375 0.053125
0 0.584375 0.85546875 0.0953125 0.125
0 0.50078125 0.26953125 0.046875 0.065625
0 0.86640625 0.4421875 0.0609375 0.0609375
0 0.6546875 0.434375 0.1109375 0.1015625
0 0.68125 0.90546875 0.1203125 0.15
0 0.57890625 0.1640625 0.075 0.1
0 0.06328125 0.68828125 0.1265625 0.1234375
0 0.3453125 0.53359375 0.103125 0.084375
0 0.69609375 0.2125 0.06875 0.05625
0 0.2125 0.184375 0.0453125 0.05625
0 0.8578125 0.63203125 0.09375 0.0875
0 0.83125 0.2078125 0.115625 0.0953125
0 0.1703125 0.603125 0.075 0.0703125
0 0.63984375 0.33203125 0.065625 0.06875
0 0.6015625 0.27578125 0.0671875 0.0765625
0 0.2671875 0.5171875 0.09375 0.071875
0 0.075 0.4921875 0.1140625 0.05625
0 0.03671875 0.24453125 0.0734375 0.1
0 0.18359375 0.64296875 0.0828125 0.05625
0 0.9390625 0.4703125 0.05 0.0640625
0 0.5328125 0.9625 0.06875 0.065625
0 0.73046875 0.43203125 0.0546875 0.046875
0 0.396875 0.778125 0.121875 0.084375
0 0.80078125 0.37734375 0.0625 0.0453125
0 0.83671875 0.55703125 0.103125 0.1
0 0.62109375 0.13828125 0.075 0.078125
0 0.2609375 0.2078125 0.0625 0.0609375
0 0.93984375 0.615625 0.11875 0.075
0 0.81484375 0.46796875 0.053125 0.0453125
0 0.1265625 0.1765625 0.1234375 0.065625
0 0.90078125 0.25 0.0765625 0.0859375
0 0.4703125 0.23515625 0.05625 0.0375
0 0.51171875 0.0640625 0.065625 0.05625
0 0.28671875 0.9390625 0.1171875 0.1203125
0 0.87734375 0.38984375 0.0484375 0.046875
0 0.28828125 0.6046875 0.09375 0.0765625
0 0.04765625 0.16171875 0.0859375 0.09375
0 0.4515625 0.196875 0.0734375 0.0828125
0 0.259375 0.5765625 0.0703125 0.071875
0 0.40234375 0.0671875 0.075 0.0609375
0 0.6953125 0.334375 0.0609375 0.059375
0 0.4859375 0.10859375 0.0640625 0.075
0 0.26953125 0.1421875 0.1171875 0.0953125
0 0.14140625 0.5296875 0.0609375 0.0765625
0 0.51796875 0.209375 0.071875 0.071875
0 0.41015625 0.12890625 0.103125 0.0875
0 0.909375 0.5484375 0.0859375 0.096875
0 0.45234375 0.2734375 0.0734375 0.08125
0 0.43046875 0.39453125 0.05 0.040625
0 0.22265625 0.85703125 0.090625 0.096875
0 0.4375 0.6546875 0.1109375 0.1765625
0 0.71328125 0.2671875 0.0453125 0.0484375
0 0.33203125 0.8921875 0.0703125 0.0828125
0 0.178125 0.14765625 0.0671875 0.059375
0 0.3953125 0.59296875 0.0625 0.05
0 0.596875 0.3546875 0.0484375 0.0390625
0 0.0859375 0.553125 0.115625 0.0984375
0 0.26875 0.07734375 0.053125 0.05
0 0.16875 0.0875 0.071875 0.075
0 0.57734375 0.38671875 0.0453125 0.034375
0 0.32265625 0.0796875 0.0796875 0.0828125
0 0.52890625 0.665625 0.1296875 0.1140625
0 0.190625 0.6984375 0.078125 0.0640625
0 0.55390625 0.34375 0.0578125 0.0609375
0 0.3296875 0.25859375 0.040625 0.0328125
0 0.24140625 0.93515625 0.06875 0.0890625
0 0.03125 0.10078125 0.0484375 0.0359375
0 0.915625 0.94375 0.1671875 0.109375
0 0.94140625 0.51875 0.040625 0.05625
0 0.221875 0.04140625 0.053125 0.0609375
0 0.28515625 0.73203125 0.06875 0.08125
0 0.671875 0.375 0.0796875 0.040625
0 0.134375 0.43359375 0.0796875 0.071875
0 0.3640625 0.1875 0.1125 0.09375
0 0.5125 0.32109375 0.0625 0.0578125
0 0.740625 0.38984375 0.059375 0.0515625
0 0.371875 0.72734375 0.05 0.0421875
0 0.91484375 0.415625 0.06875 0.06875
0 0.21875 0.77109375 0.0875 0.075
0 0.24609375 0.26171875 0.071875 0.059375
0 0.10390625 0.27734375 0.0640625 0.08125
0 0.4921875 0.3765625 0.0671875 0.0640625
0 0.37890625 0.896875 0.0640625 0.0765625
0 0.3171875 0.83125 0.0671875 0.084375