0 0.07109375 0.6625 0.1421875 0.165625
0 0.0859375 0.06640625 0.171875 0.1328125
0 0.56171875 0.525 0.33125 0.36875
0 0.70546875 0.8203125 0.18125 0.1734375
0 0.65234375 0.94140625 0.2 0.1140625
0 0.690625 0.6953125 0.2171875 0.1640625
0 0.5609375 0.81640625 0.1453125 0.15625
0 0.61328125 0.26796875 0.234375 0.2125
0 0.90078125 0.0984375 0.134375 0.165625
0 0.1390625 0.3015625 0.278125 0.290625
0 0.10703125 0.5359375 0.2140625 0.1953125
0 0.128125 0.84609375 0.2546875 0.2328125
0 0.87578125 0.75546875 0.209375 0.2265625
0 0.8421875 0.9359375 0.2265625 0.1265625
0 0.82890625 0.375 0.0796875 0.090625
0 0.82578125 0.2328125 0.2078125 0.2078125
0 0.7546875 0.4359375 0.1890625 0.1828125
0 0.20859375 0.67890625 0.2359375 0.2234375
0 0.91328125 0.484375 0.171875 0.1390625
0 0.2578125 0.18984375 0.334375 0.35
0 0.77578125 0.5890625 0.1421875 0.1390625
0 0.9296875 0.3078125 0.134375 0.215625
0 0.5890625 0.0671875 0.1359375 0.134375
0 0.92578125 0.63203125 0.140625 0.1921875
0 0.72578125 0.1078125 0.184375 0.1890625