0 0.5875 0.62578125 0.1734375 0.10625
0 0.06171875 0.578125 0.0984375 0.0828125
0 0.37890625 0.64765625 0.0953125 0.1078125
0 0.95625 0.5203125 0.0671875 0.053125
0 0.5234375 0.80234375 0.121875 0.1203125
0 0.2046875 0.61171875 0.0484375 0.0484375
0 0.4796875 0.66640625 0.08125 0.1109375
0 0.64375 0.828125 0.1234375 0.1375
0 0.20625 0.9359375 0.059375 0.071875
0 0.4453125 0.734375 0.1078125 0.1
0 0.58359375 0.959375 0.0515625 0.04375
0 0.5421875 0.496875 0.1390625 0.11875
0 0.19453125 0.70078125 0.1015625 0.103125
0 0.88046875 0.5328125 0.140625 0.1359375
0 0.93671875 0.11015625 0.125 0.1671875
0 0.5921875 0.71875 0.134375 0.0953125
0 0.290625 0.81171875 0.071875 0.08125
0 0.9484375 0.4046875 0.1 0.1703125
0 0.86875 0.9171875 0.153125 0.146875
0 0.8203125 0.4703125 0.13125 0.0953125
0 0.7515625 0.5609375 0.184375 0.1265625
0 0.303125 0.96875 0.0515625 0.059375
0 0.17421875 0.834375 0.05625 0.0484375
0 0.72578125 0.79453125 0.1328125 0.1546875
0 0.8734375 0.77890625 0.1765625 0.13125
0 0.3546875 0.96875 0.046875 0.0625
0 0.796875 0.6703125 0.1625 0.153125
0 0.14296875 0.81640625 0.05625 0.05
0 0.38828125 0.8375 0.0765625 0.0875
0 0.07578125 0.8640625 0.059375 0.046875