0 0.8640625 0.90390625 0.103125 0.0890625
0 0.78515625 0.8171875 0.1296875 0.11875
0 0.89453125 0.05859375 0.0703125 0.059375
0 0.5109375 0.04921875 0.078125 0.0984375
0 0.71484375 0.43125 0.0875 0.0640625
0 0.4546875 0.86328125 0.0921875 0.1
0 0.4078125 0.80390625 0.1109375 0.146875
0 0.0546875 0.04765625 0.109375 0.0953125
0 0.54375 0.578125 0.0796875 0.090625
0 0.3515625 0.80859375 0.0875 0.121875
0 0.74921875 0.0515625 0.0859375 0.103125
0 0.18515625 0.1515625 0.146875 0.121875
0 0.87421875 0.140625 0.1078125 0.11875
0 0.95546875 0.1171875 0.0875 0.1109375
0 0.36328125 0.053125 0.084375 0.0859375
0 0.6296875 0.6109375 0.128125 0.1171875
0 0.08359375 0.29453125 0.153125 0.1046875
0 0.6234375 0.21640625 0.103125 0.109375
0 0.83359375 0.46484375 0.0578125 0.071875
0 0.56875 0.80625 0.0875 0.0859375
0 0.49375 0.359375 0.1421875 0.1421875
0 0.7421875 0.90390625 0.0796875 0.1046875
0 0.67109375 0.9390625 0.1421875 0.1203125
0 0.571875 0.4515625 0.121875 0.121875
0 0.59921875 0.52734375 0.096875 0.0765625
0 0.1484375 0.2734375 0.1234375 0.109375
0 0.13984375 0.5 0.1171875 0.103125
0 0.9 0.4890625 0.1375 0.1140625
0 0.29296875 0.95859375 0.059375 0.065625
0 0.68828125 0.66875 0.109375 0.09375
0 0.31328125 0.29140625 0.0921875 0.090625
0 0.2640625 0.88359375 0.0953125 0.11875
0 0.5015625 0.74375 0.0953125 0.134375
0 0.13046875 0.396875 0.1296875 0.1078125
0 0.890625 0.3828125 0.1265625 0.11875
0 0.73828125 0.35625 0.075 0.1
0 0.06640625 0.6046875 0.11875 0.1109375
0 0.14765625 0.87890625 0.1140625 0.1109375
0 0.42421875 0.2546875 0.1140625 0.084375
0 0.42109375 0.10859375 0.1109375 0.1015625
0 0.5953125 0.11953125 0.1015625 0.115625
0 0.66796875 0.365625 0.0984375 0.1078125
0 0.71015625 0.60390625 0.0578125 0.05625
0 0.20703125 0.3953125 0.1015625 0.0921875
0 0.6703125 0.05 0.0953125 0.1
0 0.7859375 0.33828125 0.0875 0.1234375
0 0.19921875 0.95546875 0.0828125 0.0875
0 0.64609375 0.29296875 0.08125 0.0609375
0 0.38125 0.35078125 0.0734375 0.078125
0 0.87265625 0.70234375 0.153125 0.14375
0 0.584375 0.7046875 0.1375 0.1421875
0 0.21171875 0.8140625 0.1234375 0.1421875
0 0.778125 0.45078125 0.071875 0.0875
0 0.2578125 0.2578125 0.09375 0.1265625
0 0.4078125 0.4171875 0.1390625 0.1015625
0 0.8875 0.571875 0.13125 0.1046875
0 0.421875 0.509375 0.1390625 0.103125
0 0.81796875 0.934375 0.0984375 0.13125
0 0.2140625 0.06015625 0.1234375 0.1203125
0 0.28515625 0.171875 0.0890625 0.11875
0 0.10859375 0.6640625 0.0875 0.090625
0 0.06640625 0.90703125 0.075 0.071875
0 0.8421875 0.078125 0.04375 0.05
0 0.93828125 0.296875 0.0953125 0.0921875
0 0.31796875 0.76328125 0.10625 0.1328125
0 0.92421875 0.94296875 0.15 0.1125
0 0.6546875 0.47265625 0.0640625 0.0609375
0 0.421875 0.309375 0.06875 0.078125
0 0.8921875 0.8375 0.1328125 0.128125
0 0.053125 0.49140625 0.10625 0.1140625
0 0.04375 0.33359375 0.0875 0.1078125
0 0.53515625 0.92890625 0.090625 0.1171875
0 0.7046875 0.72734375 0.10625 0.075
0 0.165625 0.69609375 0.0671875 0.0734375
0 0.44453125 0.196875 0.10625 0.075
0 0.16015625 0.0796875 0.053125 0.0484375
0 0.8 0.6265625 0.09375 0.090625
0 0.29375 0.36640625 0.115625 0.103125
0 0.34765625 0.1578125 0.0875 0.103125
0 0.45234375 0.94765625 0.096875 0.0984375
0 0.7890625 0.2484375 0.0578125 0.0640625
0 0.371875 0.9375 0.0859375 0.125
0 0.30078125 0.06015625 0.0953125 0.1203125
0 0.64453125 0.80859375 0.109375 0.1140625
0 0.80078125 0.07578125 0.05625 0.08125
0 0.9015625 0.2203125 0.1125 0.0828125
0 0.75390625 0.5453125 0.134375 0.1203125
0 0.85703125 0.3109375 0.08125 0.09375
0 0.21875 0.65625 0.1453125 0.1375
0 0.75703125 0.1390625 0.0953125 0.1078125
0 0.71484375 0.2375 0.109375 0.1359375
0 0.0921875 0.7984375 0.1390625 0.15625
0 0.69921875 0.1328125 0.075 0.0796875