0 0.11328125 0.2015625 0.0859375 0.065625
0 0.49453125 0.3421875 0.0390625 0.0484375
0 0.41015625 0.67890625 0.0984375 0.1109375
0 0.84453125 0.69921875 0.084375 0.075
0 0.66875 0.39375 0.078125 0.0734375
0 0.89609375 0.11015625 0.10625 0.121875
0 0.62734375 0.14375 0.1 0.103125
0 0.77578125 0.55546875 0.096875 0.078125
0 0.0546875 0.9140625 0.1 0.109375
0 0.08515625 0.72265625 0.134375 0.1140625
0 0.39453125 0.26015625 0.0640625 0.0515625
0 0.05 0.61796875 0.0796875 0.071875
0 0.1484375 0.61875 0.134375 0.1
0 0.89765625 0.46484375 0.0484375 0.0515625
0 0.9 0.8046875 0.0765625 0.0859375
0 0.65859375 0.865625 0.0796875 0.103125
0 0.4828125 0.43125 0.0796875 0.0875
0 0.0484375 0.15546875 0.084375 0.0765625
0 0.209375 0.40234375 0.0796875 0.071875
0 0.09765625 0.06328125 0.0703125 0.0734375
0 0.1921875 0.2640625 0.0625 0.0484375
0 0.24453125 0.540625 0.1109375 0.0875
0 0.14296875 0.17109375 0.059375 0.05
0 0.4671875 0.265625 0.0625 0.0765625
0 0.696875 0.6578125 0.103125 0.0796875
0 0.68984375 0.71796875 0.0875 0.0796875
0 0.2875 0.65234375 0.0875 0.1109375
0 0.8265625 0.77578125 0.103125 0.109375
0 0.796875 0.19140625 0.0703125 0.065625
0 0.88046875 0.528125 0.059375 0.053125
0 0.34765625 0.33828125 0.090625 0.1109375
0 0.34296875 0.16328125 0.0796875 0.0765625
0 0.55390625 0.31171875 0.0421875 0.0421875
0 0.6921875 0.18671875 0.05625 0.0640625
0 0.06796875 0.4140625 0.05625 0.0578125
0 0.521875 0.26328125 0.05625 0.071875
0 0.80625 0.48671875 0.0828125 0.075
0 0.82109375 0.2421875 0.090625 0.071875
0 0.14296875 0.509375 0.1078125 0.0921875
0 0.21328125 0.0875 0.05625 0.0734375
0 0.1390625 0.3375 0.05625 0.0703125
0 0.0671875 0.2578125 0.0625 0.05625
0 0.23984375 0.859375 0.1046875 0.09375
0 0.31953125 0.89765625 0.0578125 0.090625
0 0.5953125 0.709375 0.09375 0.0859375
0 0.36796875 0.1078125 0.059375 0.0609375
0 0.30703125 0.209375 0.0703125 0.059375
0 0.221875 0.9359375 0.084375 0.0703125
0 0.6640625 0.2890625 0.0609375 0.065625
0 0.24453125 0.33671875 0.06875 0.0625
0 0.94921875 0.88515625 0.090625 0.0921875
0 0.92578125 0.20625 0.09375 0.071875
0 0.46171875 0.796875 0.090625 0.0734375
0 0.2453125 0.7484375 0.0859375 0.096875
0 0.23671875 0.18359375 0.059375 0.06875
0 0.4828125 0.73828125 0.0953125 0.0796875
0 0.49609375 0.903125 0.1359375 0.140625
0 0.38671875 0.07421875 0.0484375 0.0421875
0 0.803125 0.8765625 0.06875 0.084375
0 0.69453125 0.1375 0.05 0.0578125
0 0.796875 0.59765625 0.059375 0.05625
0 0.2828125 0.421875 0.1140625 0.0953125
0 0.184375 0.78046875 0.103125 0.1328125
0 0.8703125 0.5953125 0.0578125 0.0625
0 0.728125 0.4578125 0.090625 0.0796875
0 0.3296875 0.7625 0.1328125 0.1265625
0 0.6015625 0.76796875 0.0734375 0.0640625
0 0.875 0.3125 0.084375 0.059375
0 0.63828125 0.54375 0.05 0.0546875
0 0.48359375 0.18515625 0.0859375 0.071875
0 0.78671875 0.3703125 0.071875 0.075
0 0.89765625 0.678125 0.084375 0.0703125
0 0.28125 0.11328125 0.0609375 0.0765625
0 0.790625 0.10703125 0.090625 0.0828125
0 0.93359375 0.515625 0.0546875 0.05
0 0.72265625 0.55234375 0.0640625 0.0546875