0 0.6109375 0.08125 0.0390625 0.034375
0 0.4234375 0.1953125 0.053125 0.046875
0 0.1078125 0.15625 0.0296875 0.0296875
0 0.4625 0.16796875 0.0390625 0.0390625
0 0.06796875 0.1578125 0.0546875 0.0515625
0 0.25390625 0.0703125 0.046875 0.0546875
0 0.046875 0.18671875 0.05625 0.0484375
0 0.421875 0.1 0.034375 0.0453125
0 0.9625 0.04765625 0.0734375 0.0625
0 0.8359375 0.09609375 0.0671875 0.071875
0 0.55078125 0.06015625 0.0234375 0.046875
0 0.60234375 0.0390625 0.0421875 0.0484375
0 0.46328125 0.10390625 0.021875 0.0375
0 0.24921875 0.59296875 0.0625 0.053125
0 0.93125 0.3609375 0.078125 0.0703125
0 0.11328125 0.4234375 0.0875 0.0625
0 0.4734375 0.1421875 0.028125 0.0359375
0 0.49375 0.20546875 0.0296875 0.0296875
0 0.0265625 0.03515625 0.04375 0.0375
0 0.50234375 0.1609375 0.03125 0.0609375
0 0.15234375 0.19375 0.0625 0.0484375
0 0.0515625 0.8125 0.059375 0.0640625
0 0.83828125 0.0640625 0.0984375 0.1078125
0 0.66875 0.09140625 0.0515625 0.05625
0 0.81953125 0.05859375 0.0609375 0.090625
0 0.059375 0.0328125 0.0375 0.0328125
0 0.8375 0.2453125 0.075 0.05625