0 0.90859375 0.75625 0.075 0.0828125
0 0.5734375 0.0453125 0.103125 0.0890625
0 0.95546875 0.6046875 0.075 0.059375
0 0.60234375 0.34375 0.075 0.0734375
0 0.14140625 0.28046875 0.146875 0.0859375
0 0.1140625 0.43125 0.1265625 0.053125
0 0.8203125 0.68125 0.109375 0.09375
0 0.96015625 0.528125 0.065625 0.0921875
0 0.803125 0.13671875 0.0921875 0.0734375
0 0.7453125 0.309375 0.1125 0.090625
0 0.7875 0.3984375 0.0921875 0.08125
0 0.9515625 0.11953125 0.0953125 0.0921875
0 0.8359375 0.55859375 0.11875 0.0765625
0 0.4234375 0.91640625 0.053125 0.0796875
0 0.6890625 0.734375 0.1046875 0.0921875
0 0.8890625 0.2078125 0.1109375 0.115625
0 0.371875 0.5765625 0.1125 0.1203125
0 0.4828125 0.1609375 0.06875 0.075
0 0.6984375 0.39375 0.084375 0.084375
0 0.28515625 0.08671875 0.08125 0.1078125
0 0.54296875 0.2046875 0.0609375 0.06875
0 0.5015625 0.32265625 0.0890625 0.084375
0 0.1390625 0.15390625 0.1203125 0.1109375
0 0.5984375 0.275 0.0671875 0.0875
0 0.0375 0.75 0.0578125 0.06875
0 0.4 0.05703125 0.0546875 0.0609375
0 0.84296875 0.15390625 0.1125 0.1078125
0 0.6078125 0.44140625 0.0765625 0.08125
0 0.121875 0.35703125 0.11875 0.0765625
0 0.265625 0.85 0.103125 0.134375
0 0.0921875 0.88828125 0.075 0.0734375
0 0.6859375 0.10703125 0.084375 0.0703125
0 0.35390625 0.1640625 0.0671875 0.1078125
0 0.43046875 0.4421875 0.08125 0.071875
0 0.2015625 0.92734375 0.0796875 0.0984375
0 0.1125 0.71875 0.1359375 0.084375
0 0.8703125 0.0859375 0.0828125 0.0765625
0 0.49140625 0.875 0.059375 0.1171875
0 0.1234375 0.78515625 0.0984375 0.0734375
0 0.2875 0.64375 0.0953125 0.0625
0 0.36953125 0.83828125 0.059375 0.0953125
0 0.74765625 0.221875 0.0828125 0.0765625
0 0.14921875 0.21796875 0.115625 0.08125
0 0.3359375 0.05625 0.0625 0.059375
0 0.18984375 0.7953125 0.115625 0.1203125
0 0.37109375 0.1109375 0.05625 0.0625
0 0.4359375 0.03984375 0.053125 0.0640625
0 0.4328125 0.2515625 0.1046875 0.1046875
0 0.2125 0.640625 0.075 0.084375
0 0.8453125 0.384375 0.084375 0.0609375
0 0.4546875 0.0984375 0.0765625 0.0734375
0 0.0703125 0.47890625 0.140625 0.0671875
0 0.6796875 0.50078125 0.08125 0.0796875
0 0.93671875 0.7328125 0.115625 0.0859375
0 0.9265625 0.3734375 0.0765625 0.06875
0 0.7578125 0.50546875 0.0796875 0.071875
0 0.11953125 0.08125 0.1234375 0.1171875
0 0.1328125 0.66640625 0.1265625 0.0796875
0 0.88828125 0.4765625 0.0796875 0.06875
0 0.8234375 0.26328125 0.0984375 0.065625
0 0.25078125 0.2171875 0.0953125 0.103125
0 0.7 0.18359375 0.0578125 0.0640625
0 0.79609375 0.80859375 0.075 0.06875
0 0.921875 0.05390625 0.1234375 0.1
0 0.421875 0.17890625 0.0609375 0.0546875
0 0.7453125 0.1671875 0.078125 0.071875
0 0.53515625 0.27734375 0.071875 0.0640625
0 0.6765625 0.2640625 0.0828125 0.09375
0 0.821875 0.4578125 0.0828125 0.0734375
0 0.63671875 0.23203125 0.0625 0.05625
0 0.40859375 0.12265625 0.0453125 0.053125
0 0.78671875 0.58125 0.0640625 0.0546875
0 0.209375 0.3328125 0.0953125 0.065625
0 0.55625 0.115625 0.0625 0.0609375
0 0.12109375 0.621875 0.14375 0.09375
0 0.609375 0.1625 0.0828125 0.0921875
0 0.1890625 0.72890625 0.0984375 0.071875
0 0.5234375 0.56875 0.121875 0.0984375