0 0.4953125 0.44921875 0.1046875 0.084375
0 0.7703125 0.15078125 0.0515625 0.0734375
0 0.82578125 0.17265625 0.0578125 0.0625
0 0.303125 0.41640625 0.1421875 0.15
0 0.365625 0.68359375 0.13125 0.1140625
0 0.796875 0.75703125 0.109375 0.0921875
0 0.91328125 0.3296875 0.0921875 0.0796875
0 0.48046875 0.8484375 0.0875 0.146875
0 0.66015625 0.2921875 0.1234375 0.1046875
0 0.58359375 0.57421875 0.1015625 0.1328125
0 0.88046875 0.525 0.1296875 0.084375
0 0.0546875 0.334375 0.109375 0.1546875
0 0.1765625 0.0984375 0.0796875 0.0765625
0 0.91875 0.446875 0.1234375 0.13125
0 0.12734375 0.728125 0.178125 0.1515625
0 0.7296875 0.68203125 0.1625 0.134375
0 0.475 0.71328125 0.1015625 0.1625
0 0.4609375 0.2328125 0.1140625 0.0953125
0 0.7515625 0.48671875 0.1046875 0.121875
0 0.21875 0.6546875 0.1203125 0.125
0 0.36171875 0.9046875 0.1921875 0.1859375
0 0.80390625 0.93046875 0.153125 0.1359375
0 0.48984375 0.37734375 0.090625 0.125
0 0.590625 0.2109375 0.1375 0.15
0 0.0546875 0.509375 0.109375 0.1484375
0 0.16484375 0.4421875 0.13125 0.1734375
0 0.9109375 0.5921875 0.1234375 0.1
0 0.596875 0.80390625 0.1578125 0.159375
0 0.2984375 0.271875 0.10625 0.1078125
0 0.7859375 0.36796875 0.134375 0.125
0 0.275 0.5390625 0.125 0.13125
0 0.47265625 0.11640625 0.134375 0.146875
0 0.6359375 0.0796875 0.1390625 0.1265625
0 0.796875 0.46015625 0.096875 0.103125
0 0.6484375 0.46328125 0.1359375 0.13125
0 0.90703125 0.81484375 0.13125 0.1125
0 0.8078125 0.10546875 0.078125 0.0921875
0 0.57734375 0.94375 0.1 0.1109375
0 0.36875 0.171875 0.090625 0.084375
0 0.8890625 0.1859375 0.0765625 0.075
0 0.10859375 0.20859375 0.0890625 0.1375
0 0.47890625 0.5671875 0.109375 0.121875
0 0.8359375 0.265625 0.08125 0.1109375
0 0.1875 0.30859375 0.1046875 0.0921875
0 0.1 0.91875 0.0875 0.1015625
0 0.265625 0.1265625 0.1015625 0.103125
0 0.88359375 0.69375 0.1 0.1140625
0 0.7703125 0.2671875 0.1 0.1125
0 0.62109375 0.9296875 0.1140625 0.1015625
0 0.06640625 0.084375 0.11875 0.115625
0 0.659375 0.3671875 0.115625 0.0796875
0 0.17578125 0.18046875 0.1078125 0.103125
0 0.92109375 0.05 0.1203125 0.1
0 0.70703125 0.17734375 0.08125 0.11875
0 0.3078125 0.784375 0.1546875 0.109375
0 0.14375 0.8203125 0.1703125 0.109375
0 0.39765625 0.44140625 0.09375 0.1265625