0 0.07109375 0.09453125 0.1234375 0.11875
0 0.10625 0.04609375 0.0953125 0.0921875
0 0.88671875 0.93984375 0.10625 0.11875
0 0.2421875 0.14453125 0.071875 0.0640625
0 0.8203125 0.82109375 0.1109375 0.0921875
0 0.596875 0.21015625 0.1 0.1
0 0.57734375 0.79375 0.059375 0.071875
0 0.078125 0.89765625 0.11875 0.1171875
0 0.47109375 0.5625 0.0765625 0.0828125
0 0.153125 0.7203125 0.096875 0.059375
0 0.39140625 0.55078125 0.1171875 0.11875
0 0.4 0.29296875 0.1140625 0.121875
0 0.478125 0.0875 0.1015625 0.1296875
0 0.64765625 0.7734375 0.1046875 0.103125
0 0.3421875 0.4015625 0.0921875 0.0859375
0 0.88125 0.73046875 0.071875 0.078125
0 0.7 0.12734375 0.090625 0.103125
0 0.09765625 0.44375 0.1 0.0703125
0 0.7796875 0.9515625 0.1109375 0.0953125
0 0.45703125 0.6375 0.084375 0.090625
0 0.8953125 0.2125 0.1328125 0.115625
0 0.08046875 0.28984375 0.071875 0.084375
0 0.77109375 0.71953125 0.1609375 0.14375
0 0.55859375 0.42734375 0.08125 0.0921875
0 0.58515625 0.5703125 0.1015625 0.0984375
0 0.5265625 0.6734375 0.0859375 0.1
0 0.61171875 0.0953125 0.115625 0.1453125
0 0.13671875 0.9296875 0.0640625 0.0890625
0 0.18046875 0.42578125 0.0953125 0.0890625
0 0.46328125 0.95078125 0.0953125 0.096875
0 0.275 0.896875 0.0796875 0.0765625
0 0.24453125 0.2046875 0.1 0.0984375
0 0.1046875 0.825 0.084375 0.06875
0 0.5296875 0.60390625 0.0703125 0.0765625
0 0.165625 0.23203125 0.13125 0.09375
0 0.78359375 0.37890625 0.1109375 0.1328125
0 0.13671875 0.78671875 0.059375 0.071875
0 0.4578125 0.71484375 0.0671875 0.078125
0 0.059375 0.15546875 0.11875 0.1359375
0 0.6234375 0.29609375 0.1109375 0.115625
0 0.14375 0.6671875 0.0890625 0.084375
0 0.7265625 0.63125 0.0796875 0.0921875
0 0.63125 0.6171875 0.121875 0.1109375
0 0.171875 0.16875 0.0828125 0.1109375
0 0.88359375 0.12265625 0.1421875 0.1171875
0 0.6421875 0.403125 0.1171875 0.121875
0 0.68671875 0.27265625 0.0859375 0.1015625
0 0.9203125 0.453125 0.1578125 0.1546875
0 0.559375 0.87890625 0.103125 0.1640625
0 0.9046875 0.35703125 0.1625 0.1296875
0 0.634375 0.70859375 0.075 0.0890625
0 0.1140625 0.4921875 0.1015625 0.06875
0 0.36484375 0.609375 0.10625 0.121875
0 0.828125 0.6 0.165625 0.153125
0 0.43125 0.81484375 0.0859375 0.1359375
0 0.48828125 0.803125 0.08125 0.071875
0 0.51484375 0.35 0.1171875 0.115625
0 0.47578125 0.5 0.090625 0.0828125
0 0.64609375 0.5171875 0.0828125 0.090625
0 0.5234375 0.734375 0.0875 0.0796875
0 0.8203125 0.053125 0.1015625 0.10625
0 0.684375 0.190625 0.0828125 0.0921875
0 0.43046875 0.42109375 0.1171875 0.1390625
0 0.66484375 0.85390625 0.0875 0.075
0 0.20625 0.6359375 0.06875 0.0765625
0 0.89453125 0.65 0.1140625 0.1109375
0 0.7390625 0.05 0.1 0.1
0 0.51328125 0.415625 0.0625 0.0640625
0 0.7328125 0.5390625 0.075 0.084375
0 0.775 0.86484375 0.1171875 0.1265625
0 0.71875 0.34375 0.0859375 0.1
0 0.38984375 0.2046875 0.10625 0.103125
0 0.575 0.6953125 0.071875 0.090625
0 0.75390625 0.1578125 0.075 0.084375
0 0.484375 0.22265625 0.1109375 0.0890625
0 0.6609375 0.94921875 0.13125 0.0984375
0 0.178125 0.07109375 0.1046875 0.115625
0 0.26796875 0.75078125 0.0875 0.1
0 0.0625 0.38515625 0.125 0.1265625
0 0.4921875 0.28671875 0.0671875 0.05625
0 0.753125 0.228125 0.0921875 0.125
0 0.33828125 0.4671875 0.128125 0.0734375
0 0.05390625 0.75859375 0.0921875 0.0921875
0 0.23828125 0.6953125 0.0703125 0.078125
0 0.1859375 0.78125 0.0640625 0.0859375
0 0.56640625 0.51953125 0.0703125 0.0609375
0 0.0625 0.6546875 0.0734375 0.075
0 0.4875 0.86640625 0.0984375 0.1140625
0 0.93046875 0.80546875 0.1234375 0.1515625
0 0.55234375 0.47421875 0.0875 0.0640625
0 0.3484375 0.159375 0.0765625 0.096875
0 0.321875 0.0734375 0.0796875 0.1171875
0 0.409375 0.075 0.10625 0.15
0 0.128125 0.57578125 0.1296875 0.1
0 0.8953125 0.278125 0.1234375 0.103125
0 0.16171875 0.31328125 0.128125 0.103125
0 0.31484375 0.33515625 0.1234375 0.1265625