0 0.9109375 0.4546875 0.1 0.084375
0 0.67109375 0.5765625 0.0828125 0.0921875
0 0.46328125 0.84609375 0.096875 0.0921875
0 0.14453125 0.93359375 0.0875 0.0875
0 0.1515625 0.290625 0.10625 0.11875
0 0.34609375 0.46953125 0.065625 0.0859375
0 0.58828125 0.4046875 0.0828125 0.1
0 0.40390625 0.34375 0.0859375 0.09375
0 0.91171875 0.77890625 0.1078125 0.1234375
0 0.1046875 0.4 0.115625 0.0953125
0 0.64453125 0.28203125 0.0859375 0.13125
0 0.58125 0.29453125 0.06875 0.121875
0 0.21328125 0.2828125 0.0953125 0.1140625
0 0.959375 0.3640625 0.0796875 0.1203125
0 0.46171875 0.0734375 0.09375 0.0984375
0 0.87890625 0.278125 0.0984375 0.11875
0 0.18359375 0.4359375 0.0796875 0.0765625
0 0.321875 0.82890625 0.0953125 0.0953125
0 0.42578125 0.2640625 0.1 0.0953125
0 0.7265625 0.075 0.103125 0.15
0 0.94296875 0.15625 0.1140625 0.1421875
0 0.06796875 0.61015625 0.10625 0.084375
0 0.175 0.184375 0.10625 0.0953125
0 0.828125 0.5765625 0.1078125 0.084375
0 0.17578125 0.8421875 0.1015625 0.1109375
0 0.29609375 0.62265625 0.0859375 0.1203125
0 0.05078125 0.46484375 0.06875 0.0875
0 0.72734375 0.2765625 0.1 0.13125
0 0.3421875 0.3109375 0.090625 0.0921875
0 0.32421875 0.08515625 0.084375 0.0734375
0 0.52421875 0.11953125 0.10625 0.1078125
0 0.2296875 0.0953125 0.1171875 0.125
0 0.15234375 0.11484375 0.071875 0.0828125
0 0.85 0.3890625 0.0765625 0.0546875
0 0.875 0.05078125 0.075 0.1015625
0 0.8359375 0.2140625 0.1140625 0.0890625
0 0.56875 0.76640625 0.0875 0.0765625
0 0.62109375 0.1203125 0.1 0.09375
0 0.38515625 0.84921875 0.065625 0.0890625
0 0.890625 0.3703125 0.065625 0.08125
0 0.1546875 0.56796875 0.1015625 0.1109375
0 0.85859375 0.88984375 0.0890625 0.096875
0 0.43046875 0.65078125 0.0625 0.075
0 0.3421875 0.74140625 0.0828125 0.1296875
0 0.5734375 0.83046875 0.1390625 0.1203125
0 0.8078125 0.8546875 0.06875 0.0984375
0 0.4171875 0.7359375 0.11875 0.159375
0 0.0640625 0.28359375 0.0921875 0.075
0 0.29453125 0.33671875 0.09375 0.1046875
0 0.23984375 0.571875 0.1078125 0.0890625
0 0.82734375 0.14140625 0.1296875 0.109375
0 0.24296875 0.88828125 0.1109375 0.128125
0 0.259375 0.51640625 0.06875 0.0625
0 0.71171875 0.94375 0.090625 0.10625
0 0.603125 0.19453125 0.0953125 0.0875
0 0.66796875 0.06875 0.0796875 0.1171875
0 0.82109375 0.6796875 0.134375 0.1421875
0 0.7296875 0.73203125 0.134375 0.1109375
0 0.7515625 0.60546875 0.1046875 0.09375
0 0.4953125 0.16171875 0.0734375 0.0734375
0 0.709375 0.41015625 0.0828125 0.121875
0 0.95546875 0.66640625 0.0875 0.115625
0 0.3171875 0.1453125 0.0890625 0.10625
0 0.9203125 0.52265625 0.0875 0.0703125
0 0.06484375 0.90859375 0.1078125 0.103125
0 0.06796875 0.33984375 0.090625 0.0640625
0 0.85546875 0.8109375 0.1359375 0.1109375
0 0.665625 0.42265625 0.0890625 0.09375
0 0.13203125 0.75390625 0.1140625 0.0828125
0 0.8 0.05390625 0.096875 0.1078125
0 0.540625 0.21171875 0.046875 0.0609375
0 0.06171875 0.09921875 0.1234375 0.1265625
0 0.48984375 0.75546875 0.071875 0.1125
0 0.54453125 0.684375 0.0828125 0.121875
0 0.57578125 0.05390625 0.134375 0.1078125
0 0.44140625 0.4328125 0.1421875 0.1171875
0 0.78828125 0.43203125 0.075 0.0890625
0 0.4703125 0.58515625 0.0828125 0.0703125
0 0.86171875 0.5 0.0640625 0.071875
0 0.12109375 0.4703125 0.103125 0.0828125
0 0.49609375 0.6390625 0.0921875 0.1109375
0 0.4140625 0.5078125 0.0875 0.0609375
0 0.375 0.6203125 0.0765625 0.0828125
0 0.40625 0.13828125 0.096875 0.11875
0 0.61953125 0.9421875 0.11875 0.115625
0 0.0625 0.20859375 0.125 0.121875
0 0.0625 0.80859375 0.125 0.1265625
0 0.33515625 0.25078125 0.0859375 0.1
0 0.2578125 0.7453125 0.0984375 0.1296875
0 0.47421875 0.52734375 0.071875 0.0671875
0 0.0953125 0.66796875 0.0953125 0.103125
0 0.77890625 0.51328125 0.1 0.0796875
0 0.91015625 0.9078125 0.0671875 0.0921875
0 0.7359375 0.8125 0.109375 0.06875
0 0.42109375 0.90078125 0.1296875 0.1140625
0 0.5296875 0.9421875 0.10625 0.115625
0 0.79921875 0.271875 0.1 0.11875
0 0.259375 0.23515625 0.1046875 0.115625
0 0.84140625 0.4484375 0.0625 0.0640625
0 0.5375 0.478125 0.09375 0.115625
0 0.7375 0.86328125 0.1203125 0.1015625
0 0.64921875 0.4828125 0.0984375 0.0796875
0 0.7046875 0.66484375 0.0984375 0.0734375
0 0.1875 0.6421875 0.134375 0.10625
0 0.4078125 0.5546875 0.0671875 0.0671875
0 0.51875 0.29453125 0.1078125 0.1375
0 0.371875 0.03984375 0.071875 0.0796875
0 0.61328125 0.68125 0.0984375 0.1296875