0 0.2953125 0.19140625 0.1390625 0.125
0 0.46953125 0.48984375 0.096875 0.146875
0 0.58828125 0.6765625 0.11875 0.1234375
0 0.43359375 0.55078125 0.06875 0.0671875
0 0.2875 0.07421875 0.1203125 0.1484375
0 0.665625 0.6046875 0.184375 0.1640625
0 0.94765625 0.6078125 0.103125 0.1296875
0 0.05 0.83828125 0.1 0.1203125
0 0.6390625 0.8640625 0.10625 0.13125
0 0.39765625 0.0453125 0.090625 0.090625
0 0.94765625 0.73125 0.103125 0.0953125
0 0.7015625 0.184375 0.10625 0.1234375
0 0.790625 0.571875 0.0765625 0.1046875
0 0.278125 0.434375 0.1 0.10625
0 0.51171875 0.8421875 0.1390625 0.1375
0 0.06015625 0.94765625 0.1203125 0.103125
0 0.8984375 0.12265625 0.103125 0.0984375
0 0.8171875 0.20859375 0.096875 0.09375
0 0.18203125 0.0828125 0.1109375 0.1265625
0 0.70859375 0.88671875 0.0734375 0.1
0 0.3375 0.5609375 0.1171875 0.11875
0 0.50859375 0.353125 0.1046875 0.1078125
0 0.90390625 0.21328125 0.109375 0.1109375
0 0.13203125 0.8625 0.096875 0.075
0 0.16875 0.78359375 0.13125 0.10625
0 0.7046875 0.31953125 0.15625 0.146875
0 0.509375 0.61015625 0.103125 0.1296875
0 0.53046875 0.484375 0.0859375 0.0921875
0 0.82421875 0.734375 0.15 0.1734375
0 0.06328125 0.05625 0.1265625 0.1125
0 0.4203125 0.07265625 0.096875 0.1109375
0 0.8015625 0.0890625 0.1265625 0.1359375
0 0.06796875 0.22265625 0.0984375 0.0875
0 0.153125 0.9453125 0.1390625 0.109375
0 0.39921875 0.62109375 0.146875 0.0984375
0 0.57734375 0.78828125 0.1609375 0.128125
0 0.45078125 0.2640625 0.121875 0.1328125
0 0.38203125 0.5 0.0625 0.071875
0 0.5203125 0.23515625 0.128125 0.1703125
0 0.321875 0.309375 0.1234375 0.1234375
0 0.24609375 0.8453125 0.1796875 0.140625
0 0.6078125 0.42578125 0.0984375 0.11875
0 0.4390625 0.69296875 0.0921875 0.1
0 0.63515625 0.1203125 0.0828125 0.090625
0 0.87265625 0.07109375 0.078125 0.096875
0 0.48828125 0.05390625 0.1109375 0.1078125
0 0.95 0.1421875 0.0875 0.1
0 0.4390625 0.36328125 0.05625 0.0828125
0 0.771875 0.1859375 0.0625 0.0828125
0 0.40078125 0.39453125 0.1046875 0.1125
0 0.15546875 0.715625 0.134375 0.0984375
0 0.14296875 0.28984375 0.1734375 0.1125
0 0.9359375 0.8421875 0.1265625 0.1453125
0 0.571875 0.07265625 0.10625 0.1453125
0 0.7125 0.7109375 0.109375 0.075
0 0.1046875 0.1375 0.1125 0.115625
0 0.16015625 0.22578125 0.1515625 0.159375
0 0.9125 0.31484375 0.1453125 0.1421875
0 0.08984375 0.66953125 0.134375 0.125
0 0.6765625 0.0515625 0.15 0.103125
0 0.18828125 0.3953125 0.1375 0.1421875