0 0.7875 0.30703125 0.1390625 0.1421875
0 0.753125 0.2359375 0.078125 0.06875
0 0.3734375 0.28671875 0.0796875 0.0765625
0 0.51484375 0.1890625 0.109375 0.15
0 0.31484375 0.13125 0.14375 0.1109375
0 0.4515625 0.30703125 0.0953125 0.0953125
0 0.30625 0.9359375 0.24375 0.1265625
0 0.190625 0.23515625 0.121875 0.0953125
0 0.08359375 0.2828125 0.1515625 0.125
0 0.06484375 0.06953125 0.1296875 0.1234375
0 0.70390625 0.18828125 0.078125 0.103125
0 0.0828125 0.69296875 0.165625 0.1921875
0 0.1484375 0.17109375 0.103125 0.0984375
0 0.52578125 0.76171875 0.134375 0.140625
0 0.63125 0.6890625 0.10625 0.1015625
0 0.865625 0.94375 0.103125 0.1109375
0 0.796875 0.43359375 0.0953125 0.0921875
0 0.184375 0.1046875 0.103125 0.0921875
0 0.434375 0.89375 0.0765625 0.084375
0 0.46328125 0.06015625 0.0734375 0.09375
0 0.35703125 0.20390625 0.075 0.0921875
0 0.5125 0.36953125 0.0703125 0.08125
0 0.6390625 0.284375 0.15 0.1046875
0 0.646875 0.8796875 0.1375 0.18125
0 0.08984375 0.87578125 0.1796875 0.19375
0 0.3203125 0.04609375 0.103125 0.0921875
0 0.05234375 0.1734375 0.1046875 0.1140625
0 0.190625 0.40078125 0.06875 0.0890625
0 0.2640625 0.40078125 0.1015625 0.1046875
0 0.93828125 0.6796875 0.1234375 0.128125
0 0.5328125 0.3109375 0.071875 0.0953125
0 0.08203125 0.4125 0.1265625 0.084375
0 0.05390625 0.3515625 0.1078125 0.06875
0 0.81484375 0.203125 0.134375 0.11875
0 0.1328125 0.440625 0.0921875 0.0828125
0 0.175 0.778125 0.1984375 0.1234375
0 0.25625 0.6890625 0.2015625 0.16875
0 0.64609375 0.09609375 0.134375 0.1234375
0 0.73515625 0.928125 0.109375 0.1421875
0 0.8125 0.74609375 0.209375 0.19375
0 0.6796875 0.39921875 0.1109375 0.1203125
0 0.5875 0.41015625 0.0671875 0.0765625
0 0.63125 0.75703125 0.0671875 0.06875
0 0.44609375 0.4234375 0.1546875 0.1484375
0 0.89140625 0.36796875 0.146875 0.128125
0 0.62421875 0.19765625 0.1078125 0.0875
0 0.4375 0.178125 0.0921875 0.1296875
0 0.709375 0.81171875 0.0828125 0.096875
0 0.25703125 0.1875 0.0828125 0.0890625