0 0.0984375 0.73828125 0.196875 0.1859375
0 0.70390625 0.71796875 0.0984375 0.09375
0 0.40546875 0.57734375 0.0640625 0.0578125
0 0.665625 0.62734375 0.05 0.053125
0 0.703125 0.375 0.0484375 0.053125
0 0.58359375 0.14453125 0.0359375 0.0328125
0 0.41171875 0.2546875 0.0515625 0.0453125
0 0.9390625 0.20703125 0.0890625 0.090625
0 0.04375 0.428125 0.0875 0.165625
0 0.403125 0.4109375 0.0734375 0.084375
0 0.1546875 0.14375 0.0484375 0.0609375
0 0.3359375 0.04296875 0.06875 0.0703125
0 0.44453125 0.18046875 0.08125 0.0875
0 0.2015625 0.1078125 0.053125 0.05
0 0.44140625 0.0203125 0.040625 0.040625
0 0.8421875 0.2421875 0.0671875 0.071875
0 0.31953125 0.0921875 0.0515625 0.075
0 0.54140625 0.06484375 0.0484375 0.0515625
0 0.06640625 0.3109375 0.1328125 0.1421875
0 0.49140625 0.10625 0.0421875 0.0484375
0 0.5515625 0.62890625 0.046875 0.0390625
0 0.565625 0.59921875 0.0453125 0.0390625
0 0.378125 0.3125 0.0578125 0.0640625
0 0.34609375 0.175 0.0453125 0.0484375
0 0.25546875 0.13046875 0.0546875 0.059375
0 0.26640625 0.0625 0.0609375 0.05625
0 0.71171875 0.63125 0.034375 0.0328125
0 0.334375 0.45546875 0.0640625 0.053125
0 0.37890625 0.20078125 0.0328125 0.0265625
0 0.696875 0.41484375 0.028125 0.03125
0 0.36796875 0.2421875 0.0390625 0.0484375
0 0.59765625 0.11328125 0.040625 0.0390625
0 0.61953125 0.3375 0.0484375 0.04375
0 0.1265625 0.17265625 0.0703125 0.084375
0 0.6046875 0.71484375 0.0703125 0.0671875
0 0.7515625 0.33359375 0.06875 0.059375
0 0.75625 0.52890625 0.0421875 0.0453125
0 0.5296875 0.66484375 0.06875 0.071875
0 0.94765625 0.484375 0.0921875 0.078125
0 0.34375 0.21171875 0.03125 0.03125
0 0.3921875 0.7515625 0.071875 0.0765625
0 0.45078125 0.0859375 0.059375 0.0453125
0 0.2578125 0.66484375 0.121875 0.1265625
0 0.396875 0.0828125 0.05 0.084375
0 0.40234375 0.68125 0.0484375 0.059375
0 0.71953125 0.53359375 0.04375 0.05625
0 0.79609375 0.44375 0.053125 0.0578125
0 0.85 0.396875 0.0609375 0.0625
0 0.07265625 0.9390625 0.1359375 0.11875
0 0.509375 0.3921875 0.0515625 0.0515625
0 0.365625 0.49296875 0.053125 0.0546875
0 0.475 0.03515625 0.0421875 0.0421875
0 0.665625 0.3921875 0.046875 0.0453125
0 0.65859375 0.0375 0.0671875 0.075
0 0.7125 0.459375 0.059375 0.0609375
0 0.2828125 0.16171875 0.0703125 0.059375
0 0.77109375 0.17109375 0.071875 0.065625