0 0.8984375 0.946875 0.0546875 0.0546875
0 0.55703125 0.8546875 0.059375 0.0671875
0 0.85625 0.74609375 0.0484375 0.059375
0 0.79921875 0.32890625 0.06875 0.0890625
0 0.0375 0.40625 0.071875 0.096875
0 0.2828125 0.759375 0.075 0.0625
0 0.32421875 0.94765625 0.0421875 0.0453125
0 0.39765625 0.240625 0.075 0.0984375
0 0.61953125 0.85859375 0.090625 0.1171875
0 0.54609375 0.5796875 0.084375 0.075
0 0.0796875 0.4125 0.04375 0.0484375
0 0.32109375 0.821875 0.0625 0.0703125
0 0.29296875 0.609375 0.053125 0.0578125
0 0.4328125 0.84609375 0.0625 0.06875
0 0.74375 0.5296875 0.0578125 0.05625
0 0.1875 0.5046875 0.053125 0.0390625
0 0.50859375 0.63828125 0.0859375 0.125
0 0.8109375 0.0765625 0.05 0.071875
0 0.7578125 0.27109375 0.0359375 0.0359375
0 0.1046875 0.359375 0.0921875 0.0609375
0 0.44453125 0.9015625 0.0640625 0.0609375
0 0.478125 0.95546875 0.06875 0.05625
0 0.215625 0.40078125 0.1234375 0.084375
0 0.42734375 0.35625 0.071875 0.0734375
0 0.5703125 0.415625 0.0671875 0.0765625
0 0.66171875 0.54453125 0.0453125 0.046875
0 0.3671875 0.83828125 0.0625 0.06875
0 0.6859375 0.2859375 0.0796875 0.078125
0 0.82734375 0.90390625 0.0859375 0.0875
0 0.6015625 0.31015625 0.0859375 0.10625
0 0.7734375 0.10703125 0.0609375 0.0875
0 0.1390625 0.30390625 0.0796875 0.09375
0 0.2484375 0.8890625 0.0671875 0.0796875
0 0.16796875 0.596875 0.078125 0.08125
0 0.74453125 0.90703125 0.05625 0.040625
0 0.371875 0.67890625 0.065625 0.078125
0 0.446875 0.71640625 0.065625 0.0453125
0 0.3671875 0.3140625 0.0859375 0.0828125
0 0.55390625 0.79296875 0.059375 0.0671875
0 0.35 0.77734375 0.053125 0.046875
0 0.69765625 0.8984375 0.05625 0.046875
0 0.2171875 0.284375 0.090625 0.109375
0 0.28359375 0.3125 0.071875 0.0796875
0 0.46328125 0.21484375 0.065625 0.0515625
0 0.65625 0.62265625 0.0875 0.109375
0 0.34296875 0.24453125 0.059375 0.071875
0 0.65546875 0.3125 0.046875 0.053125
0 0.88671875 0.878125 0.0796875 0.0921875
0 0.49453125 0.91015625 0.05625 0.08125
0 0.3015625 0.703125 0.0859375 0.084375
0 0.2078125 0.8359375 0.0484375 0.0515625
0 0.10703125 0.8140625 0.0609375 0.05
0 0.43984375 0.0359375 0.1359375 0.071875
0 0.12734375 0.4140625 0.071875 0.0953125
0 0.08515625 0.2390625 0.071875 0.0921875
0 0.78671875 0.2453125 0.053125 0.06875
0 0.678125 0.93828125 0.0640625 0.0484375
0 0.4234375 0.41875 0.0703125 0.0703125
0 0.4375 0.09765625 0.11875 0.1109375
0 0.77734375 0.7984375 0.109375 0.0703125
0 0.04453125 0.17109375 0.0890625 0.103125
0 0.078125 0.1140625 0.0875 0.096875
0 0.8703125 0.346875 0.084375 0.0640625
0 0.83359375 0.5890625 0.059375 0.0609375
0 0.93125 0.26171875 0.0546875 0.0484375
0 0.4828125 0.3546875 0.0640625 0.0828125
0 0.66953125 0.74609375 0.08125 0.0796875
0 0.66328125 0.39453125 0.065625 0.0640625
0 0.73671875 0.32421875 0.059375 0.05625
0 0.37890625 0.73671875 0.06875 0.053125
0 0.25625 0.8109375 0.0875 0.090625
0 0.77734375 0.58046875 0.06875 0.071875
0 0.06484375 0.78671875 0.0703125 0.0546875
0 0.05546875 0.83359375 0.0484375 0.0296875
0 0.19921875 0.46328125 0.0953125 0.0625
0 0.44296875 0.25234375 0.059375 0.0453125
0 0.0421875 0.56875 0.084375 0.090625
0 0.54140625 0.96015625 0.0640625 0.0765625
0 0.4609375 0.78515625 0.0734375 0.065625
0 0.13515625 0.47109375 0.0453125 0.040625
0 0.946875 0.68046875 0.0578125 0.0625
0 0.43203125 0.6625 0.0796875 0.1015625
0 0.72265625 0.375 0.0640625 0.084375
0 0.24375 0.58125 0.0984375 0.1125
0 0.20390625 0.1515625 0.103125 0.125
0 0.70546875 0.17890625 0.103125 0.078125
0 0.76328125 0.69140625 0.065625 0.0578125
0 0.86484375 0.478125 0.1140625 0.096875
0 0.91640625 0.1953125 0.0875 0.075
0 0.93828125 0.603125 0.11875 0.1140625
0 0.54296875 0.70625 0.1109375 0.1078125
0 0.70859375 0.240625 0.0921875 0.065625
0 0.9640625 0.2359375 0.06875 0.06875
0 0.1265625 0.56796875 0.0671875 0.06875
0 0.32734375 0.13046875 0.0859375 0.0625
0 0.14921875 0.23046875 0.0828125 0.0703125
0 0.76015625 0.2078125 0.0359375 0.0328125
0 0.53671875 0.3796875 0.059375 0.05
0 0.415625 0.9375 0.071875 0.0640625
0 0.321875 0.19140625 0.0828125 0.075
0 0.56875 0.47578125 0.075 0.0625
0 0.71484375 0.8578125 0.0703125 0.053125
0 0.60234375 0.75546875 0.0796875 0.1078125
0 0.59453125 0.94453125 0.053125 0.075
0 0.73984375 0.0625 0.0703125 0.084375
0 0.1703125 0.71875 0.075 0.0953125
0 0.6015625 0.65703125 0.06875 0.071875
0 0.89609375 0.0953125 0.109375 0.128125
0 0.65 0.44765625 0.0703125 0.0578125
0 0.8796875 0.2859375 0.1 0.0734375
0 0.853125 0.403125 0.1 0.0625
0 0.34609375 0.9078125 0.0515625 0.075
0 0.3828125 0.88984375 0.059375 0.0609375
0 0.54296875 0.3359375 0.0765625 0.06875
0 0.865625 0.8109375 0.071875 0.059375
0 0.0765625 0.3140625 0.0578125 0.0484375
0 0.521875 0.2109375 0.071875 0.0765625
0 0.9171875 0.42265625 0.05 0.0515625
0 0.60546875 0.54921875 0.0625 0.0671875
0 0.584375 0.6140625 0.0703125 0.06875
0 0.50390625 0.8265625 0.071875 0.090625
0 0.96875 0.4078125 0.0578125 0.0609375
0 0.7921875 0.74453125 0.1 0.0828125
0 0.55703125 0.5265625 0.06875 0.053125
0 0.87578125 0.59375 0.040625 0.059375
0 0.07265625 0.73984375 0.096875 0.065625
0 0.23359375 0.74453125 0.046875 0.0515625
0 0.1921875 0.89765625 0.071875 0.0765625
0 0.29375 0.92421875 0.0453125 0.0515625
0 0.134375 0.14453125 0.053125 0.05625
0 0.446875 0.30703125 0.040625 0.0421875
0 0.43359375 0.7515625 0.06875 0.05
0 0.49921875 0.2640625 0.0703125 0.0703125
0 0.615625 0.41640625 0.040625 0.0484375
0 0.1546875 0.52734375 0.0515625 0.04375
0 0.6296875 0.2265625 0.06875 0.0734375
0 0.08125 0.678125 0.125 0.090625
0 0.96484375 0.2984375 0.0484375 0.046875
0 0.67578125 0.340625 0.05625 0.0453125
0 0.10546875 0.5125 0.0609375 0.0625
0 0.68671875 0.5046875 0.059375 0.0625
0 0.825 0.83671875 0.06875 0.053125
0 0.37578125 0.48984375 0.0453125 0.0484375
0 0.37265625 0.37734375 0.0625 0.0734375
0 0.13203125 0.953125 0.13125 0.090625
0 0.56328125 0.16484375 0.0875 0.084375
0 0.41171875 0.17265625 0.1 0.08125
0 0.74375 0.94765625 0.0578125 0.0515625
0 0.809375 0.65703125 0.115625 0.090625
0 0.68359375 0.69140625 0.0796875 0.071875
0 0.24296875 0.65234375 0.05625 0.04375
0 0.06640625 0.62109375 0.0609375 0.046875
0 0.93671875 0.35 0.059375 0.08125
0 0.34296875 0.625 0.0578125 0.053125
0 0.64453125 0.49921875 0.05 0.0546875
0 0.5109375 0.43125 0.0734375 0.075
0 0.3140625 0.26484375 0.0390625 0.0453125
0 0.8890625 0.6921875 0.0734375 0.0921875