0 0.7421875 0.0921875 0.078125 0.0984375
0 0.5140625 0.68203125 0.0796875 0.071875
0 0.35 0.44375 0.09375 0.078125
0 0.0625 0.53125 0.11875 0.0703125
0 0.66640625 0.871875 0.0765625 0.08125
0 0.16015625 0.35234375 0.1015625 0.1234375
0 0.784375 0.31640625 0.1 0.096875
0 0.7171875 0.25078125 0.09375 0.096875
0 0.484375 0.28828125 0.0609375 0.0671875
0 0.34609375 0.58359375 0.046875 0.0515625
0 0.85390625 0.6796875 0.071875 0.09375
0 0.10859375 0.22734375 0.1109375 0.090625
0 0.490625 0.23359375 0.078125 0.0796875
0 0.80625 0.8125 0.0671875 0.0734375
0 0.45703125 0.9 0.0796875 0.071875
0 0.39140625 0.68046875 0.0609375 0.075
0 0.21953125 0.365625 0.078125 0.1046875
0 0.6453125 0.54765625 0.0671875 0.0546875
0 0.19453125 0.20390625 0.10625 0.09375
0 0.67109375 0.45859375 0.090625 0.0859375
0 0.89765625 0.46171875 0.09375 0.0953125
0 0.05859375 0.93984375 0.1015625 0.0953125
0 0.86484375 0.5296875 0.0875 0.09375
0 0.103125 0.3484375 0.0828125 0.078125
0 0.6375 0.9359375 0.096875 0.09375
0 0.225 0.58046875 0.075 0.075
0 0.5328125 0.8921875 0.1 0.109375
0 0.6 0.88671875 0.090625 0.0921875
0 0.16328125 0.11796875 0.1078125 0.1125
0 0.10625 0.7640625 0.090625 0.096875
0 0.4 0.1890625 0.075 0.0828125
0 0.93984375 0.721875 0.1171875 0.10625
0 0.8265625 0.40234375 0.05625 0.0484375
0 0.915625 0.56640625 0.0546875 0.06875
0 0.92578125 0.1890625 0.103125 0.0921875
0 0.28046875 0.25234375 0.0921875 0.0984375
0 0.4484375 0.4625 0.084375 0.0890625
0 0.721875 0.91953125 0.06875 0.1109375
0 0.63125 0.32578125 0.071875 0.078125
0 0.334375 0.9125 0.05625 0.1
0 0.60703125 0.43046875 0.0671875 0.078125
0 0.353125 0.821875 0.065625 0.090625
0 0.328125 0.7109375 0.096875 0.0984375
0 0.26796875 0.69609375 0.078125 0.0671875
0 0.38125 0.4984375 0.0578125 0.0578125
0 0.0921875 0.615625 0.1 0.075
0 0.3984375 0.9109375 0.0765625 0.1140625
0 0.40625 0.82265625 0.0671875 0.09375
0 0.68984375 0.5828125 0.0609375 0.0828125
0 0.58515625 0.57421875 0.0609375 0.0609375
0 0.5875 0.128125 0.0796875 0.090625
0 0.43359375 0.578125 0.0875 0.103125
0 0.7359375 0.62421875 0.071875 0.08125
0 0.48203125 0.41796875 0.05625 0.0640625
0 0.465625 0.1453125 0.103125 0.10625
0 0.54375 0.79140625 0.0796875 0.0765625
0 0.21953125 0.85859375 0.0875 0.0796875
0 0.40390625 0.6359375 0.0453125 0.03125
0 0.66796875 0.35703125 0.0703125 0.053125
0 0.16015625 0.60234375 0.0984375 0.0875
0 0.665625 0.125 0.071875 0.1046875
0 0.5640625 0.2703125 0.0828125 0.1078125
0 0.81015625 0.2125 0.103125 0.084375
0 0.12890625 0.153125 0.071875 0.0671875
0 0.8296875 0.16484375 0.090625 0.0796875
0 0.18359375 0.74609375 0.096875 0.1109375
0 0.78828125 0.6671875 0.0703125 0.084375
0 0.5515625 0.3921875 0.0765625 0.0875
0 0.6453125 0.796875 0.065625 0.06875
0 0.13671875 0.88984375 0.0875 0.1296875
0 0.50234375 0.63359375 0.05625 0.0578125
0 0.18359375 0.8953125 0.0703125 0.096875
0 0.17265625 0.5171875 0.0921875 0.0875
0 0.321875 0.50859375 0.084375 0.0703125
0 0.7734375 0.39296875 0.084375 0.075
0 0.08671875 0.43671875 0.13125 0.084375
0 0.89296875 0.81015625 0.0984375 0.103125
0 0.55 0.4546875 0.0546875 0.05
0 0.75078125 0.90390625 0.0546875 0.0859375
0 0.18515625 0.68125 0.1 0.1015625
0 0.88671875 0.29375 0.096875 0.1046875
0 0.7828125 0.578125 0.075 0.0640625
0 0.88515625 0.1265625 0.08125 0.084375
0 0.6015625 0.52578125 0.0671875 0.0546875
0 0.284375 0.3859375 0.090625 0.0859375
0 0.25078125 0.640625 0.0734375 0.071875
0 0.53125 0.5890625 0.0796875 0.071875
0 0.32109375 0.19921875 0.0703125 0.0765625
0 0.35859375 0.25625 0.0859375 0.0921875
0 0.44453125 0.35859375 0.084375 0.0875
0 0.334375 0.34453125 0.0796875 0.0671875
0 0.69375 0.6453125 0.084375 0.090625
0 0.46875 0.83203125 0.0703125 0.1015625