0 0.775 0.6796875 0.090625 0.084375
0 0.6859375 0.44375 0.08125 0.0796875
0 0.146875 0.35625 0.090625 0.0703125
0 0.8328125 0.19453125 0.08125 0.0875
0 0.55 0.190625 0.078125 0.0828125
0 0.18828125 0.8140625 0.0796875 0.08125
0 0.165625 0.92265625 0.0453125 0.05625
0 0.803125 0.46484375 0.09375 0.1
0 0.2875 0.28515625 0.090625 0.084375
0 0.46953125 0.37578125 0.0953125 0.075
0 0.2234375 0.15234375 0.0875 0.0828125
0 0.1328125 0.7703125 0.075 0.0640625
0 0.70390625 0.3234375 0.1 0.1015625
0 0.296875 0.5640625 0.09375 0.0953125
0 0.371875 0.82265625 0.0546875 0.078125
0 0.75 0.21640625 0.0640625 0.0640625
0 0.33828125 0.68828125 0.075 0.084375
0 0.64140625 0.696875 0.053125 0.08125
0 0.59765625 0.6859375 0.0734375 0.078125
0 0.05390625 0.0984375 0.0953125 0.06875
0 0.93359375 0.6609375 0.0875 0.0828125
0 0.0859375 0.240625 0.0765625 0.0734375
0 0.71484375 0.82734375 0.090625 0.0875
0 0.871875 0.44140625 0.0515625 0.05625
0 0.921875 0.35703125 0.0765625 0.0625
0 0.2734375 0.9421875 0.0671875 0.071875
0 0.43046875 0.70390625 0.0703125 0.0859375
0 0.375 0.4734375 0.084375 0.0765625
0 0.41640625 0.89296875 0.075 0.09375
0 0.18515625 0.2453125 0.071875 0.0734375
0 0.80859375 0.7859375 0.0640625 0.0734375
0 0.2171875 0.834375 0.059375 0.0640625
0 0.70078125 0.17265625 0.0953125 0.1046875
0 0.7796875 0.2359375 0.08125 0.0859375
0 0.8546875 0.87421875 0.06875 0.0875
0 0.19140625 0.8640625 0.0546875 0.059375
0 0.153125 0.1140625 0.0734375 0.0578125
0 0.8765625 0.73828125 0.0875 0.0609375
0 0.08984375 0.421875 0.0828125 0.071875
0 0.0375 0.225 0.0671875 0.071875
0 0.2640625 0.4359375 0.059375 0.0484375
0 0.78046875 0.3421875 0.0734375 0.0828125
0 0.12734375 0.15390625 0.08125 0.0734375
0 0.5484375 0.12421875 0.0828125 0.078125
0 0.8 0.65078125 0.096875 0.0796875
0 0.2046875 0.4609375 0.08125 0.065625
0 0.17265625 0.1796875 0.075 0.084375
0 0.7734375 0.04375 0.0765625 0.0875
0 0.48046875 0.153125 0.0640625 0.0890625
0 0.115625 0.08046875 0.0640625 0.065625
0 0.9625 0.80625 0.06875 0.0828125
0 0.59296875 0.09609375 0.078125 0.075
0 0.2046875 0.67421875 0.0953125 0.090625
0 0.41328125 0.62109375 0.0640625 0.075
0 0.7984375 0.2875 0.084375 0.0703125
0 0.19296875 0.62578125 0.06875 0.0484375
0 0.3609375 0.5640625 0.0734375 0.0875
0 0.4390625 0.32578125 0.0765625 0.0765625
0 0.09375 0.484375 0.065625 0.05625
0 0.25078125 0.84921875 0.0609375 0.0796875
0 0.79375 0.55703125 0.0921875 0.0671875
0 0.49609375 0.790625 0.0765625 0.0703125
0 0.62578125 0.415625 0.08125 0.084375
0 0.03515625 0.578125 0.0609375 0.053125
0 0.89921875 0.56796875 0.0828125 0.0640625
0 0.35390625 0.92578125 0.096875 0.0984375
0 0.4734375 0.08984375 0.06875 0.0671875
0 0.38984375 0.29140625 0.0640625 0.046875
0 0.828125 0.415625 0.053125 0.0484375
0 0.29609375 0.209375 0.0609375 0.0546875
0 0.71640625 0.40390625 0.0734375 0.075
0 0.2328125 0.21953125 0.078125 0.0796875
0 0.8671875 0.77734375 0.0859375 0.0734375
0 0.165625 0.5765625 0.071875 0.0625
0 0.209375 0.7390625 0.0828125 0.0796875
0 0.7046875 0.06875 0.0734375 0.09375
0 0.7125 0.5234375 0.075 0.0875
0 0.07265625 0.6640625 0.13125 0.1109375
0 0.6390625 0.5296875 0.0921875 0.090625
0 0.87890625 0.1109375 0.103125 0.0984375
0 0.51171875 0.26328125 0.0984375 0.1015625
0 0.5484375 0.38671875 0.06875 0.0640625
0 0.1984375 0.540625 0.0875 0.0828125
0 0.946875 0.053125 0.0875 0.0828125
0 0.61953125 0.0671875 0.0640625 0.0640625
0 0.49140625 0.49296875 0.0984375 0.0921875
0 0.29375 0.7140625 0.0765625 0.0734375
0 0.71796875 0.88984375 0.08125 0.0921875
0 0.64453125 0.1453125 0.0765625 0.084375
0 0.671875 0.5859375 0.0625 0.078125
0 0.1078125 0.51484375 0.06875 0.0640625
0 0.46875 0.0453125 0.078125 0.0671875
0 0.75 0.74140625 0.0875 0.08125
0 0.64375 0.884375 0.1125 0.1296875
0 0.56328125 0.5171875 0.078125 0.09375
0 0.58515625 0.309375 0.109375 0.109375
0 0.703125 0.25703125 0.075 0.0578125
0 0.58828125 0.61171875 0.059375 0.0671875
0 0.03671875 0.15390625 0.0734375 0.0859375
0 0.57109375 0.909375 0.09375 0.090625
0 0.3203125 0.2375 0.075 0.059375
0 0.11171875 0.8015625 0.05625 0.0578125
0 0.8734375 0.63046875 0.0609375 0.0671875
0 0.41796875 0.79140625 0.0640625 0.075
0 0.3390625 0.76796875 0.096875 0.0828125
0 0.93125 0.41484375 0.0703125 0.0703125
0 0.784375 0.86875 0.0953125 0.125
0 0.2640625 0.390625 0.0625 0.0578125
0 0.44140625 0.94453125 0.075 0.0765625
0 0.878125 0.384375 0.078125 0.0734375
0 0.48125 0.721875 0.0671875 0.0640625
0 0.14140625 0.5421875 0.05 0.0421875
0 0.39921875 0.11328125 0.1015625 0.090625
0 0.87734375 0.271875 0.0796875 0.084375
0 0.4671875 0.621875 0.0796875 0.096875
0 0.30859375 0.08125 0.075 0.06875
0 0.04453125 0.52109375 0.0890625 0.0921875
0 0.83359375 0.096875 0.065625 0.0734375
0 0.5375 0.6453125 0.084375 0.1203125
0 0.81171875 0.60703125 0.09375 0.071875
0 0.5546875 0.834375 0.103125 0.1
0 0.51484375 0.565625 0.0703125 0.078125
0 0.94296875 0.3125 0.1078125 0.06875
0 0.525 0.75625 0.05625 0.071875
0 0.88203125 0.50703125 0.078125 0.0703125
0 0.12734375 0.2140625 0.06875 0.065625
0 0.0921875 0.3609375 0.0890625 0.0796875
0 0.89375 0.04921875 0.0671875 0.065625
0 0.4296875 0.28125 0.053125 0.0546875
0 0.9125 0.23359375 0.0859375 0.0875
0 0.31484375 0.88671875 0.0671875 0.0734375
0 0.2515625 0.06953125 0.0796875 0.084375
0 0.959375 0.9171875 0.0796875 0.0984375
0 0.41875 0.56328125 0.075 0.0734375
0 0.9390625 0.725 0.0765625 0.0671875
0 0.709375 0.7046875 0.1046875 0.0921875