0 0.93828125 0.828125 0.1203125 0.1578125
0 0.634375 0.6625 0.2203125 0.15625
0 0.0953125 0.79140625 0.146875 0.171875
0 0.91484375 0.56640625 0.165625 0.1625
0 0.37265625 0.1078125 0.290625 0.215625
0 0.5328125 0.25546875 0.1859375 0.1515625
0 0.67890625 0.37109375 0.1296875 0.1546875
0 0.19140625 0.69921875 0.1859375 0.2109375
0 0.3109375 0.66875 0.1859375 0.1953125
0 0.47578125 0.55546875 0.190625 0.2109375
0 0.0796875 0.6015625 0.1296875 0.109375
0 0.81328125 0.39453125 0.20625 0.2921875
0 0.5546875 0.490625 0.1390625 0.1140625
0 0.44609375 0.31875 0.146875 0.1859375
0 0.23046875 0.9171875 0.178125 0.165625
0 0.86640625 0.92421875 0.2640625 0.146875
0 0.19375 0.8484375 0.1390625 0.11875
0 0.9140625 0.25625 0.140625 0.13125
0 0.909375 0.4703125 0.1109375 0.096875
0 0.896875 0.1125 0.20625 0.225
0 0.63359375 0.0828125 0.2109375 0.165625
0 0.771875 0.81328125 0.2 0.240625
0 0.6 0.8078125 0.2484375 0.284375
0 0.9234375 0.71171875 0.15 0.1734375
0 0.30859375 0.4984375 0.18125 0.1625
0 0.53671875 0.39609375 0.209375 0.178125
0 0.13984375 0.28203125 0.2796875 0.2484375
0 0.3984375 0.79296875 0.1703125 0.190625
0 0.6796875 0.2640625 0.1765625 0.1546875
0 0.8046875 0.6703125 0.1453125 0.1296875
0 0.090625 0.91796875 0.18125 0.1625
0 0.715625 0.16171875 0.196875 0.1640625
0 0.2796875 0.38984375 0.2203125 0.1953125
0 0.07578125 0.490625 0.11875 0.1671875
0 0.93203125 0.3796875 0.11875 0.1171875
0 0.68203125 0.53984375 0.2203125 0.203125
0 0.1734375 0.49609375 0.134375 0.2046875