0 0.0421875 0.45 0.084375 0.0859375
0 0.03828125 0.2984375 0.0765625 0.121875
0 0.74765625 0.7515625 0.0671875 0.05625
0 0.25546875 0.4078125 0.0640625 0.0609375
0 0.740625 0.325 0.0359375 0.0359375
0 0.73671875 0.57265625 0.0546875 0.05625
0 0.6421875 0.32109375 0.0703125 0.0703125
0 0.56328125 0.3515625 0.053125 0.071875
0 0.1421875 0.88984375 0.078125 0.06875
0 0.6953125 0.8984375 0.059375 0.0484375
0 0.49453125 0.38359375 0.05 0.065625
0 0.2734375 0.921875 0.059375 0.09375
0 0.39140625 0.3515625 0.0546875 0.053125
0 0.390625 0.23046875 0.0609375 0.0734375
0 0.3296875 0.04375 0.0765625 0.0875
0 0.12578125 0.2 0.128125 0.115625
0 0.55859375 0.29609375 0.0640625 0.0546875
0 0.965625 0.43125 0.065625 0.0796875
0 0.62734375 0.7515625 0.084375 0.0875
0 0.45859375 0.21953125 0.078125 0.0875
0 0.81953125 0.2390625 0.09375 0.0875
0 0.43828125 0.3953125 0.053125 0.0625
0 0.70078125 0.3375 0.0421875 0.06875
0 0.62890625 0.52890625 0.05625 0.0671875
0 0.925 0.37734375 0.084375 0.05625
0 0.303125 0.15 0.0484375 0.0640625
0 0.55625 0.7578125 0.0578125 0.071875
0 0.36640625 0.67578125 0.0953125 0.0953125
0 0.88203125 0.14375 0.0734375 0.090625
0 0.4578125 0.596875 0.096875 0.0875
0 0.22890625 0.7734375 0.025 0.040625
0 0.865625 0.27734375 0.0765625 0.0734375
0 0.75625 0.25625 0.075 0.071875
0 0.19140625 0.78125 0.0484375 0.0484375
0 0.80390625 0.15546875 0.0734375 0.075
0 0.4578125 0.34765625 0.05 0.05625
0 0.40625 0.06875 0.0484375 0.084375
0 0.28203125 0.8015625 0.0515625 0.0765625
0 0.33125 0.434375 0.0453125 0.0515625
0 0.06640625 0.540625 0.1328125 0.10625
0 0.8109375 0.92109375 0.075 0.08125
0 0.434375 0.16171875 0.0890625 0.0703125
0 0.09765625 0.69140625 0.09375 0.1078125
0 0.659375 0.11171875 0.0421875 0.053125
0 0.52890625 0.14609375 0.0625 0.0671875
0 0.5015625 0.6671875 0.0703125 0.078125
0 0.3328125 0.76953125 0.0859375 0.0796875
0 0.65234375 0.6625 0.0515625 0.0578125
0 0.22734375 0.7265625 0.071875 0.0609375
0 0.603125 0.1078125 0.0625 0.08125
0 0.471875 0.7375 0.065625 0.084375
0 0.753125 0.96171875 0.1078125 0.0734375
0 0.37109375 0.9171875 0.0640625 0.0609375
0 0.95234375 0.31171875 0.09375 0.0546875
0 0.71640625 0.11640625 0.05 0.0546875
0 0.7625 0.15 0.0765625 0.09375
0 0.7125 0.80390625 0.0484375 0.0578125
0 0.365625 0.85625 0.053125 0.0609375
0 0.54375 0.8828125 0.05625 0.0546875
0 0.82421875 0.3921875 0.1015625 0.0953125
0 0.7515625 0.36484375 0.0421875 0.0359375
0 0.90625 0.44375 0.0625 0.0671875
0 0.84921875 0.03671875 0.065625 0.0734375
0 0.90703125 0.06875 0.084375 0.090625
0 0.31328125 0.846875 0.046875 0.084375
0 0.8921875 0.7265625 0.0984375 0.090625
0 0.65625 0.040625 0.10625 0.08125
0 0.20859375 0.9015625 0.071875 0.0796875
0 0.590625 0.41640625 0.0578125 0.06875
0 0.04375 0.6609375 0.0875 0.10625
0 0.22421875 0.82421875 0.053125 0.06875
0 0.9578125 0.209375 0.0796875 0.0765625
0 0.41953125 0.48515625 0.0671875 0.053125
0 0.50234375 0.3234375 0.0765625 0.0796875
0 0.578125 0.6640625 0.0640625 0.0703125
0 0.72890625 0.0703125 0.0484375 0.04375
0 0.16875 0.82421875 0.0484375 0.0671875
0 0.85234375 0.76171875 0.0875 0.1015625
0 0.1234375 0.61875 0.0578125 0.0546875
0 0.3609375 0.4015625 0.0515625 0.046875
0 0.7265625 0.46875 0.0640625 0.065625
0 0.82421875 0.83671875 0.0828125 0.0875
0 0.7921875 0.31484375 0.078125 0.0875
0 0.1046875 0.290625 0.11875 0.0921875
0 0.55078125 0.0546875 0.0671875 0.109375
0 0.23828125 0.5421875 0.0734375 0.065625
0 0.6265625 0.925 0.059375 0.059375
0 0.43359375 0.434375 0.0609375 0.0484375
0 0.80703125 0.653125 0.0609375 0.059375
0 0.3015625 0.5453125 0.0625 0.059375
0 0.34375 0.253125 0.084375 0.0984375
0 0.53671875 0.54453125 0.0640625 0.0609375
0 0.271875 0.690625 0.0953125 0.0734375