0 0.7703125 0.92109375 0.171875 0.15625
0 0.66640625 0.1984375 0.1765625 0.20625
0 0.2703125 0.2859375 0.1453125 0.1625
0 0.2921875 0.6609375 0.215625 0.2546875
0 0.07578125 0.71171875 0.1515625 0.1578125
0 0.396875 0.3140625 0.1578125 0.196875
0 0.21875 0.43125 0.23125 0.2328125
0 0.7984375 0.63125 0.221875 0.2578125
0 0.0796875 0.5015625 0.159375 0.1890625
0 0.63984375 0.65 0.1890625 0.2046875
0 0.82578125 0.46953125 0.196875 0.175
0 0.95390625 0.615625 0.0921875 0.121875
0 0.7125 0.85234375 0.1375 0.1421875
0 0.51875 0.4140625 0.153125 0.1734375
0 0.4125 0.571875 0.153125 0.1578125
0 0.390625 0.46640625 0.115625 0.115625
0 0.321875 0.14921875 0.153125 0.15625
0 0.421875 0.7734375 0.16875 0.159375
0 0.66953125 0.378125 0.1609375 0.1828125
0 0.7484375 0.2859375 0.1078125 0.1546875
0 0.13203125 0.6171875 0.209375 0.2234375
0 0.87734375 0.11015625 0.24375 0.2203125
0 0.61328125 0.815625 0.1890625 0.1734375
0 0.5046875 0.21796875 0.2109375 0.215625
0 0.19375 0.115625 0.190625 0.23125