0 0.065625 0.76328125 0.0734375 0.0671875
0 0.85859375 0.4421875 0.071875 0.0578125
0 0.875 0.1078125 0.1328125 0.1328125
0 0.6390625 0.28359375 0.0375 0.0453125
0 0.93359375 0.71640625 0.08125 0.078125
0 0.659375 0.0453125 0.04375 0.08125
0 0.5640625 0.240625 0.046875 0.05625
0 0.13359375 0.66796875 0.05 0.0484375
0 0.3171875 0.36015625 0.046875 0.0515625
0 0.2234375 0.73125 0.0609375 0.06875
0 0.2109375 0.5015625 0.0671875 0.0515625
0 0.0375 0.3515625 0.071875 0.0796875
0 0.321875 0.7125 0.0609375 0.0546875
0 0.06796875 0.44296875 0.071875 0.06875
0 0.0875 0.828125 0.0859375 0.0875
0 0.0546875 0.1546875 0.05625 0.0484375
0 0.42265625 0.87265625 0.05 0.05
0 0.69140625 0.66875 0.065625 0.0671875
0 0.321875 0.31328125 0.046875 0.0390625
0 0.090625 0.6859375 0.0515625 0.046875
0 0.22734375 0.83203125 0.05625 0.053125
0 0.78515625 0.04453125 0.10625 0.0890625
0 0.9546875 0.521875 0.0734375 0.0671875
0 0.5515625 0.8796875 0.0671875 0.05625
0 0.69140625 0.42578125 0.0875 0.0640625
0 0.55078125 0.66875 0.0875 0.084375
0 0.85390625 0.3921875 0.096875 0.084375
0 0.8578125 0.81015625 0.0578125 0.05625
0 0.34453125 0.63125 0.0734375 0.0671875
0 0.74453125 0.86015625 0.059375 0.090625
0 0.12265625 0.4625 0.0671875 0.0734375
0 0.10546875 0.128125 0.078125 0.0796875
0 0.89453125 0.87421875 0.0984375 0.0953125
0 0.91484375 0.771875 0.0484375 0.0546875
0 0.34140625 0.921875 0.0421875 0.075
0 0.39453125 0.4234375 0.0734375 0.0671875
0 0.10390625 0.60859375 0.071875 0.0546875
0 0.78515625 0.84765625 0.0796875 0.096875
0 0.80703125 0.903125 0.059375 0.059375
0 0.51484375 0.909375 0.046875 0.05
0 0.8609375 0.528125 0.084375 0.0578125
0 0.2109375 0.17578125 0.0609375 0.0671875
0 0.59375 0.865625 0.0453125 0.05
0 0.43515625 0.159375 0.125 0.125
0 0.71484375 0.70625 0.078125 0.075
0 0.896875 0.81875 0.0484375 0.05625
0 0.5640625 0.5765625 0.0875 0.0859375
0 0.39453125 0.671875 0.05625 0.071875
0 0.2140625 0.3765625 0.0640625 0.0484375
0 0.11953125 0.5609375 0.0484375 0.0546875
0 0.81328125 0.07265625 0.0796875 0.084375
0 0.03515625 0.55078125 0.0703125 0.0578125
0 0.7875 0.48359375 0.0609375 0.065625
0 0.59296875 0.315625 0.059375 0.0671875
0 0.446875 0.47265625 0.0875 0.0796875
0 0.67890625 0.14921875 0.0515625 0.0578125
0 0.19609375 0.78125 0.040625 0.0421875
0 0.196875 0.61953125 0.05625 0.0421875
0 0.79921875 0.1984375 0.0703125 0.0765625
0 0.79609375 0.76171875 0.05625 0.071875
0 0.74453125 0.4546875 0.0640625 0.0640625
0 0.4890625 0.66328125 0.059375 0.059375
0 0.86171875 0.2203125 0.1015625 0.11875
0 0.61328125 0.803125 0.046875 0.0484375
0 0.31640625 0.428125 0.0515625 0.0578125
0 0.34140625 0.4875 0.071875 0.0578125
0 0.8171875 0.35 0.06875 0.065625
0 0.484375 0.9671875 0.0375 0.0484375
0 0.5953125 0.375 0.0578125 0.0578125
0 0.68359375 0.475 0.0984375 0.0640625
0 0.43828125 0.9 0.0375 0.0453125
0 0.64375 0.3484375 0.0515625 0.0546875
0 0.8390625 0.8859375 0.053125 0.059375
0 0.74765625 0.61875 0.0640625 0.0703125
0 0.56796875 0.815625 0.0765625 0.0875
0 0.63125 0.9421875 0.0609375 0.078125
0 0.66015625 0.62421875 0.0703125 0.065625
0 0.6171875 0.6015625 0.0578125 0.0796875
0 0.91953125 0.225 0.071875 0.0828125
0 0.390625 0.2859375 0.0546875 0.0546875
0 0.8453125 0.771875 0.0703125 0.05625
0 0.48203125 0.80390625 0.0609375 0.0609375
0 0.775 0.38203125 0.0734375 0.08125
0 0.62421875 0.1484375 0.06875 0.065625
0 0.2703125 0.32109375 0.0375 0.0390625
0 0.953125 0.584375 0.08125 0.0484375
0 0.24765625 0.26953125 0.040625 0.04375
0 0.09140625 0.35546875 0.0625 0.0640625
0 0.5859375 0.759375 0.0640625 0.059375
0 0.5453125 0.19453125 0.065625 0.08125
0 0.75703125 0.746875 0.0671875 0.078125
0 0.846875 0.71484375 0.0859375 0.08125
0 0.2296875 0.67109375 0.0609375 0.05625
0 0.2171875 0.921875 0.0609375 0.0765625
0 0.6671875 0.89921875 0.0953125 0.10625
0 0.709375 0.2015625 0.071875 0.0671875
0 0.93828125 0.425 0.090625 0.0875
0 0.303125 0.54375 0.078125 0.075
0 0.86875 0.48828125 0.0921875 0.06875
0 0.87578125 0.3140625 0.0875 0.0875
0 0.66171875 0.7671875 0.053125 0.0578125
0 0.6234375 0.5328125 0.0828125 0.06875
0 0.52265625 0.46328125 0.053125 0.059375
0 0.384375 0.04453125 0.071875 0.075
0 0.18515625 0.28203125 0.0671875 0.065625
0 0.1890625 0.4234375 0.059375 0.059375
0 0.740625 0.23203125 0.059375 0.059375
0 0.2671875 0.73046875 0.0390625 0.0640625
0 0.9546875 0.04765625 0.06875 0.0859375
0 0.94375 0.34296875 0.0921875 0.0921875
0 0.615625 0.21015625 0.0875 0.06875
0 0.4703125 0.75859375 0.0640625 0.075
0 0.62265625 0.6875 0.065625 0.078125
0 0.259375 0.4703125 0.0484375 0.0453125
0 0.04765625 0.61171875 0.0734375 0.0640625
0 0.80390625 0.60625 0.09375 0.084375
0 0.5375 0.15234375 0.0484375 0.046875
0 0.38515625 0.51875 0.053125 0.053125
0 0.70078125 0.0546875 0.071875 0.0953125