0 0.915625 0.796875 0.1015625 0.096875
0 0.32578125 0.903125 0.0953125 0.1328125
0 0.4171875 0.66015625 0.1578125 0.1671875
0 0.2953125 0.4375 0.1140625 0.1171875
0 0.64765625 0.04921875 0.1390625 0.0984375
0 0.740625 0.1953125 0.1140625 0.125
0 0.2671875 0.84609375 0.05 0.0875
0 0.7203125 0.89609375 0.0796875 0.0875
0 0.81484375 0.73984375 0.1078125 0.1296875
0 0.878125 0.60546875 0.1109375 0.1078125
0 0.653125 0.6125 0.0671875 0.065625
0 0.83515625 0.28671875 0.1171875 0.134375
0 0.87578125 0.890625 0.1078125 0.146875
0 0.35859375 0.5078125 0.0953125 0.1
0 0.04609375 0.75234375 0.08125 0.0921875
0 0.58046875 0.16484375 0.1578125 0.1546875
0 0.13515625 0.475 0.1046875 0.115625
0 0.74453125 0.55390625 0.084375 0.0828125
0 0.56640625 0.34609375 0.15 0.1265625
0 0.2 0.43359375 0.0953125 0.1015625
0 0.5234375 0.55703125 0.071875 0.075
0 0.11875 0.26875 0.0984375 0.1046875
0 0.73515625 0.34375 0.146875 0.1546875
0 0.390625 0.24375 0.0953125 0.1421875
0 0.75703125 0.73671875 0.06875 0.0828125
0 0.3140625 0.7921875 0.1140625 0.1359375
0 0.821875 0.55703125 0.0828125 0.1109375
0 0.6359375 0.884375 0.0828125 0.1828125
0 0.553125 0.6578125 0.1125 0.10625
0 0.23359375 0.55078125 0.096875 0.1015625
0 0.1609375 0.8453125 0.10625 0.0984375
0 0.83203125 0.4484375 0.0953125 0.0875
0 0.1015625 0.06875 0.1328125 0.1375
0 0.12265625 0.67421875 0.140625 0.13125
0 0.3328125 0.5953125 0.075 0.0859375
0 0.8734375 0.15546875 0.18125 0.1578125
0 0.1234375 0.5859375 0.0953125 0.0765625
0 0.47109375 0.80234375 0.13125 0.1546875
0 0.440625 0.5203125 0.1109375 0.1125
0 0.1828125 0.0625 0.0890625 0.109375
0 0.790625 0.90859375 0.109375 0.1140625
0 0.71484375 0.4625 0.1109375 0.103125
0 0.23046875 0.83203125 0.0765625 0.0953125
0 0.26171875 0.0765625 0.0984375 0.134375
0 0.1484375 0.74375 0.0875 0.065625
0 0.565625 0.79609375 0.06875 0.075
0 0.15390625 0.78046875 0.0625 0.05
0 0.05390625 0.1234375 0.1078125 0.128125
0 0.065625 0.52265625 0.09375 0.1171875
0 0.678125 0.6953125 0.103125 0.1015625
0 0.55390625 0.4484375 0.071875 0.0703125
0 0.190625 0.34375 0.140625 0.1109375
0 0.421875 0.07734375 0.1171875 0.13125
0 0.4484375 0.4078125 0.1171875 0.1171875