0 0.5484375 0.67734375 0.046875 0.0515625
0 0.8828125 0.76484375 0.0734375 0.0609375
0 0.18515625 0.271875 0.0640625 0.0515625
0 0.5515625 0.39765625 0.05625 0.0515625
0 0.90546875 0.75625 0.115625 0.071875
0 0.2484375 0.58984375 0.1390625 0.146875
0 0.33359375 0.10234375 0.05625 0.0578125
0 0.91484375 0.2203125 0.0765625 0.075
0 0.67109375 0.2453125 0.059375 0.0609375
0 0.0859375 0.86796875 0.0875 0.1
0 0.62265625 0.275 0.0578125 0.0609375
0 0.51015625 0.22265625 0.146875 0.175
0 0.13828125 0.66875 0.0484375 0.0484375
0 0.7171875 0.3296875 0.059375 0.0640625
0 0.65859375 0.66796875 0.1046875 0.0671875
0 0.7515625 0.4625 0.06875 0.04375
0 0.39453125 0.9125 0.2046875 0.1734375
0 0.30625 0.71484375 0.1140625 0.134375
0 0.7546875 0.7984375 0.0515625 0.05
0 0.13984375 0.54609375 0.075 0.08125
0 0.94296875 0.16875 0.0578125 0.0453125
0 0.1 0.63046875 0.0453125 0.0359375
0 0.23203125 0.1171875 0.0703125 0.0828125
0 0.61328125 0.4609375 0.05 0.0640625
0 0.740625 0.63515625 0.075 0.0484375
0 0.603125 0.58828125 0.0546875 0.05625
0 0.5015625 0.43984375 0.096875 0.0734375
0 0.1234375 0.19296875 0.05 0.04375
0 0.7046875 0.38125 0.046875 0.0453125
0 0.8484375 0.3046875 0.0734375 0.071875
0 0.84140625 0.215625 0.0671875 0.06875
0 0.171875 0.11953125 0.040625 0.0453125
0 0.79375 0.865625 0.0609375 0.115625
0 0.2421875 0.21875 0.04375 0.05625
0 0.13046875 0.16640625 0.059375 0.040625
0 0.625 0.36640625 0.0375 0.0421875
0 0.9421875 0.83203125 0.0875 0.05625
0 0.08203125 0.315625 0.071875 0.075
0 0.8953125 0.5484375 0.08125 0.0578125
0 0.70546875 0.271875 0.040625 0.04375
0 0.6609375 0.33125 0.0484375 0.046875
0 0.2375 0.87421875 0.0859375 0.0765625
0 0.25390625 0.39609375 0.0953125 0.1
0 0.68359375 0.909375 0.0484375 0.0734375
0 0.384375 0.51796875 0.15 0.084375
0 0.81171875 0.8390625 0.0421875 0.078125
0 0.93828125 0.86328125 0.0875 0.0875
0 0.759375 0.5 0.0578125 0.040625
0 0.803125 0.0796875 0.06875 0.06875
0 0.6984375 0.20390625 0.053125 0.05625
0 0.49453125 0.521875 0.0484375 0.053125
0 0.1421875 0.715625 0.059375 0.0484375
0 0.5859375 0.08203125 0.071875 0.078125
0 0.16015625 0.23515625 0.046875 0.0484375
0 0.80859375 0.77109375 0.05625 0.059375
0 0.96640625 0.50234375 0.065625 0.0671875
0 0.13671875 0.359375 0.04375 0.0484375
0 0.62734375 0.33203125 0.0375 0.040625
0 0.51875 0.55234375 0.0578125 0.053125
0 0.83203125 0.67265625 0.0984375 0.0640625
0 0.18828125 0.66015625 0.0625 0.065625
0 0.59609375 0.38828125 0.040625 0.046875
0 0.4046875 0.18125 0.0921875 0.159375
0 0.19765625 0.21640625 0.0453125 0.0375
0 0.6796875 0.41875 0.05 0.0421875
0 0.55625 0.85 0.0671875 0.0546875
0 0.5640625 0.58359375 0.040625 0.05
0 0.121875 0.23203125 0.0609375 0.0546875
0 0.43359375 0.6609375 0.1359375 0.1625
0 0.93984375 0.2859375 0.0953125 0.0703125
0 0.4734375 0.359375 0.096875 0.1140625
0 0.74296875 0.91015625 0.0765625 0.1015625
0 0.60078125 0.19140625 0.04375 0.0515625
0 0.08203125 0.56328125 0.06875 0.0953125
0 0.3421875 0.3078125 0.1078125 0.1
0 0.421875 0.06328125 0.0765625 0.0921875
0 0.053125 0.4796875 0.0796875 0.1015625
0 0.21640625 0.3109375 0.04375 0.0609375
0 0.265625 0.28984375 0.0671875 0.0625
0 0.215625 0.06015625 0.040625 0.0421875
0 0.57421875 0.434375 0.0609375 0.0625
0 0.6765625 0.82421875 0.0640625 0.0796875
0 0.04609375 0.3390625 0.0703125 0.0578125
0 0.815625 0.553125 0.0765625 0.0515625
0 0.8859375 0.16640625 0.053125 0.0484375
0 0.93984375 0.1 0.05625 0.0828125
0 0.3796875 0.76953125 0.075 0.065625
0 0.5171875 0.72265625 0.0671875 0.071875
0 0.6171875 0.534375 0.0578125 0.0546875
0 0.8984375 0.721875 0.096875 0.053125
0 0.09375 0.671875 0.05625 0.0546875
0 0.65703125 0.446875 0.0390625 0.0453125
0 0.68359375 0.140625 0.05625 0.059375
0 0.5359375 0.6046875 0.0484375 0.05
0 0.79609375 0.603125 0.075 0.0609375
0 0.65 0.19453125 0.0546875 0.065625
0 0.2203125 0.73828125 0.0859375 0.071875
0 0.0828125 0.74609375 0.0796875 0.096875
0 0.171875 0.18203125 0.05 0.0671875
0 0.77578125 0.22265625 0.0578125 0.046875
0 0.275 0.20234375 0.0484375 0.059375
0 0.6171875 0.80859375 0.0703125 0.065625
0 0.5390625 0.790625 0.084375 0.084375
0 0.25703125 0.0625 0.0421875 0.04375
0 0.72109375 0.7828125 0.0359375 0.05
0 0.69453125 0.04765625 0.0609375 0.0953125
0 0.8140625 0.434375 0.0625 0.046875
0 0.7390625 0.0765625 0.0484375 0.059375
0 0.22265625 0.16640625 0.05625 0.05625
0 0.6828125 0.75 0.0625 0.0875
0 0.6140625 0.7578125 0.0765625 0.0671875
0 0.29296875 0.134375 0.0640625 0.075
0 0.6578125 0.375 0.040625 0.0484375
0 0.90390625 0.06953125 0.0875 0.0640625
0 0.1890625 0.05234375 0.0296875 0.034375
0 0.23359375 0.8109375 0.05625 0.0609375
0 0.06953125 0.196875 0.0828125 0.0421875
0 0.71953125 0.5671875 0.0921875 0.0734375
0 0.678125 0.29140625 0.05625 0.0484375
0 0.1265625 0.43203125 0.096875 0.1
0 0.61328125 0.69921875 0.0953125 0.0828125
0 0.7765625 0.1359375 0.0765625 0.084375
0 0.51171875 0.09296875 0.0765625 0.0953125
0 0.140625 0.11875 0.0484375 0.0609375
0 0.1828125 0.52734375 0.06875 0.0578125
0 0.171875 0.37265625 0.0546875 0.071875
0 0.74296875 0.2515625 0.05625 0.0703125
0 0.6859375 0.4671875 0.0640625 0.059375
0 0.88359375 0.7796875 0.0921875 0.0671875
0 0.88984375 0.49609375 0.0703125 0.05625
0 0.3921875 0.5765625 0.146875 0.10625
0 0.13125 0.2859375 0.0671875 0.059375
0 0.73515625 0.72578125 0.05625 0.08125
0 0.7921875 0.27421875 0.0640625 0.0609375
0 0.22734375 0.259375 0.0375 0.034375
0 0.203125 0.70390625 0.0703125 0.0671875
0 0.33671875 0.6671875 0.06875 0.0625
0 0.6203125 0.2328125 0.040625 0.05625
0 0.8625 0.06484375 0.065625 0.06875
0 0.16015625 0.840625 0.103125 0.0921875