0 0.2171875 0.6953125 0.246875 0.265625
0 0.1265625 0.89296875 0.253125 0.2125
0 0.8609375 0.65625 0.2765625 0.196875
0 0.2390625 0.475 0.3203125 0.2875
0 0.228125 0.1546875 0.290625 0.2796875
0 0.94296875 0.8578125 0.1125 0.215625
0 0.88125 0.509375 0.2359375 0.2046875
0 0.36796875 0.7125 0.225 0.2796875
0 0.63828125 0.91484375 0.2453125 0.16875
0 0.8625 0.30234375 0.2625 0.15
0 0.76640625 0.7921875 0.3 0.2640625
0 0.834375 0.08828125 0.328125 0.1765625
0 0.84375 0.2171875 0.3125 0.2671875
0 0.0984375 0.634375 0.18125 0.2046875
0 0.34765625 0.0984375 0.19375 0.196875
0 0.80703125 0.934375 0.18125 0.13125
0 0.7671875 0.4703125 0.278125 0.2703125
0 0.07734375 0.40703125 0.1546875 0.2796875