0 0.91796875 0.18359375 0.0765625 0.0734375
0 0.06875 0.13828125 0.0796875 0.084375
0 0.1671875 0.065625 0.084375 0.096875
0 0.0921875 0.23671875 0.1109375 0.078125
0 0.13515625 0.8859375 0.115625 0.1125
0 0.7515625 0.20390625 0.171875 0.196875
0 0.440625 0.5640625 0.16875 0.146875
0 0.6953125 0.77265625 0.1765625 0.1734375
0 0.66328125 0.88984375 0.1375 0.128125
0 0.08515625 0.54921875 0.134375 0.134375
0 0.21640625 0.36640625 0.1515625 0.1328125
0 0.234375 0.5140625 0.1265625 0.1375
0 0.47890625 0.85 0.165625 0.15
0 0.8625 0.26640625 0.1375 0.16875