0 0.49270833333333336 0.38307291666666665 0.15260416666666668 0.1875
0 0.8947916666666667 0.7510416666666667 0.178125 0.17135416666666667
0 0.25286458333333334 0.3567708333333333 0.0796875 0.07604166666666666
0 0.7796875 0.5236979166666667 0.08645833333333333 0.09427083333333333
0 0.7434895833333334 0.6776041666666667 0.0875 0.08802083333333334
0 0.34817708333333336 0.63984375 0.1078125 0.0890625
0 0.9143229166666667 0.49505208333333334 0.17135416666666667 0.22916666666666666
0 0.7875 0.14270833333333333 0.07395833333333333 0.08020833333333334
0 0.66875 0.16796875 0.1109375 0.09583333333333334
0 0.4666666666666667 0.11302083333333333 0.08229166666666667 0.07135416666666666
0 0.21223958333333334 0.47109375 0.08697916666666666 0.078125
0 0.7731770833333333 0.22942708333333334 0.10260416666666666 0.1109375
0 0.54453125 0.20026041666666666 0.07760416666666667 0.0671875
0 0.14192708333333334 0.71875 0.04895833333333333 0.04635416666666667
0 0.3815104166666667 0.89921875 0.059375 0.057291666666666664
0 0.33671875 0.5763020833333333 0.0515625 0.0390625
0 0.9575520833333333 0.33697916666666666 0.08489583333333334 0.09375
0 0.82265625 0.6229166666666667 0.08020833333333334 0.12135416666666667
0 0.7484375 0.796875 0.04739583333333333 0.052083333333333336
0 0.3536458333333333 0.70703125 0.07395833333333333 0.04895833333333333
0 0.9588541666666667 0.8700520833333333 0.08177083333333333 0.11875
0 0.48385416666666664 0.8940104166666667 0.07083333333333333 0.06145833333333333
0 0.7630208333333334 0.9645833333333333 0.16822916666666668 0.07083333333333333
0 0.4075520833333333 0.15182291666666667 0.06458333333333334 0.06614583333333333
0 0.08776041666666666 0.6729166666666667 0.06197916666666667 0.0484375
0 0.425 0.24296875 0.17552083333333332 0.11770833333333333
0 0.5348958333333333 0.94765625 0.08385416666666666 0.08802083333333334
0 0.0390625 0.46770833333333334 0.0609375 0.05260416666666667
0 0.03671875 0.31197916666666664 0.06770833333333333 0.0515625
0 0.7783854166666667 0.9221354166666667 0.053125 0.0421875
0 0.4393229166666667 0.8234375 0.09375 0.1078125
0 0.04114583333333333 0.09114583333333333 0.08177083333333333 0.15833333333333333
0 0.028385416666666666 0.534375 0.05260416666666667 0.06770833333333333
0 0.8817708333333333 0.2981770833333333 0.125 0.1484375
0 0.5424479166666667 0.5328125 0.1109375 0.096875
0 0.5828125 0.37421875 0.059895833333333336 0.057291666666666664
0 0.7190104166666667 0.9013020833333333 0.03697916666666667 0.043229166666666666
0 0.6739583333333333 0.928125 0.084375 0.07239583333333334
0 0.27005208333333336 0.6606770833333333 0.03854166666666667 0.03958333333333333
0 0.4354166666666667 0.040364583333333336 0.05677083333333333 0.06041666666666667
0 0.06796875 0.60625 0.07760416666666667 0.08229166666666667
0 0.71328125 0.040625 0.07864583333333333 0.06614583333333333
0 0.042708333333333334 0.365625 0.0703125 0.05260416666666667
0 0.37005208333333334 0.7489583333333333 0.03854166666666667 0.036458333333333336
0 0.3421875 0.5182291666666666 0.0640625 0.08125
0 0.7645833333333333 0.8809895833333333 0.05416666666666667 0.046875
0 0.6747395833333333 0.7963541666666667 0.0734375 0.08541666666666667
0 0.6052083333333333 0.6049479166666667 0.052083333333333336 0.05
0 0.7669270833333334 0.8419270833333333 0.0625 0.03802083333333333
0 0.26197916666666665 0.2609375 0.06302083333333333 0.06302083333333333
0 0.328125 0.40572916666666664 0.07239583333333334 0.0640625
0 0.05260416666666667 0.75234375 0.1046875 0.13958333333333334
0 0.40520833333333334 0.45729166666666665 0.07708333333333334 0.07291666666666667
0 0.21666666666666667 0.59296875 0.09427083333333333 0.11354166666666667
0 0.44114583333333335 0.6859375 0.0765625 0.04739583333333333
0 0.45234375 0.5924479166666666 0.06770833333333333 0.075
0 0.9588541666666667 0.9625 0.08229166666666667 0.075
0 0.5856770833333333 0.2916666666666667 0.0921875 0.058854166666666666
0 0.915625 0.18723958333333332 0.1265625 0.1109375
0 0.45989583333333334 0.9513020833333333 0.0703125 0.058333333333333334
0 0.69609375 0.8645833333333334 0.0625 0.0578125
0 0.7541666666666667 0.4578125 0.03958333333333333 0.034375
0 0.18255208333333334 0.17864583333333334 0.057291666666666664 0.042708333333333334
0 0.17109375 0.5596354166666667 0.07395833333333333 0.0515625
0 0.37578125 0.3455729166666667 0.096875 0.09947916666666666
0 0.08541666666666667 0.94609375 0.034895833333333334 0.026041666666666668
0 0.2791666666666667 0.5830729166666667 0.05 0.036458333333333336
0 0.025520833333333333 0.22942708333333334 0.051041666666666666 0.08802083333333334
0 0.06796875 0.19453125 0.030729166666666665 0.030208333333333334
0 0.5453125 0.5963541666666666 0.05 0.03177083333333333
0 0.07395833333333333 0.011979166666666667 0.04114583333333333 0.023958333333333335
0 0.5880208333333333 0.23880208333333333 0.06614583333333333 0.06354166666666666
0 0.24166666666666667 0.7520833333333333 0.16197916666666667 0.16770833333333332
0 0.74296875 0.75390625 0.028645833333333332 0.0265625
0 0.09973958333333334 0.796875 0.1421875 0.1109375
0 0.8966145833333333 0.052083333333333336 0.1 0.07916666666666666
0 0.052083333333333336 0.978125 0.0875 0.043229166666666666
0 0.2908854166666667 0.5447916666666667 0.057291666666666664 0.05416666666666667
0 0.9528645833333333 0.016666666666666666 0.06614583333333333 0.03333333333333333
0 0.9604166666666667 0.05911458333333333 0.03802083333333333 0.040625
0 0.5450520833333333 0.6627604166666666 0.09583333333333334 0.0828125
0 0.2713541666666667 0.9322916666666666 0.1609375 0.1296875
0 0.16041666666666668 0.3966145833333333 0.06822916666666666 0.06822916666666666
0 0.7966145833333333 0.025260416666666667 0.06822916666666666 0.050520833333333334
0 0.34609375 0.8484375 0.059895833333333336 0.044270833333333336
0 0.24036458333333333 0.6502604166666667 0.030208333333333334 0.024479166666666666
0 0.6731770833333334 0.6416666666666667 0.07916666666666666 0.07083333333333333
0 0.5994791666666667 0.44817708333333334 0.06510416666666667 0.06458333333333334
0 0.7895833333333333 0.07473958333333333 0.0390625 0.0390625
0 0.20208333333333334 0.8705729166666667 0.09739583333333333 0.0734375
0 0.9854166666666667 0.04453125 0.029166666666666667 0.07447916666666667
0 0.4203125 0.7703125 0.03177083333333333 0.022395833333333334
0 0.384375 0.08203125 0.0625 0.07447916666666667
0 0.5104166666666666 0.75234375 0.125 0.115625
0 0.14973958333333334 0.26510416666666664 0.209375 0.16510416666666666
0 0.7981770833333334 0.2984375 0.0609375 0.06666666666666667
0 0.31953125 0.26510416666666664 0.0421875 0.06197916666666667
0 0.5705729166666667 0.1328125 0.07083333333333333 0.059375
0 0.07239583333333334 0.5229166666666667 0.05 0.07291666666666667
0 0.7192708333333333 0.36875 0.146875 0.1328125
0 0.3380208333333333 0.9903645833333333 0.034895833333333334 0.019270833333333334
0 0.51953125 0.026822916666666665 0.08125 0.05364583333333333
0 0.4166666666666667 0.984375 0.09739583333333333 0.030729166666666665
0 0.6049479166666667 0.77109375 0.06979166666666667 0.09635416666666667
0 0.9765625 0.26953125 0.046875 0.06614583333333333
0 0.24140625 0.14192708333333334 0.07239583333333334 0.046875
0 0.19739583333333333 0.34036458333333336 0.03697916666666667 0.03854166666666667
0 0.013541666666666667 0.578125 0.027083333333333334 0.06979166666666667
0 0.7911458333333333 0.43854166666666666 0.0484375 0.051041666666666666
0 0.4119791666666667 0.7364583333333333 0.05416666666666667 0.059375
0 0.4552083333333333 0.728125 0.05416666666666667 0.05572916666666667
0 0.043229166666666666 0.8822916666666667 0.0859375 0.1203125
0 0.5130208333333334 0.8393229166666667 0.04010416666666667 0.040625
0 0.43671875 0.9841145833333333 0.13645833333333332 0.03177083333333333
0 0.5940104166666667 0.5020833333333333 0.03854166666666667 0.0375
0 0.16432291666666668 0.9265625 0.04895833333333333 0.050520833333333334
0 0.16770833333333332 0.9796875 0.0453125 0.040625
0 0.1203125 0.9770833333333333 0.04479166666666667 0.044270833333333336
0 0.022395833333333334 0.6627604166666666 0.043229166666666666 0.03958333333333333
0 0.35390625 0.9528645833333333 0.026041666666666668 0.03333333333333333
0 0.38125 0.9557291666666666 0.03802083333333333 0.030208333333333334
0 0.33697916666666666 0.87734375 0.033854166666666664 0.021354166666666667
0 0.041666666666666664 0.41770833333333335 0.06145833333333333 0.05364583333333333
0 0.17734375 0.07916666666666666 0.221875 0.15833333333333333
0 0.29661458333333335 0.20130208333333333 0.08125 0.06145833333333333
0 0.24036458333333333 0.2171875 0.035416666666666666 0.0421875
0 0.3359375 0.14739583333333334 0.08697916666666666 0.08229166666666667
0 0.325 0.078125 0.06875 0.058333333333333334
0 0.32838541666666665 0.04296875 0.06458333333333334 0.043229166666666666
0 0.47161458333333334 0.21067708333333332 0.053125 0.04010416666666667
0 0.10390625 0.3671875 0.050520833333333334 0.05
0 0.09791666666666667 0.42109375 0.06354166666666666 0.0625
0 0.11875 0.5091145833333334 0.07708333333333334 0.0765625
0 0.14140625 0.6052083333333333 0.0453125 0.041666666666666664
0 0.8682291666666667 0.91171875 0.1625 0.16979166666666667
0 0.5859375 0.8817708333333333 0.14635416666666667 0.12552083333333333
0 0.6015625 0.70234375 0.057291666666666664 0.0375
0 0.42083333333333334 0.5377604166666666 0.059375 0.0546875
0 0.20677083333333332 0.41015625 0.040625 0.042708333333333334
0 0.27447916666666666 0.484375 0.0484375 0.05572916666666667
0 0.6028645833333334 0.04505208333333333 0.08385416666666666 0.06875
0 0.6919270833333333 0.2630208333333333 0.0640625 0.07447916666666667
0 0.8510416666666667 0.12057291666666667 0.04791666666666667 0.04739583333333333
0 0.6984375 0.10182291666666667 0.075 0.057291666666666664
0 0.75546875 0.6020833333333333 0.06666666666666667 0.06145833333333333
0 0.359375 0.7825520833333334 0.07135416666666666 0.0921875
0 0.65390625 0.4705729166666667 0.05625 0.06302083333333333
0 0.6473958333333333 0.40286458333333336 0.05625 0.06145833333333333
0 0.6138020833333333 0.3455729166666667 0.065625 0.0453125
0 0.2794270833333333 0.4278645833333333 0.04010416666666667 0.05625
0 0.64765625 0.5486979166666667 0.05416666666666667 0.0796875
0 0.7036458333333333 0.5830729166666667 0.0421875 0.042708333333333334
0 0.7080729166666667 0.5161458333333333 0.051041666666666666 0.08385416666666666
0 0.7744791666666667 0.7341145833333333 0.028125 0.033854166666666664
0 0.7317708333333334 0.7322916666666667 0.030208333333333334 0.024479166666666666
0 0.9052083333333333 0.6098958333333333 0.07552083333333333 0.09635416666666667
0 0.39010416666666664 0.58984375 0.058854166666666666 0.05572916666666667
0 0.42265625 0.6458333333333334 0.058854166666666666 0.04739583333333333
0 0.8057291666666667 0.37265625 0.03177083333333333 0.05364583333333333
0 0.12005208333333334 0.8955729166666667 0.0703125 0.0921875