0 0.37838541666666664 0.9440104166666666 0.09010416666666667 0.10833333333333334
0 0.28619791666666666 0.209375 0.15520833333333334 0.11979166666666667
0 0.8078125 0.35989583333333336 0.20104166666666667 0.21458333333333332
0 0.9127604166666666 0.21197916666666666 0.06875 0.07864583333333333
0 0.49192708333333335 0.83125 0.14114583333333333 0.1625
0 0.528125 0.34401041666666665 0.12604166666666666 0.13333333333333333
0 0.8341145833333333 0.18671875 0.0703125 0.050520833333333334
0 0.47994791666666664 0.934375 0.1078125 0.11666666666666667
0 0.9359375 0.10651041666666666 0.05572916666666667 0.0625
0 0.9294270833333333 0.5424479166666667 0.14114583333333333 0.18645833333333334
0 0.95625 0.14635416666666667 0.058854166666666666 0.0453125
0 0.33958333333333335 0.06171875 0.13802083333333334 0.1234375
0 0.628125 0.8515625 0.05260416666666667 0.0546875
0 0.06328125 0.53203125 0.1265625 0.115625
0 0.6877604166666667 0.9330729166666667 0.05625 0.049479166666666664
0 0.09661458333333334 0.34375 0.14583333333333334 0.17604166666666668
0 0.8861979166666667 0.721875 0.0796875 0.08697916666666666
0 0.9794270833333333 0.09635416666666667 0.040625 0.0484375
0 0.903125 0.9700520833333334 0.07395833333333333 0.059895833333333336
0 0.2911458333333333 0.6572916666666667 0.14427083333333332 0.16041666666666668
0 0.0390625 0.4359375 0.078125 0.1
0 0.34661458333333334 0.315625 0.146875 0.10364583333333334
0 0.5690104166666666 0.9143229166666667 0.06145833333333333 0.06041666666666667
0 0.7833333333333333 0.06458333333333334 0.044270833333333336 0.05
0 0.9778645833333334 0.91796875 0.044270833333333336 0.06197916666666667
0 0.63828125 0.9002604166666667 0.05 0.0421875
0 0.3333333333333333 0.8080729166666667 0.15208333333333332 0.16041666666666668
0 0.9434895833333333 0.7057291666666666 0.11302083333333333 0.19166666666666668
0 0.6875 0.8122395833333333 0.08177083333333333 0.10416666666666667
0 0.7635416666666667 0.10052083333333334 0.07291666666666667 0.07552083333333333
0 0.10078125 0.6513020833333333 0.2015625 0.171875
0 0.70078125 0.19661458333333334 0.06979166666666667 0.06770833333333333
0 0.440625 0.44947916666666665 0.07083333333333333 0.0765625
0 0.9260416666666667 0.28151041666666665 0.0703125 0.0625
0 0.6192708333333333 0.9643229166666667 0.17552083333333332 0.07135416666666666
0 0.84921875 0.13177083333333334 0.10833333333333334 0.07760416666666667
0 0.48098958333333336 0.11614583333333334 0.06614583333333333 0.0546875
0 0.51484375 0.07239583333333334 0.08229166666666667 0.08697916666666666
0 0.253125 0.515625 0.09322916666666667 0.10989583333333333
0 0.4083333333333333 0.3919270833333333 0.084375 0.07760416666666667
0 0.04010416666666667 0.81640625 0.08020833333333334 0.10885416666666667
0 0.5296875 0.44765625 0.09427083333333333 0.05677083333333333
0 0.40546875 0.86953125 0.08541666666666667 0.06354166666666666
0 0.8255208333333334 0.051041666666666666 0.046875 0.07760416666666667
0 0.95234375 0.39609375 0.0953125 0.08802083333333334
0 0.40130208333333334 0.521875 0.103125 0.1515625
0 0.22291666666666668 0.3151041666666667 0.10208333333333333 0.125
0 0.40130208333333334 0.5169270833333334 0.10208333333333333 0.14166666666666666
0 0.22213541666666667 0.31484375 0.1015625 0.12447916666666667
0 0.58125 0.2984375 0.07395833333333333 0.06145833333333333
0 0.16927083333333334 0.23671875 0.06875 0.08177083333333333
0 0.5671875 0.01953125 0.115625 0.0390625
0 0.8958333333333334 0.05260416666666667 0.09739583333333333 0.10520833333333333
0 0.8059895833333334 0.9567708333333333 0.18072916666666666 0.08333333333333333
0 0.9255208333333333 0.8846354166666667 0.058333333333333334 0.06770833333333333
0 0.4197916666666667 0.6919270833333333 0.115625 0.14114583333333333
0 0.8489583333333334 0.13046875 0.10729166666666666 0.0765625
0 0.76640625 0.6255208333333333 0.10729166666666666 0.10833333333333334
0 0.31328125 0.5458333333333333 0.06875 0.08385416666666666
0 0.9734375 0.259375 0.053125 0.18177083333333333
0 0.20989583333333334 0.96953125 0.17760416666666667 0.059375
0 0.27708333333333335 0.9171875 0.12447916666666667 0.10833333333333334
0 0.042708333333333334 0.93671875 0.07604166666666666 0.10364583333333334
0 0.09348958333333333 0.96015625 0.059895833333333336 0.0796875
0 0.16276041666666666 0.5143229166666666 0.11927083333333334 0.1234375
0 0.22942708333333334 0.4171875 0.07916666666666666 0.0765625
0 0.3098958333333333 0.43463541666666666 0.09947916666666666 0.1140625
0 0.17239583333333333 0.121875 0.13854166666666667 0.15625
0 0.21822916666666667 0.029427083333333333 0.090625 0.058854166666666666
0 0.27005208333333336 0.1 0.103125 0.10572916666666667
0 0.4015625 0.16067708333333333 0.13645833333333332 0.15208333333333332
0 0.45703125 0.03802083333333333 0.09895833333333333 0.07604166666666666
0 0.46458333333333335 0.20208333333333334 0.10052083333333334 0.10520833333333333
0 0.5669270833333333 0.10520833333333333 0.0921875 0.11354166666666667
0 0.6580729166666667 0.06171875 0.06822916666666666 0.0609375
0 0.62578125 0.2140625 0.08802083333333334 0.1015625
0 0.6697916666666667 0.13515625 0.109375 0.075
0 0.6567708333333333 0.014322916666666666 0.065625 0.028645833333333332
0 0.7268229166666667 0.031510416666666666 0.09479166666666666 0.06302083333333333
0 0.9736979166666667 0.8510416666666667 0.05260416666666667 0.06770833333333333
0 0.6875 0.884375 0.053125 0.05
0 0.6109375 0.7841145833333333 0.08177083333333333 0.08958333333333333
0 0.57421875 0.61484375 0.2609375 0.2630208333333333
0 0.675 0.6721354166666667 0.07604166666666666 0.08958333333333333
0 0.8057291666666667 0.8934895833333333 0.13229166666666667 0.06875
0 0.765625 0.7447916666666666 0.12239583333333333 0.13125
0 0.8260416666666667 0.58984375 0.0984375 0.11875
0 0.6731770833333334 0.44114583333333335 0.1859375 0.1953125
0 0.16328125 0.8713541666666667 0.1609375 0.14114583333333333
0 0.16276041666666666 0.7330729166666666 0.18385416666666668 0.14270833333333333
0 0.6861979166666666 0.31197916666666664 0.06927083333333334 0.06354166666666666
0 0.0859375 0.05390625 0.171875 0.1078125
0 0.6908854166666667 0.9653645833333333 0.03333333333333333 0.033854166666666664