0 0.6216145833333333 0.9440104166666666 0.09010416666666667 0.10833333333333334
0 0.7138020833333333 0.209375 0.15520833333333334 0.11979166666666667
0 0.1921875 0.35989583333333336 0.20104166666666667 0.21458333333333332
0 0.08723958333333333 0.21197916666666666 0.06875 0.07864583333333333
0 0.5080729166666667 0.83125 0.14114583333333333 0.1625
0 0.471875 0.34401041666666665 0.12604166666666666 0.13333333333333333
0 0.16588541666666667 0.18671875 0.0703125 0.050520833333333334
0 0.5200520833333333 0.934375 0.1078125 0.11666666666666667
0 0.0640625 0.10651041666666666 0.05572916666666667 0.0625
0 0.07057291666666667 0.5424479166666667 0.14114583333333333 0.18645833333333334
0 0.04375 0.14635416666666667 0.058854166666666666 0.0453125
0 0.6604166666666667 0.06171875 0.13802083333333334 0.1234375
0 0.371875 0.8515625 0.05260416666666667 0.0546875
0 0.93671875 0.53203125 0.1265625 0.115625
0 0.31223958333333335 0.9330729166666667 0.05625 0.049479166666666664
0 0.9033854166666667 0.34375 0.14583333333333334 0.17604166666666668
0 0.11380208333333333 0.721875 0.0796875 0.08697916666666666
0 0.020572916666666666 0.09635416666666667 0.040625 0.0484375
0 0.096875 0.9700520833333334 0.07395833333333333 0.059895833333333336
0 0.7088541666666667 0.6572916666666667 0.14427083333333332 0.16041666666666668
0 0.9609375 0.4359375 0.078125 0.1
0 0.6533854166666667 0.315625 0.146875 0.10364583333333334
0 0.4309895833333333 0.9143229166666667 0.06145833333333333 0.06041666666666667
0 0.21666666666666667 0.06458333333333334 0.044270833333333336 0.05
0 0.022135416666666668 0.91796875 0.044270833333333336 0.06197916666666667
0 0.36171875 0.9002604166666667 0.05 0.0421875
0 0.6666666666666666 0.8080729166666667 0.15208333333333332 0.16041666666666668
0 0.05651041666666667 0.7057291666666666 0.11302083333333333 0.19166666666666668
0 0.3125 0.8122395833333333 0.08177083333333333 0.10416666666666667
0 0.23645833333333333 0.10052083333333334 0.07291666666666667 0.07552083333333333
0 0.89921875 0.6513020833333333 0.2015625 0.171875
0 0.29921875 0.19661458333333334 0.06979166666666667 0.06770833333333333
0 0.559375 0.44947916666666665 0.07083333333333333 0.0765625
0 0.07395833333333333 0.28151041666666665 0.0703125 0.0625
0 0.3807291666666667 0.9643229166666667 0.17552083333333332 0.07135416666666666
0 0.15078125 0.13177083333333334 0.10833333333333334 0.07760416666666667
0 0.5190104166666667 0.11614583333333334 0.06614583333333333 0.0546875
0 0.48515625 0.07239583333333334 0.08229166666666667 0.08697916666666666
0 0.746875 0.515625 0.09322916666666667 0.10989583333333333
0 0.5916666666666667 0.3919270833333333 0.084375 0.07760416666666667
0 0.9598958333333333 0.81640625 0.08020833333333334 0.10885416666666667
0 0.4703125 0.44765625 0.09427083333333333 0.05677083333333333
0 0.59453125 0.86953125 0.08541666666666667 0.06354166666666666
0 0.17447916666666666 0.051041666666666666 0.046875 0.07760416666666667
0 0.04765625 0.39609375 0.0953125 0.08802083333333334
0 0.5986979166666667 0.521875 0.103125 0.1515625
0 0.7770833333333333 0.3151041666666667 0.10208333333333333 0.125
0 0.5986979166666667 0.5169270833333334 0.10208333333333333 0.14166666666666666
0 0.7778645833333333 0.31484375 0.1015625 0.12447916666666667
0 0.41875 0.2984375 0.07395833333333333 0.06145833333333333
0 0.8307291666666666 0.23671875 0.06875 0.08177083333333333
0 0.4328125 0.01953125 0.115625 0.0390625
0 0.10416666666666667 0.05260416666666667 0.09739583333333333 0.10520833333333333
0 0.19401041666666666 0.9567708333333333 0.18072916666666666 0.08333333333333333
0 0.07447916666666667 0.8846354166666667 0.058333333333333334 0.06770833333333333
0 0.5802083333333333 0.6919270833333333 0.115625 0.14114583333333333
0 0.15104166666666666 0.13046875 0.10729166666666666 0.0765625
0 0.23359375 0.6255208333333333 0.10729166666666666 0.10833333333333334
0 0.68671875 0.5458333333333333 0.06875 0.08385416666666666
0 0.0265625 0.259375 0.053125 0.18177083333333333
0 0.7901041666666667 0.96953125 0.17760416666666667 0.059375
0 0.7229166666666667 0.9171875 0.12447916666666667 0.10833333333333334
0 0.9572916666666667 0.93671875 0.07604166666666666 0.10364583333333334
0 0.9065104166666667 0.96015625 0.059895833333333336 0.0796875
0 0.8372395833333334 0.5143229166666666 0.11927083333333334 0.1234375
0 0.7705729166666667 0.4171875 0.07916666666666666 0.0765625
0 0.6901041666666666 0.43463541666666666 0.09947916666666666 0.1140625
0 0.8276041666666667 0.121875 0.13854166666666667 0.15625
0 0.7817708333333333 0.029427083333333333 0.090625 0.058854166666666666
0 0.7299479166666667 0.1 0.103125 0.10572916666666667
0 0.5984375 0.16067708333333333 0.13645833333333332 0.15208333333333332
0 0.54296875 0.03802083333333333 0.09895833333333333 0.07604166666666666
0 0.5354166666666667 0.20208333333333334 0.10052083333333334 0.10520833333333333
0 0.43307291666666664 0.10520833333333333 0.0921875 0.11354166666666667
0 0.3419270833333333 0.06171875 0.06822916666666666 0.0609375
0 0.37421875 0.2140625 0.08802083333333334 0.1015625
0 0.3302083333333333 0.13515625 0.109375 0.075
0 0.34322916666666664 0.014322916666666666 0.065625 0.028645833333333332
0 0.27317708333333335 0.031510416666666666 0.09479166666666666 0.06302083333333333
0 0.026302083333333334 0.8510416666666667 0.05260416666666667 0.06770833333333333
0 0.3125 0.884375 0.053125 0.05
0 0.3890625 0.7841145833333333 0.08177083333333333 0.08958333333333333
0 0.42578125 0.61484375 0.2609375 0.2630208333333333
0 0.325 0.6721354166666667 0.07604166666666666 0.08958333333333333
0 0.19427083333333334 0.8934895833333333 0.13229166666666667 0.06875
0 0.234375 0.7447916666666666 0.12239583333333333 0.13125
0 0.17395833333333333 0.58984375 0.0984375 0.11875
0 0.3268229166666667 0.44114583333333335 0.1859375 0.1953125
0 0.83671875 0.8713541666666667 0.1609375 0.14114583333333333
0 0.8372395833333334 0.7330729166666666 0.18385416666666668 0.14270833333333333
0 0.3138020833333333 0.31197916666666664 0.06927083333333334 0.06354166666666666
0 0.9140625 0.05390625 0.171875 0.1078125
0 0.30911458333333336 0.9653645833333333 0.03333333333333333 0.033854166666666664