0 0.6216145833333333 0.055989583333333336 0.09010416666666667 0.10833333333333334
0 0.7138020833333333 0.790625 0.15520833333333334 0.11979166666666667
0 0.1921875 0.6401041666666667 0.20104166666666667 0.21458333333333332
0 0.08723958333333333 0.7880208333333333 0.06875 0.07864583333333333
0 0.5080729166666667 0.16875 0.14114583333333333 0.1625
0 0.471875 0.6559895833333333 0.12604166666666666 0.13333333333333333
0 0.16588541666666667 0.81328125 0.0703125 0.050520833333333334
0 0.5200520833333333 0.065625 0.1078125 0.11666666666666667
0 0.0640625 0.8934895833333333 0.05572916666666667 0.0625
0 0.07057291666666667 0.45755208333333336 0.14114583333333333 0.18645833333333334
0 0.04375 0.8536458333333333 0.058854166666666666 0.0453125
0 0.6604166666666667 0.93828125 0.13802083333333334 0.1234375
0 0.371875 0.1484375 0.05260416666666667 0.0546875
0 0.93671875 0.46796875 0.1265625 0.115625
0 0.31223958333333335 0.06692708333333333 0.05625 0.049479166666666664
0 0.9033854166666667 0.65625 0.14583333333333334 0.17604166666666668
0 0.11380208333333333 0.278125 0.0796875 0.08697916666666666
0 0.020572916666666666 0.9036458333333334 0.040625 0.0484375
0 0.096875 0.029947916666666668 0.07395833333333333 0.059895833333333336
0 0.7088541666666667 0.34270833333333334 0.14427083333333332 0.16041666666666668
0 0.9609375 0.5640625 0.078125 0.1
0 0.6533854166666667 0.684375 0.146875 0.10364583333333334
0 0.4309895833333333 0.08567708333333333 0.06145833333333333 0.06041666666666667
0 0.21666666666666667 0.9354166666666667 0.044270833333333336 0.05
0 0.022135416666666668 0.08203125 0.044270833333333336 0.06197916666666667
0 0.36171875 0.09973958333333334 0.05 0.0421875
0 0.6666666666666666 0.19192708333333333 0.15208333333333332 0.16041666666666668
0 0.05651041666666667 0.2942708333333333 0.11302083333333333 0.19166666666666668
0 0.3125 0.18776041666666668 0.08177083333333333 0.10416666666666667
0 0.23645833333333333 0.8994791666666667 0.07291666666666667 0.07552083333333333
0 0.89921875 0.34869791666666666 0.2015625 0.171875
0 0.29921875 0.8033854166666666 0.06979166666666667 0.06770833333333333
0 0.559375 0.5505208333333333 0.07083333333333333 0.0765625
0 0.07395833333333333 0.7184895833333333 0.0703125 0.0625
0 0.3807291666666667 0.03567708333333333 0.17552083333333332 0.07135416666666666
0 0.15078125 0.8682291666666667 0.10833333333333334 0.07760416666666667
0 0.5190104166666667 0.8838541666666667 0.06614583333333333 0.0546875
0 0.48515625 0.9276041666666667 0.08229166666666667 0.08697916666666666
0 0.746875 0.484375 0.09322916666666667 0.10989583333333333
0 0.5916666666666667 0.6080729166666666 0.084375 0.07760416666666667
0 0.9598958333333333 0.18359375 0.08020833333333334 0.10885416666666667
0 0.4703125 0.55234375 0.09427083333333333 0.05677083333333333
0 0.59453125 0.13046875 0.08541666666666667 0.06354166666666666
0 0.17447916666666666 0.9489583333333333 0.046875 0.07760416666666667
0 0.04765625 0.60390625 0.0953125 0.08802083333333334
0 0.5986979166666667 0.478125 0.103125 0.1515625
0 0.7770833333333333 0.6848958333333334 0.10208333333333333 0.125
0 0.5986979166666667 0.4830729166666667 0.10208333333333333 0.14166666666666666
0 0.7778645833333333 0.68515625 0.1015625 0.12447916666666667
0 0.41875 0.7015625 0.07395833333333333 0.06145833333333333
0 0.8307291666666666 0.76328125 0.06875 0.08177083333333333
0 0.4328125 0.98046875 0.115625 0.0390625
0 0.10416666666666667 0.9473958333333333 0.09739583333333333 0.10520833333333333
0 0.19401041666666666 0.043229166666666666 0.18072916666666666 0.08333333333333333
0 0.07447916666666667 0.11536458333333334 0.058333333333333334 0.06770833333333333
0 0.5802083333333333 0.30807291666666664 0.115625 0.14114583333333333
0 0.15104166666666666 0.86953125 0.10729166666666666 0.0765625
0 0.23359375 0.37447916666666664 0.10729166666666666 0.10833333333333334
0 0.68671875 0.45416666666666666 0.06875 0.08385416666666666
0 0.0265625 0.740625 0.053125 0.18177083333333333
0 0.7901041666666667 0.03046875 0.17760416666666667 0.059375
0 0.7229166666666667 0.0828125 0.12447916666666667 0.10833333333333334
0 0.9572916666666667 0.06328125 0.07604166666666666 0.10364583333333334
0 0.9065104166666667 0.03984375 0.059895833333333336 0.0796875
0 0.8372395833333334 0.4856770833333333 0.11927083333333334 0.1234375
0 0.7705729166666667 0.5828125 0.07916666666666666 0.0765625
0 0.6901041666666666 0.5653645833333333 0.09947916666666666 0.1140625
0 0.8276041666666667 0.878125 0.13854166666666667 0.15625
0 0.7817708333333333 0.9705729166666667 0.090625 0.058854166666666666
0 0.7299479166666667 0.9 0.103125 0.10572916666666667
0 0.5984375 0.8393229166666667 0.13645833333333332 0.15208333333333332
0 0.54296875 0.9619791666666667 0.09895833333333333 0.07604166666666666
0 0.5354166666666667 0.7979166666666667 0.10052083333333334 0.10520833333333333
0 0.43307291666666664 0.8947916666666667 0.0921875 0.11354166666666667
0 0.3419270833333333 0.93828125 0.06822916666666666 0.0609375
0 0.37421875 0.7859375 0.08802083333333334 0.1015625
0 0.3302083333333333 0.86484375 0.109375 0.075
0 0.34322916666666664 0.9856770833333334 0.065625 0.028645833333333332
0 0.27317708333333335 0.9684895833333333 0.09479166666666666 0.06302083333333333
0 0.026302083333333334 0.14895833333333333 0.05260416666666667 0.06770833333333333
0 0.3125 0.115625 0.053125 0.05
0 0.3890625 0.21588541666666666 0.08177083333333333 0.08958333333333333
0 0.42578125 0.38515625 0.2609375 0.2630208333333333
0 0.325 0.32786458333333335 0.07604166666666666 0.08958333333333333
0 0.19427083333333334 0.10651041666666666 0.13229166666666667 0.06875
0 0.234375 0.2552083333333333 0.12239583333333333 0.13125
0 0.17395833333333333 0.41015625 0.0984375 0.11875
0 0.3268229166666667 0.5588541666666667 0.1859375 0.1953125
0 0.83671875 0.12864583333333332 0.1609375 0.14114583333333333
0 0.8372395833333334 0.2669270833333333 0.18385416666666668 0.14270833333333333
0 0.3138020833333333 0.6880208333333333 0.06927083333333334 0.06354166666666666
0 0.9140625 0.94609375 0.171875 0.1078125
0 0.30911458333333336 0.03463541666666667 0.03333333333333333 0.033854166666666664