0 0.13619791666666667 0.6315104166666666 0.10833333333333334 0.09895833333333333
0 0.40390625 0.6440104166666667 0.07760416666666667 0.10416666666666667
0 0.6291666666666667 0.5098958333333333 0.09739583333333333 0.128125
0 0.94296875 0.2015625 0.10572916666666667 0.12395833333333334
0 0.4166666666666667 0.9130208333333333 0.11354166666666667 0.0828125
0 0.6171875 0.3893229166666667 0.10677083333333333 0.11927083333333334
0 0.73125 0.5221354166666666 0.121875 0.16458333333333333
0 0.17265625 0.3182291666666667 0.059895833333333336 0.049479166666666664
0 0.321875 0.71015625 0.08229166666666667 0.06458333333333334
0 0.2864583333333333 0.45416666666666666 0.09583333333333334 0.09739583333333333
0 0.6083333333333333 0.21796875 0.14479166666666668 0.17239583333333333
0 0.5018229166666667 0.8796875 0.09583333333333334 0.103125
0 0.5692708333333333 0.7716145833333333 0.16666666666666666 0.18072916666666666
0 0.28567708333333336 0.9674479166666666 0.09479166666666666 0.06458333333333334
0 0.06458333333333334 0.10963541666666667 0.04895833333333333 0.04114583333333333
0 0.06796875 0.2552083333333333 0.058854166666666666 0.059895833333333336
0 0.3302083333333333 0.80390625 0.16354166666666667 0.16041666666666668
0 0.05260416666666667 0.4479166666666667 0.10520833333333333 0.18125
0 0.15520833333333334 0.421875 0.04114583333333333 0.04583333333333333
0 0.05859375 0.9442708333333333 0.1171875 0.11145833333333334
0 0.17786458333333333 0.26614583333333336 0.05364583333333333 0.053125
0 0.2484375 0.4075520833333333 0.03854166666666667 0.04739583333333333
0 0.2046875 0.4427083333333333 0.06770833333333333 0.05364583333333333
0 0.07578125 0.055989583333333336 0.0890625 0.06510416666666667
0 0.67734375 0.80703125 0.06145833333333333 0.06979166666666667
0 0.553125 0.12552083333333333 0.06927083333333334 0.0859375
0 0.846875 0.20104166666666667 0.1078125 0.1796875
0 0.6734375 0.6645833333333333 0.13333333333333333 0.153125
0 0.5572916666666666 0.64140625 0.09114583333333333 0.0890625
0 0.21432291666666667 0.36666666666666664 0.042708333333333334 0.03958333333333333
0 0.56796875 0.57734375 0.06041666666666667 0.0453125
0 0.9505208333333334 0.7786458333333334 0.05520833333333333 0.052083333333333336
0 0.20052083333333334 0.3984375 0.049479166666666664 0.0296875
0 0.9677083333333333 0.4309895833333333 0.06458333333333334 0.1578125
0 0.037760416666666664 0.8450520833333334 0.06770833333333333 0.0875
0 0.23177083333333334 0.17630208333333333 0.1546875 0.12552083333333333
0 0.16223958333333333 0.023177083333333334 0.07916666666666666 0.0453125
0 0.4861979166666667 0.43072916666666666 0.1578125 0.15052083333333333
0 0.8984375 0.75703125 0.04635416666666667 0.053125
0 0.38255208333333335 0.20651041666666667 0.0453125 0.04479166666666667
0 0.434375 0.553125 0.2125 0.209375
0 0.22421875 0.24869791666666666 0.033854166666666664 0.018229166666666668
0 0.45677083333333335 0.055989583333333336 0.11041666666666666 0.11197916666666667
0 0.44947916666666665 0.9669270833333333 0.175 0.06614583333333333
0 0.08932291666666667 0.34453125 0.15677083333333333 0.16041666666666668
0 0.09453125 0.2234375 0.084375 0.050520833333333334
0 0.6776041666666667 0.07786458333333333 0.20208333333333334 0.15572916666666667
0 0.9276041666666667 0.6846354166666667 0.12604166666666666 0.10208333333333333
0 0.23880208333333333 0.5614583333333333 0.109375 0.13854166666666667
0 0.17526041666666667 0.36041666666666666 0.030729166666666665 0.034895833333333334
0 0.9815104166666667 0.14166666666666666 0.03697916666666667 0.09270833333333334
0 0.16875 0.5002604166666667 0.0640625 0.06822916666666666
0 0.7971354166666667 0.9098958333333333 0.2546875 0.17916666666666667
0 0.484375 0.6830729166666667 0.053125 0.0515625
0 0.023697916666666666 0.17942708333333332 0.04739583333333333 0.08802083333333334
0 0.3653645833333333 0.14140625 0.09322916666666667 0.09479166666666666
0 0.8541666666666666 0.415625 0.19791666666666666 0.19947916666666668
0 0.9533854166666667 0.9716145833333333 0.09322916666666667 0.05625
0 0.4557291666666667 0.8067708333333333 0.10052083333333334 0.11979166666666667
0 0.9216145833333333 0.5609375 0.15677083333333333 0.19947916666666668
0 0.94921875 0.0484375 0.1015625 0.096875
0 0.06328125 0.014322916666666666 0.0765625 0.028645833333333332
0 0.21223958333333334 0.9026041666666667 0.203125 0.18958333333333333
0 0.47213541666666664 0.16536458333333334 0.14270833333333333 0.13697916666666668
0 0.4515625 0.0390625 0.096875 0.078125
0 0.35 0.578125 0.07552083333333333 0.0984375
0 0.2916666666666667 0.6520833333333333 0.1453125 0.08020833333333334
0 0.3734375 0.33567708333333335 0.16770833333333332 0.18541666666666667
0 0.23854166666666668 0.5609375 0.11041666666666666 0.13854166666666667
0 0.3424479166666667 0.023177083333333334 0.1296875 0.04635416666666667
0 0.9859375 0.7294270833333333 0.028125 0.075
0 0.5953125 0.95 0.11458333333333333 0.1
0 0.9184895833333333 0.0796875 0.09739583333333333 0.10104166666666667
0 0.016927083333333332 0.09088541666666666 0.033854166666666664 0.07239583333333334
0 0.028125 0.6705729166666666 0.05572916666666667 0.1234375
0 0.55 0.48385416666666664 0.05625 0.08489583333333334
0 0.15416666666666667 0.2734375 0.03697916666666667 0.042708333333333334
0 0.79296875 0.6388020833333333 0.15416666666666667 0.11458333333333333
0 0.8260416666666667 0.06666666666666667 0.103125 0.09166666666666666
0 0.75078125 0.3421875 0.1875 0.19375
0 0.7369791666666666 0.19192708333333333 0.11979166666666667 0.08854166666666667
0 0.50390625 0.28125 0.196875 0.10677083333333333
0 0.26927083333333335 0.29348958333333336 0.14010416666666667 0.16979166666666667
0 0.3067708333333333 0.10338541666666666 0.10104166666666667 0.11458333333333333
0 0.0984375 0.8153645833333333 0.1046875 0.14791666666666667
0 0.21302083333333333 0.7296875 0.13697916666666668 0.12083333333333333
0 0.09739583333333333 0.7153645833333333 0.08385416666666666 0.07552083333333333
0 0.7442708333333333 0.7796875 0.11770833333333333 0.08072916666666667
0 0.9200520833333333 0.84296875 0.15520833333333334 0.12760416666666666
0 0.82890625 0.7450520833333333 0.09010416666666667 0.08385416666666666
0 0.7033854166666667 0.9546875 0.12552083333333333 0.090625
0 0.018489583333333334 0.2643229166666667 0.03697916666666667 0.08072916666666667
0 0.14973958333333334 0.11041666666666666 0.21510416666666668 0.20572916666666666