0 0.6315104166666666 0.8638020833333333 0.09895833333333333 0.10833333333333334
0 0.6440104166666667 0.59609375 0.10416666666666667 0.07760416666666667
0 0.5098958333333333 0.37083333333333335 0.128125 0.09739583333333333
0 0.2015625 0.05703125 0.12395833333333334 0.10572916666666667
0 0.9130208333333333 0.5833333333333334 0.0828125 0.11354166666666667
0 0.3893229166666667 0.3828125 0.11927083333333334 0.10677083333333333
0 0.5221354166666666 0.26875 0.16458333333333333 0.121875
0 0.3182291666666667 0.82734375 0.049479166666666664 0.059895833333333336
0 0.71015625 0.678125 0.06458333333333334 0.08229166666666667
0 0.45416666666666666 0.7135416666666666 0.09739583333333333 0.09583333333333334
0 0.21796875 0.39166666666666666 0.17239583333333333 0.14479166666666668
0 0.8796875 0.4981770833333333 0.103125 0.09583333333333334
0 0.7716145833333333 0.43072916666666666 0.18072916666666666 0.16666666666666666
0 0.9674479166666666 0.7143229166666667 0.06458333333333334 0.09479166666666666
0 0.10963541666666667 0.9354166666666667 0.04114583333333333 0.04895833333333333
0 0.2552083333333333 0.93203125 0.059895833333333336 0.058854166666666666
0 0.80390625 0.6697916666666667 0.16041666666666668 0.16354166666666667
0 0.4479166666666667 0.9473958333333333 0.18125 0.10520833333333333
0 0.421875 0.8447916666666667 0.04583333333333333 0.04114583333333333
0 0.9442708333333333 0.94140625 0.11145833333333334 0.1171875
0 0.26614583333333336 0.8221354166666667 0.053125 0.05364583333333333
0 0.4075520833333333 0.7515625 0.04739583333333333 0.03854166666666667
0 0.4427083333333333 0.7953125 0.05364583333333333 0.06770833333333333
0 0.055989583333333336 0.92421875 0.06510416666666667 0.0890625
0 0.80703125 0.32265625 0.06979166666666667 0.06145833333333333
0 0.12552083333333333 0.446875 0.0859375 0.06927083333333334
0 0.20104166666666667 0.153125 0.1796875 0.1078125
0 0.6645833333333333 0.3265625 0.153125 0.13333333333333333
0 0.64140625 0.4427083333333333 0.0890625 0.09114583333333333
0 0.36666666666666664 0.7856770833333333 0.03958333333333333 0.042708333333333334
0 0.57734375 0.43203125 0.0453125 0.06041666666666667
0 0.7786458333333334 0.049479166666666664 0.052083333333333336 0.05520833333333333
0 0.3984375 0.7994791666666666 0.0296875 0.049479166666666664
0 0.4309895833333333 0.03229166666666667 0.1578125 0.06458333333333334
0 0.8450520833333334 0.9622395833333334 0.0875 0.06770833333333333
0 0.17630208333333333 0.7682291666666666 0.12552083333333333 0.1546875
0 0.023177083333333334 0.8377604166666667 0.0453125 0.07916666666666666
0 0.43072916666666666 0.5138020833333333 0.15052083333333333 0.1578125
0 0.75703125 0.1015625 0.053125 0.04635416666666667
0 0.20651041666666667 0.6174479166666667 0.04479166666666667 0.0453125
0 0.553125 0.565625 0.209375 0.2125
0 0.24869791666666666 0.77578125 0.018229166666666668 0.033854166666666664
0 0.055989583333333336 0.5432291666666667 0.11197916666666667 0.11041666666666666
0 0.9669270833333333 0.5505208333333333 0.06614583333333333 0.175
0 0.34453125 0.9106770833333333 0.16041666666666668 0.15677083333333333
0 0.2234375 0.90546875 0.050520833333333334 0.084375
0 0.07786458333333333 0.3223958333333333 0.15572916666666667 0.20208333333333334
0 0.6846354166666667 0.07239583333333334 0.10208333333333333 0.12604166666666666
0 0.5614583333333333 0.7611979166666667 0.13854166666666667 0.109375
0 0.36041666666666666 0.8247395833333333 0.034895833333333334 0.030729166666666665
0 0.14166666666666666 0.018489583333333334 0.09270833333333334 0.03697916666666667
0 0.5002604166666667 0.83125 0.06822916666666666 0.0640625
0 0.9098958333333333 0.20286458333333332 0.17916666666666667 0.2546875
0 0.6830729166666667 0.515625 0.0515625 0.053125
0 0.17942708333333332 0.9763020833333333 0.08802083333333334 0.04739583333333333
0 0.14140625 0.6346354166666667 0.09479166666666666 0.09322916666666667
0 0.415625 0.14583333333333334 0.19947916666666668 0.19791666666666666
0 0.9716145833333333 0.046614583333333334 0.05625 0.09322916666666667
0 0.8067708333333333 0.5442708333333334 0.11979166666666667 0.10052083333333334
0 0.5609375 0.07838541666666667 0.19947916666666668 0.15677083333333333
0 0.0484375 0.05078125 0.096875 0.1015625
0 0.014322916666666666 0.93671875 0.028645833333333332 0.0765625
0 0.9026041666666667 0.7877604166666666 0.18958333333333333 0.203125
0 0.16536458333333334 0.5278645833333333 0.13697916666666668 0.14270833333333333
0 0.0390625 0.5484375 0.078125 0.096875
0 0.578125 0.65 0.0984375 0.07552083333333333
0 0.6520833333333333 0.7083333333333334 0.08020833333333334 0.1453125
0 0.33567708333333335 0.6265625 0.18541666666666667 0.16770833333333332
0 0.5609375 0.7614583333333333 0.13854166666666667 0.11041666666666666
0 0.023177083333333334 0.6575520833333334 0.04635416666666667 0.1296875
0 0.7294270833333333 0.0140625 0.075 0.028125
0 0.95 0.4046875 0.1 0.11458333333333333
0 0.0796875 0.08151041666666667 0.10104166666666667 0.09739583333333333
0 0.09088541666666666 0.9830729166666666 0.07239583333333334 0.033854166666666664
0 0.6705729166666666 0.971875 0.1234375 0.05572916666666667
0 0.48385416666666664 0.45 0.08489583333333334 0.05625
0 0.2734375 0.8458333333333333 0.042708333333333334 0.03697916666666667
0 0.6388020833333333 0.20703125 0.11458333333333333 0.15416666666666667
0 0.06666666666666667 0.17395833333333333 0.09166666666666666 0.103125
0 0.3421875 0.24921875 0.19375 0.1875
0 0.19192708333333333 0.2630208333333333 0.08854166666666667 0.11979166666666667
0 0.28125 0.49609375 0.10677083333333333 0.196875
0 0.29348958333333336 0.7307291666666667 0.16979166666666667 0.14010416666666667
0 0.10338541666666666 0.6932291666666667 0.11458333333333333 0.10104166666666667
0 0.8153645833333333 0.9015625 0.14791666666666667 0.1046875
0 0.7296875 0.7869791666666667 0.12083333333333333 0.13697916666666668
0 0.7153645833333333 0.9026041666666667 0.07552083333333333 0.08385416666666666
0 0.7796875 0.2557291666666667 0.08072916666666667 0.11770833333333333
0 0.84296875 0.07994791666666666 0.12760416666666666 0.15520833333333334
0 0.7450520833333333 0.17109375 0.08385416666666666 0.09010416666666667
0 0.9546875 0.29661458333333335 0.090625 0.12552083333333333
0 0.2643229166666667 0.9815104166666667 0.08072916666666667 0.03697916666666667
0 0.11041666666666666 0.8502604166666666 0.20572916666666666 0.21510416666666668