0 0.7088541666666667 0.38333333333333336 0.0953125 0.1421875
0 0.23880208333333333 0.22604166666666667 0.14322916666666666 0.10833333333333334
0 0.5372395833333333 0.7333333333333333 0.10885416666666667 0.10572916666666667
0 0.45677083333333335 0.1015625 0.12447916666666667 0.09166666666666666
0 0.7919270833333333 0.5216145833333333 0.17916666666666667 0.16302083333333334
0 0.9247395833333333 0.35442708333333334 0.10208333333333333 0.10260416666666666
0 0.5403645833333334 0.5484375 0.08229166666666667 0.12239583333333333
0 0.23463541666666668 0.66875 0.12760416666666666 0.12083333333333333
0 0.43802083333333336 0.2565104166666667 0.1484375 0.11666666666666667
0 0.07369791666666667 0.84765625 0.06145833333333333 0.07552083333333333
0 0.4786458333333333 0.5111979166666667 0.071875 0.065625
0 0.09348958333333333 0.5822916666666667 0.09322916666666667 0.1359375
0 0.04765625 0.0734375 0.049479166666666664 0.04739583333333333
0 0.9393229166666667 0.6856770833333333 0.07395833333333333 0.08385416666666666
0 0.027083333333333334 0.6721354166666667 0.05416666666666667 0.07864583333333333
0 0.7786458333333334 0.6221354166666667 0.06979166666666667 0.0625
0 0.18671875 0.534375 0.11666666666666667 0.1859375
0 0.8223958333333333 0.7010416666666667 0.14427083333333332 0.14791666666666667
0 0.04739583333333333 0.48932291666666666 0.09479166666666666 0.10052083333333334
0 0.9505208333333334 0.7765625 0.09010416666666667 0.09791666666666667
0 0.5885416666666666 0.6447916666666667 0.096875 0.06927083333333334
0 0.7377604166666667 0.9591145833333333 0.1078125 0.08177083333333333
0 0.24583333333333332 0.09505208333333333 0.17552083333333332 0.165625
0 0.05755208333333333 0.18151041666666667 0.11510416666666666 0.07135416666666666
0 0.13046875 0.9591145833333333 0.109375 0.07864583333333333
0 0.70859375 0.24010416666666667 0.0625 0.04895833333333333
0 0.2875 0.4859375 0.08489583333333334 0.12291666666666666
0 0.6106770833333334 0.28567708333333336 0.1359375 0.11145833333333334
0 0.5302083333333333 0.16458333333333333 0.08958333333333333 0.12864583333333332
0 0.12447916666666667 0.64609375 0.030729166666666665 0.034375
0 0.06770833333333333 0.6700520833333333 0.028645833333333332 0.033854166666666664
0 0.9263020833333333 0.9471354166666667 0.11666666666666667 0.1046875
0 0.8671875 0.115625 0.090625 0.12239583333333333
0 0.25833333333333336 0.884375 0.1125 0.10260416666666666
0 0.96875 0.6354166666666666 0.0625 0.08958333333333333
0 0.13723958333333333 0.23203125 0.06197916666666667 0.08645833333333333
0 0.3533854166666667 0.51640625 0.043229166666666666 0.043229166666666666
0 0.7067708333333333 0.628125 0.096875 0.10885416666666667
0 0.027604166666666666 0.134375 0.05520833333333333 0.08541666666666667
0 0.3028645833333333 0.13697916666666668 0.09114583333333333 0.13385416666666666
0 0.23072916666666668 0.32005208333333335 0.1015625 0.090625
0 0.6286458333333333 0.10520833333333333 0.190625 0.20677083333333332
0 0.6658854166666667 0.9458333333333333 0.1078125 0.08125
0 0.74453125 0.030989583333333334 0.14010416666666667 0.06197916666666667
0 0.3424479166666667 0.48984375 0.027083333333333334 0.022395833333333334
0 0.6208333333333333 0.4484375 0.14427083333333332 0.18541666666666667
0 0.5276041666666667 0.9364583333333333 0.0640625 0.1078125
0 0.45416666666666666 0.02578125 0.11875 0.0515625
0 0.37734375 0.13776041666666666 0.0703125 0.10520833333333333
0 0.08177083333333333 0.03567708333333333 0.0671875 0.07083333333333333
0 0.4635416666666667 0.4518229166666667 0.190625 0.1625
0 0.9440104166666666 0.14869791666666668 0.11197916666666667 0.14322916666666666
0 0.9453125 0.45026041666666666 0.109375 0.15729166666666666
0 0.9411458333333333 0.03619791666666667 0.11770833333333333 0.07239583333333334
0 0.6278645833333333 0.35130208333333335 0.0703125 0.06302083333333333
0 0.09322916666666667 0.7447916666666666 0.11666666666666667 0.12604166666666666
0 0.9614583333333333 0.8671875 0.06354166666666666 0.06770833333333333
0 0.965625 0.27005208333333336 0.06822916666666666 0.09114583333333333
0 0.1625 0.41848958333333336 0.1734375 0.08697916666666666
0 0.36953125 0.6786458333333333 0.1015625 0.09479166666666666
0 0.74296875 0.29739583333333336 0.0734375 0.06510416666666667
0 0.06015625 0.35390625 0.1203125 0.12447916666666667
0 0.30026041666666664 0.5856770833333333 0.07916666666666666 0.1109375
0 0.1953125 0.7885416666666667 0.10416666666666667 0.12708333333333333
0 0.03984375 0.8747395833333333 0.0796875 0.165625
0 0.7416666666666667 0.16666666666666666 0.09166666666666666 0.0875
0 0.9875 0.7268229166666667 0.025 0.125
0 0.8393229166666667 0.4549479166666667 0.096875 0.06822916666666666
0 0.9401041666666666 0.5716145833333334 0.11979166666666667 0.09635416666666667
0 0.9903645833333333 0.93125 0.019270833333333334 0.12552083333333333
0 0.628125 0.40729166666666666 0.07083333333333333 0.05520833333333333
0 0.15104166666666666 0.3268229166666667 0.0609375 0.10052083333333334
0 0.10651041666666666 0.12526041666666668 0.10260416666666666 0.09114583333333333
0 0.8138020833333334 0.18333333333333332 0.09947916666666666 0.07291666666666667
0 0.37473958333333335 0.8721354166666667 0.11197916666666667 0.10885416666666667
0 0.58359375 0.96875 0.12447916666666667 0.0625
0 0.84453125 0.29713541666666665 0.1203125 0.1640625
0 0.0375 0.9809895833333333 0.06770833333333333 0.03802083333333333
0 0.5856770833333333 0.8888020833333333 0.06145833333333333 0.0875
0 0.4440104166666667 0.9471354166666667 0.11354166666666667 0.1046875
0 0.33645833333333336 0.9625 0.10052083333333334 0.071875
0 0.9044270833333333 0.86328125 0.053125 0.058333333333333334
0 0.8317708333333333 0.93203125 0.09114583333333333 0.1328125
0 0.60625 0.76953125 0.08385416666666666 0.11041666666666666
0 0.7174479166666666 0.759375 0.11927083333333334 0.12135416666666667
0 0.74921875 0.8703125 0.09739583333333333 0.09895833333333333
0 0.6703125 0.846875 0.1078125 0.14166666666666666
0 0.8625 0.5916666666666667 0.044270833333333336 0.06145833333333333
0 0.6036458333333333 0.5705729166666667 0.0625 0.06927083333333334
0 0.83046875 0.8169270833333333 0.09791666666666667 0.09322916666666667
0 0.396875 0.5861979166666667 0.10989583333333333 0.11822916666666666
0 0.45234375 0.8471354166666667 0.0828125 0.07552083333333333
0 0.41744791666666664 0.7609375 0.10052083333333334 0.09479166666666666
0 0.515625 0.30078125 0.052083333333333336 0.059895833333333336
0 0.4869791666666667 0.35 0.03854166666666667 0.036458333333333336
0 0.36770833333333336 0.35494791666666664 0.19427083333333334 0.20260416666666667
0 0.5645833333333333 0.22161458333333334 0.09166666666666666 0.1328125
0 0.42135416666666664 0.17473958333333334 0.084375 0.050520833333333334
0 0.3424479166666667 0.22473958333333333 0.06614583333333333 0.05625
0 0.058854166666666666 0.24973958333333332 0.11510416666666666 0.08333333333333333
0 0.02421875 0.30416666666666664 0.0484375 0.071875