0 0.04609375 0.70546875 0.0890625 0.14947916666666666
0 0.5994791666666667 0.3328125 0.18541666666666667 0.2
0 0.2515625 0.92265625 0.13541666666666666 0.09010416666666667
0 0.74375 0.5208333333333334 0.09479166666666666 0.07708333333333334
0 0.32109375 0.11875 0.10677083333333333 0.10625
0 0.5901041666666667 0.5161458333333333 0.21979166666666666 0.18229166666666666
0 0.1296875 0.6627604166666666 0.03958333333333333 0.050520833333333334
0 0.26015625 0.85703125 0.0734375 0.05572916666666667
0 0.4666666666666667 0.71484375 0.07083333333333333 0.07552083333333333
0 0.39817708333333335 0.39348958333333334 0.08385416666666666 0.09322916666666667
0 0.040625 0.31536458333333334 0.08020833333333334 0.0953125
0 0.20911458333333333 0.6815104166666667 0.10885416666666667 0.07447916666666667
0 0.3770833333333333 0.73203125 0.10104166666666667 0.13385416666666666
0 0.29973958333333334 0.7971354166666667 0.06302083333333333 0.0703125
0 0.46145833333333336 0.7763020833333333 0.08541666666666667 0.0578125
0 0.05 0.93046875 0.036458333333333336 0.06510416666666667
0 0.16692708333333334 0.43515625 0.044270833333333336 0.03697916666666667
0 0.08359375 0.8817708333333333 0.059895833333333336 0.04791666666666667
0 0.23098958333333333 0.6098958333333333 0.0953125 0.09270833333333334
0 0.13723958333333333 0.346875 0.1453125 0.15625
0 0.5166666666666667 0.039322916666666666 0.1 0.07760416666666667
0 0.2916666666666667 0.32578125 0.17708333333333334 0.1578125
0 0.2669270833333333 0.16744791666666667 0.13802083333333334 0.1484375
0 0.33515625 0.68359375 0.050520833333333334 0.04739583333333333
0 0.3734375 0.49270833333333336 0.10833333333333334 0.09791666666666667
0 0.4921875 0.5848958333333333 0.034375 0.036458333333333336
0 0.53671875 0.6536458333333334 0.0828125 0.09479166666666666
0 0.3893229166666667 0.04244791666666667 0.15885416666666666 0.08385416666666666
0 0.8247395833333333 0.19661458333333334 0.1390625 0.15052083333333333
0 0.33984375 0.37942708333333336 0.04635416666666667 0.0578125
0 0.04375 0.4947916666666667 0.084375 0.11666666666666667
0 0.2796875 0.71796875 0.058333333333333334 0.06510416666666667
0 0.16510416666666666 0.7953125 0.21145833333333333 0.19479166666666667
0 0.43359375 0.6065104166666667 0.08802083333333334 0.1296875
0 0.10286458333333333 0.9333333333333333 0.07239583333333334 0.05625
0 0.2677083333333333 0.43020833333333336 0.06875 0.06770833333333333
0 0.022916666666666665 0.8549479166666667 0.04479166666666667 0.049479166666666664
0 0.40598958333333335 0.8815104166666666 0.20677083333333332 0.15885416666666666
0 0.09739583333333333 0.6932291666666667 0.026041666666666668 0.030208333333333334
0 0.6924479166666667 0.7078125 0.1609375 0.19270833333333334
0 0.2875 0.5322916666666667 0.06979166666666667 0.08229166666666667
0 0.3385416666666667 0.6078125 0.10833333333333334 0.115625
0 0.09635416666666667 0.65234375 0.0375 0.04635416666666667
0 0.28541666666666665 0.9825520833333333 0.078125 0.034895833333333334
0 0.27421875 0.6494791666666667 0.033854166666666664 0.0375
0 0.39869791666666665 0.17864583333333334 0.12552083333333333 0.1625
0 0.4817708333333333 0.11979166666666667 0.10833333333333334 0.12604166666666666
0 0.9877604166666667 0.16848958333333333 0.024479166666666666 0.08802083333333334
0 0.022135416666666668 0.5705729166666667 0.043229166666666666 0.10885416666666667
0 0.3390625 0.6075520833333333 0.10729166666666666 0.11510416666666666
0 0.16223958333333333 0.2375 0.08697916666666666 0.13020833333333334
0 0.3765625 0.9846354166666667 0.07291666666666667 0.0296875
0 0.10546875 0.20546875 0.04635416666666667 0.050520833333333334
0 0.56015625 0.80859375 0.1015625 0.14739583333333334
0 0.19375 0.98046875 0.10625 0.0390625
0 0.5674479166666667 0.9791666666666666 0.1171875 0.041666666666666664
0 0.9270833333333334 0.14036458333333332 0.08333333333333333 0.09635416666666667
0 0.85625 0.05677083333333333 0.2875 0.1125
0 0.48984375 0.4197916666666667 0.10677083333333333 0.09583333333333334
0 0.25 0.042708333333333334 0.08333333333333333 0.084375
0 0.46588541666666666 0.32864583333333336 0.1265625 0.15416666666666667
0 0.08802083333333334 0.11927083333333334 0.17395833333333333 0.115625
0 0.5356770833333333 0.73515625 0.08697916666666666 0.06927083333333334
0 0.58359375 0.9122395833333333 0.11510416666666666 0.1015625
0 0.015885416666666666 0.93671875 0.030729166666666665 0.1140625
0 0.025 0.8161458333333333 0.04895833333333333 0.08125
0 0.06067708333333333 0.59765625 0.04635416666666667 0.08072916666666667
0 0.3072916666666667 0.4515625 0.057291666666666664 0.078125
0 0.13541666666666666 0.5932291666666667 0.09375 0.08229166666666667
0 0.21927083333333333 0.5033854166666667 0.10416666666666667 0.12239583333333333
0 0.14895833333333333 0.5067708333333333 0.096875 0.115625
0 0.032552083333333336 0.40182291666666664 0.0609375 0.06927083333333334
0 0.16041666666666668 0.06484375 0.12083333333333333 0.12447916666666667
0 0.03697916666666667 0.04921875 0.071875 0.09739583333333333
0 0.7661458333333333 0.11640625 0.103125 0.10677083333333333
0 0.6203125 0.20989583333333334 0.09895833333333333 0.11354166666666667
0 0.7604166666666666 0.41458333333333336 0.11041666666666666 0.15208333333333332
0 0.7416666666666667 0.27708333333333335 0.14166666666666666 0.17083333333333334
0 0.6270833333333333 0.0765625 0.16875 0.15104166666666666