0 0.95390625 0.29453125 0.0890625 0.14947916666666666
0 0.4005208333333333 0.6671875 0.18541666666666667 0.2
0 0.7484375 0.07734375 0.13541666666666666 0.09010416666666667
0 0.25625 0.4791666666666667 0.09479166666666666 0.07708333333333334
0 0.67890625 0.88125 0.10677083333333333 0.10625
0 0.40989583333333335 0.48385416666666664 0.21979166666666666 0.18229166666666666
0 0.8703125 0.3372395833333333 0.03958333333333333 0.050520833333333334
0 0.73984375 0.14296875 0.0734375 0.05572916666666667
0 0.5333333333333333 0.28515625 0.07083333333333333 0.07552083333333333
0 0.6018229166666667 0.6065104166666667 0.08385416666666666 0.09322916666666667
0 0.959375 0.6846354166666667 0.08020833333333334 0.0953125
0 0.7908854166666667 0.3184895833333333 0.10885416666666667 0.07447916666666667
0 0.6229166666666667 0.26796875 0.10104166666666667 0.13385416666666666
0 0.7002604166666667 0.20286458333333332 0.06302083333333333 0.0703125
0 0.5385416666666667 0.22369791666666666 0.08541666666666667 0.0578125
0 0.95 0.06953125 0.036458333333333336 0.06510416666666667
0 0.8330729166666667 0.56484375 0.044270833333333336 0.03697916666666667
0 0.91640625 0.11822916666666666 0.059895833333333336 0.04791666666666667
0 0.7690104166666667 0.39010416666666664 0.0953125 0.09270833333333334
0 0.8627604166666667 0.653125 0.1453125 0.15625
0 0.48333333333333334 0.9606770833333333 0.1 0.07760416666666667
0 0.7083333333333334 0.67421875 0.17708333333333334 0.1578125
0 0.7330729166666666 0.8325520833333333 0.13802083333333334 0.1484375
0 0.66484375 0.31640625 0.050520833333333334 0.04739583333333333
0 0.6265625 0.5072916666666667 0.10833333333333334 0.09791666666666667
0 0.5078125 0.41510416666666666 0.034375 0.036458333333333336
0 0.46328125 0.3463541666666667 0.0828125 0.09479166666666666
0 0.6106770833333334 0.9575520833333333 0.15885416666666666 0.08385416666666666
0 0.17526041666666667 0.8033854166666666 0.1390625 0.15052083333333333
0 0.66015625 0.6205729166666667 0.04635416666666667 0.0578125
0 0.95625 0.5052083333333334 0.084375 0.11666666666666667
0 0.7203125 0.28203125 0.058333333333333334 0.06510416666666667
0 0.8348958333333333 0.2046875 0.21145833333333333 0.19479166666666667
0 0.56640625 0.39348958333333334 0.08802083333333334 0.1296875
0 0.8971354166666666 0.06666666666666667 0.07239583333333334 0.05625
0 0.7322916666666667 0.5697916666666667 0.06875 0.06770833333333333
0 0.9770833333333333 0.14505208333333333 0.04479166666666667 0.049479166666666664
0 0.5940104166666667 0.11848958333333333 0.20677083333333332 0.15885416666666666
0 0.9026041666666667 0.3067708333333333 0.026041666666666668 0.030208333333333334
0 0.30755208333333334 0.2921875 0.1609375 0.19270833333333334
0 0.7125 0.46770833333333334 0.06979166666666667 0.08229166666666667
0 0.6614583333333334 0.3921875 0.10833333333333334 0.115625
0 0.9036458333333334 0.34765625 0.0375 0.04635416666666667
0 0.7145833333333333 0.017447916666666667 0.078125 0.034895833333333334
0 0.72578125 0.35052083333333334 0.033854166666666664 0.0375
0 0.6013020833333333 0.8213541666666667 0.12552083333333333 0.1625
0 0.5182291666666666 0.8802083333333334 0.10833333333333334 0.12604166666666666
0 0.012239583333333333 0.8315104166666667 0.024479166666666666 0.08802083333333334
0 0.9778645833333334 0.42942708333333335 0.043229166666666666 0.10885416666666667
0 0.6609375 0.3924479166666667 0.10729166666666666 0.11510416666666666
0 0.8377604166666667 0.7625 0.08697916666666666 0.13020833333333334
0 0.6234375 0.015364583333333333 0.07291666666666667 0.0296875
0 0.89453125 0.79453125 0.04635416666666667 0.050520833333333334
0 0.43984375 0.19140625 0.1015625 0.14739583333333334
0 0.80625 0.01953125 0.10625 0.0390625
0 0.43255208333333334 0.020833333333333332 0.1171875 0.041666666666666664
0 0.07291666666666667 0.8596354166666667 0.08333333333333333 0.09635416666666667
0 0.14375 0.9432291666666667 0.2875 0.1125
0 0.51015625 0.5802083333333333 0.10677083333333333 0.09583333333333334
0 0.75 0.9572916666666667 0.08333333333333333 0.084375
0 0.5341145833333333 0.6713541666666667 0.1265625 0.15416666666666667
0 0.9119791666666667 0.8807291666666667 0.17395833333333333 0.115625
0 0.46432291666666664 0.26484375 0.08697916666666666 0.06927083333333334
0 0.41640625 0.08776041666666666 0.11510416666666666 0.1015625
0 0.9841145833333333 0.06328125 0.030729166666666665 0.1140625
0 0.975 0.18385416666666668 0.04895833333333333 0.08125
0 0.9393229166666667 0.40234375 0.04635416666666667 0.08072916666666667
0 0.6927083333333334 0.5484375 0.057291666666666664 0.078125
0 0.8645833333333334 0.40677083333333336 0.09375 0.08229166666666667
0 0.7807291666666667 0.49661458333333336 0.10416666666666667 0.12239583333333333
0 0.8510416666666667 0.49322916666666666 0.096875 0.115625
0 0.9674479166666666 0.5981770833333333 0.0609375 0.06927083333333334
0 0.8395833333333333 0.93515625 0.12083333333333333 0.12447916666666667
0 0.9630208333333333 0.95078125 0.071875 0.09739583333333333
0 0.23385416666666667 0.88359375 0.103125 0.10677083333333333
0 0.3796875 0.7901041666666667 0.09895833333333333 0.11354166666666667
0 0.23958333333333334 0.5854166666666667 0.11041666666666666 0.15208333333333332
0 0.25833333333333336 0.7229166666666667 0.14166666666666666 0.17083333333333334
0 0.3729166666666667 0.9234375 0.16875 0.15104166666666666