0 0.8283854166666667 0.2565104166666667 0.1359375 0.10364583333333334
0 0.11692708333333333 0.1125 0.16927083333333334 0.14375
0 0.16614583333333333 0.7080729166666667 0.18229166666666666 0.21302083333333333
0 0.24635416666666668 0.38046875 0.109375 0.1390625
0 0.6114583333333333 0.6091145833333333 0.16979166666666667 0.1953125
0 0.93828125 0.7989583333333333 0.1234375 0.14791666666666667
0 0.38671875 0.09817708333333333 0.12760416666666666 0.0953125
0 0.08671875 0.278125 0.17239583333333333 0.20520833333333333
0 0.1828125 0.23776041666666667 0.14895833333333333 0.1421875
0 0.42994791666666665 0.390625 0.25052083333333336 0.228125
0 0.30625 0.6028645833333334 0.13020833333333334 0.1703125
0 0.6989583333333333 0.5432291666666667 0.14479166666666668 0.11145833333333334
0 0.5447916666666667 0.7200520833333334 0.115625 0.09739583333333333
0 0.5776041666666667 0.134375 0.2625 0.17083333333333334
0 0.73125 0.6666666666666666 0.12708333333333333 0.14375
0 0.08489583333333334 0.48359375 0.16875 0.2671875
0 0.7494791666666667 0.315625 0.11041666666666666 0.084375
0 0.18307291666666667 0.3958333333333333 0.07239583333333334 0.090625
0 0.8348958333333333 0.41432291666666665 0.253125 0.1828125
0 0.39088541666666665 0.52578125 0.15052083333333333 0.12864583333333332
0 0.6395833333333333 0.28854166666666664 0.1 0.10833333333333334
0 0.3958333333333333 0.6395833333333333 0.12604166666666666 0.1
0 0.3536458333333333 0.7330729166666666 0.12395833333333334 0.10572916666666667
0 0.6716145833333333 0.3919270833333333 0.08802083333333334 0.09010416666666667
0 0.24192708333333332 0.13385416666666666 0.059895833333333336 0.05625
0 0.8690104166666667 0.61015625 0.18177083333333333 0.17864583333333334
0 0.471875 0.22578125 0.07604166666666666 0.043229166666666666
0 0.44140625 0.7052083333333333 0.059895833333333336 0.071875
0 0.5697916666666667 0.31666666666666665 0.08229166666666667 0.07083333333333333
0 0.2786458333333333 0.029947916666666668 0.06041666666666667 0.0546875
0 0.43463541666666666 0.19453125 0.05677083333333333 0.0390625
0 0.9596354166666666 0.29322916666666665 0.07239583333333334 0.06354166666666666
0 0.6231770833333333 0.37421875 0.043229166666666666 0.0578125
0 0.35260416666666666 0.2669270833333333 0.11770833333333333 0.0890625
0 0.20807291666666666 0.048177083333333336 0.08385416666666666 0.09322916666666667
0 0.5713541666666667 0.38567708333333334 0.071875 0.06614583333333333
0 0.7317708333333334 0.18697916666666667 0.05 0.057291666666666664
0 0.051041666666666666 0.6919270833333333 0.10104166666666667 0.11614583333333334
0 0.2721354166666667 0.48489583333333336 0.08697916666666666 0.07395833333333333
0 0.34270833333333334 0.0296875 0.09583333333333334 0.058333333333333334
0 0.18671875 0.50078125 0.0796875 0.05677083333333333
0 0.49166666666666664 0.28958333333333336 0.07604166666666666 0.075
0 0.7322916666666667 0.24453125 0.0625 0.0609375
0 0.19609375 0.45755208333333336 0.0484375 0.03802083333333333
0 0.28359375 0.19739583333333333 0.0640625 0.06145833333333333
0 0.5200520833333333 0.5278645833333333 0.08385416666666666 0.06927083333333334
0 0.3932291666666667 0.21276041666666667 0.04375 0.043229166666666666
0 0.47369791666666666 0.5815104166666667 0.06822916666666666 0.09322916666666667
0 0.17838541666666666 0.5559895833333334 0.0890625 0.06822916666666666
0 0.29401041666666666 0.13567708333333334 0.0515625 0.049479166666666664
0 0.4354166666666667 0.15598958333333332 0.036458333333333336 0.04114583333333333
0 0.5606770833333333 0.44375 0.07447916666666667 0.046875
0 0.7015625 0.13125 0.034375 0.042708333333333334
0 0.6419270833333334 0.016145833333333335 0.0546875 0.03125
0 0.7010416666666667 0.27057291666666666 0.03125 0.0328125
0 0.5645833333333333 0.49192708333333335 0.08958333333333333 0.05677083333333333
0 0.36171875 0.16510416666666666 0.06822916666666666 0.04583333333333333
0 0.5700520833333333 0.25703125 0.0640625 0.04635416666666667
0 0.14140625 0.04140625 0.04635416666666667 0.0421875
0 0.5385416666666667 0.2375 0.051041666666666666 0.046875
0 0.43671875 0.029427083333333333 0.0921875 0.05677083333333333
0 0.88515625 0.309375 0.028645833333333332 0.028125
0 0.06067708333333333 0.019010416666666665 0.1203125 0.03697916666666667
0 0.9109375 0.30546875 0.026041666666666668 0.033854166666666664
0 0.10859375 0.02421875 0.03697916666666667 0.033854166666666664
0 0.8122395833333333 0.17630208333333333 0.06614583333333333 0.059895833333333336
0 0.28125 0.07239583333333334 0.06875 0.052083333333333336
0 0.8234375 0.7640625 0.17291666666666666 0.15729166666666666
0 0.51640625 0.6380208333333334 0.1046875 0.09375
0 0.97578125 0.4401041666666667 0.0484375 0.109375
0 0.9309895833333334 0.6861979166666666 0.0734375 0.06510416666666667
0 0.8622395833333333 0.07161458333333333 0.2755208333333333 0.1421875
0 0.9057291666666667 0.18723958333333332 0.10208333333333333 0.09739583333333333
0 0.9721354166666667 0.16510416666666666 0.05572916666666667 0.14270833333333333
0 0.27421875 0.2546875 0.04010416666666667 0.05572916666666667
0 0.3190104166666667 0.22369791666666666 0.04739583333333333 0.030729166666666665
0 0.35911458333333335 0.21276041666666667 0.030729166666666665 0.030729166666666665
0 0.7419270833333333 0.95390625 0.1296875 0.0921875
0 0.8817708333333333 0.9572916666666667 0.15 0.08541666666666667
0 0.496875 0.9669270833333333 0.09791666666666667 0.06614583333333333
0 0.5802083333333333 0.97265625 0.06666666666666667 0.0546875
0 0.36744791666666665 0.9841145833333333 0.12291666666666666 0.03177083333333333
0 0.98046875 0.61796875 0.0390625 0.215625