0 0.5442708333333334 0.1984375 0.10104166666666667 0.15
0 0.3065104166666667 0.5471354166666667 0.2046875 0.2265625
0 0.7533854166666667 0.5309895833333333 0.17760416666666667 0.17760416666666667
0 0.38359375 0.42473958333333334 0.1578125 0.1359375
0 0.7583333333333333 0.9096354166666667 0.14583333333333334 0.10677083333333333
0 0.7700520833333333 0.06354166666666666 0.14010416666666667 0.12708333333333333
0 0.5723958333333333 0.5299479166666666 0.215625 0.1171875
0 0.58359375 0.93359375 0.15677083333333333 0.13177083333333334
0 0.6721354166666667 0.8221354166666667 0.16614583333333333 0.2140625
0 0.51328125 0.73359375 0.10260416666666666 0.13072916666666667
0 0.49140625 0.35260416666666666 0.12864583333333332 0.14270833333333333
0 0.6401041666666667 0.20416666666666666 0.09895833333333333 0.16145833333333334
0 0.37135416666666665 0.61875 0.13854166666666667 0.153125
0 0.57890625 0.6361979166666667 0.11197916666666667 0.1328125
0 0.39505208333333336 0.9161458333333333 0.22239583333333332 0.16666666666666666
0 0.46458333333333335 0.06171875 0.1 0.1234375
0 0.4739583333333333 0.65625 0.08333333333333333 0.10208333333333333
0 0.834375 0.29270833333333335 0.1625 0.17916666666666667
0 0.47161458333333334 0.57578125 0.06822916666666666 0.0640625
0 0.6184895833333334 0.06276041666666667 0.16197916666666667 0.12552083333333333
0 0.9322916666666666 0.6223958333333334 0.125 0.115625
0 0.9197916666666667 0.040625 0.159375 0.08125
0 0.7411458333333333 0.203125 0.12708333333333333 0.14583333333333334
0 0.9484375 0.2911458333333333 0.10208333333333333 0.16875
0 0.684375 0.3815104166666667 0.25 0.2265625
0 0.35963541666666665 0.7541666666666667 0.19322916666666667 0.16145833333333334
0 0.7502604166666667 0.7161458333333334 0.23489583333333333 0.2625
0 0.2596354166666667 0.6888020833333334 0.07135416666666666 0.09114583333333333
0 0.8752604166666667 0.5111979166666667 0.12135416666666667 0.2015625
0 0.21979166666666666 0.9661458333333334 0.14270833333333333 0.06666666666666667
0 0.5604166666666667 0.8598958333333333 0.05625 0.040625
0 0.6791666666666667 0.9739583333333334 0.04479166666666667 0.051041666666666666
0 0.8385416666666666 0.4046875 0.06041666666666667 0.04479166666666667
0 0.8822916666666667 0.11927083333333334 0.059375 0.07083333333333333
0 0.9419270833333333 0.44557291666666665 0.05364583333333333 0.050520833333333334
0 0.8244791666666667 0.12265625 0.051041666666666666 0.04635416666666667
0 0.26484375 0.92734375 0.05572916666666667 0.0421875
0 0.9432291666666667 0.15364583333333334 0.06145833333333333 0.08333333333333333
0 0.9205729166666666 0.196875 0.04635416666666667 0.0375
0 0.9822916666666667 0.49661458333333336 0.019791666666666666 0.0171875
0 0.9877604166666667 0.16666666666666666 0.0234375 0.06354166666666666
0 0.9901041666666667 0.11536458333333334 0.01875 0.044270833333333336
0 0.45598958333333334 0.19921875 0.09322916666666667 0.15677083333333333