0 0.3067708333333333 0.7453125 0.20989583333333334 0.16458333333333333
0 0.665625 0.3109375 0.146875 0.13072916666666667
0 0.1015625 0.534375 0.18020833333333333 0.13489583333333333
0 0.6994791666666667 0.12265625 0.1234375 0.11822916666666666
0 0.8015625 0.2635416666666667 0.13020833333333334 0.19583333333333333
0 0.31666666666666665 0.0828125 0.13854166666666667 0.1078125
0 0.031510416666666666 0.28098958333333335 0.0515625 0.0453125
0 0.2546875 0.2078125 0.05364583333333333 0.04114583333333333
0 0.3658854166666667 0.3190104166666667 0.09010416666666667 0.10520833333333333
0 0.2635416666666667 0.59140625 0.14114583333333333 0.1
0 0.23932291666666666 0.5059895833333333 0.0921875 0.08489583333333334
0 0.45416666666666666 0.054427083333333334 0.1453125 0.10885416666666667
0 0.14739583333333334 0.26484375 0.0703125 0.06510416666666667
0 0.496875 0.27317708333333335 0.13541666666666666 0.22604166666666667
0 0.05260416666666667 0.058333333333333334 0.103125 0.11666666666666667
0 0.75859375 0.4197916666666667 0.15208333333333332 0.14739583333333334
0 0.06848958333333334 0.36380208333333336 0.13697916666666668 0.14166666666666666
0 0.29010416666666666 0.1859375 0.035416666666666666 0.035416666666666666
0 0.89140625 0.24088541666666666 0.0703125 0.0796875
0 0.9432291666666667 0.39088541666666665 0.1125 0.13697916666666668
0 0.9502604166666667 0.08645833333333333 0.09791666666666667 0.17239583333333333
0 0.07369791666666667 0.8716145833333333 0.14739583333333334 0.1421875
0 0.04375 0.4557291666666667 0.0875 0.11510416666666666
0 0.11484375 0.09479166666666666 0.134375 0.1
0 0.024739583333333332 0.6734375 0.049479166666666664 0.13645833333333332
0 0.35052083333333334 0.5578125 0.08229166666666667 0.1421875
0 0.47630208333333335 0.4544270833333333 0.20052083333333334 0.15104166666666666
0 0.18411458333333333 0.36041666666666666 0.10208333333333333 0.1578125
0 0.62421875 0.033854166666666664 0.14166666666666666 0.06510416666666667
0 0.2078125 0.15260416666666668 0.13802083333333334 0.1703125
0 0.44505208333333335 0.6703125 0.17760416666666667 0.134375
0 0.35989583333333336 0.4010416666666667 0.1015625 0.0703125
0 0.19453125 0.91796875 0.1625 0.1546875
0 0.9411458333333333 0.5127604166666667 0.11770833333333333 0.09895833333333333
0 0.028645833333333332 0.9580729166666667 0.05677083333333333 0.0828125
0 0.8010416666666667 0.06484375 0.20885416666666667 0.1296875
0 0.159375 0.024739583333333332 0.09947916666666666 0.049479166666666664
0 0.25885416666666666 0.3143229166666667 0.12604166666666666 0.1828125
0 0.94921875 0.2421875 0.059375 0.07604166666666666
0 0.5544270833333333 0.11796875 0.17239583333333333 0.1234375
0 0.60703125 0.38828125 0.058854166666666666 0.06666666666666667
0 0.6385416666666667 0.45390625 0.1328125 0.13072916666666667
0 0.3341145833333333 0.8638020833333333 0.24791666666666667 0.15572916666666667
0 0.5552083333333333 0.11796875 0.17083333333333334 0.125
0 0.07994791666666666 0.96171875 0.06979166666666667 0.0765625
0 0.5622395833333333 0.9770833333333333 0.10989583333333333 0.04583333333333333
0 0.48359375 0.81796875 0.08541666666666667 0.15364583333333334
0 0.26067708333333334 0.011979166666666667 0.12864583333333332 0.023958333333333335
0 0.37421875 0.19583333333333333 0.17604166666666668 0.15260416666666668
0 0.58203125 0.22109375 0.1265625 0.09427083333333333
0 0.0703125 0.20859375 0.140625 0.128125
0 0.8989583333333333 0.1734375 0.0734375 0.058854166666666666
0 0.9401041666666666 0.28984375 0.11354166666666667 0.08958333333333333
0 0.7002604166666667 0.22369791666666666 0.1046875 0.071875
0 0.024739583333333332 0.11119791666666666 0.049479166666666664 0.059375
0 0.10104166666666667 0.74453125 0.17760416666666667 0.1625
0 0.0640625 0.64609375 0.06666666666666667 0.06875
0 0.9442708333333333 0.171875 0.10364583333333334 0.08072916666666667