0 0.2546875 0.6932291666666667 0.16458333333333333 0.20989583333333334
0 0.6890625 0.334375 0.13072916666666667 0.146875
0 0.465625 0.8984375 0.13489583333333333 0.18020833333333333
0 0.87734375 0.30052083333333335 0.11822916666666666 0.1234375
0 0.7364583333333333 0.1984375 0.19583333333333333 0.13020833333333334
0 0.9171875 0.6833333333333333 0.1078125 0.13854166666666667
0 0.7190104166666667 0.9684895833333333 0.0453125 0.0515625
0 0.7921875 0.7453125 0.04114583333333333 0.05364583333333333
0 0.6809895833333334 0.6341145833333334 0.10520833333333333 0.09010416666666667
0 0.40859375 0.7364583333333333 0.1 0.14114583333333333
0 0.4940104166666667 0.7606770833333333 0.08489583333333334 0.0921875
0 0.9455729166666667 0.5458333333333333 0.10885416666666667 0.1453125
0 0.73515625 0.8526041666666667 0.06510416666666667 0.0703125
0 0.7268229166666667 0.503125 0.22604166666666667 0.13541666666666666
0 0.9416666666666667 0.9473958333333333 0.11666666666666667 0.103125
0 0.5802083333333333 0.24140625 0.14739583333333334 0.15208333333333332
0 0.6361979166666667 0.9315104166666667 0.14166666666666666 0.13697916666666668
0 0.8140625 0.7098958333333333 0.035416666666666666 0.035416666666666666
0 0.7591145833333334 0.10859375 0.0796875 0.0703125
0 0.6091145833333333 0.05677083333333333 0.13697916666666668 0.1125
0 0.9135416666666667 0.04973958333333333 0.17239583333333333 0.09791666666666667
0 0.12838541666666667 0.9263020833333333 0.1421875 0.14739583333333334
0 0.5442708333333334 0.95625 0.11510416666666666 0.0875
0 0.9052083333333333 0.88515625 0.1 0.134375
0 0.3265625 0.9752604166666666 0.13645833333333332 0.049479166666666664
0 0.4421875 0.6494791666666667 0.1421875 0.08229166666666667
0 0.5455729166666666 0.5236979166666667 0.15104166666666666 0.20052083333333334
0 0.6395833333333333 0.8158854166666667 0.1578125 0.10208333333333333
0 0.9661458333333334 0.37578125 0.06510416666666667 0.14166666666666666
0 0.8473958333333333 0.7921875 0.1703125 0.13802083333333334
0 0.3296875 0.5549479166666667 0.134375 0.17760416666666667
0 0.5989583333333334 0.6401041666666667 0.0703125 0.1015625
0 0.08203125 0.80546875 0.1546875 0.1625
0 0.48723958333333334 0.058854166666666666 0.09895833333333333 0.11770833333333333
0 0.04192708333333333 0.9713541666666666 0.0828125 0.05677083333333333
0 0.93515625 0.19895833333333332 0.1296875 0.20885416666666667
0 0.9752604166666666 0.840625 0.049479166666666664 0.09947916666666666
0 0.6856770833333333 0.7411458333333333 0.1828125 0.12604166666666666
0 0.7578125 0.05078125 0.07604166666666666 0.059375
0 0.88203125 0.44557291666666665 0.1234375 0.17239583333333333
0 0.61171875 0.39296875 0.06666666666666667 0.058854166666666666
0 0.54609375 0.3614583333333333 0.13072916666666667 0.1328125
0 0.13619791666666667 0.6658854166666667 0.15572916666666667 0.24791666666666667
0 0.88203125 0.44479166666666664 0.125 0.17083333333333334
0 0.03828125 0.9200520833333333 0.0765625 0.06979166666666667
0 0.022916666666666665 0.43776041666666665 0.04583333333333333 0.10989583333333333
0 0.18203125 0.51640625 0.15364583333333334 0.08541666666666667
0 0.9880208333333333 0.7393229166666667 0.023958333333333335 0.12864583333333332
0 0.8041666666666667 0.62578125 0.15260416666666668 0.17604166666666668
0 0.77890625 0.41796875 0.09427083333333333 0.1265625
0 0.79140625 0.9296875 0.128125 0.140625
0 0.8265625 0.10104166666666667 0.058854166666666666 0.0734375
0 0.71015625 0.059895833333333336 0.08958333333333333 0.11354166666666667
0 0.7763020833333333 0.29973958333333334 0.071875 0.1046875
0 0.8888020833333333 0.9752604166666666 0.059375 0.049479166666666664
0 0.25546875 0.8989583333333333 0.1625 0.17760416666666667
0 0.35390625 0.9359375 0.06875 0.06666666666666667
0 0.828125 0.05572916666666667 0.08072916666666667 0.10364583333333334