0 0.8739583333333333 0.08385416666666666 0.1328125 0.128125
0 0.16458333333333333 0.2559895833333333 0.1296875 0.11614583333333334
0 0.67109375 0.1765625 0.16354166666666667 0.17083333333333334
0 0.8958333333333334 0.8518229166666667 0.19270833333333334 0.20208333333333334
0 0.7705729166666667 0.7559895833333333 0.09739583333333333 0.11354166666666667
0 0.8705729166666667 0.70234375 0.09375 0.0921875
0 0.08098958333333334 0.10703125 0.159375 0.2109375
0 0.7283854166666667 0.8721354166666667 0.0765625 0.078125
0 0.9703125 0.7614583333333333 0.059375 0.0625
0 0.11354166666666667 0.3807291666666667 0.06614583333333333 0.0578125
0 0.8807291666666667 0.59296875 0.09739583333333333 0.12135416666666667
0 0.7817708333333333 0.8390625 0.053125 0.06041666666666667
0 0.6794270833333333 0.73046875 0.075 0.0984375
0 0.03307291666666667 0.21041666666666667 0.052083333333333336 0.0453125
0 0.0484375 0.34817708333333336 0.09583333333333334 0.2203125
0 0.7791666666666667 0.94609375 0.07604166666666666 0.07552083333333333
0 0.7072916666666667 0.7841145833333333 0.041666666666666664 0.0484375
0 0.8986979166666667 0.96796875 0.20104166666666667 0.06354166666666666
0 0.60234375 0.7328125 0.09010416666666667 0.11041666666666666
0 0.53515625 0.17369791666666667 0.11041666666666666 0.11302083333333333
0 0.5924479166666666 0.9703125 0.08854166666666667 0.059375
0 0.031510416666666666 0.7072916666666667 0.06197916666666667 0.19739583333333333
0 0.825 0.62109375 0.0390625 0.07604166666666666
0 0.3151041666666667 0.903125 0.11458333333333333 0.08697916666666666
0 0.6794270833333333 0.9791666666666666 0.08333333333333333 0.041666666666666664
0 0.21875 0.6700520833333333 0.278125 0.13645833333333332
0 0.4005208333333333 0.18098958333333334 0.17395833333333333 0.13229166666666667
0 0.26953125 0.14296875 0.06458333333333334 0.1140625
0 0.48151041666666666 0.30104166666666665 0.09895833333333333 0.078125
0 0.9216145833333333 0.2046875 0.12447916666666667 0.09635416666666667
0 0.29921875 0.45364583333333336 0.30416666666666664 0.30885416666666665
0 0.9796875 0.6953125 0.040625 0.08802083333333334
0 0.12447916666666667 0.32421875 0.06822916666666666 0.050520833333333334
0 0.3546875 0.7940104166666667 0.11614583333333334 0.11927083333333334
0 0.9361979166666666 0.6854166666666667 0.04895833333333333 0.08697916666666666
0 0.6455729166666667 0.8442708333333333 0.1015625 0.1203125
0 0.63203125 0.36666666666666664 0.12135416666666667 0.13541666666666666
0 0.9861979166666667 0.6916666666666667 0.027604166666666666 0.09270833333333334
0 0.5916666666666667 0.25234375 0.11354166666666667 0.11770833333333333
0 0.109375 0.50703125 0.18697916666666667 0.19270833333333334
0 0.04140625 0.5822916666666667 0.0796875 0.10989583333333333
0 0.16640625 0.7684895833333333 0.10989583333333333 0.090625
0 0.66796875 0.64453125 0.07083333333333333 0.04895833333333333
0 0.19401041666666666 0.11744791666666667 0.12135416666666667 0.16145833333333334
0 0.1859375 0.027083333333333334 0.18333333333333332 0.05416666666666667
0 0.50546875 0.240625 0.08802083333333334 0.07135416666666666
0 0.3640625 0.05755208333333333 0.171875 0.11145833333333334
0 0.55625 0.06484375 0.17395833333333333 0.125
0 0.7541666666666667 0.11770833333333333 0.1625 0.16041666666666668
0 0.77890625 0.03411458333333333 0.05625 0.0453125
0 0.96953125 0.12916666666666668 0.0609375 0.07916666666666666
0 0.76640625 0.3611979166666667 0.178125 0.19479166666666667
0 0.96484375 0.5635416666666667 0.0703125 0.15520833333333334
0 0.9346354166666667 0.39505208333333336 0.13072916666666667 0.25
0 0.8135416666666667 0.23567708333333334 0.10364583333333334 0.0515625
0 0.3184895833333333 0.9736979166666667 0.19270833333333334 0.05260416666666667
0 0.028125 0.9229166666666667 0.05625 0.15416666666666667