0 0.12604166666666666 0.9161458333333333 0.1328125 0.128125
0 0.8354166666666667 0.7440104166666667 0.1296875 0.11614583333333334
0 0.32890625 0.8234375 0.16354166666666667 0.17083333333333334
0 0.10416666666666667 0.14817708333333332 0.19270833333333334 0.20208333333333334
0 0.22942708333333334 0.24401041666666667 0.09739583333333333 0.11354166666666667
0 0.12942708333333333 0.29765625 0.09375 0.0921875
0 0.9190104166666667 0.89296875 0.159375 0.2109375
0 0.2716145833333333 0.12786458333333334 0.0765625 0.078125
0 0.0296875 0.23854166666666668 0.059375 0.0625
0 0.8864583333333333 0.6192708333333333 0.06614583333333333 0.0578125
0 0.11927083333333334 0.40703125 0.09739583333333333 0.12135416666666667
0 0.21822916666666667 0.1609375 0.053125 0.06041666666666667
0 0.32057291666666665 0.26953125 0.075 0.0984375
0 0.9669270833333333 0.7895833333333333 0.052083333333333336 0.0453125
0 0.9515625 0.6518229166666667 0.09583333333333334 0.2203125
0 0.22083333333333333 0.05390625 0.07604166666666666 0.07552083333333333
0 0.29270833333333335 0.21588541666666666 0.041666666666666664 0.0484375
0 0.10130208333333333 0.03203125 0.20104166666666667 0.06354166666666666
0 0.39765625 0.2671875 0.09010416666666667 0.11041666666666666
0 0.46484375 0.8263020833333333 0.11041666666666666 0.11302083333333333
0 0.4075520833333333 0.0296875 0.08854166666666667 0.059375
0 0.9684895833333333 0.29270833333333335 0.06197916666666667 0.19739583333333333
0 0.175 0.37890625 0.0390625 0.07604166666666666
0 0.6848958333333334 0.096875 0.11458333333333333 0.08697916666666666
0 0.32057291666666665 0.020833333333333332 0.08333333333333333 0.041666666666666664
0 0.78125 0.3299479166666667 0.278125 0.13645833333333332
0 0.5994791666666667 0.8190104166666666 0.17395833333333333 0.13229166666666667
0 0.73046875 0.85703125 0.06458333333333334 0.1140625
0 0.5184895833333333 0.6989583333333333 0.09895833333333333 0.078125
0 0.07838541666666667 0.7953125 0.12447916666666667 0.09635416666666667
0 0.70078125 0.5463541666666667 0.30416666666666664 0.30885416666666665
0 0.0203125 0.3046875 0.040625 0.08802083333333334
0 0.8755208333333333 0.67578125 0.06822916666666666 0.050520833333333334
0 0.6453125 0.20598958333333334 0.11614583333333334 0.11927083333333334
0 0.06380208333333333 0.3145833333333333 0.04895833333333333 0.08697916666666666
0 0.35442708333333334 0.15572916666666667 0.1015625 0.1203125
0 0.36796875 0.6333333333333333 0.12135416666666667 0.13541666666666666
0 0.013802083333333333 0.30833333333333335 0.027604166666666666 0.09270833333333334
0 0.4083333333333333 0.74765625 0.11354166666666667 0.11770833333333333
0 0.890625 0.49296875 0.18697916666666667 0.19270833333333334
0 0.95859375 0.41770833333333335 0.0796875 0.10989583333333333
0 0.83359375 0.23151041666666666 0.10989583333333333 0.090625
0 0.33203125 0.35546875 0.07083333333333333 0.04895833333333333
0 0.8059895833333334 0.8825520833333333 0.12135416666666667 0.16145833333333334
0 0.8140625 0.9729166666666667 0.18333333333333332 0.05416666666666667
0 0.49453125 0.759375 0.08802083333333334 0.07135416666666666
0 0.6359375 0.9424479166666667 0.171875 0.11145833333333334
0 0.44375 0.93515625 0.17395833333333333 0.125
0 0.24583333333333332 0.8822916666666667 0.1625 0.16041666666666668
0 0.22109375 0.9658854166666667 0.05625 0.0453125
0 0.03046875 0.8708333333333333 0.0609375 0.07916666666666666
0 0.23359375 0.6388020833333333 0.178125 0.19479166666666667
0 0.03515625 0.43645833333333334 0.0703125 0.15520833333333334
0 0.06536458333333334 0.6049479166666667 0.13072916666666667 0.25
0 0.18645833333333334 0.7643229166666666 0.10364583333333334 0.0515625
0 0.6815104166666667 0.026302083333333334 0.19270833333333334 0.05260416666666667
0 0.971875 0.07708333333333334 0.05625 0.15416666666666667