0 0.56015625 0.7427083333333333 0.084375 0.13333333333333333
0 0.41953125 0.2630208333333333 0.25364583333333335 0.20260416666666667
0 0.26276041666666666 0.5583333333333333 0.12708333333333333 0.13333333333333333
0 0.6640625 0.38723958333333336 0.21041666666666667 0.215625
0 0.9364583333333333 0.5817708333333333 0.12395833333333334 0.1390625
0 0.86953125 0.5440104166666667 0.11979166666666667 0.12760416666666666
0 0.8265625 0.72734375 0.2838541666666667 0.19583333333333333
0 0.3359375 0.6307291666666667 0.10677083333333333 0.15833333333333333
0 0.159375 0.7328125 0.12604166666666666 0.1109375
0 0.17317708333333334 0.4473958333333333 0.21666666666666667 0.21145833333333333
0 0.86171875 0.38385416666666666 0.20416666666666666 0.23229166666666667
0 0.21848958333333332 0.04895833333333333 0.12708333333333333 0.09791666666666667
0 0.7184895833333333 0.5833333333333334 0.14479166666666668 0.12447916666666667
0 0.38307291666666665 0.08125 0.1765625 0.15572916666666667
0 0.26614583333333336 0.2515625 0.10885416666666667 0.17552083333333332
0 0.05260416666666667 0.3971354166666667 0.10364583333333334 0.22604166666666667
0 0.0421875 0.5640625 0.08229166666666667 0.13489583333333333
0 0.3078125 0.40520833333333334 0.10625 0.134375
0 0.05911458333333333 0.8453125 0.11822916666666666 0.19270833333333334
0 0.6658854166666667 0.7932291666666667 0.14375 0.17604166666666668
0 0.3653645833333333 0.8541666666666666 0.11770833333333333 0.12604166666666666
0 0.21588541666666666 0.903125 0.20052083333333334 0.19375
0 0.9622395833333334 0.4192708333333333 0.07552083333333333 0.18854166666666666
0 0.478125 0.40208333333333335 0.16354166666666667 0.1359375
0 0.1140625 0.2526041666666667 0.221875 0.1953125
0 0.11614583333333334 0.9130208333333333 0.044270833333333336 0.041666666666666664
0 0.15182291666666667 0.6260416666666667 0.18229166666666666 0.14947916666666666
0 0.8817708333333333 0.9388020833333334 0.23645833333333333 0.12083333333333333
0 0.5807291666666666 0.9270833333333334 0.1765625 0.14479166666666668
0 0.5916666666666667 0.15390625 0.19635416666666666 0.146875
0 0.9260416666666667 0.12291666666666666 0.14791666666666667 0.24010416666666667
0 0.4859375 0.7419270833333333 0.078125 0.09322916666666667
0 0.13046875 0.09036458333333333 0.15625 0.1453125
0 0.057291666666666664 0.95703125 0.10989583333333333 0.08489583333333334
0 0.9453125 0.8494791666666667 0.10677083333333333 0.18958333333333333
0 0.11640625 0.8619791666666666 0.05416666666666667 0.06041666666666667
0 0.03359375 0.08984375 0.0671875 0.0984375
0 0.6645833333333333 0.046875 0.12291666666666666 0.090625
0 0.48515625 0.8161458333333333 0.11770833333333333 0.06875
0 0.709375 0.1125 0.049479166666666664 0.053125
0 0.45260416666666664 0.04401041666666667 0.178125 0.08802083333333334
0 0.36666666666666664 0.49557291666666664 0.109375 0.08385416666666666
0 0.5895833333333333 0.04921875 0.05572916666666667 0.05572916666666667
0 0.33359375 0.9682291666666667 0.12395833333333334 0.06354166666666666
0 0.7817708333333333 0.04869791666666667 0.1234375 0.09479166666666666
0 0.075 0.7393229166666667 0.049479166666666664 0.043229166666666666
0 0.27005208333333336 0.7575520833333333 0.10364583333333334 0.11458333333333333
0 0.54765625 0.47213541666666664 0.0796875 0.058854166666666666
0 0.13333333333333333 0.8046875 0.0375 0.04375
0 0.15546875 0.8471354166666667 0.0296875 0.0359375