0 0.5721354166666667 0.38046875 0.12239583333333333 0.14427083333333332
0 0.5127604166666667 0.278125 0.13697916666666668 0.103125
0 0.6049479166666667 0.77578125 0.1984375 0.2015625
0 0.67890625 0.06041666666666667 0.19322916666666667 0.12083333333333333
0 0.7963541666666667 0.6057291666666667 0.2947916666666667 0.26979166666666665
0 0.19713541666666667 0.71875 0.12864583333333332 0.15416666666666667
0 0.8763020833333334 0.1296875 0.13177083333333334 0.10520833333333333
0 0.3296875 0.43125 0.10729166666666666 0.08333333333333333
0 0.9536458333333333 0.34296875 0.07916666666666666 0.09114583333333333
0 0.4588541666666667 0.3515625 0.075 0.109375
0 0.04791666666666667 0.35 0.09583333333333334 0.11041666666666666
0 0.775 0.3580729166666667 0.09583333333333334 0.07447916666666667
0 0.709375 0.41302083333333334 0.07083333333333333 0.07916666666666666
0 0.41067708333333336 0.42135416666666664 0.0546875 0.053125
0 0.38203125 0.76953125 0.12447916666666667 0.10364583333333334
0 0.9109375 0.05755208333333333 0.10416666666666667 0.11510416666666666
0 0.9075520833333334 0.22838541666666667 0.09114583333333333 0.13072916666666667
0 0.7997395833333333 0.27578125 0.0890625 0.09114583333333333
0 0.3260416666666667 0.5184895833333333 0.07916666666666666 0.07447916666666667
0 0.08880208333333334 0.4544270833333333 0.0921875 0.12135416666666667
0 0.5559895833333334 0.12890625 0.13385416666666666 0.19322916666666667
0 0.040625 0.5369791666666667 0.08020833333333334 0.103125
0 0.27369791666666665 0.75078125 0.09427083333333333 0.0796875
0 0.25885416666666666 0.35208333333333336 0.052083333333333336 0.04375
0 0.3723958333333333 0.47994791666666664 0.065625 0.06614583333333333
0 0.29270833333333335 0.6541666666666667 0.0625 0.06666666666666667
0 0.25338541666666664 0.5119791666666667 0.06927083333333334 0.08333333333333333
0 0.6700520833333333 0.19583333333333333 0.08385416666666666 0.07916666666666666
0 0.42942708333333335 0.61796875 0.08072916666666667 0.0765625
0 0.5169270833333334 0.45 0.0953125 0.07708333333333334
0 0.14661458333333333 0.11458333333333333 0.1078125 0.06770833333333333
0 0.030989583333333334 0.16484375 0.06197916666666667 0.08385416666666666
0 0.7408854166666666 0.23046875 0.0734375 0.06822916666666666
0 0.17473958333333334 0.5596354166666667 0.0671875 0.07760416666666667
0 0.1765625 0.40546875 0.075 0.0734375
0 0.2171875 0.59609375 0.058333333333333334 0.06927083333333334
0 0.43697916666666664 0.7114583333333333 0.065625 0.06666666666666667
0 0.05390625 0.0796875 0.050520833333333334 0.075
0 0.36640625 0.5872395833333334 0.0765625 0.0734375
0 0.27578125 0.8346354166666666 0.0859375 0.0921875
0 0.03177083333333333 0.7190104166666667 0.0625 0.0671875
0 0.14895833333333333 0.4979166666666667 0.05 0.071875
0 0.32317708333333334 0.3458333333333333 0.06822916666666666 0.08229166666666667
0 0.2955729166666667 0.19036458333333334 0.0953125 0.0796875
0 0.8645833333333334 0.3338541666666667 0.07708333333333334 0.08229166666666667
0 0.271875 0.5828125 0.06666666666666667 0.065625
0 0.25494791666666666 0.40729166666666666 0.0796875 0.0875
0 0.38515625 0.6981770833333333 0.04635416666666667 0.044270833333333336
0 0.11197916666666667 0.8638020833333333 0.09479166666666666 0.10052083333333334
0 0.26510416666666664 0.12916666666666668 0.10520833333333333 0.07604166666666666
0 0.04479166666666667 0.7752604166666667 0.065625 0.07239583333333334
0 0.340625 0.23802083333333332 0.08125 0.07083333333333333
0 0.18203125 0.18229166666666666 0.0921875 0.06354166666666666
0 0.24635416666666668 0.28932291666666665 0.07395833333333333 0.06822916666666666
0 0.08828125 0.23645833333333333 0.04635416666666667 0.057291666666666664
0 0.20494791666666667 0.08307291666666666 0.05364583333333333 0.06510416666666667
0 0.6572916666666667 0.10572916666666667 0.078125 0.10625
0 0.19635416666666666 0.4864583333333333 0.04375 0.053125
0 0.1078125 0.06536458333333334 0.06354166666666666 0.07135416666666666
0 0.15130208333333334 0.8096354166666667 0.05364583333333333 0.05677083333333333
0 0.07838541666666667 0.6026041666666667 0.06510416666666667 0.06770833333333333
0 0.13098958333333333 0.67890625 0.0484375 0.05677083333333333
0 0.14661458333333333 0.6125 0.06614583333333333 0.06354166666666666
0 0.3729166666666667 0.6559895833333333 0.052083333333333336 0.0421875
0 0.84375 0.24114583333333334 0.08020833333333334 0.08333333333333333
0 0.23489583333333333 0.02890625 0.090625 0.0578125
0 0.10364583333333334 0.753125 0.058333333333333334 0.06145833333333333
0 0.9669270833333333 0.49713541666666666 0.0640625 0.12135416666666667
0 0.08489583333333334 0.6875 0.05520833333333333 0.07291666666666667
0 0.13776041666666666 0.20494791666666667 0.0703125 0.04739583333333333
0 0.1109375 0.5502604166666667 0.058333333333333334 0.0578125
0 0.17942708333333332 0.2630208333333333 0.0546875 0.09583333333333334
0 0.1625 0.035416666666666666 0.04895833333333333 0.07083333333333333
0 0.8065104166666667 0.036458333333333336 0.049479166666666664 0.05416666666666667
0 0.10078125 0.16744791666666667 0.049479166666666664 0.04010416666666667
0 0.32135416666666666 0.7026041666666667 0.040625 0.040625
0 0.17083333333333334 0.66015625 0.03854166666666667 0.04635416666666667
0 0.09088541666666666 0.019010416666666665 0.07864583333333333 0.03802083333333333
0 0.19505208333333332 0.4479166666666667 0.044270833333333336 0.035416666666666666
0 0.03125 0.23541666666666666 0.0625 0.08645833333333333
0 0.24921875 0.22317708333333333 0.08177083333333333 0.06822916666666666
0 0.64609375 0.23411458333333332 0.04114583333333333 0.033854166666666664
0 0.13411458333333334 0.23828125 0.0390625 0.044270833333333336
0 0.03723958333333333 0.6473958333333333 0.0484375 0.071875
0 0.8294270833333334 0.06901041666666667 0.07864583333333333 0.05364583333333333
0 0.016666666666666666 0.43828125 0.03333333333333333 0.06614583333333333
0 0.9614583333333333 0.1609375 0.03854166666666667 0.035416666666666666
0 0.029166666666666667 0.8729166666666667 0.058333333333333334 0.15833333333333333
0 0.0140625 0.07916666666666666 0.028125 0.06979166666666667
0 0.008333333333333333 0.6169270833333333 0.016666666666666666 0.07552083333333333
0 0.0078125 0.6716145833333333 0.015625 0.06302083333333333
0 0.30416666666666664 0.03723958333333333 0.078125 0.0734375
0 0.2140625 0.34921875 0.0375 0.044270833333333336
0 0.11041666666666666 0.3421875 0.036458333333333336 0.042708333333333334
0 0.17682291666666666 0.34036458333333336 0.034895833333333334 0.041666666666666664
0 0.13697916666666668 0.30833333333333335 0.06458333333333334 0.0703125
0 0.4119791666666667 0.3578125 0.058854166666666666 0.06041666666666667