0 0.5002604166666667 0.8080729166666667 0.1265625 0.1484375
0 0.50078125 0.7049479166666667 0.1203125 0.1140625
0 0.3963541666666667 0.08489583333333334 0.17395833333333333 0.16354166666666667
0 0.35859375 0.76640625 0.16822916666666668 0.1671875
0 0.8059895833333334 0.91875 0.16927083333333334 0.12916666666666668
0 0.1703125 0.6864583333333333 0.11770833333333333 0.11354166666666667
0 0.5497395833333333 0.61015625 0.14322916666666666 0.12864583333333332
0 0.2140625 0.9309895833333334 0.203125 0.1359375
0 0.425 0.55 0.115625 0.14375
0 0.6375 0.44088541666666664 0.10833333333333334 0.10885416666666667
0 0.5502604166666667 0.3848958333333333 0.12135416666666667 0.15208333333333332
0 0.16197916666666667 0.40963541666666664 0.075 0.1046875
0 0.31484375 0.5611979166666666 0.1109375 0.13697916666666668
0 0.6247395833333333 0.19635416666666666 0.07239583333333334 0.084375
0 0.5067708333333333 0.5114583333333333 0.08854166666666667 0.075
0 0.27265625 0.6533854166666667 0.10364583333333334 0.10885416666666667
0 0.15494791666666666 0.7760416666666666 0.0734375 0.0875
0 0.45703125 0.6361979166666667 0.10989583333333333 0.0828125
0 0.8111979166666666 0.8013020833333333 0.08802083333333334 0.09947916666666666
0 0.39166666666666666 0.6802083333333333 0.08541666666666667 0.096875
0 0.6723958333333333 0.6140625 0.08541666666666667 0.07291666666666667
0 0.5190104166666667 0.07161458333333333 0.0796875 0.1015625
0 0.20130208333333333 0.5484375 0.0765625 0.075
0 0.4166666666666667 0.8796875 0.07604166666666666 0.065625
0 0.64609375 0.0796875 0.08177083333333333 0.07291666666666667
0 0.23359375 0.7809895833333333 0.09322916666666667 0.0765625
0 0.6729166666666667 0.24375 0.051041666666666666 0.07083333333333333
0 0.16614583333333333 0.48776041666666664 0.07083333333333333 0.0828125
0 0.6520833333333333 0.7661458333333333 0.075 0.08958333333333333
0 0.60234375 0.8046875 0.0734375 0.08854166666666667
0 0.05520833333333333 0.3033854166666667 0.06145833333333333 0.07552083333333333
0 0.36484375 0.4171875 0.0921875 0.08645833333333333
0 0.8833333333333333 0.41848958333333336 0.09479166666666666 0.05677083333333333
0 0.10052083333333334 0.34661458333333334 0.07916666666666666 0.15885416666666666
0 0.26223958333333336 0.4 0.1015625 0.09791666666666667
0 0.2794270833333333 0.19296875 0.09114583333333333 0.0890625
0 0.28098958333333335 0.2721354166666667 0.07760416666666667 0.07135416666666666
0 0.4979166666666667 0.31328125 0.08125 0.09739583333333333
0 0.36328125 0.35651041666666666 0.10260416666666666 0.07135416666666666
0 0.7734375 0.090625 0.1125 0.075
0 0.6372395833333333 0.6901041666666666 0.06822916666666666 0.059375
0 0.48098958333333336 0.4432291666666667 0.07135416666666666 0.07395833333333333
0 0.27395833333333336 0.46979166666666666 0.075 0.08958333333333333
0 0.3229166666666667 0.8739583333333333 0.1125 0.08958333333333333
0 0.06848958333333334 0.8026041666666667 0.0828125 0.071875
0 0.031510416666666666 0.1046875 0.06302083333333333 0.09895833333333333
0 0.6015625 0.027864583333333335 0.07604166666666666 0.0546875
0 0.6557291666666667 0.140625 0.06354166666666666 0.06041666666666667
0 0.028125 0.56796875 0.05520833333333333 0.0703125
0 0.2520833333333333 0.5721354166666667 0.053125 0.059895833333333336
0 0.8934895833333333 0.6278645833333333 0.0828125 0.09322916666666667
0 0.7216145833333333 0.5315104166666667 0.0703125 0.07447916666666667
0 0.8643229166666667 0.48489583333333336 0.04010416666666667 0.06041666666666667
0 0.25729166666666664 0.04739583333333333 0.11875 0.09375
0 0.9567708333333333 0.7231770833333333 0.08541666666666667 0.13697916666666668
0 0.7229166666666667 0.4083333333333333 0.0625 0.084375
0 0.9536458333333333 0.465625 0.07916666666666666 0.078125
0 0.19453125 0.36744791666666665 0.06302083333333333 0.07239583333333334
0 0.7005208333333334 0.72421875 0.071875 0.08802083333333334
0 0.7346354166666667 0.81171875 0.0984375 0.0921875
0 0.81953125 0.5682291666666667 0.05260416666666667 0.06875
0 0.7919270833333333 0.6341145833333334 0.07552083333333333 0.07760416666666667
0 0.1890625 0.19166666666666668 0.08020833333333334 0.06354166666666666
0 0.7755208333333333 0.45390625 0.059375 0.05677083333333333
0 0.6122395833333333 0.8760416666666667 0.05572916666666667 0.06875
0 0.2484375 0.12916666666666668 0.06770833333333333 0.08958333333333333
0 0.8591145833333333 0.06432291666666666 0.09114583333333333 0.09427083333333333
0 0.6549479166666666 0.5388020833333333 0.07552083333333333 0.0828125
0 0.5809895833333333 0.10703125 0.0515625 0.07135416666666666
0 0.6880208333333333 0.17890625 0.05625 0.05260416666666667
0 0.6005208333333333 0.5216145833333333 0.078125 0.0546875
0 0.10755208333333334 0.8723958333333334 0.0640625 0.08020833333333334
0 0.40911458333333334 0.45286458333333335 0.05260416666666667 0.059895833333333336
0 0.10833333333333334 0.11354166666666667 0.05 0.052083333333333336
0 0.4671875 0.1734375 0.10625 0.10625
0 0.8682291666666667 0.36380208333333336 0.11458333333333333 0.050520833333333334
0 0.9645833333333333 0.37161458333333336 0.06875 0.1265625
0 0.928125 0.8627604166666667 0.08229166666666667 0.08385416666666666
0 0.06953125 0.15755208333333334 0.0671875 0.06822916666666666
0 0.08723958333333333 0.471875 0.0703125 0.08541666666666667
0 0.10078125 0.05364583333333333 0.0703125 0.06041666666666667
0 0.11927083333333334 0.5802083333333333 0.09375 0.11145833333333334
0 0.67890625 0.9565104166666667 0.08697916666666666 0.0796875
0 0.7596354166666667 0.7356770833333334 0.050520833333333334 0.05364583333333333
0 0.46119791666666665 0.3645833333333333 0.05677083333333333 0.051041666666666666
0 0.6546875 0.37265625 0.08229166666666667 0.044270833333333336
0 0.9348958333333334 0.9473958333333333 0.071875 0.07916666666666666
0 0.1609375 0.3059895833333333 0.08645833333333333 0.10052083333333334
0 0.753125 0.5919270833333333 0.075 0.07239583333333334
0 0.8578125 0.3140625 0.14791666666666667 0.07604166666666666
0 0.5890625 0.46953125 0.09270833333333334 0.06510416666666667
0 0.8013020833333333 0.71015625 0.05677083333333333 0.07447916666666667
0 0.71953125 0.87578125 0.0578125 0.05572916666666667
0 0.35833333333333334 0.2791666666666667 0.078125 0.090625
0 0.031510416666666666 0.20859375 0.06302083333333333 0.09010416666666667
0 0.5890625 0.22734375 0.05416666666666667 0.05677083333333333
0 0.7088541666666667 0.1296875 0.041666666666666664 0.04375
0 0.88515625 0.8046875 0.0515625 0.05416666666666667
0 0.6075520833333333 0.2760416666666667 0.06927083333333334 0.05625
0 0.025260416666666667 0.42916666666666664 0.049479166666666664 0.06458333333333334
0 0.30078125 0.8072916666666666 0.04739583333333333 0.05520833333333333
0 0.031510416666666666 0.3703125 0.0609375 0.06145833333333333
0 0.440625 0.4005208333333333 0.05416666666666667 0.07083333333333333
0 0.9015625 0.48072916666666665 0.040625 0.05416666666666667
0 0.8606770833333334 0.7184895833333333 0.0578125 0.07864583333333333
0 0.4591145833333333 0.9677083333333333 0.0796875 0.06458333333333334
0 0.07604166666666666 0.9424479166666667 0.07916666666666666 0.0796875
0 0.15833333333333333 0.11171875 0.07395833333333333 0.08697916666666666
0 0.22291666666666668 0.27578125 0.04583333333333333 0.04114583333333333
0 0.7817708333333333 0.52109375 0.05 0.059895833333333336
0 0.8973958333333333 0.7494791666666667 0.05416666666666667 0.06145833333333333
0 0.71796875 0.47421875 0.050520833333333334 0.0546875
0 0.75703125 0.14427083333333332 0.0609375 0.06666666666666667
0 0.23463541666666668 0.3229166666666667 0.06197916666666667 0.05625
0 0.9653645833333333 0.5510416666666667 0.0671875 0.05625
0 0.23541666666666666 0.7174479166666666 0.0625 0.0515625
0 0.21744791666666666 0.4705729166666667 0.0453125 0.04739583333333333
0 0.30625 0.33177083333333335 0.06666666666666667 0.046875
0 0.8033854166666666 0.39817708333333335 0.0546875 0.07239583333333334
0 0.0828125 0.5424479166666667 0.0625 0.0609375
0 0.8747395833333333 0.5494791666666666 0.058854166666666666 0.07604166666666666
0 0.23723958333333334 0.84375 0.0546875 0.051041666666666666
0 0.9338541666666667 0.525 0.07083333333333333 0.06770833333333333
0 0.5315104166666667 0.018489583333333334 0.0609375 0.0359375
0 0.95703125 0.6174479166666667 0.05677083333333333 0.0828125
0 0.027604166666666666 0.49765625 0.05520833333333333 0.07135416666666666
0 0.77265625 0.038802083333333334 0.049479166666666664 0.04010416666666667
0 0.371875 0.9442708333333333 0.11354166666666667 0.09583333333333334
0 0.5578125 0.1734375 0.06145833333333333 0.05520833333333333
0 0.3255208333333333 0.128125 0.08333333333333333 0.08333333333333333
0 0.05572916666666667 0.8598958333333333 0.05416666666666667 0.06875
0 0.0421875 0.7416666666666667 0.04375 0.057291666666666664
0 0.0703125 0.23776041666666667 0.04791666666666667 0.05260416666666667
0 0.82734375 0.5033854166666667 0.03697916666666667 0.06302083333333333
0 0.06901041666666667 0.671875 0.05260416666666667 0.06354166666666666
0 0.5026041666666666 0.92265625 0.058333333333333334 0.05677083333333333
0 0.16979166666666667 0.84609375 0.06666666666666667 0.05677083333333333
0 0.42239583333333336 0.28880208333333335 0.052083333333333336 0.10260416666666666
0 0.6002604166666666 0.7203125 0.0421875 0.040625
0 0.14114583333333333 0.175 0.06979166666666667 0.03958333333333333
0 0.68984375 0.027864583333333335 0.0984375 0.0546875
0 0.62109375 0.97578125 0.049479166666666664 0.04739583333333333
0 0.5424479166666667 0.23151041666666666 0.03697916666666667 0.04635416666666667
0 0.6489583333333333 0.32734375 0.078125 0.05364583333333333
0 0.05625 0.024479166666666666 0.042708333333333334 0.046875
0 0.20703125 0.23619791666666667 0.08385416666666666 0.0671875
0 0.16979166666666667 0.021354166666666667 0.06666666666666667 0.041666666666666664
0 0.66484375 0.8864583333333333 0.05572916666666667 0.08125
0 0.019010416666666665 0.037760416666666664 0.03802083333333333 0.07239583333333334
0 0.8546875 0.96640625 0.04375 0.0421875
0 0.45859375 0.2755208333333333 0.04010416666666667 0.041666666666666664
0 0.89296875 0.6854166666666667 0.04010416666666667 0.04791666666666667
0 0.09765625 0.6966145833333334 0.033854166666666664 0.06302083333333333
0 0.0203125 0.6658854166666667 0.040625 0.08802083333333334
0 0.7109375 0.24505208333333334 0.027083333333333334 0.034895833333333334
0 0.7408854166666666 0.2557291666666667 0.027604166666666666 0.030208333333333334
0 0.12604166666666666 0.23151041666666666 0.03333333333333333 0.0453125
0 0.017708333333333333 0.76171875 0.034375 0.0421875
0 0.015364583333333333 0.8661458333333333 0.030729166666666665 0.06145833333333333
0 0.09505208333333333 0.013541666666666667 0.07135416666666666 0.026041666666666668
0 0.7752604166666667 0.9893229166666667 0.06197916666666667 0.021354166666666667
0 0.9872395833333333 0.5872395833333334 0.024479166666666666 0.0671875
0 0.8963541666666667 0.9864583333333333 0.07083333333333333 0.027083333333333334
0 0.017708333333333333 0.9328125 0.035416666666666666 0.09583333333333334
0 0.15 0.9856770833333334 0.05625 0.028645833333333332
0 0.0078125 0.81328125 0.015625 0.07239583333333334
0 0.9869791666666666 0.8770833333333333 0.025 0.140625
0 0.0203125 0.97734375 0.040625 0.044270833333333336
0 0.10052083333333334 0.9890625 0.052083333333333336 0.021875
0 0.81015625 0.01171875 0.06614583333333333 0.022395833333333334
0 0.00859375 0.8046875 0.0171875 0.057291666666666664
0 0.8713541666666667 0.2 0.22604166666666667 0.18854166666666666
0 0.0109375 0.30416666666666664 0.021875 0.053125