0 0.49973958333333335 0.19192708333333333 0.1265625 0.1484375
0 0.49921875 0.2950520833333333 0.1203125 0.1140625
0 0.6036458333333333 0.9151041666666667 0.17395833333333333 0.16354166666666667
0 0.64140625 0.23359375 0.16822916666666668 0.1671875
0 0.19401041666666666 0.08125 0.16927083333333334 0.12916666666666668
0 0.8296875 0.31354166666666666 0.11770833333333333 0.11354166666666667
0 0.45026041666666666 0.38984375 0.14322916666666666 0.12864583333333332
0 0.7859375 0.06901041666666667 0.203125 0.1359375
0 0.575 0.45 0.115625 0.14375
0 0.3625 0.5591145833333333 0.10833333333333334 0.10885416666666667
0 0.44973958333333336 0.6151041666666667 0.12135416666666667 0.15208333333333332
0 0.8380208333333333 0.5903645833333333 0.075 0.1046875
0 0.68515625 0.4388020833333333 0.1109375 0.13697916666666668
0 0.37526041666666665 0.8036458333333333 0.07239583333333334 0.084375
0 0.49322916666666666 0.48854166666666665 0.08854166666666667 0.075
0 0.72734375 0.34661458333333334 0.10364583333333334 0.10885416666666667
0 0.8450520833333334 0.22395833333333334 0.0734375 0.0875
0 0.54296875 0.36380208333333336 0.10989583333333333 0.0828125
0 0.18880208333333334 0.19869791666666667 0.08802083333333334 0.09947916666666666
0 0.6083333333333333 0.31979166666666664 0.08541666666666667 0.096875
0 0.32760416666666664 0.3859375 0.08541666666666667 0.07291666666666667
0 0.48098958333333336 0.9283854166666666 0.0796875 0.1015625
0 0.7986979166666667 0.4515625 0.0765625 0.075
0 0.5833333333333334 0.1203125 0.07604166666666666 0.065625
0 0.35390625 0.9203125 0.08177083333333333 0.07291666666666667
0 0.76640625 0.21901041666666668 0.09322916666666667 0.0765625
0 0.32708333333333334 0.75625 0.051041666666666666 0.07083333333333333
0 0.8338541666666667 0.5122395833333333 0.07083333333333333 0.0828125
0 0.34791666666666665 0.23385416666666667 0.075 0.08958333333333333
0 0.39765625 0.1953125 0.0734375 0.08854166666666667
0 0.9447916666666667 0.6966145833333334 0.06145833333333333 0.07552083333333333
0 0.63515625 0.5828125 0.0921875 0.08645833333333333
0 0.11666666666666667 0.5815104166666667 0.09479166666666666 0.05677083333333333
0 0.8994791666666667 0.6533854166666667 0.07916666666666666 0.15885416666666666
0 0.7377604166666667 0.6 0.1015625 0.09791666666666667
0 0.7205729166666667 0.80703125 0.09114583333333333 0.0890625
0 0.7190104166666667 0.7278645833333334 0.07760416666666667 0.07135416666666666
0 0.5020833333333333 0.68671875 0.08125 0.09739583333333333
0 0.63671875 0.6434895833333333 0.10260416666666666 0.07135416666666666
0 0.2265625 0.909375 0.1125 0.075
0 0.36276041666666664 0.3098958333333333 0.06822916666666666 0.059375
0 0.5190104166666667 0.5567708333333333 0.07135416666666666 0.07395833333333333
0 0.7260416666666667 0.5302083333333333 0.075 0.08958333333333333
0 0.6770833333333334 0.12604166666666666 0.1125 0.08958333333333333
0 0.9315104166666667 0.19739583333333333 0.0828125 0.071875
0 0.9684895833333333 0.8953125 0.06302083333333333 0.09895833333333333
0 0.3984375 0.9721354166666667 0.07604166666666666 0.0546875
0 0.34427083333333336 0.859375 0.06354166666666666 0.06041666666666667
0 0.971875 0.43203125 0.05520833333333333 0.0703125
0 0.7479166666666667 0.4278645833333333 0.053125 0.059895833333333336
0 0.10651041666666666 0.37213541666666666 0.0828125 0.09322916666666667
0 0.27838541666666666 0.46848958333333335 0.0703125 0.07447916666666667
0 0.13567708333333334 0.5151041666666667 0.04010416666666667 0.06041666666666667
0 0.7427083333333333 0.9526041666666667 0.11875 0.09375
0 0.043229166666666666 0.27682291666666664 0.08541666666666667 0.13697916666666668
0 0.27708333333333335 0.5916666666666667 0.0625 0.084375
0 0.04635416666666667 0.534375 0.07916666666666666 0.078125
0 0.80546875 0.6325520833333333 0.06302083333333333 0.07239583333333334
0 0.2994791666666667 0.27578125 0.071875 0.08802083333333334
0 0.26536458333333335 0.18828125 0.0984375 0.0921875
0 0.18046875 0.4317708333333333 0.05260416666666667 0.06875
0 0.20807291666666666 0.3658854166666667 0.07552083333333333 0.07760416666666667
0 0.8109375 0.8083333333333333 0.08020833333333334 0.06354166666666666
0 0.22447916666666667 0.54609375 0.059375 0.05677083333333333
0 0.38776041666666666 0.12395833333333334 0.05572916666666667 0.06875
0 0.7515625 0.8708333333333333 0.06770833333333333 0.08958333333333333
0 0.14088541666666668 0.9356770833333333 0.09114583333333333 0.09427083333333333
0 0.3450520833333333 0.46119791666666665 0.07552083333333333 0.0828125
0 0.41901041666666666 0.89296875 0.0515625 0.07135416666666666
0 0.31197916666666664 0.82109375 0.05625 0.05260416666666667
0 0.39947916666666666 0.4783854166666667 0.078125 0.0546875
0 0.8924479166666667 0.12760416666666666 0.0640625 0.08020833333333334
0 0.5908854166666667 0.5471354166666667 0.05260416666666667 0.059895833333333336
0 0.8916666666666667 0.8864583333333333 0.05 0.052083333333333336
0 0.5328125 0.8265625 0.10625 0.10625
0 0.13177083333333334 0.6361979166666667 0.11458333333333333 0.050520833333333334
0 0.035416666666666666 0.6283854166666667 0.06875 0.1265625
0 0.071875 0.13723958333333333 0.08229166666666667 0.08385416666666666
0 0.93046875 0.8424479166666666 0.0671875 0.06822916666666666
0 0.9127604166666666 0.528125 0.0703125 0.08541666666666667
0 0.89921875 0.9463541666666667 0.0703125 0.06041666666666667
0 0.8807291666666667 0.4197916666666667 0.09375 0.11145833333333334
0 0.32109375 0.04348958333333333 0.08697916666666666 0.0796875
0 0.24036458333333333 0.2643229166666667 0.050520833333333334 0.05364583333333333
0 0.5388020833333333 0.6354166666666666 0.05677083333333333 0.051041666666666666
0 0.3453125 0.62734375 0.08229166666666667 0.044270833333333336
0 0.06510416666666667 0.05260416666666667 0.071875 0.07916666666666666
0 0.8390625 0.6940104166666666 0.08645833333333333 0.10052083333333334
0 0.246875 0.4080729166666667 0.075 0.07239583333333334
0 0.1421875 0.6859375 0.14791666666666667 0.07604166666666666
0 0.4109375 0.53046875 0.09270833333333334 0.06510416666666667
0 0.19869791666666667 0.28984375 0.05677083333333333 0.07447916666666667
0 0.28046875 0.12421875 0.0578125 0.05572916666666667
0 0.6416666666666667 0.7208333333333333 0.078125 0.090625
0 0.9684895833333333 0.79140625 0.06302083333333333 0.09010416666666667
0 0.4109375 0.77265625 0.05416666666666667 0.05677083333333333
0 0.2911458333333333 0.8703125 0.041666666666666664 0.04375
0 0.11484375 0.1953125 0.0515625 0.05416666666666667
0 0.3924479166666667 0.7239583333333334 0.06927083333333334 0.05625
0 0.9747395833333333 0.5708333333333333 0.049479166666666664 0.06458333333333334
0 0.69921875 0.19270833333333334 0.04739583333333333 0.05520833333333333
0 0.9684895833333333 0.6296875 0.0609375 0.06145833333333333
0 0.559375 0.5994791666666667 0.05416666666666667 0.07083333333333333
0 0.0984375 0.5192708333333333 0.040625 0.05416666666666667
0 0.13932291666666666 0.28151041666666665 0.0578125 0.07864583333333333
0 0.5408854166666667 0.03229166666666667 0.0796875 0.06458333333333334
0 0.9239583333333333 0.05755208333333333 0.07916666666666666 0.0796875
0 0.8416666666666667 0.88828125 0.07395833333333333 0.08697916666666666
0 0.7770833333333333 0.72421875 0.04583333333333333 0.04114583333333333
0 0.21822916666666667 0.47890625 0.05 0.059895833333333336
0 0.10260416666666666 0.25052083333333336 0.05416666666666667 0.06145833333333333
0 0.28203125 0.52578125 0.050520833333333334 0.0546875
0 0.24296875 0.8557291666666667 0.0609375 0.06666666666666667
0 0.7653645833333333 0.6770833333333334 0.06197916666666667 0.05625
0 0.03463541666666667 0.44895833333333335 0.0671875 0.05625
0 0.7645833333333333 0.2825520833333333 0.0625 0.0515625
0 0.7825520833333334 0.5294270833333333 0.0453125 0.04739583333333333
0 0.69375 0.6682291666666667 0.06666666666666667 0.046875
0 0.19661458333333334 0.6018229166666667 0.0546875 0.07239583333333334
0 0.9171875 0.45755208333333336 0.0625 0.0609375
0 0.12526041666666668 0.4505208333333333 0.058854166666666666 0.07604166666666666
0 0.7627604166666667 0.15625 0.0546875 0.051041666666666666
0 0.06614583333333333 0.475 0.07083333333333333 0.06770833333333333
0 0.46848958333333335 0.9815104166666667 0.0609375 0.0359375
0 0.04296875 0.38255208333333335 0.05677083333333333 0.0828125
0 0.9723958333333333 0.50234375 0.05520833333333333 0.07135416666666666
0 0.22734375 0.9611979166666667 0.049479166666666664 0.04010416666666667
0 0.628125 0.05572916666666667 0.11354166666666667 0.09583333333333334
0 0.4421875 0.8265625 0.06145833333333333 0.05520833333333333
0 0.6744791666666666 0.871875 0.08333333333333333 0.08333333333333333
0 0.9442708333333333 0.14010416666666667 0.05416666666666667 0.06875
0 0.9578125 0.25833333333333336 0.04375 0.057291666666666664
0 0.9296875 0.7622395833333333 0.04791666666666667 0.05260416666666667
0 0.17265625 0.49661458333333336 0.03697916666666667 0.06302083333333333
0 0.9309895833333334 0.328125 0.05260416666666667 0.06354166666666666
0 0.4973958333333333 0.07734375 0.058333333333333334 0.05677083333333333
0 0.8302083333333333 0.15390625 0.06666666666666667 0.05677083333333333
0 0.5776041666666667 0.7111979166666667 0.052083333333333336 0.10260416666666666
0 0.3997395833333333 0.2796875 0.0421875 0.040625
0 0.8588541666666667 0.825 0.06979166666666667 0.03958333333333333
0 0.31015625 0.9721354166666667 0.0984375 0.0546875
0 0.37890625 0.02421875 0.049479166666666664 0.04739583333333333
0 0.45755208333333336 0.7684895833333333 0.03697916666666667 0.04635416666666667
0 0.35104166666666664 0.67265625 0.078125 0.05364583333333333
0 0.94375 0.9755208333333333 0.042708333333333334 0.046875
0 0.79296875 0.7638020833333333 0.08385416666666666 0.0671875
0 0.8302083333333333 0.9786458333333333 0.06666666666666667 0.041666666666666664
0 0.33515625 0.11354166666666667 0.05572916666666667 0.08125
0 0.9809895833333333 0.9622395833333334 0.03802083333333333 0.07239583333333334
0 0.1453125 0.03359375 0.04375 0.0421875
0 0.54140625 0.7244791666666667 0.04010416666666667 0.041666666666666664
0 0.10703125 0.3145833333333333 0.04010416666666667 0.04791666666666667
0 0.90234375 0.3033854166666667 0.033854166666666664 0.06302083333333333
0 0.9796875 0.3341145833333333 0.040625 0.08802083333333334
0 0.2890625 0.7549479166666667 0.027083333333333334 0.034895833333333334
0 0.2591145833333333 0.7442708333333333 0.027604166666666666 0.030208333333333334
0 0.8739583333333333 0.7684895833333333 0.03333333333333333 0.0453125
0 0.9822916666666667 0.23828125 0.034375 0.0421875
0 0.9846354166666667 0.13385416666666666 0.030729166666666665 0.06145833333333333
0 0.9049479166666666 0.9864583333333333 0.07135416666666666 0.026041666666666668
0 0.22473958333333333 0.010677083333333334 0.06197916666666667 0.021354166666666667
0 0.012760416666666666 0.4127604166666667 0.024479166666666666 0.0671875
0 0.10364583333333334 0.013541666666666667 0.07083333333333333 0.027083333333333334
0 0.9822916666666667 0.0671875 0.035416666666666666 0.09583333333333334
0 0.85 0.014322916666666666 0.05625 0.028645833333333332
0 0.9921875 0.18671875 0.015625 0.07239583333333334
0 0.013020833333333334 0.12291666666666666 0.025 0.140625
0 0.9796875 0.02265625 0.040625 0.044270833333333336
0 0.8994791666666667 0.0109375 0.052083333333333336 0.021875
0 0.18984375 0.98828125 0.06614583333333333 0.022395833333333334
0 0.99140625 0.1953125 0.0171875 0.057291666666666664
0 0.12864583333333332 0.8 0.22604166666666667 0.18854166666666666
0 0.9890625 0.6958333333333333 0.021875 0.053125