0 0.41510416666666666 0.9372395833333333 0.1265625 0.11875
0 0.8169270833333333 0.7861979166666667 0.0734375 0.07291666666666667
0 0.2989583333333333 0.8958333333333334 0.05416666666666667 0.0703125
0 0.36302083333333335 0.8291666666666667 0.07447916666666667 0.07239583333333334
0 0.68203125 0.84921875 0.08854166666666667 0.09270833333333334
0 0.9002604166666667 0.9213541666666667 0.06354166666666666 0.05572916666666667
0 0.24921875 0.8861979166666667 0.05364583333333333 0.06302083333333333
0 0.26484375 0.95390625 0.0859375 0.06927083333333334
0 0.20989583333333334 0.7546875 0.07135416666666666 0.0703125
0 0.19401041666666666 0.84140625 0.103125 0.09322916666666667
0 0.29713541666666665 0.8263020833333333 0.0640625 0.06822916666666666
0 0.1328125 0.6388020833333333 0.078125 0.08125
0 0.36276041666666664 0.8955729166666667 0.075 0.06927083333333334
0 0.18541666666666667 0.6854166666666667 0.11614583333333334 0.09166666666666666
0 0.30234375 0.6783854166666666 0.07395833333333333 0.05677083333333333
0 0.2984375 0.7356770833333334 0.08802083333333334 0.07552083333333333
0 0.1953125 0.6177083333333333 0.0453125 0.04791666666666667
0 0.2994791666666667 0.6174479166666667 0.10416666666666667 0.07083333333333333
0 0.15572916666666667 0.7794270833333333 0.04010416666666667 0.0484375
0 0.9229166666666667 0.87421875 0.0921875 0.0765625
0 0.1125 0.7888020833333333 0.05625 0.0875
0 0.5776041666666667 0.9625 0.08854166666666667 0.07447916666666667
0 0.0296875 0.81953125 0.059375 0.05416666666666667
0 0.971875 0.6057291666666667 0.05572916666666667 0.0703125
0 0.028125 0.6833333333333333 0.05416666666666667 0.08125
0 0.23020833333333332 0.6046875 0.04375 0.06354166666666666
0 0.9822916666666667 0.9395833333333333 0.034895833333333334 0.096875
0 0.8666666666666667 0.6677083333333333 0.15729166666666666 0.15052083333333333
0 0.08984375 0.0921875 0.1796875 0.18125
0 0.18567708333333333 0.9359375 0.0796875 0.08958333333333333
0 0.8940104166666667 0.9744791666666667 0.1421875 0.051041666666666666
0 0.9817708333333334 0.75234375 0.0359375 0.08020833333333334
0 0.34791666666666665 0.9768229166666667 0.08697916666666666 0.04635416666666667
0 0.9572916666666667 0.51171875 0.08489583333333334 0.08958333333333333
0 0.99140625 0.8432291666666667 0.0171875 0.06614583333333333
0 0.3015625 0.9890625 0.05260416666666667 0.021875
0 0.9416666666666667 0.7919270833333333 0.08958333333333333 0.08333333333333333
0 0.05625 0.9315104166666667 0.11145833333333334 0.13645833333333332
0 0.9645833333333333 0.8528645833333334 0.06197916666666667 0.06822916666666666
0 0.5526041666666667 0.7322916666666667 0.06875 0.046875
0 0.59921875 0.89921875 0.12239583333333333 0.09947916666666666
0 0.041666666666666664 0.76953125 0.08333333333333333 0.08489583333333334
0 0.87421875 0.5388020833333333 0.12447916666666667 0.146875
0 0.81875 0.91875 0.10729166666666666 0.09010416666666667
0 0.6786458333333333 0.7708333333333334 0.09635416666666667 0.07135416666666666
0 0.6020833333333333 0.80078125 0.08333333333333333 0.09895833333333333
0 0.525 0.8359375 0.05677083333333333 0.059895833333333336