0 0.06276041666666667 0.5848958333333333 0.11875 0.1265625
0 0.21380208333333334 0.18307291666666667 0.07291666666666667 0.0734375
0 0.10416666666666667 0.7010416666666667 0.0703125 0.05416666666666667
0 0.17083333333333334 0.6369791666666667 0.07239583333333334 0.07447916666666667
0 0.15078125 0.31796875 0.09270833333333334 0.08854166666666667
0 0.07864583333333333 0.09973958333333334 0.05572916666666667 0.06354166666666666
0 0.11380208333333333 0.75078125 0.06302083333333333 0.05364583333333333
0 0.04609375 0.73515625 0.06927083333333334 0.0859375
0 0.2453125 0.7901041666666667 0.0703125 0.07135416666666666
0 0.15859375 0.8059895833333334 0.09322916666666667 0.103125
0 0.17369791666666667 0.7028645833333333 0.06822916666666666 0.0640625
0 0.3611979166666667 0.8671875 0.08125 0.078125
0 0.10442708333333334 0.6372395833333333 0.06927083333333334 0.075
0 0.3145833333333333 0.8145833333333333 0.09166666666666666 0.11614583333333334
0 0.3216145833333333 0.69765625 0.05677083333333333 0.07395833333333333
0 0.2643229166666667 0.7015625 0.07552083333333333 0.08802083333333334
0 0.38229166666666664 0.8046875 0.04791666666666667 0.0453125
0 0.38255208333333335 0.7005208333333334 0.07083333333333333 0.10416666666666667
0 0.22057291666666667 0.8442708333333333 0.0484375 0.04010416666666667
0 0.12578125 0.07708333333333334 0.0765625 0.0921875
0 0.21119791666666668 0.8875 0.0875 0.05625
0 0.0375 0.42239583333333336 0.07447916666666667 0.08854166666666667
0 0.18046875 0.9703125 0.05416666666666667 0.059375
0 0.39427083333333335 0.028125 0.0703125 0.05572916666666667
0 0.31666666666666665 0.971875 0.08125 0.05416666666666667
0 0.3953125 0.7697916666666667 0.06354166666666666 0.04375
0 0.06041666666666667 0.017708333333333333 0.096875 0.034895833333333334
0 0.33229166666666665 0.13333333333333333 0.15052083333333333 0.15729166666666666
0 0.9078125 0.91015625 0.18125 0.1796875
0 0.0640625 0.8143229166666667 0.08958333333333333 0.0796875
0 0.025520833333333333 0.10598958333333333 0.051041666666666666 0.1421875
0 0.24765625 0.018229166666666668 0.08020833333333334 0.0359375
0 0.023177083333333334 0.6520833333333333 0.04635416666666667 0.08697916666666666
0 0.48828125 0.042708333333333334 0.08958333333333333 0.08489583333333334
0 0.15677083333333333 0.00859375 0.06614583333333333 0.0171875
0 0.0109375 0.6984375 0.021875 0.05260416666666667
0 0.20807291666666666 0.058333333333333334 0.08333333333333333 0.08958333333333333
0 0.06848958333333334 0.94375 0.13645833333333332 0.11145833333333334
0 0.14713541666666666 0.035416666666666666 0.06822916666666666 0.06197916666666667
0 0.2677083333333333 0.4473958333333333 0.046875 0.06875
0 0.10078125 0.40078125 0.09947916666666666 0.12239583333333333
0 0.23046875 0.9583333333333334 0.08489583333333334 0.08333333333333333
0 0.46119791666666665 0.12578125 0.146875 0.12447916666666667
0 0.08125 0.18125 0.09010416666666667 0.10729166666666666
0 0.22916666666666666 0.32135416666666666 0.07135416666666666 0.09635416666666667
0 0.19921875 0.39791666666666664 0.09895833333333333 0.08333333333333333
0 0.1640625 0.475 0.059895833333333336 0.05677083333333333