0 0.3033854166666667 0.6044270833333333 0.19739583333333333 0.171875
0 0.05390625 0.9270833333333334 0.10677083333333333 0.14583333333333334
0 0.6192708333333333 0.8072916666666666 0.24270833333333333 0.20364583333333333
0 0.90078125 0.4934895833333333 0.0890625 0.1125
0 0.23854166666666668 0.89765625 0.08020833333333334 0.08229166666666667
0 0.42864583333333334 0.52421875 0.09010416666666667 0.10104166666666667
0 0.5088541666666667 0.5864583333333333 0.1015625 0.10625
0 0.7338541666666667 0.93984375 0.15677083333333333 0.1203125
0 0.3692708333333333 0.825 0.24947916666666667 0.17447916666666666
0 0.0328125 0.34322916666666664 0.065625 0.11927083333333334
0 0.9328125 0.8877604166666667 0.1328125 0.13385416666666666
0 0.93984375 0.5520833333333334 0.06041666666666667 0.0625
0 0.9489583333333333 0.6651041666666667 0.1015625 0.16666666666666666
0 0.46484375 0.8921875 0.0609375 0.053125
0 0.5700520833333333 0.23463541666666668 0.09895833333333333 0.11145833333333334
0 0.25859375 0.05546875 0.11510416666666666 0.1109375
0 0.45078125 0.6549479166666666 0.178125 0.15729166666666666
0 0.4197916666666667 0.9541666666666667 0.11822916666666666 0.09166666666666666
0 0.10286458333333333 0.5395833333333333 0.20572916666666666 0.253125
0 0.7966145833333333 0.4361979166666667 0.0625 0.04635416666666667
0 0.6700520833333333 0.509375 0.20885416666666667 0.24270833333333333
0 0.8236979166666667 0.50078125 0.08385416666666666 0.11302083333333333
0 0.10364583333333334 0.05364583333333333 0.20208333333333334 0.10625
0 0.2674479166666667 0.44375 0.23177083333333334 0.22083333333333333
0 0.8981770833333333 0.35052083333333334 0.09322916666666667 0.1546875
0 0.9609375 0.14869791666666668 0.078125 0.121875
0 0.4010416666666667 0.3020833333333333 0.1046875 0.0828125
0 0.7447916666666666 0.56875 0.08229166666666667 0.12760416666666666
0 0.5966145833333333 0.9828125 0.07864583333333333 0.034375
0 0.88203125 0.76015625 0.13125 0.12604166666666666
0 0.09244791666666667 0.3046875 0.052083333333333336 0.08333333333333333
0 0.18255208333333334 0.20494791666666667 0.125 0.1640625
0 0.8098958333333334 0.22578125 0.1609375 0.2
0 0.9692708333333333 0.7973958333333333 0.06145833333333333 0.1265625
0 0.6809895833333334 0.9864583333333333 0.06666666666666667 0.0265625
0 0.14791666666666667 0.28958333333333336 0.041666666666666664 0.034895833333333334
0 0.9786458333333333 0.25078125 0.042708333333333334 0.09583333333333334
0 0.91328125 0.2 0.07239583333333334 0.0890625
0 0.8197916666666667 0.06197916666666667 0.1265625 0.12395833333333334
0 0.20625 0.3296875 0.0703125 0.04114583333333333
0 0.033854166666666664 0.15729166666666666 0.06770833333333333 0.178125
0 0.46380208333333334 0.14296875 0.13072916666666667 0.23020833333333332
0 0.5604166666666667 0.06067708333333333 0.109375 0.0890625
0 0.8890625 0.9502604166666667 0.20208333333333334 0.0984375
0 0.6770833333333334 0.6645833333333333 0.13541666666666666 0.09947916666666666
0 0.13776041666666666 0.32265625 0.04895833333333333 0.0390625
0 0.3221354166666667 0.19348958333333333 0.15729166666666666 0.18958333333333333
0 0.9604166666666667 0.11822916666666666 0.07864583333333333 0.18177083333333333
0 0.6768229166666667 0.2786458333333333 0.17708333333333334 0.18072916666666666
0 0.8682291666666667 0.6072916666666667 0.128125 0.10833333333333334
0 0.34427083333333336 0.9283854166666666 0.050520833333333334 0.052083333333333336
0 0.9731770833333333 0.3515625 0.05364583333333333 0.1234375
0 0.9278645833333333 0.04739583333333333 0.08802083333333334 0.09479166666666666
0 0.5153645833333333 0.4010416666666667 0.23125 0.25364583333333335
0 0.76796875 0.7260416666666667 0.09895833333333333 0.19427083333333334
0 0.3421875 0.3296875 0.1015625 0.115625
0 0.6330729166666667 0.13828125 0.178125 0.11510416666666666
0 0.29765625 0.9700520833333334 0.11510416666666666 0.058854166666666666
0 0.3671875 0.034375 0.08125 0.06875
0 0.6734375 0.04791666666666667 0.11979166666666667 0.08541666666666667
0 0.016145833333333335 0.8096354166666667 0.03229166666666667 0.12708333333333333
0 0.9856770833333334 0.4869791666666667 0.028645833333333332 0.07447916666666667
0 0.5783854166666667 0.6614583333333334 0.06927083333333334 0.06510416666666667
0 0.803125 0.3893229166666667 0.06875 0.052083333333333336
0 0.8518229166666667 0.39166666666666666 0.025 0.034375
0 0.30833333333333335 0.71875 0.0828125 0.0875