0 0.5588541666666667 0.73515625 0.14583333333333334 0.19010416666666666
0 0.18411458333333333 0.04010416666666667 0.3671875 0.08020833333333334
0 0.8776041666666666 0.33098958333333334 0.10833333333333334 0.08697916666666666
0 0.9234375 0.26223958333333336 0.14895833333333333 0.08697916666666666
0 0.049479166666666664 0.6755208333333333 0.09479166666666666 0.08854166666666667
0 0.20364583333333333 0.33984375 0.04479166666666667 0.0453125
0 0.08958333333333333 0.4796875 0.05 0.041666666666666664
0 0.521875 0.23828125 0.11041666666666666 0.1734375
0 0.25833333333333336 0.8705729166666667 0.13541666666666666 0.17552083333333332
0 0.2171875 0.18307291666666667 0.05416666666666667 0.08177083333333333
0 0.14244791666666667 0.440625 0.0390625 0.04583333333333333
0 0.18697916666666667 0.26067708333333334 0.05520833333333333 0.05572916666666667
0 0.9138020833333333 0.50234375 0.17239583333333333 0.24114583333333334
0 0.6783854166666666 0.8630208333333333 0.0953125 0.10416666666666667
0 0.7252604166666666 0.016666666666666666 0.05572916666666667 0.03333333333333333
0 0.84375 0.7481770833333333 0.24583333333333332 0.2421875
0 0.12317708333333334 0.2752604166666667 0.08489583333333334 0.09114583333333333
0 0.09713541666666667 0.4197916666666667 0.08072916666666667 0.08541666666666667
0 0.018229166666666668 0.47578125 0.030208333333333334 0.033854166666666664
0 0.8901041666666667 0.03958333333333333 0.06770833333333333 0.06979166666666667
0 0.16822916666666668 0.3065104166666667 0.035416666666666666 0.0359375
0 0.27317708333333335 0.1109375 0.12864583333333332 0.11770833333333333
0 0.9580729166666667 0.87421875 0.0828125 0.1734375
0 0.09322916666666667 0.8283854166666667 0.18541666666666667 0.24635416666666668
0 0.5729166666666666 0.24114583333333334 0.0375 0.041666666666666664
0 0.6848958333333334 0.7859375 0.09166666666666666 0.0875
0 0.83515625 0.08463541666666667 0.050520833333333334 0.0484375
0 0.9763020833333333 0.10260416666666666 0.04739583333333333 0.07395833333333333
0 0.6786458333333333 0.6408854166666667 0.22916666666666666 0.18177083333333333
0 0.14791666666666667 0.37057291666666664 0.09791666666666667 0.08072916666666667
0 0.3546875 0.68671875 0.19166666666666668 0.16822916666666668
0 0.01796875 0.44895833333333335 0.033854166666666664 0.035416666666666666
0 0.3333333333333333 0.97421875 0.146875 0.050520833333333334
0 0.7911458333333333 0.019791666666666666 0.0625 0.03958333333333333
0 0.5065104166666666 0.07838541666666667 0.21927083333333333 0.15677083333333333
0 0.11536458333333334 0.575 0.2203125 0.15416666666666667
0 0.19270833333333334 0.7291666666666666 0.1234375 0.13020833333333334
0 0.007291666666666667 0.5104166666666666 0.013541666666666667 0.0375
0 0.8604166666666667 0.13359375 0.07083333333333333 0.058854166666666666
0 0.98984375 0.16197916666666667 0.0203125 0.07291666666666667
0 0.2546875 0.6911458333333333 0.041666666666666664 0.053125
0 0.9239583333333333 0.09166666666666666 0.06145833333333333 0.06666666666666667
0 0.6276041666666666 0.021875 0.153125 0.04375
0 0.990625 0.029947916666666668 0.01875 0.0515625
0 0.9677083333333333 0.35442708333333334 0.06458333333333334 0.1484375
0 0.46145833333333336 0.5473958333333333 0.18541666666666667 0.26145833333333335
0 0.34270833333333334 0.18854166666666666 0.2520833333333333 0.16041666666666668
0 0.6640625 0.45807291666666666 0.27291666666666664 0.22395833333333334
0 0.04114583333333333 0.32005208333333335 0.08125 0.21614583333333334
0 0.7 0.0796875 0.09791666666666667 0.08958333333333333
0 0.0984375 0.14296875 0.19583333333333333 0.1609375
0 0.27838541666666666 0.36744791666666665 0.09635416666666667 0.0921875
0 0.28020833333333334 0.5098958333333333 0.16770833333333332 0.21770833333333334
0 0.6739583333333333 0.9559895833333333 0.11458333333333333 0.08697916666666666
0 0.8276041666666667 0.46848958333333335 0.07395833333333333 0.08697916666666666
0 0.3807291666666667 0.8825520833333333 0.11875 0.12760416666666666
0 0.16953125 0.8953125 0.1234375 0.09895833333333333
0 0.2604166666666667 0.3026041666666667 0.04375 0.0375
0 0.5942708333333333 0.36770833333333336 0.07604166666666666 0.08229166666666667
0 0.5536458333333333 0.90546875 0.15104166666666666 0.1421875
0 0.7744791666666667 0.9247395833333333 0.10625 0.11510416666666666
0 0.878125 0.9416666666666667 0.196875 0.115625
0 0.896875 0.20677083333333332 0.06979166666666667 0.058333333333333334
0 0.7877604166666666 0.18203125 0.11822916666666666 0.1046875
0 0.7286458333333333 0.2755208333333333 0.22395833333333334 0.13541666666666666
0 0.9515625 0.17213541666666668 0.05 0.04739583333333333
0 0.446875 0.7541666666666667 0.11041666666666666 0.12708333333333333
0 0.4276041666666667 0.34479166666666666 0.21354166666666666 0.21041666666666667
0 0.48385416666666664 0.8255208333333334 0.090625 0.0984375
0 0.61875 0.22161458333333334 0.07916666666666666 0.146875
0 0.6627604166666666 0.15026041666666667 0.078125 0.06614583333333333
0 0.75703125 0.14791666666666667 0.09322916666666667 0.09791666666666667