0 0.74140625 0.5541666666666667 0.1921875 0.16770833333333332
0 0.1609375 0.9486979166666667 0.103125 0.10260416666666666
0 0.25755208333333335 0.14739583333333334 0.1109375 0.09583333333333334
0 0.8145833333333333 0.44244791666666666 0.08958333333333333 0.0796875
0 0.8302083333333333 0.175 0.08854166666666667 0.09166666666666666
0 0.9130208333333333 0.33255208333333336 0.16875 0.20260416666666667
0 0.7200520833333334 0.43203125 0.10572916666666667 0.0796875
0 0.52578125 0.7903645833333334 0.09427083333333333 0.10885416666666667
0 0.17239583333333333 0.50546875 0.05625 0.06510416666666667
0 0.7559895833333333 0.6604166666666667 0.0515625 0.051041666666666666
0 0.18072916666666666 0.7552083333333334 0.09583333333333334 0.103125
0 0.6877604166666667 0.11041666666666666 0.033854166666666664 0.041666666666666664
0 0.63046875 0.44140625 0.059895833333333336 0.06614583333333333
0 0.053385416666666664 0.8799479166666667 0.06614583333333333 0.10052083333333334
0 0.3645833333333333 0.6190104166666667 0.13645833333333332 0.15885416666666666
0 0.8171875 0.24401041666666667 0.05625 0.0484375
0 0.56796875 0.915625 0.1734375 0.16875
0 0.34661458333333334 0.08776041666666666 0.0765625 0.0828125
0 0.10442708333333334 0.9153645833333334 0.08177083333333333 0.08177083333333333
0 0.9518229166666666 0.19375 0.05572916666666667 0.059375
0 0.0921875 0.72578125 0.08958333333333333 0.09322916666666667
0 0.12864583333333332 0.4979166666666667 0.041666666666666664 0.0375
0 0.8653645833333333 0.5203125 0.06822916666666666 0.07708333333333334
0 0.024479166666666666 0.9635416666666666 0.04791666666666667 0.06666666666666667
0 0.15130208333333334 0.031510416666666666 0.10052083333333334 0.058854166666666666
0 0.7203125 0.24166666666666667 0.07604166666666666 0.07916666666666666
0 0.3203125 0.026822916666666665 0.06770833333333333 0.0515625
0 0.022135416666666668 0.77890625 0.043229166666666666 0.08802083333333334
0 0.83046875 0.06848958333333334 0.04739583333333333 0.0546875
0 0.29661458333333335 0.675 0.033854166666666664 0.03854166666666667
0 0.09635416666666667 0.190625 0.11041666666666666 0.11041666666666666
0 0.6393229166666666 0.3703125 0.04635416666666667 0.06770833333333333
0 0.871875 0.46145833333333336 0.041666666666666664 0.04479166666666667
0 0.8013020833333333 0.09088541666666666 0.0515625 0.0734375
0 0.2755208333333333 0.07552083333333333 0.042708333333333334 0.06041666666666667
0 0.509375 0.05755208333333333 0.08645833333333333 0.0953125
0 0.8768229166666667 0.22916666666666666 0.0421875 0.042708333333333334
0 0.7190104166666667 0.04791666666666667 0.18177083333333333 0.09479166666666666
0 0.022916666666666665 0.26901041666666664 0.04375 0.043229166666666666
0 0.17421875 0.23046875 0.1078125 0.0578125
0 0.7403645833333333 0.15755208333333334 0.059895833333333336 0.06614583333333333
0 0.15208333333333332 0.35104166666666664 0.16979166666666667 0.21145833333333333
0 0.031510416666666666 0.6127604166666667 0.0609375 0.07135416666666666
0 0.7153645833333333 0.7458333333333333 0.11614583333333334 0.08854166666666667
0 0.7270833333333333 0.10755208333333334 0.046875 0.043229166666666666
0 0.84140625 0.628125 0.050520833333333334 0.05416666666666667
0 0.36770833333333336 0.7953125 0.03854166666666667 0.03958333333333333
0 0.21041666666666667 0.5114583333333333 0.041666666666666664 0.040625
0 0.3028645833333333 0.9283854166666666 0.1515625 0.14322916666666666
0 0.020572916666666666 0.35234375 0.04010416666666667 0.1546875
0 0.9247395833333333 0.47630208333333335 0.06302083333333333 0.0796875
0 0.9325520833333333 0.92578125 0.06302083333333333 0.07760416666666667
0 0.6760416666666667 0.32369791666666664 0.06875 0.10260416666666666
0 0.4427083333333333 0.825 0.07395833333333333 0.11354166666666667
0 0.8942708333333333 0.03697916666666667 0.07291666666666667 0.07291666666666667
0 0.17395833333333333 0.6541666666666667 0.13020833333333334 0.11875
0 0.36276041666666664 0.027083333333333334 0.0359375 0.04375
0 0.61171875 0.16380208333333332 0.1875 0.2
0 0.13411458333333334 0.8494791666666667 0.11927083333333334 0.10520833333333333
0 0.13255208333333332 0.56875 0.06927083333333334 0.06875
0 0.7838541666666666 0.6466145833333333 0.035416666666666666 0.049479166666666664
0 0.95078125 0.571875 0.0984375 0.19322916666666667
0 0.8489583333333334 0.00859375 0.052083333333333336 0.016145833333333335
0 0.7283854166666667 0.34375 0.058854166666666666 0.103125
0 0.2643229166666667 0.5049479166666667 0.028645833333333332 0.033854166666666664
0 0.6041666666666666 0.5552083333333333 0.09583333333333334 0.10625
0 0.28880208333333335 0.34713541666666664 0.1015625 0.15052083333333333
0 0.10338541666666666 0.08671875 0.1578125 0.0984375
0 0.9205729166666666 0.66171875 0.0921875 0.08072916666666667
0 0.4388020833333333 0.13229166666666667 0.07447916666666667 0.10520833333333333
0 0.43645833333333334 0.0203125 0.08125 0.03854166666666667
0 0.384375 0.13932291666666666 0.071875 0.08802083333333334
0 0.5911458333333334 0.3528645833333333 0.05625 0.0515625
0 0.5229166666666667 0.6044270833333333 0.06458333333333334 0.09635416666666667
0 0.6442708333333333 0.26614583333333336 0.058333333333333334 0.05416666666666667
0 0.6859375 0.6182291666666667 0.09479166666666666 0.11875
0 0.8611979166666667 0.12473958333333333 0.06510416666666667 0.05572916666666667
0 0.6419270833333334 0.7739583333333333 0.058854166666666666 0.07291666666666667
0 0.3546875 0.23723958333333334 0.034375 0.03177083333333333
0 0.08854166666666667 0.49947916666666664 0.027083333333333334 0.034375
0 0.042708333333333334 0.5682291666666667 0.041666666666666664 0.0375
0 0.20260416666666667 0.4583333333333333 0.03958333333333333 0.03333333333333333
0 0.23671875 0.4484375 0.03177083333333333 0.030208333333333334
0 0.259375 0.4244791666666667 0.021875 0.01875
0 0.31744791666666666 0.4513020833333333 0.05260416666666667 0.05572916666666667
0 0.27447916666666666 0.46770833333333334 0.036458333333333336 0.029166666666666667
0 0.3458333333333333 0.51328125 0.041666666666666664 0.04739583333333333
0 0.2421875 0.53203125 0.04479166666666667 0.04010416666666667
0 0.18828125 0.55 0.044270833333333336 0.03958333333333333
0 0.22109375 0.56484375 0.04114583333333333 0.033854166666666664
0 0.30104166666666665 0.5697916666666667 0.03333333333333333 0.030208333333333334
0 0.20052083333333334 0.6049479166666667 0.04895833333333333 0.04010416666666667
0 0.23984375 0.6296875 0.0296875 0.034375
0 0.26067708333333334 0.6544270833333333 0.0421875 0.0453125
0 0.29453125 0.7544270833333333 0.0359375 0.04114583333333333
0 0.27447916666666666 0.7091145833333333 0.057291666666666664 0.0515625
0 0.25104166666666666 0.74375 0.040625 0.0375
0 0.384375 0.5341145833333333 0.03229166666666667 0.0234375
0 0.3734375 0.5606770833333333 0.030208333333333334 0.03177083333333333
0 0.425 0.39557291666666666 0.021875 0.019270833333333334
0 0.4119791666666667 0.45338541666666665 0.05 0.050520833333333334
0 0.4669270833333333 0.428125 0.0484375 0.04479166666666667
0 0.46484375 0.4747395833333333 0.03697916666666667 0.03697916666666667
0 0.4375 0.5200520833333333 0.034375 0.034895833333333334
0 0.4713541666666667 0.5421875 0.036458333333333336 0.029166666666666667
0 0.41744791666666664 0.6778645833333333 0.0390625 0.04010416666666667
0 0.49244791666666665 0.5575520833333333 0.0328125 0.0296875
0 0.46015625 0.7059895833333333 0.0296875 0.024479166666666666
0 0.3984375 0.7268229166666667 0.042708333333333334 0.04114583333333333
0 0.371875 0.7575520833333333 0.040625 0.03802083333333333
0 0.39505208333333336 0.8143229166666667 0.030729166666666665 0.0453125
0 0.4075520833333333 0.76484375 0.0328125 0.034895833333333334
0 0.43385416666666665 0.7411458333333333 0.03229166666666667 0.04479166666666667
0 0.83359375 0.7390625 0.13541666666666666 0.14114583333333333
0 0.79453125 0.90546875 0.265625 0.1890625
0 0.9552083333333333 0.809375 0.08958333333333333 0.26875
0 0.08984375 0.9770833333333333 0.07864583333333333 0.04583333333333333
0 0.62890625 0.66640625 0.13072916666666667 0.11197916666666667
0 0.55 0.41822916666666665 0.11041666666666666 0.165625
0 0.45260416666666664 0.20703125 0.08958333333333333 0.10052083333333334
0 0.45703125 0.57890625 0.0515625 0.04635416666666667
0 0.2265625 0.6669270833333333 0.026041666666666668 0.0328125
0 0.2 0.7005208333333334 0.03229166666666667 0.03229166666666667
0 0.30078125 0.17135416666666667 0.022395833333333334 0.0296875
0 0.1953125 0.11432291666666666 0.030729166666666665 0.03697916666666667
0 0.09401041666666667 0.2453125 0.03802083333333333 0.027604166666666666
0 0.06380208333333333 0.28411458333333334 0.0359375 0.034375
0 0.334375 0.8380208333333333 0.0703125 0.06927083333333334
0 0.22135416666666666 0.8708333333333333 0.0671875 0.1078125
0 0.3177083333333333 0.7260416666666667 0.036458333333333336 0.04375
0 0.35130208333333335 0.73359375 0.036458333333333336 0.04895833333333333
0 0.36276041666666664 0.7098958333333333 0.03333333333333333 0.03177083333333333
0 0.7955729166666666 0.35989583333333336 0.07604166666666666 0.08072916666666667
0 0.7809895833333333 0.3059895833333333 0.059895833333333336 0.05520833333333333
0 0.9682291666666667 0.13828125 0.049479166666666664 0.0640625
0 0.07239583333333334 0.022395833333333334 0.06770833333333333 0.04479166666666667
0 0.01796875 0.02578125 0.0359375 0.0515625