0 0.25859375 0.5541666666666667 0.1921875 0.16770833333333332
0 0.8390625 0.9486979166666667 0.103125 0.10260416666666666
0 0.7424479166666667 0.14739583333333334 0.1109375 0.09583333333333334
0 0.18541666666666667 0.44244791666666666 0.08958333333333333 0.0796875
0 0.16979166666666667 0.175 0.08854166666666667 0.09166666666666666
0 0.08697916666666666 0.33255208333333336 0.16875 0.20260416666666667
0 0.2799479166666667 0.43203125 0.10572916666666667 0.0796875
0 0.47421875 0.7903645833333334 0.09427083333333333 0.10885416666666667
0 0.8276041666666667 0.50546875 0.05625 0.06510416666666667
0 0.24401041666666667 0.6604166666666667 0.0515625 0.051041666666666666
0 0.8192708333333333 0.7552083333333334 0.09583333333333334 0.103125
0 0.31223958333333335 0.11041666666666666 0.033854166666666664 0.041666666666666664
0 0.36953125 0.44140625 0.059895833333333336 0.06614583333333333
0 0.9466145833333334 0.8799479166666667 0.06614583333333333 0.10052083333333334
0 0.6354166666666666 0.6190104166666667 0.13645833333333332 0.15885416666666666
0 0.1828125 0.24401041666666667 0.05625 0.0484375
0 0.43203125 0.915625 0.1734375 0.16875
0 0.6533854166666667 0.08776041666666666 0.0765625 0.0828125
0 0.8955729166666667 0.9153645833333334 0.08177083333333333 0.08177083333333333
0 0.048177083333333336 0.19375 0.05572916666666667 0.059375
0 0.9078125 0.72578125 0.08958333333333333 0.09322916666666667
0 0.8713541666666667 0.4979166666666667 0.041666666666666664 0.0375
0 0.13463541666666667 0.5203125 0.06822916666666666 0.07708333333333334
0 0.9755208333333333 0.9635416666666666 0.04791666666666667 0.06666666666666667
0 0.8486979166666667 0.031510416666666666 0.10052083333333334 0.058854166666666666
0 0.2796875 0.24166666666666667 0.07604166666666666 0.07916666666666666
0 0.6796875 0.026822916666666665 0.06770833333333333 0.0515625
0 0.9778645833333334 0.77890625 0.043229166666666666 0.08802083333333334
0 0.16953125 0.06848958333333334 0.04739583333333333 0.0546875
0 0.7033854166666667 0.675 0.033854166666666664 0.03854166666666667
0 0.9036458333333334 0.190625 0.11041666666666666 0.11041666666666666
0 0.3606770833333333 0.3703125 0.04635416666666667 0.06770833333333333
0 0.128125 0.46145833333333336 0.041666666666666664 0.04479166666666667
0 0.19869791666666667 0.09088541666666666 0.0515625 0.0734375
0 0.7244791666666667 0.07552083333333333 0.042708333333333334 0.06041666666666667
0 0.490625 0.05755208333333333 0.08645833333333333 0.0953125
0 0.12317708333333334 0.22916666666666666 0.0421875 0.042708333333333334
0 0.28098958333333335 0.04791666666666667 0.18177083333333333 0.09479166666666666
0 0.9770833333333333 0.26901041666666664 0.04375 0.043229166666666666
0 0.82578125 0.23046875 0.1078125 0.0578125
0 0.2596354166666667 0.15755208333333334 0.059895833333333336 0.06614583333333333
0 0.8479166666666667 0.35104166666666664 0.16979166666666667 0.21145833333333333
0 0.9684895833333333 0.6127604166666667 0.0609375 0.07135416666666666
0 0.28463541666666664 0.7458333333333333 0.11614583333333334 0.08854166666666667
0 0.27291666666666664 0.10755208333333334 0.046875 0.043229166666666666
0 0.15859375 0.628125 0.050520833333333334 0.05416666666666667
0 0.6322916666666667 0.7953125 0.03854166666666667 0.03958333333333333
0 0.7895833333333333 0.5114583333333333 0.041666666666666664 0.040625
0 0.6971354166666667 0.9283854166666666 0.1515625 0.14322916666666666
0 0.9794270833333333 0.35234375 0.04010416666666667 0.1546875
0 0.07526041666666666 0.47630208333333335 0.06302083333333333 0.0796875
0 0.06744791666666666 0.92578125 0.06302083333333333 0.07760416666666667
0 0.32395833333333335 0.32369791666666664 0.06875 0.10260416666666666
0 0.5572916666666666 0.825 0.07395833333333333 0.11354166666666667
0 0.10572916666666667 0.03697916666666667 0.07291666666666667 0.07291666666666667
0 0.8260416666666667 0.6541666666666667 0.13020833333333334 0.11875
0 0.6372395833333333 0.027083333333333334 0.0359375 0.04375
0 0.38828125 0.16380208333333332 0.1875 0.2
0 0.8658854166666666 0.8494791666666667 0.11927083333333334 0.10520833333333333
0 0.8674479166666667 0.56875 0.06927083333333334 0.06875
0 0.21614583333333334 0.6466145833333333 0.035416666666666666 0.049479166666666664
0 0.04921875 0.571875 0.0984375 0.19322916666666667
0 0.15104166666666666 0.00859375 0.052083333333333336 0.016145833333333335
0 0.2716145833333333 0.34375 0.058854166666666666 0.103125
0 0.7356770833333334 0.5049479166666667 0.028645833333333332 0.033854166666666664
0 0.3958333333333333 0.5552083333333333 0.09583333333333334 0.10625
0 0.7111979166666667 0.34713541666666664 0.1015625 0.15052083333333333
0 0.8966145833333333 0.08671875 0.1578125 0.0984375
0 0.07942708333333333 0.66171875 0.0921875 0.08072916666666667
0 0.5611979166666666 0.13229166666666667 0.07447916666666667 0.10520833333333333
0 0.5635416666666667 0.0203125 0.08125 0.03854166666666667
0 0.615625 0.13932291666666666 0.071875 0.08802083333333334
0 0.4088541666666667 0.3528645833333333 0.05625 0.0515625
0 0.47708333333333336 0.6044270833333333 0.06458333333333334 0.09635416666666667
0 0.35572916666666665 0.26614583333333336 0.058333333333333334 0.05416666666666667
0 0.3140625 0.6182291666666667 0.09479166666666666 0.11875
0 0.13880208333333333 0.12473958333333333 0.06510416666666667 0.05572916666666667
0 0.3580729166666667 0.7739583333333333 0.058854166666666666 0.07291666666666667
0 0.6453125 0.23723958333333334 0.034375 0.03177083333333333
0 0.9114583333333334 0.49947916666666664 0.027083333333333334 0.034375
0 0.9572916666666667 0.5682291666666667 0.041666666666666664 0.0375
0 0.7973958333333333 0.4583333333333333 0.03958333333333333 0.03333333333333333
0 0.76328125 0.4484375 0.03177083333333333 0.030208333333333334
0 0.740625 0.4244791666666667 0.021875 0.01875
0 0.6825520833333333 0.4513020833333333 0.05260416666666667 0.05572916666666667
0 0.7255208333333333 0.46770833333333334 0.036458333333333336 0.029166666666666667
0 0.6541666666666667 0.51328125 0.041666666666666664 0.04739583333333333
0 0.7578125 0.53203125 0.04479166666666667 0.04010416666666667
0 0.81171875 0.55 0.044270833333333336 0.03958333333333333
0 0.77890625 0.56484375 0.04114583333333333 0.033854166666666664
0 0.6989583333333333 0.5697916666666667 0.03333333333333333 0.030208333333333334
0 0.7994791666666666 0.6049479166666667 0.04895833333333333 0.04010416666666667
0 0.76015625 0.6296875 0.0296875 0.034375
0 0.7393229166666667 0.6544270833333333 0.0421875 0.0453125
0 0.70546875 0.7544270833333333 0.0359375 0.04114583333333333
0 0.7255208333333333 0.7091145833333333 0.057291666666666664 0.0515625
0 0.7489583333333333 0.74375 0.040625 0.0375
0 0.615625 0.5341145833333333 0.03229166666666667 0.0234375
0 0.6265625 0.5606770833333333 0.030208333333333334 0.03177083333333333
0 0.575 0.39557291666666666 0.021875 0.019270833333333334
0 0.5880208333333333 0.45338541666666665 0.05 0.050520833333333334
0 0.5330729166666667 0.428125 0.0484375 0.04479166666666667
0 0.53515625 0.4747395833333333 0.03697916666666667 0.03697916666666667
0 0.5625 0.5200520833333333 0.034375 0.034895833333333334
0 0.5286458333333334 0.5421875 0.036458333333333336 0.029166666666666667
0 0.5825520833333333 0.6778645833333333 0.0390625 0.04010416666666667
0 0.5075520833333333 0.5575520833333333 0.0328125 0.0296875
0 0.53984375 0.7059895833333333 0.0296875 0.024479166666666666
0 0.6015625 0.7268229166666667 0.042708333333333334 0.04114583333333333
0 0.628125 0.7575520833333333 0.040625 0.03802083333333333
0 0.6049479166666667 0.8143229166666667 0.030729166666666665 0.0453125
0 0.5924479166666666 0.76484375 0.0328125 0.034895833333333334
0 0.5661458333333333 0.7411458333333333 0.03229166666666667 0.04479166666666667
0 0.16640625 0.7390625 0.13541666666666666 0.14114583333333333
0 0.20546875 0.90546875 0.265625 0.1890625
0 0.04479166666666667 0.809375 0.08958333333333333 0.26875
0 0.91015625 0.9770833333333333 0.07864583333333333 0.04583333333333333
0 0.37109375 0.66640625 0.13072916666666667 0.11197916666666667
0 0.45 0.41822916666666665 0.11041666666666666 0.165625
0 0.5473958333333333 0.20703125 0.08958333333333333 0.10052083333333334
0 0.54296875 0.57890625 0.0515625 0.04635416666666667
0 0.7734375 0.6669270833333333 0.026041666666666668 0.0328125
0 0.8 0.7005208333333334 0.03229166666666667 0.03229166666666667
0 0.69921875 0.17135416666666667 0.022395833333333334 0.0296875
0 0.8046875 0.11432291666666666 0.030729166666666665 0.03697916666666667
0 0.9059895833333333 0.2453125 0.03802083333333333 0.027604166666666666
0 0.9361979166666666 0.28411458333333334 0.0359375 0.034375
0 0.665625 0.8380208333333333 0.0703125 0.06927083333333334
0 0.7786458333333334 0.8708333333333333 0.0671875 0.1078125
0 0.6822916666666666 0.7260416666666667 0.036458333333333336 0.04375
0 0.6486979166666667 0.73359375 0.036458333333333336 0.04895833333333333
0 0.6372395833333333 0.7098958333333333 0.03333333333333333 0.03177083333333333
0 0.20442708333333334 0.35989583333333336 0.07604166666666666 0.08072916666666667
0 0.21901041666666668 0.3059895833333333 0.059895833333333336 0.05520833333333333
0 0.03177083333333333 0.13828125 0.049479166666666664 0.0640625
0 0.9276041666666667 0.022395833333333334 0.06770833333333333 0.04479166666666667
0 0.98203125 0.02578125 0.0359375 0.0515625