0 0.6239583333333333 0.91171875 0.1953125 0.17552083333333332
0 0.846875 0.525 0.13072916666666667 0.146875
0 0.17369791666666667 0.43020833333333336 0.13177083333333334 0.17916666666666667
0 0.9416666666666667 0.3729166666666667 0.11666666666666667 0.12916666666666668
0 0.35859375 0.43255208333333334 0.10520833333333333 0.09270833333333334
0 0.7552083333333334 0.054427083333333334 0.1265625 0.1078125
0 0.18541666666666667 0.8169270833333333 0.10208333333333333 0.1171875
0 0.46328125 0.4354166666666667 0.11927083333333334 0.11614583333333334
0 0.7723958333333333 0.3106770833333333 0.10572916666666667 0.14947916666666666
0 0.07265625 0.3125 0.14322916666666666 0.17916666666666667
0 0.478125 0.8888020833333333 0.11875 0.09635416666666667
0 0.14661458333333333 0.5705729166666667 0.0546875 0.09010416666666667
0 0.24973958333333332 0.3346354166666667 0.11875 0.10989583333333333
0 0.65 0.59765625 0.16354166666666667 0.12239583333333333
0 0.030729166666666665 0.12942708333333333 0.06145833333333333 0.07395833333333333
0 0.9346354166666667 0.9296875 0.06510416666666667 0.0484375
0 0.8942708333333333 0.23802083333333332 0.07916666666666666 0.10520833333333333
0 0.93671875 0.27421875 0.06614583333333333 0.07135416666666666
0 0.9432291666666667 0.50625 0.05260416666666667 0.058333333333333334
0 0.72109375 0.16067708333333333 0.10885416666666667 0.153125
0 0.3234375 0.5473958333333333 0.16822916666666668 0.2421875
0 0.22421875 0.5651041666666666 0.10572916666666667 0.14635416666666667
0 0.35963541666666665 0.90546875 0.027604166666666666 0.034895833333333334
0 0.953125 0.59140625 0.08125 0.08125
0 0.12395833333333334 0.018489583333333334 0.0546875 0.036458333333333336
0 0.83828125 0.15833333333333333 0.11875 0.15833333333333333
0 0.953125 0.15208333333333332 0.09375 0.1125
0 0.27708333333333335 0.20338541666666668 0.234375 0.18229166666666666
0 0.0421875 0.05911458333333333 0.059895833333333336 0.0640625
0 0.8903645833333333 0.02734375 0.06302083333333333 0.0453125
0 0.9776041666666667 0.52734375 0.044270833333333336 0.08541666666666667
0 0.9815104166666667 0.2565104166666667 0.03697916666666667 0.10989583333333333
0 0.25338541666666664 0.9372395833333333 0.14270833333333333 0.1078125
0 0.84296875 0.9489583333333333 0.23854166666666668 0.10208333333333333
0 0.9828125 0.9752604166666666 0.034375 0.049479166666666664
0 0.9786458333333333 0.7888020833333333 0.0421875 0.0640625
0 0.9177083333333333 0.44140625 0.06822916666666666 0.05520833333333333
0 0.5921875 0.14791666666666667 0.1578125 0.159375
0 0.03125 0.4231770833333333 0.0625 0.07552083333333333
0 0.97578125 0.7221354166666667 0.0484375 0.07760416666666667
0 0.1359375 0.12291666666666666 0.09895833333333333 0.09427083333333333
0 0.6088541666666667 0.45989583333333334 0.1453125 0.12552083333333333
0 0.5067708333333333 0.6817708333333333 0.18697916666666667 0.15885416666666666
0 0.94453125 0.04739583333333333 0.1109375 0.09479166666666666
0 0.33489583333333334 0.290625 0.15052083333333333 0.10729166666666666
0 0.9861979166666667 0.92578125 0.027604166666666666 0.050520833333333334
0 0.5018229166666667 0.5440104166666667 0.1421875 0.128125
0 0.33203125 0.020052083333333335 0.07239583333333334 0.04010416666666667
0 0.3893229166666667 0.96328125 0.10260416666666666 0.0734375
0 0.99296875 0.46953125 0.0140625 0.0328125
0 0.6901041666666666 0.017447916666666667 0.07760416666666667 0.034895833333333334
0 0.11171875 0.7208333333333333 0.18020833333333333 0.16875
0 0.5731770833333333 0.04088541666666667 0.19375 0.08177083333333333
0 0.9869791666666666 0.6268229166666667 0.026041666666666668 0.06302083333333333
0 0.16796875 0.008333333333333333 0.04583333333333333 0.016666666666666666
0 0.403125 0.11484375 0.22708333333333333 0.16197916666666667
0 0.15625 0.91328125 0.1 0.10260416666666666
0 0.05286458333333333 0.8859375 0.10572916666666667 0.109375
0 0.04244791666666667 0.9674479166666666 0.08489583333333334 0.06510416666666667
0 0.05572916666666667 0.5690104166666666 0.11145833333333334 0.21510416666666668
0 0.6119791666666666 0.3221354166666667 0.18489583333333334 0.16770833333333332
0 0.8606770833333334 0.6807291666666667 0.2203125 0.16770833333333332
0 0.27317708333333335 0.7044270833333334 0.14791666666666667 0.15
0 0.8716145833333333 0.8341145833333333 0.2546875 0.1484375
0 0.6380208333333334 0.8013020833333333 0.09375 0.075
0 0.4822916666666667 0.9578125 0.08802083333333334 0.08229166666666667
0 0.27369791666666665 0.8614583333333333 0.06770833333333333 0.051041666666666666
0 0.46927083333333336 0.7591145833333334 0.15677083333333333 0.16302083333333334
0 0.3502604166666667 0.8026041666666667 0.09635416666666667 0.21302083333333333
0 0.24505208333333334 0.07083333333333333 0.09739583333333333 0.1
0 0.7307291666666667 0.4895833333333333 0.12447916666666667 0.1734375
0 0.49557291666666664 0.3 0.13489583333333333 0.146875
0 0.7169270833333333 0.7544270833333333 0.23489583333333333 0.21927083333333333
0 0.01953125 0.7630208333333334 0.0390625 0.11354166666666667