0 0.6427083333333333 0.4114583333333333 0.11145833333333334 0.09791666666666667
0 0.6184895833333334 0.4830729166666667 0.08125 0.07604166666666666
0 0.9205729166666666 0.07057291666666667 0.12864583333333332 0.12760416666666666
0 0.34088541666666666 0.24973958333333332 0.12864583333333332 0.10104166666666667
0 0.48828125 0.8052083333333333 0.05416666666666667 0.06458333333333334
0 0.49609375 0.68359375 0.09166666666666666 0.1125
0 0.5330729166666667 0.9546875 0.13177083333333334 0.08958333333333333
0 0.29140625 0.79765625 0.13229166666666667 0.121875
0 0.09114583333333333 0.96015625 0.11510416666666666 0.0796875
0 0.7786458333333334 0.03802083333333333 0.12916666666666668 0.07604166666666666
0 0.5575520833333333 0.81484375 0.06458333333333334 0.065625
0 0.23828125 0.22473958333333333 0.09322916666666667 0.11770833333333333
0 0.38645833333333335 0.5645833333333333 0.071875 0.09166666666666666
0 0.15520833333333334 0.6723958333333333 0.06041666666666667 0.084375
0 0.4393229166666667 0.7380208333333333 0.07083333333333333 0.0671875
0 0.5401041666666667 0.8729166666666667 0.096875 0.071875
0 0.9606770833333333 0.9651041666666667 0.0609375 0.0671875
0 0.43645833333333334 0.8596354166666667 0.08177083333333333 0.0546875
0 0.08072916666666667 0.5734375 0.075 0.07864583333333333
0 0.4747395833333333 0.5861979166666667 0.0578125 0.07083333333333333
0 0.6072916666666667 0.7481770833333333 0.09114583333333333 0.07760416666666667
0 0.42135416666666664 0.8057291666666667 0.0640625 0.06145833333333333
0 0.29140625 0.7111979166666667 0.07604166666666666 0.0484375
0 0.2078125 0.0921875 0.04791666666666667 0.04479166666666667
0 0.884375 0.15651041666666668 0.043229166666666666 0.04375
0 0.3640625 0.73359375 0.07239583333333334 0.0890625
0 0.3140625 0.896875 0.06927083333333334 0.07760416666666667
0 0.32135416666666666 0.5640625 0.065625 0.07708333333333334
0 0.7588541666666667 0.7317708333333334 0.18645833333333334 0.159375
0 0.70703125 0.25755208333333335 0.06614583333333333 0.078125
0 0.5330729166666667 0.46796875 0.0828125 0.08645833333333333
0 0.7330729166666666 0.32786458333333335 0.09427083333333333 0.07291666666666667
0 0.5020833333333333 0.525 0.057291666666666664 0.05260416666666667
0 0.5984375 0.5700520833333333 0.06041666666666667 0.08229166666666667
0 0.6932291666666667 0.57890625 0.04895833333333333 0.0390625
0 0.8854166666666666 0.9666666666666667 0.07864583333333333 0.06510416666666667
0 0.21848958333333332 0.6177083333333333 0.04583333333333333 0.0515625
0 0.05963541666666667 0.9208333333333333 0.0703125 0.07239583333333334
0 0.08984375 0.6692708333333334 0.0734375 0.1171875
0 0.8299479166666667 0.11223958333333334 0.0671875 0.0625
0 0.6950520833333333 0.5229166666666667 0.0859375 0.08385416666666666
0 0.225 0.1359375 0.05364583333333333 0.05625
0 0.12864583333333332 0.8013020833333333 0.06770833333333333 0.103125
0 0.51796875 0.7752604166666667 0.04375 0.0359375
0 0.21223958333333334 0.95859375 0.13177083333333334 0.0828125
0 0.6419270833333334 0.8236979166666667 0.09583333333333334 0.07135416666666666
0 0.2786458333333333 0.38515625 0.18541666666666667 0.2015625
0 0.21796875 0.6768229166666667 0.053125 0.05260416666666667
0 0.44166666666666665 0.47708333333333336 0.09322916666666667 0.10052083333333334
0 0.57890625 0.6427083333333333 0.07447916666666667 0.06041666666666667
0 0.2046875 0.7669270833333334 0.08177083333333333 0.10989583333333333
0 0.40963541666666664 0.6473958333333333 0.12604166666666666 0.090625
0 0.53984375 0.5674479166666667 0.06666666666666667 0.078125
0 0.540625 0.24270833333333333 0.27447916666666666 0.3020833333333333
0 0.048177083333333336 0.3104166666666667 0.09635416666666667 0.10885416666666667
0 0.17135416666666667 0.6091145833333333 0.05 0.041666666666666664
0 0.8002604166666667 0.20494791666666667 0.13541666666666666 0.15104166666666666
0 0.6041666666666666 0.9216145833333333 0.084375 0.084375
0 0.86171875 0.79140625 0.075 0.0703125
0 0.27317708333333335 0.8705729166666667 0.034375 0.0359375
0 0.39427083333333335 0.9140625 0.0828125 0.08020833333333334
0 0.2609375 0.9229166666666667 0.0578125 0.05520833333333333
0 0.3059895833333333 0.5028645833333333 0.0328125 0.034895833333333334
0 0.03411458333333333 0.10755208333333334 0.065625 0.0703125
0 0.22005208333333334 0.8760416666666667 0.0671875 0.06458333333333334
0 0.31302083333333336 0.97421875 0.059895833333333336 0.0515625
0 0.02890625 0.24036458333333333 0.0453125 0.04114583333333333
0 0.03567708333333333 0.8572916666666667 0.06770833333333333 0.058333333333333334
0 0.57734375 0.6984375 0.0671875 0.05520833333333333
0 0.17526041666666667 0.034895833333333334 0.0953125 0.06979166666666667
0 0.68359375 0.6359375 0.12135416666666667 0.10625
0 0.328125 0.09921875 0.22552083333333334 0.1984375
0 0.11484375 0.05182291666666667 0.04739583333333333 0.0828125
0 0.05234375 0.18255208333333334 0.05572916666666667 0.05572916666666667
0 0.07109375 0.7989583333333333 0.0625 0.08645833333333333
0 0.8549479166666667 0.3484375 0.1375 0.11770833333333333
0 0.15677083333333333 0.15598958333333332 0.10572916666666667 0.121875
0 0.68515625 0.9278645833333333 0.12760416666666666 0.11770833333333333
0 0.07994791666666666 0.44583333333333336 0.159375 0.16614583333333333
0 0.05625 0.024739583333333332 0.10416666666666667 0.049479166666666664
0 0.49505208333333334 0.43203125 0.03125 0.0453125
0 0.44192708333333336 0.52265625 0.05364583333333333 0.043229166666666666
0 0.41484375 0.38177083333333334 0.1203125 0.12239583333333333
0 0.7463541666666667 0.40130208333333334 0.09375 0.06302083333333333
0 0.022395833333333334 0.57421875 0.04479166666666667 0.19479166666666667
0 0.715625 0.14348958333333334 0.12604166666666666 0.1375
0 0.8947916666666667 0.22630208333333332 0.07604166666666666 0.11145833333333334
0 0.07109375 0.7989583333333333 0.06302083333333333 0.084375
0 0.84609375 0.6252604166666667 0.059895833333333336 0.08958333333333333
0 0.9880208333333333 0.04765625 0.023958333333333335 0.044270833333333336
0 0.3489583333333333 0.8442708333333333 0.04375 0.04791666666666667
0 0.1296875 0.88046875 0.09010416666666667 0.058854166666666666
0 0.015885416666666666 0.7536458333333333 0.03125 0.06875
0 0.7908854166666667 0.95859375 0.09375 0.07916666666666666
0 0.715625 0.14348958333333334 0.12552083333333333 0.13645833333333332
0 0.0359375 0.7104166666666667 0.06979166666666667 0.08489583333333334
0 0.9880208333333333 0.9278645833333333 0.023958333333333335 0.07291666666666667
0 0.014583333333333334 0.9309895833333334 0.028645833333333332 0.09895833333333333
0 0.008333333333333333 0.16875 0.016666666666666666 0.049479166666666664
0 0.7908854166666667 0.9557291666666666 0.09322916666666667 0.08229166666666667
0 0.61640625 0.9809895833333333 0.10520833333333333 0.0375
0 0.2716145833333333 0.6229166666666667 0.06614583333333333 0.07135416666666666
0 0.23619791666666667 0.9598958333333333 0.084375 0.07864583333333333
0 0.61171875 0.05286458333333333 0.0859375 0.08177083333333333
0 0.96796875 0.19947916666666668 0.0640625 0.178125
0 0.7848958333333333 0.11848958333333333 0.018229166666666668 0.023958333333333335
0 0.7734375 0.8627604166666667 0.15833333333333333 0.08333333333333333
0 0.7442708333333333 0.4830729166666667 0.10416666666666667 0.08177083333333333
0 0.21744791666666666 0.5028645833333333 0.1609375 0.20520833333333333
0 0.7442708333333333 0.48411458333333335 0.1046875 0.08177083333333333
0 0.13125 0.25416666666666665 0.16770833333333332 0.15520833333333334
0 0.17291666666666666 0.34479166666666666 0.053125 0.040625
0 0.3190104166666667 0.6393229166666666 0.059895833333333336 0.05364583333333333
0 0.28359375 0.67109375 0.05 0.0390625
0 0.54140625 0.7518229166666667 0.03125 0.0375
0 0.50859375 0.7473958333333334 0.0328125 0.025
0 0.49713541666666666 0.05364583333333333 0.1375 0.10729166666666666
0 0.91796875 0.8848958333333333 0.12135416666666667 0.10677083333333333