0 0.6973958333333333 0.30390625 0.11770833333333333 0.11458333333333333
0 0.07916666666666666 0.13776041666666666 0.128125 0.11145833333333334
0 0.61953125 0.3888020833333333 0.19479166666666667 0.16197916666666667
0 0.4940104166666667 0.6018229166666667 0.15260416666666668 0.17864583333333334
0 0.7830729166666667 0.23333333333333334 0.08645833333333333 0.11197916666666667
0 0.9447916666666667 0.22265625 0.10833333333333334 0.128125
0 0.6067708333333334 0.20703125 0.1625 0.18020833333333333
0 0.9145833333333333 0.9135416666666667 0.12135416666666667 0.11822916666666666
0 0.8315104166666667 0.83359375 0.065625 0.090625
0 0.1953125 0.42916666666666664 0.06927083333333334 0.05677083333333333
0 0.30520833333333336 0.43333333333333335 0.13489583333333333 0.10052083333333334
0 0.26119791666666664 0.7708333333333334 0.12291666666666666 0.203125
0 0.07916666666666666 0.6268229166666667 0.0875 0.10260416666666666
0 0.35208333333333336 0.725 0.075 0.1015625
0 0.140625 0.7239583333333334 0.11666666666666667 0.14947916666666666
0 0.42135416666666664 0.54140625 0.1046875 0.09895833333333333
0 0.3734375 0.92421875 0.15572916666666667 0.1359375
0 0.45755208333333336 0.08203125 0.14427083333333332 0.10520833333333333
0 0.044270833333333336 0.24765625 0.0875 0.11302083333333333
0 0.49244791666666665 0.7182291666666667 0.07864583333333333 0.07708333333333334
0 0.5799479166666667 0.8723958333333334 0.19947916666666668 0.24791666666666667
0 0.5307291666666667 0.4583333333333333 0.14947916666666666 0.10572916666666667
0 0.19140625 0.91953125 0.0578125 0.0765625
0 0.04348958333333333 0.8091145833333333 0.08020833333333334 0.1046875
0 0.9778645833333334 0.9822916666666667 0.03854166666666667 0.034375
0 0.7638020833333333 0.4440104166666667 0.0984375 0.0984375
0 0.14036458333333332 0.8247395833333333 0.115625 0.07395833333333333
0 0.8705729166666667 0.6153645833333333 0.11197916666666667 0.1375
0 0.96171875 0.6309895833333333 0.0765625 0.09166666666666666
0 0.7682291666666666 0.7447916666666666 0.084375 0.0578125
0 0.7744791666666667 0.14166666666666666 0.036458333333333336 0.033854166666666664
0 0.02265625 0.9619791666666667 0.0453125 0.0671875
0 0.64921875 0.5390625 0.11302083333333333 0.15208333333333332
0 0.9252604166666667 0.5028645833333333 0.14947916666666666 0.1515625
0 0.028125 0.7151041666666667 0.05572916666666667 0.0796875
0 0.12447916666666667 0.9231770833333334 0.078125 0.084375
0 0.9375 0.08072916666666667 0.125 0.159375
0 0.7760416666666666 0.9091145833333333 0.0984375 0.0875
0 0.6127604166666667 0.4942708333333333 0.06197916666666667 0.084375
0 0.8666666666666667 0.7729166666666667 0.11875 0.14427083333333332
0 0.2559895833333333 0.9479166666666666 0.08802083333333334 0.10364583333333334
0 0.13541666666666666 0.29453125 0.1625 0.1875
0 0.018229166666666668 0.634375 0.036458333333333336 0.06770833333333333
0 0.7869791666666667 0.34322916666666664 0.08229166666666667 0.090625
0 0.5265625 0.016666666666666666 0.10989583333333333 0.03333333333333333
0 0.34375 0.8528645833333334 0.065625 0.0796875
0 0.33125 0.05963541666666667 0.09739583333333333 0.07552083333333333
0 0.7609375 0.8234375 0.0859375 0.0953125
0 0.0921875 0.9669270833333333 0.14375 0.06614583333333333
0 0.08828125 0.46848958333333335 0.17291666666666666 0.2453125
0 0.8565104166666667 0.10989583333333333 0.11770833333333333 0.09010416666666667
0 0.3411458333333333 0.01328125 0.06197916666666667 0.0265625
0 0.17708333333333334 0.97890625 0.05572916666666667 0.04114583333333333
0 0.68203125 0.04375 0.13489583333333333 0.0875
0 0.7510416666666667 0.5809895833333333 0.1375 0.13333333333333333
0 0.25104166666666666 0.5578125 0.15364583333333334 0.20572916666666666
0 0.024479166666666666 0.87265625 0.04791666666666667 0.0578125
0 0.37734375 0.6302083333333334 0.12447916666666667 0.12760416666666666
0 0.23645833333333333 0.057291666666666664 0.10364583333333334 0.11458333333333333
0 0.52890625 0.01640625 0.1125 0.0328125
0 0.325 0.16510416666666666 0.146875 0.16770833333333332
0 0.98671875 0.8875 0.0265625 0.08645833333333333
0 0.8388020833333333 0.030989583333333334 0.058854166666666666 0.06197916666666667
0 0.8640625 0.22005208333333334 0.07239583333333334 0.16145833333333334
0 0.8369791666666667 0.9729166666666667 0.041666666666666664 0.05364583333333333
0 0.9299479166666667 0.3921875 0.14010416666666667 0.09635416666666667
0 0.2911458333333333 0.30442708333333335 0.175 0.17291666666666666
0 0.7825520833333334 0.0125 0.05520833333333333 0.025
0 0.9510416666666667 0.31796875 0.09791666666666667 0.08020833333333334
0 0.4765625 0.3229166666666667 0.19375 0.09947916666666666
0 0.44947916666666665 0.20286458333333332 0.128125 0.1296875
0 0.5786458333333333 0.061197916666666664 0.0828125 0.0921875
0 0.771875 0.08645833333333333 0.04895833333333333 0.03854166666666667
0 0.7770833333333333 0.0484375 0.06145833333333333 0.0359375
0 0.8276041666666667 0.4 0.03854166666666667 0.0359375
0 0.4817708333333333 0.3815104166666667 0.06927083333333334 0.044270833333333336
0 0.7651041666666667 0.6768229166666667 0.090625 0.08541666666666667
0 0.6830729166666667 0.6830729166666667 0.07291666666666667 0.07708333333333334
0 0.9635416666666666 0.790625 0.07291666666666667 0.13802083333333334
0 0.95078125 0.7143229166666667 0.0984375 0.08072916666666667
0 0.6932291666666667 0.7588541666666667 0.06458333333333334 0.0453125
0 0.27109375 0.88671875 0.058854166666666666 0.05572916666666667
0 0.23411458333333332 0.7106770833333333 0.07447916666666667 0.10520833333333333
0 0.4125 0.4513020833333333 0.090625 0.0859375
0 0.19036458333333334 0.16510416666666666 0.12916666666666668 0.10572916666666667
0 0.13307291666666668 0.044270833333333336 0.109375 0.08854166666666667
0 0.1140625 0.8729166666666667 0.04739583333333333 0.04010416666666667
0 0.07942708333333333 0.87265625 0.030729166666666665 0.0484375
0 0.046614583333333334 0.8854166666666666 0.03177083333333333 0.0296875
0 0.05234375 0.9151041666666667 0.06458333333333334 0.03802083333333333
0 0.42526041666666664 0.7247395833333333 0.07239583333333334 0.07708333333333334
0 0.5747395833333333 0.5815104166666667 0.04895833333333333 0.10625
0 0.72578125 0.215625 0.08072916666666667 0.08177083333333333
0 0.7325520833333333 0.15807291666666667 0.07916666666666666 0.042708333333333334
0 0.8752604166666667 0.32317708333333334 0.030208333333333334 0.043229166666666666
0 0.63359375 0.703125 0.06979166666666667 0.0828125