0 0.27005208333333336 0.2947916666666667 0.18385416666666668 0.1453125
0 0.9205729166666666 0.178125 0.15625 0.15520833333333334
0 0.35885416666666664 0.48776041666666664 0.1046875 0.11197916666666667
0 0.06822916666666666 0.20703125 0.13645833333333332 0.16302083333333334
0 0.19765625 0.54296875 0.17447916666666666 0.16041666666666668
0 0.69765625 0.16302083333333334 0.14947916666666666 0.1609375
0 0.73515625 0.6677083333333333 0.10625 0.0875
0 0.23645833333333333 0.4083333333333333 0.15416666666666667 0.13229166666666667
0 0.6078125 0.52578125 0.13697916666666668 0.103125
0 0.81640625 0.03958333333333333 0.06354166666666666 0.078125
0 0.8052083333333333 0.26901041666666664 0.08177083333333333 0.134375
0 0.24609375 0.09635416666666667 0.05260416666666667 0.049479166666666664
0 0.8200520833333333 0.4908854166666667 0.0859375 0.0796875
0 0.15104166666666666 0.6752604166666667 0.17395833333333333 0.11822916666666666
0 0.25625 0.8104166666666667 0.225 0.22916666666666666
0 0.50859375 0.37916666666666665 0.08541666666666667 0.06458333333333334
0 0.73359375 0.5015625 0.08125 0.08697916666666666
0 0.05026041666666667 0.953125 0.09739583333333333 0.09322916666666667
0 0.08359375 0.534375 0.041666666666666664 0.04739583333333333
0 0.29010416666666666 0.521875 0.050520833333333334 0.05416666666666667
0 0.6075520833333333 0.026041666666666668 0.0609375 0.052083333333333336
0 0.9096354166666667 0.6036458333333333 0.07864583333333333 0.08177083333333333
0 0.0984375 0.39427083333333335 0.0828125 0.06041666666666667
0 0.5151041666666667 0.9223958333333333 0.18489583333333334 0.15520833333333334
0 0.10338541666666666 0.7604166666666666 0.059375 0.050520833333333334
0 0.7143229166666667 0.92109375 0.22916666666666666 0.1578125
0 0.8015625 0.1515625 0.059895833333333336 0.059375
0 0.7611979166666667 0.03958333333333333 0.044270833333333336 0.04635416666666667
0 0.8895833333333333 0.2955729166666667 0.07916666666666666 0.1
0 0.054427083333333334 0.7403645833333333 0.046875 0.03958333333333333
0 0.084375 0.31015625 0.09166666666666666 0.09010416666666667
0 0.09270833333333334 0.45755208333333336 0.07395833333333333 0.07239583333333334
0 0.052083333333333336 0.3651041666666667 0.059895833333333336 0.04114583333333333
0 0.026302083333333334 0.46875 0.051041666666666666 0.052083333333333336
0 0.9643229166666667 0.4125 0.07135416666666666 0.07552083333333333
0 0.4239583333333333 0.8346354166666666 0.078125 0.08541666666666667
0 0.05364583333333333 0.5036458333333333 0.03802083333333333 0.034375
0 0.7494791666666667 0.5875 0.0484375 0.0609375
0 0.33932291666666664 0.04244791666666667 0.07708333333333334 0.0625
0 0.6817708333333333 0.5533854166666666 0.04635416666666667 0.0546875
0 0.0421875 0.6731770833333334 0.041666666666666664 0.05625
0 0.04609375 0.5697916666666667 0.0921875 0.16354166666666667
0 0.71484375 0.6091145833333333 0.06197916666666667 0.050520833333333334
0 0.3026041666666667 0.671875 0.03333333333333333 0.03854166666666667
0 0.83359375 0.11354166666666667 0.05364583333333333 0.050520833333333334
0 0.9763020833333333 0.665625 0.04635416666666667 0.0890625
0 0.725 0.31536458333333334 0.06197916666666667 0.058333333333333334
0 0.8690104166666667 0.016145833333333335 0.044270833333333336 0.03229166666666667
0 0.9783854166666667 0.13776041666666666 0.042708333333333334 0.040625
0 0.8294270833333334 0.3958333333333333 0.08541666666666667 0.08177083333333333
0 0.019010416666666665 0.41822916666666665 0.0375 0.059895833333333336
0 0.3645833333333333 0.23723958333333334 0.07135416666666666 0.07604166666666666
0 0.63203125 0.6065104166666667 0.059375 0.0578125
0 0.12526041666666668 0.01875 0.12552083333333333 0.0375
0 0.9208333333333333 0.029166666666666667 0.05260416666666667 0.0515625
0 0.9533854166666667 0.07473958333333333 0.09322916666666667 0.06822916666666666
0 0.55703125 0.44583333333333336 0.11302083333333333 0.0796875
0 0.4791666666666667 0.5625 0.0921875 0.09635416666666667
0 0.8236979166666667 0.5861979166666667 0.10416666666666667 0.1125
0 0.5549479166666667 0.7216145833333333 0.08645833333333333 0.1578125
0 0.4270833333333333 0.6625 0.18020833333333333 0.21927083333333333
0 0.6473958333333333 0.7052083333333333 0.07135416666666666 0.08229166666666667
0 0.9247395833333333 0.6520833333333333 0.03802083333333333 0.03125
0 0.35078125 0.9604166666666667 0.20520833333333333 0.078125
0 0.6955729166666667 0.052083333333333336 0.11979166666666667 0.1015625
0 0.32135416666666666 0.5888020833333333 0.05260416666666667 0.0625
0 0.016666666666666666 0.3296875 0.03333333333333333 0.1296875
0 0.6020833333333333 0.7114583333333333 0.029166666666666667 0.0265625
0 0.8640625 0.053125 0.03958333333333333 0.043229166666666666
0 0.7606770833333333 0.39557291666666666 0.0703125 0.07447916666666667
0 0.11979166666666667 0.9908854166666666 0.05572916666666667 0.018229166666666668
0 0.97578125 0.5442708333333334 0.04791666666666667 0.059375
0 0.42421875 0.8338541666666667 0.078125 0.08489583333333334
0 0.95 0.7932291666666667 0.1 0.18541666666666667
0 0.7721354166666666 0.7802083333333333 0.259375 0.25052083333333336
0 0.3328125 0.85546875 0.10208333333333333 0.1
0 0.6901041666666666 0.525 0.03854166666666667 0.030208333333333334
0 0.7619791666666667 0.28125 0.04375 0.0515625
0 0.6744791666666666 0.32317708333333334 0.0390625 0.0390625
0 0.6140625 0.6153645833333333 0.1 0.07604166666666666
0 0.18671875 0.8846354166666667 0.1109375 0.15104166666666666
0 0.05 0.8393229166666667 0.1 0.0953125
0 0.4708333333333333 0.4705729166666667 0.12395833333333334 0.10885416666666667
0 0.08098958333333334 0.5888020833333333 0.033854166666666664 0.04583333333333333
0 0.10026041666666667 0.14583333333333334 0.043229166666666666 0.030729166666666665
0 0.27447916666666666 0.128125 0.053125 0.05416666666666667
0 0.9333333333333333 0.9231770833333334 0.051041666666666666 0.06302083333333333
0 0.9838541666666667 0.9611979166666667 0.03229166666666667 0.07760416666666667
0 0.88671875 0.9588541666666667 0.1203125 0.05
0 0.8841145833333334 0.9895833333333334 0.08541666666666667 0.020833333333333332