0 0.32734375 0.0578125 0.12291666666666666 0.1125
0 0.34348958333333335 0.15208333333333332 0.1390625 0.11302083333333333
0 0.7473958333333334 0.22734375 0.19166666666666668 0.175
0 0.3859375 0.7359375 0.1640625 0.16979166666666667
0 0.21432291666666667 0.46484375 0.146875 0.13541666666666666
0 0.14244791666666667 0.9375 0.1796875 0.12447916666666667
0 0.3020833333333333 0.94921875 0.1453125 0.1015625
0 0.4171875 0.5729166666666666 0.035416666666666666 0.034895833333333334
0 0.7088541666666667 0.6403645833333333 0.1421875 0.10625
0 0.04348958333333333 0.47161458333333334 0.08697916666666666 0.17291666666666666
0 0.7684895833333333 0.37421875 0.17239583333333333 0.13645833333333332
0 0.78125 0.07083333333333333 0.13541666666666666 0.14166666666666666
0 0.30911458333333336 0.37552083333333336 0.14375 0.16145833333333334
0 0.32708333333333334 0.24973958333333332 0.10364583333333334 0.07708333333333334
0 0.6494791666666667 0.8122395833333333 0.08958333333333333 0.08489583333333334
0 0.4713541666666667 0.11223958333333334 0.0609375 0.049479166666666664
0 0.88984375 0.334375 0.07864583333333333 0.08072916666666667
0 0.04088541666666667 0.8372395833333334 0.08177083333333333 0.11458333333333333
0 0.425 0.2859375 0.2 0.18697916666666667
0 0.030989583333333334 0.08203125 0.06197916666666667 0.10208333333333333
0 0.6026041666666667 0.125 0.07447916666666667 0.0578125
0 0.14661458333333333 0.115625 0.049479166666666664 0.06770833333333333
0 0.94140625 0.621875 0.11510416666666666 0.146875
0 0.20390625 0.08880208333333334 0.15729166666666666 0.175
0 0.5153645833333333 0.57421875 0.17864583333333334 0.1140625
0 0.6627604166666666 0.05234375 0.1265625 0.1046875
0 0.035416666666666666 0.23203125 0.07083333333333333 0.13541666666666666
0 0.9307291666666667 0.2734375 0.13854166666666667 0.125
0 0.5348958333333333 0.23385416666666667 0.1765625 0.18645833333333334
0 0.4747395833333333 0.05286458333333333 0.12604166666666666 0.1046875
0 0.16848958333333333 0.19635416666666666 0.06979166666666667 0.0875
0 0.10130208333333333 0.6018229166666667 0.15052083333333333 0.1234375
0 0.6091145833333333 0.046875 0.030729166666666665 0.03177083333333333
0 0.6364583333333333 0.9755208333333333 0.07916666666666666 0.0484375
0 0.8901041666666667 0.5541666666666667 0.1328125 0.13697916666666668
0 0.21953125 0.23020833333333332 0.12239583333333333 0.11145833333333334
0 0.5729166666666666 0.0515625 0.08541666666666667 0.09895833333333333
0 0.29296875 0.5796875 0.23489583333333333 0.17083333333333334
0 0.40260416666666665 0.44296875 0.10572916666666667 0.09739583333333333
0 0.028385416666666666 0.9755208333333333 0.05677083333333333 0.04895833333333333
0 0.08333333333333333 0.10572916666666667 0.0515625 0.08645833333333333
0 0.98984375 0.2109375 0.0203125 0.071875
0 0.2708333333333333 0.8078125 0.090625 0.171875
0 0.0953125 0.18411458333333333 0.07291666666666667 0.06875
0 0.2596354166666667 0.6830729166666667 0.1640625 0.06354166666666666
0 0.9036458333333334 0.03802083333333333 0.11302083333333333 0.07447916666666667
0 0.5356770833333333 0.9856770833333334 0.13229166666666667 0.028645833333333332
0 0.9708333333333333 0.7705729166666667 0.058333333333333334 0.16145833333333334
0 0.7067708333333333 0.4471354166666667 0.15572916666666667 0.13385416666666666
0 0.25625 0.6799479166666667 0.16666666666666666 0.06197916666666667
0 0.13151041666666666 0.22369791666666666 0.04583333333333333 0.0609375
0 0.11614583333333334 0.7643229166666666 0.23125 0.23333333333333334
0 0.12447916666666667 0.32708333333333334 0.24270833333333333 0.16875
0 0.97421875 0.33645833333333336 0.0515625 0.12447916666666667
0 0.5317708333333333 0.44140625 0.18020833333333333 0.14375
0 0.5377604166666666 0.06979166666666667 0.015625 0.019270833333333334
0 0.8671875 0.73046875 0.153125 0.1515625
0 0.9458333333333333 0.159375 0.053125 0.0671875
0 0.96328125 0.9213541666666667 0.0734375 0.134375
0 0.7151041666666667 0.9692708333333333 0.14322916666666666 0.06145833333333333
0 0.8989583333333333 0.45416666666666666 0.20208333333333334 0.16197916666666667
0 0.615625 0.18046875 0.06614583333333333 0.044270833333333336
0 0.37421875 0.85859375 0.1640625 0.09166666666666666
0 0.8661458333333333 0.73046875 0.15520833333333334 0.1515625
0 0.9528645833333333 0.048177083333333336 0.09427083333333333 0.09479166666666666
0 0.02109375 0.6065104166666667 0.0421875 0.13333333333333333
0 0.0703125 0.19609375 0.028645833333333332 0.050520833333333334
0 0.73828125 0.041666666666666664 0.09739583333333333 0.0828125
0 0.6575520833333334 0.9036458333333334 0.11197916666666667 0.09375
0 0.75078125 0.5578125 0.16666666666666666 0.14635416666666667
0 0.10416666666666667 0.42630208333333336 0.1640625 0.08177083333333333
0 0.51875 0.8244791666666667 0.057291666666666664 0.13802083333333334
0 0.5151041666666667 0.6721354166666667 0.20416666666666666 0.08541666666666667
0 0.44375 0.9466145833333334 0.12395833333333334 0.06927083333333334
0 0.46979166666666666 0.8559895833333333 0.07395833333333333 0.15520833333333334