0 0.0578125 0.67265625 0.1125 0.12291666666666666
0 0.15208333333333332 0.6565104166666667 0.11302083333333333 0.1390625
0 0.22734375 0.2526041666666667 0.175 0.19166666666666668
0 0.7359375 0.6140625 0.16979166666666667 0.1640625
0 0.46484375 0.7856770833333333 0.13541666666666666 0.146875
0 0.9375 0.8575520833333333 0.12447916666666667 0.1796875
0 0.94921875 0.6979166666666666 0.1015625 0.1453125
0 0.5729166666666666 0.5828125 0.034895833333333334 0.035416666666666666
0 0.6403645833333333 0.2911458333333333 0.10625 0.1421875
0 0.47161458333333334 0.9565104166666667 0.17291666666666666 0.08697916666666666
0 0.37421875 0.23151041666666666 0.13645833333333332 0.17239583333333333
0 0.07083333333333333 0.21875 0.14166666666666666 0.13541666666666666
0 0.37552083333333336 0.6908854166666667 0.16145833333333334 0.14375
0 0.24973958333333332 0.6729166666666667 0.07708333333333334 0.10364583333333334
0 0.8122395833333333 0.35052083333333334 0.08489583333333334 0.08958333333333333
0 0.11223958333333334 0.5286458333333334 0.049479166666666664 0.0609375
0 0.334375 0.11015625 0.08072916666666667 0.07864583333333333
0 0.8372395833333334 0.9591145833333333 0.11458333333333333 0.08177083333333333
0 0.2859375 0.575 0.18697916666666667 0.2
0 0.08203125 0.9690104166666667 0.10208333333333333 0.06197916666666667
0 0.125 0.39739583333333334 0.0578125 0.07447916666666667
0 0.115625 0.8533854166666667 0.06770833333333333 0.049479166666666664
0 0.621875 0.05859375 0.146875 0.11510416666666666
0 0.08880208333333334 0.79609375 0.175 0.15729166666666666
0 0.57421875 0.48463541666666665 0.1140625 0.17864583333333334
0 0.05234375 0.3372395833333333 0.1046875 0.1265625
0 0.23203125 0.9645833333333333 0.13541666666666666 0.07083333333333333
0 0.2734375 0.06927083333333334 0.125 0.13854166666666667
0 0.23385416666666667 0.46510416666666665 0.18645833333333334 0.1765625
0 0.05286458333333333 0.5252604166666667 0.1046875 0.12604166666666666
0 0.19635416666666666 0.8315104166666667 0.0875 0.06979166666666667
0 0.6018229166666667 0.8986979166666667 0.1234375 0.15052083333333333
0 0.046875 0.39088541666666665 0.03177083333333333 0.030729166666666665
0 0.9755208333333333 0.36354166666666665 0.0484375 0.07916666666666666
0 0.5541666666666667 0.10989583333333333 0.13697916666666668 0.1328125
0 0.23020833333333332 0.78046875 0.11145833333333334 0.12239583333333333
0 0.0515625 0.4270833333333333 0.09895833333333333 0.08541666666666667
0 0.5796875 0.70703125 0.17083333333333334 0.23489583333333333
0 0.44296875 0.5973958333333333 0.09739583333333333 0.10572916666666667
0 0.9755208333333333 0.9716145833333333 0.04895833333333333 0.05677083333333333
0 0.10572916666666667 0.9166666666666666 0.08645833333333333 0.0515625
0 0.2109375 0.01015625 0.071875 0.0203125
0 0.8078125 0.7291666666666666 0.171875 0.090625
0 0.18411458333333333 0.9046875 0.06875 0.07291666666666667
0 0.6830729166666667 0.7403645833333333 0.06354166666666666 0.1640625
0 0.03802083333333333 0.09635416666666667 0.07447916666666667 0.11302083333333333
0 0.9856770833333334 0.46432291666666664 0.028645833333333332 0.13229166666666667
0 0.7705729166666667 0.029166666666666667 0.16145833333333334 0.058333333333333334
0 0.4471354166666667 0.29322916666666665 0.13385416666666666 0.15572916666666667
0 0.6799479166666667 0.74375 0.06197916666666667 0.16666666666666666
0 0.22369791666666666 0.8684895833333334 0.0609375 0.04583333333333333
0 0.7643229166666666 0.8838541666666667 0.23333333333333334 0.23125
0 0.32708333333333334 0.8755208333333333 0.16875 0.24270833333333333
0 0.33645833333333336 0.02578125 0.12447916666666667 0.0515625
0 0.44140625 0.46822916666666664 0.14375 0.18020833333333333
0 0.06979166666666667 0.4622395833333333 0.019270833333333334 0.015625
0 0.73046875 0.1328125 0.1515625 0.153125
0 0.159375 0.05416666666666667 0.0671875 0.053125
0 0.9213541666666667 0.03671875 0.134375 0.0734375
0 0.9692708333333333 0.28489583333333335 0.06145833333333333 0.14322916666666666
0 0.45416666666666666 0.10104166666666667 0.16197916666666667 0.20208333333333334
0 0.18046875 0.384375 0.044270833333333336 0.06614583333333333
0 0.85859375 0.62578125 0.09166666666666666 0.1640625
0 0.73046875 0.13385416666666666 0.1515625 0.15520833333333334
0 0.048177083333333336 0.047135416666666666 0.09479166666666666 0.09427083333333333
0 0.6065104166666667 0.97890625 0.13333333333333333 0.0421875
0 0.19609375 0.9296875 0.050520833333333334 0.028645833333333332
0 0.041666666666666664 0.26171875 0.0828125 0.09739583333333333
0 0.9036458333333334 0.3424479166666667 0.09375 0.11197916666666667
0 0.5578125 0.24921875 0.14635416666666667 0.16666666666666666
0 0.42630208333333336 0.8958333333333334 0.08177083333333333 0.1640625
0 0.8244791666666667 0.48125 0.13802083333333334 0.057291666666666664
0 0.6721354166666667 0.48489583333333336 0.08541666666666667 0.20416666666666666
0 0.9466145833333334 0.55625 0.06927083333333334 0.12395833333333334
0 0.8559895833333333 0.5302083333333333 0.15520833333333334 0.07395833333333333