0 0.03984375 0.44427083333333334 0.0796875 0.11770833333333333
0 0.8221354166666667 0.6106770833333334 0.16145833333333334 0.21354166666666666
0 0.9390625 0.41744791666666664 0.12135416666666667 0.13541666666666666
0 0.3546875 0.89296875 0.128125 0.140625
0 0.07994791666666666 0.56875 0.15989583333333332 0.1609375
0 0.24635416666666668 0.93671875 0.14375 0.1265625
0 0.35052083333333334 0.6036458333333333 0.06302083333333333 0.05677083333333333
0 0.8755208333333333 0.06666666666666667 0.17291666666666666 0.13333333333333333
0 0.5015625 0.7450520833333333 0.07864583333333333 0.0640625
0 0.5932291666666667 0.065625 0.24322916666666666 0.13125
0 0.6364583333333333 0.78359375 0.06302083333333333 0.058333333333333334
0 0.43046875 0.94921875 0.1375 0.10104166666666667
0 0.56640625 0.8348958333333333 0.0375 0.04375
0 0.7408854166666666 0.46328125 0.11302083333333333 0.09479166666666666
0 0.5471354166666667 0.24453125 0.16979166666666667 0.14270833333333333
0 0.4140625 0.39296875 0.09479166666666666 0.1734375
0 0.20546875 0.38359375 0.06354166666666666 0.06666666666666667
0 0.8942708333333333 0.8442708333333333 0.1359375 0.2046875
0 0.971875 0.8546875 0.0515625 0.07552083333333333
0 0.49609375 0.8744791666666667 0.125 0.1375
0 0.37135416666666665 0.23151041666666666 0.15052083333333333 0.14322916666666666
0 0.7661458333333333 0.3807291666666667 0.13802083333333334 0.08541666666666667
0 0.13567708333333334 0.234375 0.09895833333333333 0.09427083333333333
0 0.18515625 0.26484375 0.06510416666666667 0.05364583333333333
0 0.06041666666666667 0.05 0.12083333333333333 0.1
0 0.44427083333333334 0.128125 0.16458333333333333 0.11458333333333333
0 0.946875 0.6596354166666667 0.10625 0.10885416666666667
0 0.13307291666666668 0.9638020833333333 0.059375 0.06354166666666666
0 0.2869791666666667 0.359375 0.10729166666666666 0.11041666666666666
0 0.48776041666666664 0.8473958333333333 0.140625 0.19270833333333334
0 0.72109375 0.9575520833333333 0.12239583333333333 0.084375
0 0.3182291666666667 0.5526041666666667 0.11666666666666667 0.08697916666666666
0 0.19401041666666666 0.04401041666666667 0.0953125 0.08645833333333333
0 0.13229166666666667 0.8815104166666666 0.06770833333333333 0.071875
0 0.5296875 0.39140625 0.14166666666666666 0.17083333333333334
0 0.26223958333333336 0.6942708333333333 0.14791666666666667 0.16666666666666666
0 0.509375 0.5481770833333334 0.14739583333333334 0.15885416666666666
0 0.054427083333333334 0.228125 0.0640625 0.0828125
0 0.12838541666666667 0.33203125 0.057291666666666664 0.07291666666666667
0 0.08828125 0.9328125 0.0453125 0.0625
0 0.0375 0.33984375 0.075 0.0890625
0 0.013020833333333334 0.1546875 0.026041666666666668 0.059375
0 0.60625 0.503125 0.07864583333333333 0.0734375
0 0.8971354166666666 0.24947916666666667 0.11822916666666666 0.26614583333333336
0 0.11927083333333334 0.41875 0.07916666666666666 0.1015625
0 0.9098958333333333 0.56953125 0.11822916666666666 0.1375
0 0.6338541666666667 0.8877604166666667 0.1515625 0.15833333333333333
0 0.17864583333333334 0.79453125 0.2421875 0.1484375
0 0.70078125 0.5549479166666667 0.09375 0.13802083333333334
0 0.04583333333333333 0.91640625 0.09166666666666666 0.1671875
0 0.95 0.7236979166666667 0.1 0.0859375
0 0.6359375 0.45260416666666664 0.05677083333333333 0.06979166666666667
0 0.029166666666666667 0.25546875 0.058333333333333334 0.06979166666666667
0 0.18697916666666667 0.31953125 0.0671875 0.05260416666666667
0 0.61328125 0.659375 0.15208333333333332 0.19635416666666666
0 0.7510416666666667 0.028645833333333332 0.09010416666666667 0.057291666666666664
0 0.10182291666666667 0.6846354166666667 0.10885416666666667 0.07552083333333333
0 0.28671875 0.4817708333333333 0.165625 0.1390625
0 0.16927083333333334 0.4817708333333333 0.10677083333333333 0.09114583333333333
0 0.4002604166666667 0.68828125 0.0765625 0.09479166666666666
0 0.48854166666666665 0.6486979166666667 0.09166666666666666 0.06875
0 0.5822916666666667 0.9578125 0.153125 0.08333333333333333
0 0.7703125 0.78984375 0.196875 0.25729166666666664
0 0.21875 0.16875 0.24166666666666667 0.2630208333333333
0 0.85234375 0.45677083333333335 0.084375 0.10572916666666667
0 0.678125 0.35911458333333335 0.125 0.178125
0 0.7901041666666667 0.29244791666666664 0.10833333333333334 0.10520833333333333
0 0.78125 0.15364583333333334 0.13072916666666667 0.18645833333333334
0 0.6315104166666666 0.18645833333333334 0.15520833333333334 0.13802083333333334