0 0.44427083333333334 0.96015625 0.11770833333333333 0.0796875
0 0.6106770833333334 0.17786458333333333 0.21354166666666666 0.16145833333333334
0 0.41744791666666664 0.0609375 0.13541666666666666 0.12135416666666667
0 0.89296875 0.6453125 0.140625 0.128125
0 0.56875 0.9200520833333333 0.1609375 0.15989583333333332
0 0.93671875 0.7536458333333333 0.1265625 0.14375
0 0.6036458333333333 0.6494791666666667 0.05677083333333333 0.06302083333333333
0 0.06666666666666667 0.12447916666666667 0.13333333333333333 0.17291666666666666
0 0.7450520833333333 0.4984375 0.0640625 0.07864583333333333
0 0.065625 0.40677083333333336 0.13125 0.24322916666666666
0 0.78359375 0.36354166666666665 0.058333333333333334 0.06302083333333333
0 0.94921875 0.56953125 0.10104166666666667 0.1375
0 0.8348958333333333 0.43359375 0.04375 0.0375
0 0.46328125 0.2591145833333333 0.09479166666666666 0.11302083333333333
0 0.24453125 0.45286458333333335 0.14270833333333333 0.16979166666666667
0 0.39296875 0.5859375 0.1734375 0.09479166666666666
0 0.38359375 0.79453125 0.06666666666666667 0.06354166666666666
0 0.8442708333333333 0.10572916666666667 0.2046875 0.1359375
0 0.8546875 0.028125 0.07552083333333333 0.0515625
0 0.8744791666666667 0.50390625 0.1375 0.125
0 0.23151041666666666 0.6286458333333333 0.14322916666666666 0.15052083333333333
0 0.3807291666666667 0.23385416666666667 0.08541666666666667 0.13802083333333334
0 0.234375 0.8643229166666667 0.09427083333333333 0.09895833333333333
0 0.26484375 0.81484375 0.05364583333333333 0.06510416666666667
0 0.05 0.9395833333333333 0.1 0.12083333333333333
0 0.128125 0.5557291666666667 0.11458333333333333 0.16458333333333333
0 0.6596354166666667 0.053125 0.10885416666666667 0.10625
0 0.9638020833333333 0.8669270833333333 0.06354166666666666 0.059375
0 0.359375 0.7130208333333333 0.11041666666666666 0.10729166666666666
0 0.8473958333333333 0.5122395833333333 0.19270833333333334 0.140625
0 0.9575520833333333 0.27890625 0.084375 0.12239583333333333
0 0.5526041666666667 0.6817708333333333 0.08697916666666666 0.11666666666666667
0 0.04401041666666667 0.8059895833333334 0.08645833333333333 0.0953125
0 0.8815104166666666 0.8677083333333333 0.071875 0.06770833333333333
0 0.39140625 0.4703125 0.17083333333333334 0.14166666666666666
0 0.6942708333333333 0.7377604166666667 0.16666666666666666 0.14791666666666667
0 0.5481770833333334 0.490625 0.15885416666666666 0.14739583333333334
0 0.228125 0.9455729166666667 0.0828125 0.0640625
0 0.33203125 0.8716145833333333 0.07291666666666667 0.057291666666666664
0 0.9328125 0.91171875 0.0625 0.0453125
0 0.33984375 0.9625 0.0890625 0.075
0 0.1546875 0.9869791666666666 0.059375 0.026041666666666668
0 0.503125 0.39375 0.0734375 0.07864583333333333
0 0.24947916666666667 0.10286458333333333 0.26614583333333336 0.11822916666666666
0 0.41875 0.8807291666666667 0.1015625 0.07916666666666666
0 0.56953125 0.09010416666666667 0.1375 0.11822916666666666
0 0.8877604166666667 0.36614583333333334 0.15833333333333333 0.1515625
0 0.79453125 0.8213541666666667 0.1484375 0.2421875
0 0.5549479166666667 0.29921875 0.13802083333333334 0.09375
0 0.91640625 0.9541666666666667 0.1671875 0.09166666666666666
0 0.7236979166666667 0.05 0.0859375 0.1
0 0.45260416666666664 0.3640625 0.06979166666666667 0.05677083333333333
0 0.25546875 0.9708333333333333 0.06979166666666667 0.058333333333333334
0 0.31953125 0.8130208333333333 0.05260416666666667 0.0671875
0 0.659375 0.38671875 0.19635416666666666 0.15208333333333332
0 0.028645833333333332 0.24895833333333334 0.057291666666666664 0.09010416666666667
0 0.6846354166666667 0.8981770833333333 0.07552083333333333 0.10885416666666667
0 0.4817708333333333 0.71328125 0.1390625 0.165625
0 0.4817708333333333 0.8307291666666666 0.09114583333333333 0.10677083333333333
0 0.68828125 0.5997395833333333 0.09479166666666666 0.0765625
0 0.6486979166666667 0.5114583333333333 0.06875 0.09166666666666666
0 0.9578125 0.41770833333333335 0.08333333333333333 0.153125
0 0.78984375 0.2296875 0.25729166666666664 0.196875
0 0.16875 0.78125 0.2630208333333333 0.24166666666666667
0 0.45677083333333335 0.14765625 0.10572916666666667 0.084375
0 0.35911458333333335 0.321875 0.178125 0.125
0 0.29244791666666664 0.20989583333333334 0.10520833333333333 0.10833333333333334
0 0.15364583333333334 0.21875 0.18645833333333334 0.13072916666666667
0 0.18645833333333334 0.3684895833333333 0.13802083333333334 0.15520833333333334