0 0.07760416666666667 0.3919270833333333 0.15520833333333334 0.13072916666666667
0 0.9026041666666667 0.9140625 0.19479166666666667 0.11458333333333333
0 0.6161458333333333 0.10911458333333333 0.1125 0.10052083333333334
0 0.051041666666666666 0.28046875 0.0984375 0.09583333333333334
0 0.5010416666666667 0.7591145833333334 0.08802083333333334 0.12604166666666666
0 0.8809895833333333 0.81953125 0.15 0.15052083333333333
0 0.28046875 0.8815104166666666 0.0609375 0.08020833333333334
0 0.046614583333333334 0.18645833333333334 0.0921875 0.0984375
0 0.8424479166666666 0.06197916666666667 0.16614583333333333 0.12395833333333334
0 0.20729166666666668 0.2864583333333333 0.0765625 0.11510416666666666
0 0.65 0.35390625 0.1796875 0.14166666666666666
0 0.49505208333333334 0.6552083333333333 0.14479166666666668 0.09635416666666667
0 0.92421875 0.6627604166666666 0.1515625 0.140625
0 0.09348958333333333 0.56953125 0.17135416666666667 0.10104166666666667
0 0.096875 0.04869791666666667 0.13385416666666666 0.096875
0 0.6921875 0.85 0.22760416666666666 0.21770833333333334
0 0.0796875 0.903125 0.09791666666666667 0.09427083333333333
0 0.7885416666666667 0.9588541666666667 0.035416666666666666 0.04739583333333333
0 0.41692708333333334 0.478125 0.22864583333333333 0.1390625
0 0.475 0.5528645833333333 0.109375 0.084375
0 0.7325520833333333 0.6682291666666667 0.1609375 0.146875
0 0.3515625 0.7588541666666667 0.23854166666666668 0.2911458333333333
0 0.9559895833333333 0.7661458333333333 0.08802083333333334 0.17135416666666667
0 0.35625 0.2955729166666667 0.221875 0.23385416666666667
0 0.6065104166666667 0.7091145833333333 0.11822916666666666 0.10364583333333334
0 0.5921875 0.5359375 0.1453125 0.17083333333333334
0 0.8434895833333333 0.9778645833333334 0.11666666666666667 0.044270833333333336
0 0.41875 0.9520833333333333 0.1546875 0.09270833333333334
0 0.29375 0.95859375 0.09270833333333334 0.08229166666666667
0 0.21458333333333332 0.7411458333333333 0.059895833333333336 0.07291666666666667
0 0.14947916666666666 0.23098958333333333 0.12083333333333333 0.13020833333333334
0 0.14427083333333332 0.3268229166666667 0.058333333333333334 0.05520833333333333
0 0.7625 0.5497395833333333 0.1875 0.13125
0 0.08958333333333333 0.6536458333333334 0.0828125 0.07447916666666667
0 0.9190104166666667 0.9885416666666667 0.034895833333333334 0.022916666666666665
0 0.72890625 0.16901041666666666 0.07916666666666666 0.07395833333333333
0 0.9716145833333333 0.4859375 0.05520833333333333 0.1328125
0 0.021354166666666667 0.6359375 0.042708333333333334 0.09635416666666667
0 0.4986979166666667 0.06328125 0.11614583333333334 0.1265625
0 0.9651041666666667 0.9875 0.05520833333333333 0.025
0 0.8299479166666667 0.15651041666666668 0.12135416666666667 0.06458333333333334
0 0.027604166666666666 0.8302083333333333 0.05520833333333333 0.1296875
0 0.4078125 0.06171875 0.14322916666666666 0.12291666666666666
0 0.3497395833333333 0.13307291666666668 0.11770833333333333 0.10833333333333334
0 0.28411458333333334 0.4002604166666667 0.05 0.06614583333333333
0 0.7091145833333333 0.4515625 0.14375 0.11302083333333333
0 0.23020833333333332 0.07682291666666667 0.16927083333333334 0.15364583333333334
0 0.06953125 0.7416666666666667 0.08958333333333333 0.09479166666666666
0 0.5088541666666667 0.2947916666666667 0.11770833333333333 0.1796875
0 0.6416666666666667 0.23098958333333333 0.09114583333333333 0.096875
0 0.709375 0.98203125 0.10885416666666667 0.0359375
0 0.16119791666666666 0.9794270833333333 0.14635416666666667 0.04114583333333333
0 0.08177083333333333 0.4856770833333333 0.14947916666666666 0.06302083333333333
0 0.96328125 0.04348958333333333 0.0734375 0.08697916666666666
0 0.7190104166666667 0.08723958333333333 0.084375 0.09947916666666666
0 0.20546875 0.4 0.07708333333333334 0.075
0 0.9309895833333334 0.3575520833333333 0.13802083333333334 0.19479166666666667
0 0.9244791666666666 0.221875 0.1296875 0.13541666666666666
0 0.7885416666666667 0.32526041666666666 0.16354166666666667 0.2713541666666667
0 0.44765625 0.38333333333333336 0.1375 0.11145833333333334
0 0.5411458333333333 0.8791666666666667 0.14583333333333334 0.13541666666666666
0 0.9013020833333333 0.5252604166666667 0.11354166666666667 0.15520833333333334
0 0.6880208333333333 0.03203125 0.140625 0.0640625
0 0.5830729166666667 0.03359375 0.06041666666666667 0.0671875
0 0.52421875 0.19010416666666666 0.09010416666666667 0.058333333333333334
0 0.19635416666666666 0.659375 0.06979166666666667 0.09427083333333333
0 0.25416666666666665 0.5630208333333333 0.08489583333333334 0.12395833333333334
0 0.06041666666666667 0.9838541666666667 0.052083333333333336 0.03229166666666667
0 0.014322916666666666 0.9729166666666667 0.028645833333333332 0.05416666666666667
0 0.16614583333333333 0.71875 0.03854166666666667 0.0375
0 0.16432291666666668 0.8455729166666667 0.18333333333333332 0.21666666666666667