0 0.41432291666666665 0.7135416666666666 0.14322916666666666 0.12239583333333333
0 0.14088541666666668 0.6505208333333333 0.1265625 0.14114583333333333
0 0.2171875 0.28932291666666665 0.07760416666666667 0.10364583333333334
0 0.6838541666666667 0.8401041666666667 0.058854166666666666 0.05260416666666667
0 0.33541666666666664 0.6390625 0.06302083333333333 0.059895833333333336
0 0.0875 0.8466145833333333 0.09583333333333334 0.09635416666666667
0 0.6002604166666666 0.09270833333333334 0.134375 0.115625
0 0.42161458333333335 0.08515625 0.1515625 0.13802083333333334
0 0.28411458333333334 0.8229166666666666 0.08333333333333333 0.1078125
0 0.29010416666666666 0.2546875 0.08177083333333333 0.09375
0 0.8609375 0.790625 0.278125 0.2890625
0 0.4859375 0.8203125 0.1078125 0.1140625
0 0.9466145833333334 0.6635416666666667 0.04739583333333333 0.04583333333333333
0 0.7315104166666667 0.4080729166666667 0.07916666666666666 0.06614583333333333
0 0.23854166666666668 0.6203125 0.0578125 0.058854166666666666
0 0.675 0.49895833333333334 0.0609375 0.052083333333333336
0 0.22161458333333334 0.5578125 0.07760416666666667 0.07083333333333333
0 0.8268229166666666 0.04244791666666667 0.06145833333333333 0.08385416666666666
0 0.9518229166666666 0.4010416666666667 0.09635416666666667 0.15729166666666666
0 0.5700520833333333 0.0328125 0.11041666666666666 0.065625
0 0.27838541666666666 0.4734375 0.16145833333333334 0.1875
0 0.8783854166666667 0.05677083333333333 0.046875 0.046875
0 0.2515625 0.7283854166666667 0.07239583333333334 0.07708333333333334
0 0.8393229166666667 0.5677083333333334 0.06875 0.057291666666666664
0 0.41953125 0.46848958333333335 0.13489583333333333 0.2078125
0 0.7083333333333334 0.5518229166666667 0.10729166666666666 0.103125
0 0.8856770833333333 0.019010416666666665 0.046875 0.036458333333333336
0 0.19270833333333334 0.15703125 0.10572916666666667 0.16875
0 0.43203125 0.20416666666666666 0.10416666666666667 0.0953125
0 0.7776041666666667 0.34921875 0.065625 0.0671875
0 0.2877604166666667 0.13932291666666666 0.12864583333333332 0.13385416666666666
0 0.45286458333333335 0.9588541666666667 0.17291666666666666 0.08229166666666667
0 0.07708333333333334 0.94921875 0.1328125 0.0984375
0 0.8565104166666667 0.1828125 0.17916666666666667 0.1828125
0 0.12708333333333333 0.055989583333333336 0.17604166666666668 0.11197916666666667
0 0.07083333333333333 0.16796875 0.13229166666666667 0.10625
0 0.17239583333333333 0.36223958333333334 0.05520833333333333 0.11302083333333333
0 0.6341145833333334 0.36614583333333334 0.14947916666666666 0.203125
0 0.29192708333333334 0.95 0.14114583333333333 0.1
0 0.7075520833333333 0.9377604166666667 0.06927083333333334 0.08333333333333333
0 0.10130208333333333 0.5078125 0.20260416666666667 0.32708333333333334
0 0.971875 0.15390625 0.05625 0.14114583333333333
0 0.5765625 0.4908854166666667 0.04791666666666667 0.03958333333333333
0 0.30833333333333335 0.7192708333333333 0.0421875 0.07864583333333333
0 0.62109375 0.48020833333333335 0.034375 0.0359375
0 0.8510416666666667 0.6125 0.0421875 0.0359375
0 0.81796875 0.48541666666666666 0.11927083333333334 0.14166666666666666
0 0.8958333333333334 0.6223958333333334 0.03958333333333333 0.0421875
0 0.6497395833333334 0.8216145833333334 0.0375 0.03125
0 0.18489583333333334 0.8479166666666667 0.08697916666666666 0.1390625
0 0.715625 0.075 0.14739583333333334 0.14791666666666667
0 0.05234375 0.28567708333333336 0.10416666666666667 0.14427083333333332
0 0.04088541666666667 0.77578125 0.08177083333333333 0.0765625
0 0.7307291666666667 0.8791666666666667 0.0359375 0.03177083333333333
0 0.043229166666666666 0.87109375 0.05 0.06041666666666667
0 0.75234375 0.20859375 0.05 0.04114583333333333
0 0.48880208333333336 0.6104166666666667 0.21510416666666668 0.20989583333333334
0 0.5127604166666667 0.19244791666666666 0.06614583333333333 0.1296875
0 0.9520833333333333 0.25338541666666664 0.09375 0.08333333333333333
0 0.4817708333333333 0.36354166666666665 0.09739583333333333 0.08697916666666666
0 0.16744791666666667 0.9705729166666667 0.053125 0.0546875
0 0.55703125 0.41640625 0.15 0.11979166666666667
0 0.6588541666666666 0.9583333333333334 0.1015625 0.08072916666666667
0 0.7330729166666666 0.45390625 0.03697916666666667 0.0375
0 0.3924479166666667 0.8510416666666667 0.12291666666666666 0.1375
0 0.9338541666666667 0.5583333333333333 0.13177083333333334 0.190625
0 0.0359375 0.06953125 0.071875 0.1390625
0 0.9502604166666667 0.06458333333333334 0.0984375 0.12552083333333333
0 0.50625 0.30442708333333335 0.15833333333333333 0.08802083333333334
0 0.759375 0.30885416666666665 0.05520833333333333 0.051041666666666666
0 0.13177083333333334 0.7598958333333333 0.09270833333333334 0.06354166666666666
0 0.72265625 0.8794270833333333 0.0515625 0.0328125
0 0.8625 0.3731770833333333 0.1 0.09635416666666667
0 0.6479166666666667 0.7171875 0.23125 0.26979166666666665
0 0.57265625 0.9166666666666666 0.140625 0.125
0 0.828125 0.64296875 0.06979166666666667 0.04791666666666667
0 0.32734375 0.33645833333333336 0.1484375 0.12239583333333333
0 0.02265625 0.6901041666666666 0.0421875 0.09583333333333334
0 0.6299479166666667 0.20625 0.16979166666666667 0.128125
0 0.8484375 0.315625 0.12083333333333333 0.08854166666666667
0 0.3932291666666667 0.25677083333333334 0.11197916666666667 0.0828125
0 0.27838541666666666 0.022135416666666668 0.1203125 0.044270833333333336
0 0.53046875 0.07942708333333333 0.08541666666666667 0.09166666666666666
0 0.8427083333333333 0.98125 0.10520833333333333 0.0375
0 0.9494791666666667 0.9674479166666666 0.10104166666666667 0.06510416666666667
0 0.8140625 0.9450520833333333 0.1328125 0.06354166666666666
0 0.5684895833333333 0.9888020833333333 0.058333333333333334 0.022395833333333334