0 0.2864583333333333 0.41432291666666665 0.12239583333333333 0.14322916666666666
0 0.3494791666666667 0.14088541666666668 0.14114583333333333 0.1265625
0 0.7106770833333333 0.2171875 0.10364583333333334 0.07760416666666667
0 0.15989583333333332 0.6838541666666667 0.05260416666666667 0.058854166666666666
0 0.3609375 0.33541666666666664 0.059895833333333336 0.06302083333333333
0 0.15338541666666666 0.0875 0.09635416666666667 0.09583333333333334
0 0.9072916666666667 0.6002604166666666 0.115625 0.134375
0 0.91484375 0.42161458333333335 0.13802083333333334 0.1515625
0 0.17708333333333334 0.28411458333333334 0.1078125 0.08333333333333333
0 0.7453125 0.29010416666666666 0.09375 0.08177083333333333
0 0.209375 0.8609375 0.2890625 0.278125
0 0.1796875 0.4859375 0.1140625 0.1078125
0 0.33645833333333336 0.9466145833333334 0.04583333333333333 0.04739583333333333
0 0.5919270833333333 0.7315104166666667 0.06614583333333333 0.07916666666666666
0 0.3796875 0.23854166666666668 0.058854166666666666 0.0578125
0 0.5010416666666667 0.675 0.052083333333333336 0.0609375
0 0.4421875 0.22161458333333334 0.07083333333333333 0.07760416666666667
0 0.9575520833333333 0.8268229166666666 0.08385416666666666 0.06145833333333333
0 0.5989583333333334 0.9518229166666666 0.15729166666666666 0.09635416666666667
0 0.9671875 0.5700520833333333 0.065625 0.11041666666666666
0 0.5265625 0.27838541666666666 0.1875 0.16145833333333334
0 0.9432291666666667 0.8783854166666667 0.046875 0.046875
0 0.2716145833333333 0.2515625 0.07708333333333334 0.07239583333333334
0 0.4322916666666667 0.8393229166666667 0.057291666666666664 0.06875
0 0.5315104166666667 0.41953125 0.2078125 0.13489583333333333
0 0.44817708333333334 0.7083333333333334 0.103125 0.10729166666666666
0 0.9809895833333333 0.8856770833333333 0.036458333333333336 0.046875
0 0.84296875 0.19270833333333334 0.16875 0.10572916666666667
0 0.7958333333333333 0.43203125 0.0953125 0.10416666666666667
0 0.65078125 0.7776041666666667 0.0671875 0.065625
0 0.8606770833333334 0.2877604166666667 0.13385416666666666 0.12864583333333332
0 0.04114583333333333 0.45286458333333335 0.08229166666666667 0.17291666666666666
0 0.05078125 0.07708333333333334 0.0984375 0.1328125
0 0.8171875 0.8565104166666667 0.1828125 0.17916666666666667
0 0.9440104166666666 0.12708333333333333 0.11197916666666667 0.17604166666666668
0 0.83203125 0.07083333333333333 0.10625 0.13229166666666667
0 0.6377604166666667 0.17239583333333333 0.11302083333333333 0.05520833333333333
0 0.6338541666666667 0.6341145833333334 0.203125 0.14947916666666666
0 0.04973958333333333 0.29192708333333334 0.09947916666666666 0.14114583333333333
0 0.062239583333333334 0.7075520833333333 0.08333333333333333 0.06927083333333334
0 0.4921875 0.10130208333333333 0.32708333333333334 0.20260416666666667
0 0.84609375 0.971875 0.14114583333333333 0.05625
0 0.5091145833333334 0.5765625 0.03958333333333333 0.04791666666666667
0 0.28072916666666664 0.30833333333333335 0.07864583333333333 0.0421875
0 0.5197916666666667 0.62109375 0.0359375 0.034375
0 0.3875 0.8510416666666667 0.0359375 0.0421875
0 0.5145833333333333 0.81796875 0.14166666666666666 0.11927083333333334
0 0.3776041666666667 0.8958333333333334 0.0421875 0.03958333333333333
0 0.17838541666666666 0.6497395833333334 0.03125 0.0375
0 0.15208333333333332 0.18489583333333334 0.1390625 0.08697916666666666
0 0.925 0.715625 0.14791666666666667 0.14739583333333334
0 0.7143229166666667 0.05234375 0.14427083333333332 0.10416666666666667
0 0.22421875 0.04088541666666667 0.0765625 0.08177083333333333
0 0.12083333333333333 0.7307291666666667 0.03177083333333333 0.0359375
0 0.12890625 0.043229166666666666 0.06041666666666667 0.05
0 0.79140625 0.75234375 0.04114583333333333 0.05
0 0.38958333333333334 0.48880208333333336 0.20989583333333334 0.21510416666666668
0 0.8075520833333333 0.5127604166666667 0.1296875 0.06614583333333333
0 0.7466145833333333 0.9520833333333333 0.08333333333333333 0.09375
0 0.6364583333333333 0.4817708333333333 0.08697916666666666 0.09739583333333333
0 0.029427083333333333 0.16744791666666667 0.0546875 0.053125
0 0.58359375 0.55703125 0.11979166666666667 0.15
0 0.041666666666666664 0.6588541666666666 0.08072916666666667 0.1015625
0 0.54609375 0.7330729166666666 0.0375 0.03697916666666667
0 0.14895833333333333 0.3924479166666667 0.1375 0.12291666666666666
0 0.44166666666666665 0.9338541666666667 0.190625 0.13177083333333334
0 0.93046875 0.0359375 0.1390625 0.071875
0 0.9354166666666667 0.9502604166666667 0.12552083333333333 0.0984375
0 0.6955729166666667 0.50625 0.08802083333333334 0.15833333333333333
0 0.6911458333333333 0.759375 0.051041666666666666 0.05520833333333333
0 0.24010416666666667 0.13177083333333334 0.06354166666666666 0.09270833333333334
0 0.12057291666666667 0.72265625 0.0328125 0.0515625
0 0.6268229166666667 0.8625 0.09635416666666667 0.1
0 0.2828125 0.6479166666666667 0.26979166666666665 0.23125
0 0.08333333333333333 0.57265625 0.125 0.140625
0 0.35703125 0.828125 0.04791666666666667 0.06979166666666667
0 0.6635416666666667 0.32734375 0.12239583333333333 0.1484375
0 0.3098958333333333 0.02265625 0.09583333333333334 0.0421875
0 0.79375 0.6299479166666667 0.128125 0.16979166666666667
0 0.684375 0.8484375 0.08854166666666667 0.12083333333333333
0 0.7432291666666667 0.3932291666666667 0.0828125 0.11197916666666667
0 0.9778645833333334 0.27838541666666666 0.044270833333333336 0.1203125
0 0.9205729166666666 0.53046875 0.09166666666666666 0.08541666666666667
0 0.01875 0.8427083333333333 0.0375 0.10520833333333333
0 0.032552083333333336 0.9494791666666667 0.06510416666666667 0.10104166666666667
0 0.054947916666666666 0.8140625 0.06354166666666666 0.1328125
0 0.011197916666666667 0.5684895833333333 0.022395833333333334 0.058333333333333334