0 0.10260416666666666 0.9372395833333333 0.159375 0.12552083333333333
0 0.24427083333333333 0.3932291666666667 0.10572916666666667 0.10416666666666667
0 0.56796875 0.6921875 0.11822916666666666 0.13385416666666666
0 0.4864583333333333 0.3885416666666667 0.10677083333333333 0.15260416666666668
0 0.42239583333333336 0.11640625 0.07083333333333333 0.121875
0 0.93515625 0.58125 0.128125 0.18072916666666666
0 0.6505208333333333 0.52578125 0.18385416666666668 0.1625
0 0.340625 0.8122395833333333 0.09479166666666666 0.08125
0 0.21796875 0.5033854166666667 0.12135416666666667 0.13125
0 0.7494791666666667 0.16197916666666667 0.10208333333333333 0.0828125
0 0.6635416666666667 0.7221354166666667 0.10520833333333333 0.07760416666666667
0 0.5171875 0.11197916666666667 0.1171875 0.15833333333333333
0 0.3463541666666667 0.8916666666666667 0.07552083333333333 0.07395833333333333
0 0.08385416666666666 0.5877604166666667 0.06458333333333334 0.059375
0 0.05755208333333333 0.8174479166666667 0.08333333333333333 0.08697916666666666
0 0.11041666666666666 0.8518229166666667 0.07083333333333333 0.052083333333333336
0 0.07447916666666667 0.40234375 0.06770833333333333 0.06875
0 0.234375 0.8276041666666667 0.06979166666666667 0.07916666666666666
0 0.15052083333333333 0.38645833333333335 0.07291666666666667 0.07604166666666666
0 0.959375 0.9059895833333333 0.08125 0.14166666666666666
0 0.06770833333333333 0.7127604166666667 0.07760416666666667 0.07760416666666667
0 0.8338541666666667 0.5734375 0.059375 0.050520833333333334
0 0.95703125 0.053125 0.0859375 0.10625
0 0.7138020833333333 0.9091145833333333 0.23958333333333334 0.18177083333333333
0 0.13723958333333333 0.46484375 0.03697916666666667 0.040625
0 0.8830729166666667 0.45416666666666666 0.028645833333333332 0.03177083333333333
0 0.7328125 0.3614583333333333 0.033854166666666664 0.028645833333333332
0 0.3263020833333333 0.6609375 0.09895833333333333 0.103125
0 0.19427083333333334 0.35520833333333335 0.0359375 0.04791666666666667
0 0.4861979166666667 0.25546875 0.19947916666666668 0.10260416666666666
0 0.05364583333333333 0.31145833333333334 0.103125 0.140625
0 0.39947916666666666 0.021354166666666667 0.03697916666666667 0.04010416666666667
0 0.11875 0.29583333333333334 0.06302083333333333 0.06770833333333333
0 0.8177083333333334 0.7661458333333333 0.18541666666666667 0.2453125
0 0.8015625 0.2421875 0.07395833333333333 0.09791666666666667
0 0.46953125 0.8895833333333333 0.1859375 0.22083333333333333
0 0.18359375 0.8625 0.05677083333333333 0.06875
0 0.7932291666666667 0.6028645833333334 0.0484375 0.05625
0 0.024739583333333332 0.3796875 0.0484375 0.04114583333333333
0 0.26145833333333335 0.89609375 0.103125 0.12291666666666666
0 0.4161458333333333 0.7247395833333333 0.09322916666666667 0.10260416666666666
0 0.31328125 0.11848958333333333 0.15 0.11822916666666666
0 0.5513020833333333 0.33255208333333336 0.06197916666666667 0.07447916666666667
0 0.17838541666666666 0.23854166666666668 0.07864583333333333 0.07083333333333333
0 0.08828125 0.5377604166666666 0.03854166666666667 0.046875
0 0.3294270833333333 0.031510416666666666 0.09739583333333333 0.06302083333333333
0 0.6200520833333333 0.06770833333333333 0.0890625 0.059375
0 0.8200520833333333 0.47942708333333334 0.1078125 0.16145833333333334
0 0.196875 0.046614583333333334 0.1296875 0.09270833333333334
0 0.3848958333333333 0.43671875 0.11041666666666666 0.0921875
0 0.09088541666666666 0.016666666666666666 0.10885416666666667 0.0328125
0 0.34765625 0.29401041666666666 0.209375 0.1703125
0 0.6338541666666667 0.19505208333333332 0.11510416666666666 0.19010416666666666
0 0.9713541666666666 0.31276041666666665 0.057291666666666664 0.1171875
0 0.921875 0.39348958333333334 0.027083333333333334 0.027604166666666666
0 0.7234375 0.66328125 0.0734375 0.08802083333333334
0 0.19036458333333334 0.29661458333333335 0.06875 0.0484375
0 0.39479166666666665 0.5458333333333333 0.2046875 0.1640625
0 0.49192708333333335 0.7177083333333333 0.05364583333333333 0.06197916666666667
0 0.9434895833333333 0.44947916666666665 0.09583333333333334 0.1203125
0 0.9268229166666667 0.35182291666666665 0.05364583333333333 0.06041666666666667
0 0.44947916666666665 0.01484375 0.10052083333333334 0.0296875
0 0.19505208333333332 0.9432291666666667 0.034375 0.03802083333333333
0 0.9671875 0.1640625 0.065625 0.13333333333333333
0 0.5541666666666667 0.03229166666666667 0.12083333333333333 0.06458333333333334
0 0.84609375 0.06848958333333334 0.16875 0.13645833333333332
0 0.6255208333333333 0.40182291666666664 0.15 0.115625
0 0.7341145833333333 0.049479166666666664 0.1234375 0.09895833333333333
0 0.018229166666666668 0.76640625 0.036458333333333336 0.07395833333333333
0 0.9434895833333333 0.44947916666666665 0.0953125 0.1203125
0 0.11302083333333333 0.11875 0.20625 0.18020833333333333
0 0.02421875 0.49505208333333334 0.0484375 0.17239583333333333
0 0.7622395833333333 0.40078125 0.11302083333333333 0.10572916666666667
0 0.16354166666666667 0.7575520833333333 0.11875 0.12447916666666667
0 0.17630208333333333 0.6479166666666667 0.12916666666666668 0.1078125
0 0.15 0.5604166666666667 0.08072916666666667 0.07291666666666667
0 0.4953125 0.625 0.13802083333333334 0.11458333333333333
0 0.8458333333333333 0.33359375 0.1421875 0.1078125
0 0.73984375 0.3078125 0.06927083333333334 0.07135416666666666
0 0.72265625 0.24296875 0.09739583333333333 0.0890625
0 0.8958333333333334 0.18697916666666667 0.17083333333333334 0.20885416666666667
0 0.6604166666666667 0.8153645833333333 0.1171875 0.12864583333333332
0 0.5497395833333333 0.8046875 0.10885416666666667 0.09583333333333334
0 0.5677083333333334 0.9645833333333333 0.0890625 0.07083333333333333
0 0.016666666666666666 0.9255208333333333 0.028125 0.1171875
0 0.2565104166666667 0.97578125 0.11822916666666666 0.0484375
0 0.26927083333333335 0.7658854166666667 0.08072916666666667 0.07708333333333334
0 0.33619791666666665 0.7377604166666667 0.06666666666666667 0.06302083333333333
0 0.2565104166666667 0.5901041666666667 0.10885416666666667 0.0796875
0 0.2484375 0.6755208333333333 0.06875 0.10520833333333333
0 0.0734375 0.64296875 0.075 0.0578125
0 0.95703125 0.7854166666666667 0.0859375 0.1