0 0.896875 0.9375 0.159375 0.125
0 0.7557291666666667 0.3932291666666667 0.10572916666666667 0.10416666666666667
0 0.43203125 0.6921875 0.11822916666666666 0.13385416666666666
0 0.5135416666666667 0.3885416666666667 0.10677083333333333 0.15260416666666668
0 0.5776041666666667 0.11640625 0.07083333333333333 0.121875
0 0.06484375 0.58125 0.128125 0.18072916666666666
0 0.3494791666666667 0.52578125 0.18385416666666668 0.1625
0 0.659375 0.8122395833333333 0.09479166666666666 0.08125
0 0.78203125 0.5033854166666667 0.12135416666666667 0.13125
0 0.25052083333333336 0.16197916666666667 0.10208333333333333 0.0828125
0 0.33645833333333336 0.7221354166666667 0.10520833333333333 0.07760416666666667
0 0.4828125 0.11197916666666667 0.1171875 0.15833333333333333
0 0.6536458333333334 0.8916666666666667 0.07552083333333333 0.07395833333333333
0 0.9161458333333333 0.5877604166666667 0.06458333333333334 0.059375
0 0.9424479166666667 0.8174479166666667 0.08333333333333333 0.08697916666666666
0 0.8895833333333333 0.8518229166666667 0.07083333333333333 0.052083333333333336
0 0.9255208333333333 0.40234375 0.06770833333333333 0.06875
0 0.765625 0.8276041666666667 0.06979166666666667 0.07916666666666666
0 0.8494791666666667 0.38645833333333335 0.07291666666666667 0.07604166666666666
0 0.040625 0.9059895833333333 0.08125 0.14166666666666666
0 0.9322916666666666 0.7127604166666667 0.07760416666666667 0.07760416666666667
0 0.16614583333333333 0.5734375 0.059375 0.050520833333333334
0 0.04296875 0.053125 0.0859375 0.10625
0 0.28619791666666666 0.9091145833333333 0.23958333333333334 0.18177083333333333
0 0.8627604166666667 0.46484375 0.03697916666666667 0.040625
0 0.11692708333333333 0.45416666666666666 0.028645833333333332 0.03177083333333333
0 0.2671875 0.3614583333333333 0.033854166666666664 0.028645833333333332
0 0.6736979166666667 0.6609375 0.09895833333333333 0.103125
0 0.8057291666666667 0.35520833333333335 0.0359375 0.04791666666666667
0 0.5138020833333333 0.25546875 0.19947916666666668 0.10260416666666666
0 0.9463541666666667 0.31145833333333334 0.103125 0.140625
0 0.6005208333333333 0.021354166666666667 0.03697916666666667 0.04010416666666667
0 0.88125 0.29583333333333334 0.06302083333333333 0.06770833333333333
0 0.18229166666666666 0.7661458333333333 0.18541666666666667 0.2453125
0 0.1984375 0.2421875 0.07395833333333333 0.09791666666666667
0 0.53046875 0.8895833333333333 0.1859375 0.22083333333333333
0 0.81640625 0.8625 0.05677083333333333 0.06875
0 0.20677083333333332 0.6028645833333334 0.0484375 0.05625
0 0.9752604166666666 0.3796875 0.0484375 0.04114583333333333
0 0.7385416666666667 0.89609375 0.103125 0.12291666666666666
0 0.5838541666666667 0.7247395833333333 0.09322916666666667 0.10260416666666666
0 0.68671875 0.11848958333333333 0.15 0.11822916666666666
0 0.44869791666666664 0.33255208333333336 0.06197916666666667 0.07447916666666667
0 0.8216145833333334 0.23854166666666668 0.07864583333333333 0.07083333333333333
0 0.91171875 0.5377604166666666 0.03854166666666667 0.046875
0 0.6705729166666666 0.031510416666666666 0.09739583333333333 0.06302083333333333
0 0.37994791666666666 0.06770833333333333 0.0890625 0.059375
0 0.17994791666666668 0.47942708333333334 0.1078125 0.16145833333333334
0 0.803125 0.046614583333333334 0.1296875 0.09270833333333334
0 0.6151041666666667 0.43671875 0.11041666666666666 0.0921875
0 0.9091145833333333 0.016666666666666666 0.10885416666666667 0.0328125
0 0.65234375 0.29401041666666666 0.209375 0.1703125
0 0.36614583333333334 0.19505208333333332 0.11510416666666666 0.19010416666666666
0 0.028645833333333332 0.31276041666666665 0.057291666666666664 0.1171875
0 0.078125 0.39348958333333334 0.027083333333333334 0.027604166666666666
0 0.2765625 0.66328125 0.0734375 0.08802083333333334
0 0.8096354166666667 0.29661458333333335 0.06875 0.0484375
0 0.6052083333333333 0.5458333333333333 0.2046875 0.1640625
0 0.5080729166666667 0.7177083333333333 0.05364583333333333 0.06197916666666667
0 0.05651041666666667 0.44947916666666665 0.09583333333333334 0.1203125
0 0.07317708333333334 0.35182291666666665 0.05364583333333333 0.06041666666666667
0 0.5505208333333333 0.01484375 0.10052083333333334 0.0296875
0 0.8049479166666667 0.9432291666666667 0.034375 0.03802083333333333
0 0.0328125 0.1640625 0.065625 0.13333333333333333
0 0.44583333333333336 0.03229166666666667 0.12083333333333333 0.06458333333333334
0 0.15390625 0.06848958333333334 0.16875 0.13645833333333332
0 0.37447916666666664 0.40182291666666664 0.15 0.115625
0 0.26588541666666665 0.049479166666666664 0.1234375 0.09895833333333333
0 0.9817708333333334 0.76640625 0.036458333333333336 0.07395833333333333
0 0.05651041666666667 0.44947916666666665 0.0953125 0.1203125
0 0.8869791666666667 0.11875 0.20625 0.18020833333333333
0 0.97578125 0.49505208333333334 0.0484375 0.17239583333333333
0 0.23776041666666667 0.40078125 0.11302083333333333 0.10572916666666667
0 0.8364583333333333 0.7575520833333333 0.11875 0.12447916666666667
0 0.8236979166666667 0.6479166666666667 0.12916666666666668 0.1078125
0 0.85 0.5604166666666667 0.08072916666666667 0.07291666666666667
0 0.5046875 0.625 0.13802083333333334 0.11458333333333333
0 0.15416666666666667 0.33359375 0.1421875 0.1078125
0 0.26015625 0.3078125 0.06927083333333334 0.07135416666666666
0 0.27734375 0.24296875 0.09739583333333333 0.0890625
0 0.10416666666666667 0.18697916666666667 0.17083333333333334 0.20885416666666667
0 0.33958333333333335 0.8153645833333333 0.1171875 0.12864583333333332
0 0.45026041666666666 0.8046875 0.10885416666666667 0.09583333333333334
0 0.4322916666666667 0.9645833333333333 0.0890625 0.07083333333333333
0 0.9833333333333333 0.9255208333333333 0.028125 0.1171875
0 0.7434895833333334 0.97578125 0.11822916666666666 0.0484375
0 0.7307291666666667 0.7658854166666667 0.08072916666666667 0.07708333333333334
0 0.6638020833333333 0.7377604166666667 0.06666666666666667 0.06302083333333333
0 0.7434895833333334 0.5901041666666667 0.10885416666666667 0.0796875
0 0.7515625 0.6755208333333333 0.06875 0.10520833333333333
0 0.9265625 0.64296875 0.075 0.0578125
0 0.04296875 0.7854166666666667 0.0859375 0.1