0 0.84609375 0.6765625 0.1421875 0.17760416666666667
0 0.8606770833333334 0.5166666666666667 0.11510416666666666 0.12447916666666667
0 0.8661458333333333 0.13072916666666667 0.13177083333333334 0.1046875
0 0.7106770833333333 0.9640625 0.12760416666666666 0.071875
0 0.7005208333333334 0.109375 0.17447916666666666 0.159375
0 0.16614583333333333 0.5536458333333333 0.115625 0.14114583333333333
0 0.7447916666666666 0.6369791666666667 0.06354166666666666 0.06875
0 0.46119791666666665 0.7552083333333334 0.15364583333333334 0.128125
0 0.6677083333333333 0.8255208333333334 0.090625 0.09739583333333333
0 0.09010416666666667 0.4484375 0.18020833333333333 0.2203125
0 0.9575520833333333 0.5479166666666667 0.08489583333333334 0.14166666666666666
0 0.35703125 0.4817708333333333 0.196875 0.14114583333333333
0 0.94296875 0.25625 0.08125 0.11302083333333333
0 0.49583333333333335 0.11848958333333333 0.18697916666666667 0.171875
0 0.70234375 0.49375 0.11979166666666667 0.0875
0 0.03359375 0.6432291666666666 0.0671875 0.14635416666666667
0 0.065625 0.915625 0.1015625 0.09739583333333333
0 0.5885416666666666 0.5002604166666667 0.10052083333333334 0.09375
0 0.565625 0.6598958333333333 0.09322916666666667 0.07395833333333333
0 0.5973958333333333 0.7174479166666666 0.11614583333333334 0.0609375
0 0.9098958333333333 0.39453125 0.1015625 0.0734375
0 0.8317708333333333 0.04192708333333333 0.14322916666666666 0.08385416666666666
0 0.07552083333333333 0.7822916666666667 0.08541666666666667 0.07395833333333333
0 0.265625 0.5471354166666667 0.10052083333333334 0.15729166666666666
0 0.7270833333333333 0.56484375 0.09635416666666667 0.06197916666666667
0 0.0328125 0.05911458333333333 0.065625 0.1046875
0 0.18671875 0.7348958333333333 0.16354166666666667 0.121875
0 0.4395833333333333 0.9513020833333333 0.06770833333333333 0.06614583333333333
0 0.1171875 0.6190104166666667 0.090625 0.09791666666666667
0 0.5174479166666667 0.853125 0.115625 0.10989583333333333
0 0.57734375 0.03411458333333333 0.13697916666666668 0.065625
0 0.63046875 0.24921875 0.06041666666666667 0.06927083333333334
0 0.8307291666666666 0.7927083333333333 0.09635416666666667 0.0640625
0 0.37057291666666664 0.6830729166666667 0.20208333333333334 0.19947916666666668
0 0.1203125 0.04114583333333333 0.1421875 0.08229166666666667
0 0.76640625 0.39453125 0.15520833333333334 0.1546875
0 0.4942708333333333 0.31276041666666665 0.06041666666666667 0.0671875
0 0.6450520833333333 0.3729166666666667 0.21302083333333333 0.15208333333333332
0 0.78828125 0.5864583333333333 0.06822916666666666 0.059895833333333336
0 0.7776041666666667 0.2484375 0.11927083333333334 0.12447916666666667
0 0.64765625 0.67421875 0.08125 0.07864583333333333
0 0.378125 0.2078125 0.0640625 0.05572916666666667
0 0.45729166666666665 0.5481770833333334 0.14791666666666667 0.1765625
0 0.7174479166666666 0.8786458333333333 0.11875 0.10520833333333333
0 0.5700520833333333 0.5833333333333334 0.11458333333333333 0.084375
0 0.14947916666666666 0.3424479166666667 0.0953125 0.0953125
0 0.94921875 0.8986979166666667 0.1015625 0.20260416666666667
0 0.3578125 0.05807291666666667 0.14479166666666668 0.115625
0 0.375 0.984375 0.08125 0.03125
0 0.6895833333333333 0.24609375 0.0625 0.07708333333333334
0 0.275 0.34739583333333335 0.18072916666666666 0.18072916666666666
0 0.7140625 0.7114583333333333 0.1015625 0.090625
0 0.9578125 0.7166666666666667 0.084375 0.14166666666666666
0 0.9583333333333334 0.7161458333333334 0.08333333333333333 0.14114583333333333
0 0.15911458333333334 0.7872395833333333 0.08489583333333334 0.05572916666666667
0 0.53125 0.25546875 0.13072916666666667 0.10104166666666667
0 0.39375 0.15390625 0.06510416666666667 0.0609375
0 0.19114583333333332 0.6567708333333333 0.08697916666666666 0.05625
0 0.9515625 0.05260416666666667 0.096875 0.10520833333333333
0 0.19713541666666667 0.85859375 0.14166666666666666 0.0984375
0 0.7984375 0.7619791666666667 0.05677083333333333 0.09635416666666667
0 0.9705729166666667 0.3921875 0.058854166666666666 0.08802083333333334
0 0.12265625 0.9833333333333333 0.078125 0.03333333333333333
0 0.1921875 0.9536458333333333 0.18645833333333334 0.09270833333333334
0 0.10833333333333334 0.18255208333333334 0.13385416666666666 0.18697916666666667
0 0.728125 0.016145833333333335 0.12604166666666666 0.03229166666666667
0 0.96953125 0.1703125 0.0609375 0.10104166666666667
0 0.22734375 0.1828125 0.14114583333333333 0.21979166666666666
0 0.2265625 0.05130208333333333 0.11875 0.08958333333333333
0 0.4236979166666667 0.3455729166666667 0.1109375 0.11770833333333333
0 0.4296875 0.22838541666666667 0.071875 0.09947916666666666
0 0.85234375 0.24375 0.10208333333333333 0.14010416666666667
0 0.8403645833333333 0.871875 0.12552083333333333 0.1453125
0 0.8390625 0.9721354166666667 0.12447916666666667 0.05364583333333333
0 0.6135416666666667 0.9229166666666667 0.08958333333333333 0.1484375
0 0.5143229166666666 0.9510416666666667 0.1109375 0.08958333333333333
0 0.3645833333333333 0.8877604166666667 0.190625 0.1875
0 0.7255208333333333 0.7903645833333334 0.08802083333333334 0.07447916666666667