0 0.47630208333333335 0.9453125 0.07447916666666667 0.07083333333333333
0 0.2421875 0.6625 0.11979166666666667 0.12447916666666667
0 0.9119791666666667 0.6830729166666667 0.12291666666666666 0.10625
0 0.359375 0.10026041666666667 0.10677083333333333 0.09322916666666667
0 0.23645833333333333 0.8713541666666667 0.10677083333333333 0.11927083333333334
0 0.90703125 0.054427083333333334 0.1515625 0.10885416666666667
0 0.35963541666666665 0.9299479166666667 0.1703125 0.109375
0 0.052083333333333336 0.7856770833333333 0.10364583333333334 0.121875
0 0.2955729166666667 0.18697916666666667 0.10677083333333333 0.11302083333333333
0 0.403125 0.41484375 0.09427083333333333 0.09166666666666666
0 0.7557291666666667 0.18229166666666666 0.12395833333333334 0.0859375
0 0.5755208333333334 0.42161458333333335 0.14010416666666667 0.16197916666666667
0 0.03046875 0.67578125 0.0609375 0.08854166666666667
0 0.20520833333333333 0.18255208333333334 0.08072916666666667 0.10416666666666667
0 0.4278645833333333 0.14765625 0.13125 0.09375
0 0.4791666666666667 0.4549479166666667 0.08802083333333334 0.1265625
0 0.9708333333333333 0.46328125 0.058333333333333334 0.1359375
0 0.15416666666666667 0.7479166666666667 0.09010416666666667 0.1296875
0 0.91484375 0.52578125 0.0671875 0.08072916666666667
0 0.8880208333333334 0.9552083333333333 0.09635416666666667 0.08697916666666666
0 0.1421875 0.5390625 0.0390625 0.033854166666666664
0 0.43984375 0.67109375 0.11302083333333333 0.09166666666666666
0 0.17395833333333333 0.40338541666666666 0.10885416666666667 0.1296875
0 0.7794270833333333 0.5145833333333333 0.18489583333333334 0.18020833333333333
0 0.640625 0.51015625 0.09427083333333333 0.14791666666666667
0 0.07135416666666666 0.17630208333333333 0.13958333333333334 0.115625
0 0.5955729166666667 0.24765625 0.165625 0.19010416666666666
0 0.10677083333333333 0.8731770833333333 0.11302083333333333 0.14375
0 0.9096354166666667 0.77578125 0.06927083333333334 0.08697916666666666
0 0.9557291666666666 0.86171875 0.08854166666666667 0.10572916666666667
0 0.0765625 0.35052083333333334 0.153125 0.20729166666666668
0 0.9619791666666667 0.29192708333333334 0.07552083333333333 0.17760416666666667
0 0.2682291666666667 0.9802083333333333 0.134375 0.03958333333333333
0 0.7619791666666667 0.07760416666666667 0.12864583333333332 0.15052083333333333
0 0.6104166666666667 0.08541666666666667 0.17239583333333333 0.15989583333333332
0 0.49635416666666665 0.18723958333333332 0.0828125 0.07864583333333333
0 0.21875 0.49895833333333334 0.13125 0.13854166666666667
0 0.7471354166666667 0.9611979166666667 0.16458333333333333 0.07760416666666667
0 0.26953125 0.028385416666666666 0.2760416666666667 0.05677083333333333
0 0.7059895833333333 0.88828125 0.15052083333333333 0.1578125
0 0.54453125 0.8973958333333333 0.11770833333333333 0.1390625
0 0.90625 0.41744791666666664 0.09427083333333333 0.12708333333333333
0 0.35260416666666666 0.2947916666666667 0.29739583333333336 0.196875
0 0.4119791666666667 0.840625 0.14010416666666667 0.15520833333333334
0 0.6114583333333333 0.7703125 0.17604166666666668 0.15208333333333332
0 0.8450520833333334 0.9122395833333333 0.09010416666666667 0.07135416666666666
0 0.83046875 0.2796875 0.19010416666666666 0.146875
0 0.8520833333333333 0.5932291666666667 0.1515625 0.16458333333333333
0 0.51171875 0.05651041666666667 0.10208333333333333 0.11302083333333333
0 0.059895833333333336 0.5346354166666667 0.11979166666666667 0.15625
0 0.024739583333333332 0.8953125 0.049479166666666664 0.10625
0 0.253125 0.09453125 0.1125 0.08020833333333334
0 0.43671875 0.5729166666666666 0.08802083333333334 0.115625
0 0.6427083333333333 0.6533854166666667 0.12447916666666667 0.13958333333333334
0 0.09713541666666667 0.9796875 0.10729166666666666 0.040625
0 0.9739583333333334 0.9481770833333333 0.052083333333333336 0.07395833333333333
0 0.12552083333333333 0.66953125 0.1203125 0.11145833333333334
0 0.9677083333333333 0.7447916666666666 0.06458333333333334 0.146875
0 0.3106770833333333 0.5877604166666667 0.18385416666666668 0.109375
0 0.16354166666666667 0.9265625 0.1375 0.090625
0 0.059375 0.04921875 0.11875 0.0984375
0 0.18385416666666668 0.9809895833333333 0.08645833333333333 0.0375
0 0.9716145833333333 0.5513020833333333 0.05677083333333333 0.09791666666666667
0 0.32786458333333335 0.79375 0.06875 0.06145833333333333
0 0.24244791666666668 0.7932291666666667 0.075 0.04375
0 0.35442708333333334 0.72265625 0.09322916666666667 0.10208333333333333
0 0.12838541666666667 0.13880208333333333 0.09322916666666667 0.065625
0 0.15755208333333334 0.07760416666666667 0.0859375 0.08541666666666667
0 0.4354166666666667 0.029947916666666668 0.08072916666666667 0.059895833333333336
0 0.9640625 0.15703125 0.071875 0.08645833333333333
0 0.70703125 0.34817708333333336 0.17708333333333334 0.16354166666666667
0 0.7755208333333333 0.7096354166666666 0.16875 0.190625