0 0.47630208333333335 0.0546875 0.07447916666666667 0.07083333333333333
0 0.2421875 0.3375 0.11979166666666667 0.12447916666666667
0 0.9119791666666667 0.31692708333333336 0.12291666666666666 0.10625
0 0.359375 0.8997395833333334 0.10677083333333333 0.09322916666666667
0 0.23645833333333333 0.12864583333333332 0.10677083333333333 0.11927083333333334
0 0.90703125 0.9455729166666667 0.1515625 0.10885416666666667
0 0.35963541666666665 0.07005208333333333 0.1703125 0.109375
0 0.052083333333333336 0.21432291666666667 0.10364583333333334 0.121875
0 0.2955729166666667 0.8130208333333333 0.10677083333333333 0.11302083333333333
0 0.403125 0.58515625 0.09427083333333333 0.09166666666666666
0 0.7557291666666667 0.8177083333333334 0.12395833333333334 0.0859375
0 0.5755208333333334 0.5783854166666667 0.14010416666666667 0.16197916666666667
0 0.03046875 0.32421875 0.0609375 0.08854166666666667
0 0.20520833333333333 0.8174479166666667 0.08072916666666667 0.10416666666666667
0 0.4278645833333333 0.85234375 0.13125 0.09375
0 0.4791666666666667 0.5450520833333333 0.08802083333333334 0.1265625
0 0.9708333333333333 0.53671875 0.058333333333333334 0.1359375
0 0.15416666666666667 0.2520833333333333 0.09010416666666667 0.1296875
0 0.91484375 0.47421875 0.0671875 0.08072916666666667
0 0.8880208333333334 0.04479166666666667 0.09635416666666667 0.08697916666666666
0 0.1421875 0.4609375 0.0390625 0.033854166666666664
0 0.43984375 0.32890625 0.11302083333333333 0.09166666666666666
0 0.17395833333333333 0.5966145833333333 0.10885416666666667 0.1296875
0 0.7794270833333333 0.48541666666666666 0.18489583333333334 0.18020833333333333
0 0.640625 0.48984375 0.09427083333333333 0.14791666666666667
0 0.07135416666666666 0.8236979166666667 0.13958333333333334 0.115625
0 0.5955729166666667 0.75234375 0.165625 0.19010416666666666
0 0.10677083333333333 0.12682291666666667 0.11302083333333333 0.14375
0 0.9096354166666667 0.22421875 0.06927083333333334 0.08697916666666666
0 0.9557291666666666 0.13828125 0.08854166666666667 0.10572916666666667
0 0.0765625 0.6494791666666667 0.153125 0.20729166666666668
0 0.9619791666666667 0.7080729166666667 0.07552083333333333 0.17760416666666667
0 0.2682291666666667 0.019791666666666666 0.134375 0.03958333333333333
0 0.7619791666666667 0.9223958333333333 0.12864583333333332 0.15052083333333333
0 0.6104166666666667 0.9145833333333333 0.17239583333333333 0.15989583333333332
0 0.49635416666666665 0.8127604166666667 0.0828125 0.07864583333333333
0 0.21875 0.5010416666666667 0.13125 0.13854166666666667
0 0.7471354166666667 0.038802083333333334 0.16458333333333333 0.07760416666666667
0 0.26953125 0.9716145833333333 0.2760416666666667 0.05677083333333333
0 0.7059895833333333 0.11171875 0.15052083333333333 0.1578125
0 0.54453125 0.10260416666666666 0.11770833333333333 0.1390625
0 0.90625 0.5825520833333333 0.09427083333333333 0.12708333333333333
0 0.35260416666666666 0.7052083333333333 0.29739583333333336 0.196875
0 0.4119791666666667 0.159375 0.14010416666666667 0.15520833333333334
0 0.6114583333333333 0.2296875 0.17604166666666668 0.15208333333333332
0 0.8450520833333334 0.08776041666666666 0.09010416666666667 0.07135416666666666
0 0.83046875 0.7203125 0.19010416666666666 0.146875
0 0.8520833333333333 0.40677083333333336 0.1515625 0.16458333333333333
0 0.51171875 0.9434895833333333 0.10208333333333333 0.11302083333333333
0 0.059895833333333336 0.46536458333333336 0.11979166666666667 0.15625
0 0.024739583333333332 0.1046875 0.049479166666666664 0.10625
0 0.253125 0.90546875 0.1125 0.08020833333333334
0 0.43671875 0.4270833333333333 0.08802083333333334 0.115625
0 0.6427083333333333 0.34661458333333334 0.12447916666666667 0.13958333333333334
0 0.09713541666666667 0.0203125 0.10729166666666666 0.040625
0 0.9739583333333334 0.05182291666666667 0.052083333333333336 0.07395833333333333
0 0.12552083333333333 0.33046875 0.1203125 0.11145833333333334
0 0.9677083333333333 0.2552083333333333 0.06458333333333334 0.146875
0 0.3106770833333333 0.4122395833333333 0.18385416666666668 0.109375
0 0.16354166666666667 0.0734375 0.1375 0.090625
0 0.059375 0.95078125 0.11875 0.0984375
0 0.18385416666666668 0.019010416666666665 0.08645833333333333 0.0375
0 0.9716145833333333 0.44869791666666664 0.05677083333333333 0.09791666666666667
0 0.32786458333333335 0.20625 0.06875 0.06145833333333333
0 0.24244791666666668 0.20677083333333332 0.075 0.04375
0 0.35442708333333334 0.27734375 0.09322916666666667 0.10208333333333333
0 0.12838541666666667 0.8611979166666667 0.09322916666666667 0.065625
0 0.15755208333333334 0.9223958333333333 0.0859375 0.08541666666666667
0 0.4354166666666667 0.9700520833333334 0.08072916666666667 0.059895833333333336
0 0.9640625 0.84296875 0.071875 0.08645833333333333
0 0.70703125 0.6518229166666667 0.17708333333333334 0.16354166666666667
0 0.7755208333333333 0.2903645833333333 0.16875 0.190625