0 0.11302083333333333 0.3619791666666667 0.1359375 0.11614583333333334
0 0.3375 0.3059895833333333 0.10885416666666667 0.11458333333333333
0 0.26614583333333336 0.41875 0.10052083333333334 0.10625
0 0.55703125 0.8270833333333333 0.12135416666666667 0.11666666666666667
0 0.571875 0.9450520833333333 0.14322916666666666 0.109375
0 0.17734375 0.09505208333333333 0.0640625 0.0765625
0 0.1453125 0.22864583333333333 0.146875 0.16510416666666666
0 0.03046875 0.68671875 0.06041666666666667 0.06197916666666667
0 0.534375 0.08385416666666666 0.11197916666666667 0.09114583333333333
0 0.5747395833333333 0.709375 0.04895833333333333 0.053125
0 0.43463541666666666 0.46015625 0.04375 0.0328125
0 0.2708333333333333 0.8846354166666667 0.0671875 0.06510416666666667
0 0.18151041666666667 0.8125 0.13125 0.115625
0 0.46171875 0.6432291666666666 0.15572916666666667 0.17291666666666666
0 0.953125 0.8984375 0.06458333333333334 0.0640625
0 0.8979166666666667 0.13828125 0.0515625 0.05364583333333333
0 0.9294270833333333 0.23333333333333334 0.05520833333333333 0.05572916666666667
0 0.8520833333333333 0.7692708333333333 0.08697916666666666 0.0609375
0 0.03723958333333333 0.9049479166666666 0.07447916666666667 0.1328125
0 0.37526041666666665 0.4671875 0.07760416666666667 0.09114583333333333
0 0.24817708333333333 0.71875 0.04583333333333333 0.052083333333333336
0 0.8807291666666667 0.21536458333333333 0.06145833333333333 0.07291666666666667
0 0.1078125 0.9268229166666667 0.09375 0.11197916666666667
0 0.37526041666666665 0.5739583333333333 0.0546875 0.06614583333333333
0 0.48984375 0.5067708333333333 0.06510416666666667 0.07447916666666667
0 0.8372395833333334 0.33697916666666666 0.04010416666666667 0.04479166666666667
0 0.36015625 0.8947916666666667 0.06354166666666666 0.059895833333333336
0 0.6111979166666667 0.03515625 0.12083333333333333 0.06979166666666667
0 0.14895833333333333 0.51484375 0.17239583333333333 0.19583333333333333
0 0.596875 0.33515625 0.053125 0.0578125
0 0.48880208333333336 0.18098958333333334 0.20052083333333334 0.13020833333333334
0 0.8859375 0.8403645833333333 0.04114583333333333 0.05625
0 0.2552083333333333 0.14296875 0.078125 0.09166666666666666
0 0.53125 0.30963541666666666 0.058333333333333334 0.051041666666666666
0 0.31588541666666664 0.20104166666666667 0.058854166666666666 0.07395833333333333
0 0.20026041666666666 0.37604166666666666 0.06510416666666667 0.0828125
0 0.06328125 0.04348958333333333 0.1265625 0.08697916666666666
0 0.42942708333333335 0.9169270833333333 0.041666666666666664 0.0671875
0 0.0875 0.6924479166666667 0.049479166666666664 0.04635416666666667
0 0.5330729166666667 0.35598958333333336 0.049479166666666664 0.04375
0 0.20104166666666667 0.7231770833333333 0.058333333333333334 0.07239583333333334
0 0.5625 0.49453125 0.09375 0.11979166666666667
0 0.3875 0.81875 0.1265625 0.1015625
0 0.51640625 0.40286458333333336 0.04114583333333333 0.04583333333333333
0 0.2046875 0.6419270833333334 0.0703125 0.08854166666666667
0 0.39010416666666664 0.9520833333333333 0.06041666666666667 0.059375
0 0.29140625 0.7796875 0.06354166666666666 0.07760416666666667
0 0.3020833333333333 0.7072916666666667 0.036458333333333336 0.03697916666666667
0 0.6341145833333334 0.37890625 0.034895833333333334 0.04010416666666667
0 0.1125 0.1109375 0.0890625 0.0921875
0 0.40208333333333335 0.3265625 0.035416666666666666 0.042708333333333334
0 0.40963541666666664 0.8833333333333333 0.03333333333333333 0.03854166666666667
0 0.5786458333333333 0.40390625 0.071875 0.07239583333333334
0 0.24166666666666667 0.475 0.04895833333333333 0.035416666666666666
0 0.9291666666666667 0.6515625 0.10885416666666667 0.16510416666666666
0 0.30546875 0.5838541666666667 0.0859375 0.10208333333333333
0 0.95625 0.040625 0.06875 0.08020833333333334
0 0.30494791666666665 0.37213541666666666 0.0484375 0.036458333333333336
0 0.7895833333333333 0.9830729166666666 0.059895833333333336 0.03333333333333333
0 0.7953125 0.9143229166666667 0.0546875 0.05572916666666667
0 0.5981770833333333 0.5856770833333333 0.022395833333333334 0.03333333333333333
0 0.033854166666666664 0.5432291666666667 0.06770833333333333 0.13802083333333334
0 0.7192708333333333 0.5903645833333333 0.2140625 0.159375
0 0.7390625 0.8807291666666667 0.07708333333333334 0.09427083333333333
0 0.9065104166666667 0.7765625 0.025520833333333333 0.03333333333333333
0 0.4625 0.9830729166666666 0.1109375 0.03333333333333333
0 0.8296875 0.83828125 0.06458333333333334 0.07083333333333333
0 0.024479166666666666 0.7455729166666667 0.04739583333333333 0.0625
0 0.98359375 0.96796875 0.0328125 0.06041666666666667
0 0.07239583333333334 0.6161458333333333 0.10520833333333333 0.10572916666666667
0 0.6544270833333333 0.97734375 0.06302083333333333 0.0453125
0 0.07682291666666667 0.7575520833333333 0.06041666666666667 0.078125
0 0.8963541666666667 0.6052083333333333 0.071875 0.0875
0 0.5997395833333333 0.6713541666666667 0.03854166666666667 0.04895833333333333
0 0.14973958333333334 0.7260416666666667 0.059895833333333336 0.06979166666666667
0 0.49244791666666665 0.42552083333333335 0.035416666666666666 0.036458333333333336
0 0.47578125 0.025520833333333333 0.13854166666666667 0.051041666666666666
0 0.8736979166666666 0.3572916666666667 0.0390625 0.041666666666666664
0 0.3458333333333333 0.7328125 0.07552083333333333 0.065625
0 0.25442708333333336 0.26510416666666664 0.06354166666666666 0.09479166666666666
0 0.7705729166666667 0.02578125 0.07395833333333333 0.0515625
0 0.3494791666666667 0.378125 0.03177083333333333 0.0359375
0 0.3453125 0.54453125 0.049479166666666664 0.04583333333333333
0 0.8651041666666667 0.9166666666666666 0.05677083333333333 0.044270833333333336
0 0.0609375 0.11276041666666667 0.01875 0.03229166666666667
0 0.8924479166666667 0.08046875 0.06041666666666667 0.07604166666666666
0 0.6802083333333333 0.7684895833333333 0.1765625 0.18125
0 0.6341145833333334 0.23359375 0.08072916666666667 0.071875
0 0.8622395833333333 0.14375 0.0375 0.046875
0 0.8372395833333334 0.07630208333333334 0.05364583333333333 0.07916666666666666
0 0.03619791666666667 0.14739583333333334 0.07239583333333334 0.11510416666666666
0 0.7208333333333333 0.06979166666666667 0.09791666666666667 0.09375
0 0.86328125 0.396875 0.07395833333333333 0.07916666666666666
0 0.12083333333333333 0.7546875 0.03229166666666667 0.058854166666666666
0 0.84375 0.5546875 0.09375 0.12395833333333334
0 0.4432291666666667 0.5453125 0.050520833333333334 0.034375
0 0.6611979166666667 0.67109375 0.09322916666666667 0.0796875
0 0.20859375 0.25833333333333336 0.0359375 0.050520833333333334
0 0.6471354166666666 0.07369791666666667 0.053125 0.06979166666666667
0 0.34322916666666664 0.17473958333333334 0.028645833333333332 0.034375
0 0.36041666666666666 0.0890625 0.096875 0.14375
0 0.64921875 0.12135416666666667 0.0390625 0.043229166666666666
0 0.44609375 0.3765625 0.08541666666666667 0.10625
0 0.05182291666666667 0.2755208333333333 0.10364583333333334 0.15989583333333332
0 0.030729166666666665 0.79375 0.03854166666666667 0.034375
0 0.24270833333333333 0.9481770833333333 0.07083333333333333 0.07447916666666667
0 0.3265625 0.015364583333333333 0.1265625 0.030729166666666665
0 0.8809895833333333 0.021614583333333333 0.09166666666666666 0.043229166666666666
0 0.3229166666666667 0.9549479166666667 0.1125 0.09010416666666667
0 0.27578125 0.6653645833333334 0.07916666666666666 0.0890625
0 0.9390625 0.5208333333333334 0.09270833333333334 0.10208333333333333
0 0.6736979166666667 0.3963541666666667 0.0734375 0.11614583333333334
0 0.07994791666666666 0.9869791666666666 0.09635416666666667 0.026041666666666668
0 0.9546875 0.8158854166666667 0.090625 0.15
0 0.31692708333333336 0.45390625 0.041666666666666664 0.058854166666666666
0 0.9700520833333334 0.17161458333333332 0.058333333333333334 0.09739583333333333
0 0.28619791666666666 0.84140625 0.043229166666666666 0.035416666666666666
0 0.5533854166666666 0.6401041666666667 0.041666666666666664 0.0328125
0 0.20052083333333334 0.044270833333333336 0.19635416666666666 0.08854166666666667
0 0.4747395833333333 0.9119791666666667 0.052083333333333336 0.10416666666666667
0 0.83671875 0.95625 0.0390625 0.042708333333333334
0 0.91328125 0.9208333333333333 0.04583333333333333 0.05260416666666667
0 0.9354166666666667 0.9630208333333333 0.058854166666666666 0.05625
0 0.79296875 0.81171875 0.042708333333333334 0.04479166666666667
0 0.7197916666666667 0.9611979166666667 0.0703125 0.07604166666666666
0 0.7916666666666666 0.6934895833333333 0.16822916666666668 0.1296875
0 0.51796875 0.7916666666666666 0.13385416666666666 0.14583333333333334
0 0.46875 0.27291666666666664 0.14479166666666668 0.08541666666666667
0 0.6864583333333333 0.5098958333333333 0.13854166666666667 0.12239583333333333
0 0.82421875 0.45859375 0.15104166666666666 0.0984375
0 0.7697916666666667 0.37395833333333334 0.11770833333333333 0.115625
0 0.7002604166666667 0.29791666666666666 0.14166666666666666 0.13072916666666667
0 0.44505208333333335 0.07890625 0.078125 0.07447916666666667
0 0.19088541666666667 0.9184895833333333 0.090625 0.10416666666666667