0 0.11302083333333333 0.6380208333333334 0.1359375 0.11614583333333334
0 0.3375 0.6940104166666666 0.10885416666666667 0.11458333333333333
0 0.26614583333333336 0.58125 0.10052083333333334 0.10625
0 0.55703125 0.17291666666666666 0.12135416666666667 0.11666666666666667
0 0.571875 0.054947916666666666 0.14322916666666666 0.109375
0 0.17734375 0.9049479166666666 0.0640625 0.0765625
0 0.1453125 0.7713541666666667 0.146875 0.16510416666666666
0 0.03046875 0.31328125 0.06041666666666667 0.06197916666666667
0 0.534375 0.9161458333333333 0.11197916666666667 0.09114583333333333
0 0.5747395833333333 0.290625 0.04895833333333333 0.053125
0 0.43463541666666666 0.53984375 0.04375 0.0328125
0 0.2708333333333333 0.11536458333333334 0.0671875 0.06510416666666667
0 0.18151041666666667 0.1875 0.13125 0.115625
0 0.46171875 0.3567708333333333 0.15572916666666667 0.17291666666666666
0 0.953125 0.1015625 0.06458333333333334 0.0640625
0 0.8979166666666667 0.86171875 0.0515625 0.05364583333333333
0 0.9294270833333333 0.7666666666666667 0.05520833333333333 0.05572916666666667
0 0.8520833333333333 0.23072916666666668 0.08697916666666666 0.0609375
0 0.03723958333333333 0.09505208333333333 0.07447916666666667 0.1328125
0 0.37526041666666665 0.5328125 0.07760416666666667 0.09114583333333333
0 0.24817708333333333 0.28125 0.04583333333333333 0.052083333333333336
0 0.8807291666666667 0.7846354166666667 0.06145833333333333 0.07291666666666667
0 0.1078125 0.07317708333333334 0.09375 0.11197916666666667
0 0.37526041666666665 0.42604166666666665 0.0546875 0.06614583333333333
0 0.48984375 0.49322916666666666 0.06510416666666667 0.07447916666666667
0 0.8372395833333334 0.6630208333333333 0.04010416666666667 0.04479166666666667
0 0.36015625 0.10520833333333333 0.06354166666666666 0.059895833333333336
0 0.6111979166666667 0.96484375 0.12083333333333333 0.06979166666666667
0 0.14895833333333333 0.48515625 0.17239583333333333 0.19583333333333333
0 0.596875 0.66484375 0.053125 0.0578125
0 0.48880208333333336 0.8190104166666666 0.20052083333333334 0.13020833333333334
0 0.8859375 0.15963541666666667 0.04114583333333333 0.05625
0 0.2552083333333333 0.85703125 0.078125 0.09166666666666666
0 0.53125 0.6903645833333333 0.058333333333333334 0.051041666666666666
0 0.31588541666666664 0.7989583333333333 0.058854166666666666 0.07395833333333333
0 0.20026041666666666 0.6239583333333333 0.06510416666666667 0.0828125
0 0.06328125 0.9565104166666667 0.1265625 0.08697916666666666
0 0.42942708333333335 0.08307291666666666 0.041666666666666664 0.0671875
0 0.0875 0.30755208333333334 0.049479166666666664 0.04635416666666667
0 0.5330729166666667 0.6440104166666667 0.049479166666666664 0.04375
0 0.20104166666666667 0.27682291666666664 0.058333333333333334 0.07239583333333334
0 0.5625 0.50546875 0.09375 0.11979166666666667
0 0.3875 0.18125 0.1265625 0.1015625
0 0.51640625 0.5971354166666667 0.04114583333333333 0.04583333333333333
0 0.2046875 0.3580729166666667 0.0703125 0.08854166666666667
0 0.39010416666666664 0.04791666666666667 0.06041666666666667 0.059375
0 0.29140625 0.2203125 0.06354166666666666 0.07760416666666667
0 0.3020833333333333 0.29270833333333335 0.036458333333333336 0.03697916666666667
0 0.6341145833333334 0.62109375 0.034895833333333334 0.04010416666666667
0 0.1125 0.8890625 0.0890625 0.0921875
0 0.40208333333333335 0.6734375 0.035416666666666666 0.042708333333333334
0 0.40963541666666664 0.11666666666666667 0.03333333333333333 0.03854166666666667
0 0.5786458333333333 0.59609375 0.071875 0.07239583333333334
0 0.24166666666666667 0.525 0.04895833333333333 0.035416666666666666
0 0.9291666666666667 0.3484375 0.10885416666666667 0.16510416666666666
0 0.30546875 0.4161458333333333 0.0859375 0.10208333333333333
0 0.95625 0.959375 0.06875 0.08020833333333334
0 0.30494791666666665 0.6278645833333333 0.0484375 0.036458333333333336
0 0.7895833333333333 0.016927083333333332 0.059895833333333336 0.03333333333333333
0 0.7953125 0.08567708333333333 0.0546875 0.05572916666666667
0 0.5981770833333333 0.41432291666666665 0.022395833333333334 0.03333333333333333
0 0.033854166666666664 0.45677083333333335 0.06770833333333333 0.13802083333333334
0 0.7192708333333333 0.40963541666666664 0.2140625 0.159375
0 0.7390625 0.11927083333333334 0.07708333333333334 0.09427083333333333
0 0.9065104166666667 0.2234375 0.025520833333333333 0.03333333333333333
0 0.4625 0.016927083333333332 0.1109375 0.03333333333333333
0 0.8296875 0.16171875 0.06458333333333334 0.07083333333333333
0 0.024479166666666666 0.25442708333333336 0.04739583333333333 0.0625
0 0.98359375 0.03203125 0.0328125 0.06041666666666667
0 0.07239583333333334 0.38385416666666666 0.10520833333333333 0.10572916666666667
0 0.6544270833333333 0.02265625 0.06302083333333333 0.0453125
0 0.07682291666666667 0.24244791666666668 0.06041666666666667 0.078125
0 0.8963541666666667 0.39479166666666665 0.071875 0.0875
0 0.5997395833333333 0.32864583333333336 0.03854166666666667 0.04895833333333333
0 0.14973958333333334 0.27395833333333336 0.059895833333333336 0.06979166666666667
0 0.49244791666666665 0.5744791666666667 0.035416666666666666 0.036458333333333336
0 0.47578125 0.9744791666666667 0.13854166666666667 0.051041666666666666
0 0.8736979166666666 0.6427083333333333 0.0390625 0.041666666666666664
0 0.3458333333333333 0.2671875 0.07552083333333333 0.065625
0 0.25442708333333336 0.7348958333333333 0.06354166666666666 0.09479166666666666
0 0.7705729166666667 0.97421875 0.07395833333333333 0.0515625
0 0.3494791666666667 0.621875 0.03177083333333333 0.0359375
0 0.3453125 0.45546875 0.049479166666666664 0.04583333333333333
0 0.8651041666666667 0.08333333333333333 0.05677083333333333 0.044270833333333336
0 0.0609375 0.8872395833333333 0.01875 0.03229166666666667
0 0.8924479166666667 0.91953125 0.06041666666666667 0.07604166666666666
0 0.6802083333333333 0.23151041666666666 0.1765625 0.18125
0 0.6341145833333334 0.76640625 0.08072916666666667 0.071875
0 0.8622395833333333 0.85625 0.0375 0.046875
0 0.8372395833333334 0.9236979166666667 0.05364583333333333 0.07916666666666666
0 0.03619791666666667 0.8526041666666667 0.07239583333333334 0.11510416666666666
0 0.7208333333333333 0.9302083333333333 0.09791666666666667 0.09375
0 0.86328125 0.603125 0.07395833333333333 0.07916666666666666
0 0.12083333333333333 0.2453125 0.03229166666666667 0.058854166666666666
0 0.84375 0.4453125 0.09375 0.12395833333333334
0 0.4432291666666667 0.4546875 0.050520833333333334 0.034375
0 0.6611979166666667 0.32890625 0.09322916666666667 0.0796875
0 0.20859375 0.7416666666666667 0.0359375 0.050520833333333334
0 0.6471354166666666 0.9263020833333333 0.053125 0.06979166666666667
0 0.34322916666666664 0.8252604166666667 0.028645833333333332 0.034375
0 0.36041666666666666 0.9109375 0.096875 0.14375
0 0.64921875 0.8786458333333333 0.0390625 0.043229166666666666
0 0.44609375 0.6234375 0.08541666666666667 0.10625
0 0.05182291666666667 0.7244791666666667 0.10364583333333334 0.15989583333333332
0 0.030729166666666665 0.20625 0.03854166666666667 0.034375
0 0.24270833333333333 0.05182291666666667 0.07083333333333333 0.07447916666666667
0 0.3265625 0.9846354166666667 0.1265625 0.030729166666666665
0 0.8809895833333333 0.9783854166666667 0.09166666666666666 0.043229166666666666
0 0.3229166666666667 0.04505208333333333 0.1125 0.09010416666666667
0 0.27578125 0.3346354166666667 0.07916666666666666 0.0890625
0 0.9390625 0.4791666666666667 0.09270833333333334 0.10208333333333333
0 0.6736979166666667 0.6036458333333333 0.0734375 0.11614583333333334
0 0.07994791666666666 0.013020833333333334 0.09635416666666667 0.026041666666666668
0 0.9546875 0.18411458333333333 0.090625 0.15
0 0.31692708333333336 0.54609375 0.041666666666666664 0.058854166666666666
0 0.9700520833333334 0.8283854166666667 0.058333333333333334 0.09739583333333333
0 0.28619791666666666 0.15859375 0.043229166666666666 0.035416666666666666
0 0.5533854166666666 0.35989583333333336 0.041666666666666664 0.0328125
0 0.20052083333333334 0.9557291666666666 0.19635416666666666 0.08854166666666667
0 0.4747395833333333 0.08802083333333334 0.052083333333333336 0.10416666666666667
0 0.83671875 0.04375 0.0390625 0.042708333333333334
0 0.91328125 0.07916666666666666 0.04583333333333333 0.05260416666666667
0 0.9354166666666667 0.03697916666666667 0.058854166666666666 0.05625
0 0.79296875 0.18828125 0.042708333333333334 0.04479166666666667
0 0.7197916666666667 0.038802083333333334 0.0703125 0.07604166666666666
0 0.7916666666666666 0.3065104166666667 0.16822916666666668 0.1296875
0 0.51796875 0.20833333333333334 0.13385416666666666 0.14583333333333334
0 0.46875 0.7270833333333333 0.14479166666666668 0.08541666666666667
0 0.6864583333333333 0.4901041666666667 0.13854166666666667 0.12239583333333333
0 0.82421875 0.54140625 0.15104166666666666 0.0984375
0 0.7697916666666667 0.6260416666666667 0.11770833333333333 0.115625
0 0.7002604166666667 0.7020833333333333 0.14166666666666666 0.13072916666666667
0 0.44505208333333335 0.92109375 0.078125 0.07447916666666667
0 0.19088541666666667 0.08151041666666667 0.090625 0.10416666666666667