0 0.7002604166666667 0.7427083333333333 0.12135416666666667 0.12291666666666666
0 0.5700520833333333 0.6169270833333333 0.1046875 0.11927083333333334
0 0.5263020833333333 0.0421875 0.1375 0.084375
0 0.17057291666666666 0.84453125 0.09479166666666666 0.11979166666666667
0 0.8614583333333333 0.8434895833333333 0.1359375 0.17552083333333332
0 0.3028645833333333 0.19375 0.0703125 0.0640625
0 0.4903645833333333 0.6078125 0.0625 0.07760416666666667
0 0.29192708333333334 0.33177083333333335 0.09322916666666667 0.08697916666666666
0 0.4015625 0.14973958333333334 0.04010416666666667 0.0375
0 0.1734375 0.42682291666666666 0.07135416666666666 0.059375
0 0.90625 0.94296875 0.10260416666666666 0.11302083333333333
0 0.27057291666666666 0.79765625 0.08229166666666667 0.06822916666666666
0 0.43645833333333334 0.9296875 0.084375 0.0734375
0 0.49453125 0.95625 0.05572916666666667 0.06302083333333333
0 0.9768229166666667 0.9302083333333333 0.04635416666666667 0.0421875
0 0.9692708333333333 0.86953125 0.058333333333333334 0.05520833333333333
0 0.3567708333333333 0.57109375 0.053125 0.07708333333333334
0 0.24401041666666667 0.7265625 0.0703125 0.078125
0 0.6552083333333333 0.8684895833333334 0.12447916666666667 0.1453125
0 0.9625 0.8135416666666667 0.07395833333333333 0.0625
0 0.60546875 0.36171875 0.04375 0.04479166666666667
0 0.0359375 0.03359375 0.06979166666666667 0.06614583333333333
0 0.23098958333333333 0.21927083333333333 0.08385416666666666 0.08177083333333333
0 0.41770833333333335 0.5731770833333333 0.0765625 0.09791666666666667
0 0.334375 0.8369791666666667 0.11302083333333333 0.090625
0 0.40703125 0.78125 0.0875 0.09635416666666667
0 0.60546875 0.27682291666666664 0.044270833333333336 0.044270833333333336
0 0.23880208333333333 0.8479166666666667 0.05520833333333333 0.05364583333333333
0 0.971875 0.9752604166666666 0.05364583333333333 0.04739583333333333
0 0.2596354166666667 0.9403645833333333 0.1046875 0.11927083333333334
0 0.7223958333333333 0.23229166666666667 0.10208333333333333 0.0765625
0 0.4979166666666667 0.50078125 0.08541666666666667 0.13229166666666667
0 0.7075520833333333 0.5416666666666666 0.20364583333333333 0.22864583333333333
0 0.6364583333333333 0.37083333333333335 0.025520833333333333 0.0265625
0 0.5731770833333333 0.4817708333333333 0.053125 0.07552083333333333
0 0.31744791666666666 0.95234375 0.0421875 0.06302083333333333
0 0.36354166666666665 0.7216145833333333 0.07708333333333334 0.07604166666666666
0 0.9619791666666667 0.4200520833333333 0.075 0.10885416666666667
0 0.465625 0.20963541666666666 0.06510416666666667 0.05
0 0.6153645833333333 0.32369791666666664 0.050520833333333334 0.04114583333333333
0 0.19505208333333332 0.16197916666666667 0.08177083333333333 0.07552083333333333
0 0.38828125 0.3059895833333333 0.10104166666666667 0.09270833333333334
0 0.5486979166666667 0.91953125 0.06822916666666666 0.07083333333333333
0 0.83125 0.9682291666666667 0.06822916666666666 0.06354166666666666
0 0.2598958333333333 0.14270833333333333 0.065625 0.05572916666666667
0 0.9463541666666667 0.7408854166666666 0.10625 0.09270833333333334
0 0.625 0.940625 0.09166666666666666 0.10885416666666667
0 0.42630208333333336 0.03984375 0.05 0.0796875
0 0.2955729166666667 0.028385416666666666 0.09947916666666666 0.05677083333333333
0 0.8059895833333334 0.04088541666666667 0.09427083333333333 0.08072916666666667
0 0.428125 0.38776041666666666 0.121875 0.08697916666666666
0 0.8283854166666667 0.7364583333333333 0.0953125 0.0578125
0 0.47369791666666666 0.7080729166666667 0.15 0.13333333333333333
0 0.6252604166666667 0.32473958333333336 0.030208333333333334 0.04010416666666667
0 0.7354166666666667 0.63203125 0.027083333333333334 0.027604166666666666
0 0.9059895833333333 0.6580729166666667 0.18645833333333334 0.12291666666666666
0 0.43020833333333336 0.13072916666666667 0.03333333333333333 0.03125
0 0.546875 0.396875 0.0765625 0.08958333333333333
0 0.34375 0.6552083333333333 0.12239583333333333 0.08645833333333333
0 0.7486979166666666 0.37213541666666666 0.23125 0.21041666666666667
0 0.25755208333333335 0.2752604166666667 0.052083333333333336 0.04479166666666667
0 0.16901041666666666 0.2640625 0.0875 0.090625
0 0.17526041666666667 0.5158854166666667 0.153125 0.128125
0 0.5635416666666667 0.9791666666666666 0.0890625 0.041666666666666664
0 0.15078125 0.04140625 0.14166666666666666 0.08229166666666667
0 0.28203125 0.69453125 0.042708333333333334 0.046875
0 0.47734375 0.27734375 0.0984375 0.090625
0 0.9723958333333333 0.033854166666666664 0.05520833333333333 0.06770833333333333
0 0.5619791666666667 0.9799479166666667 0.08541666666666667 0.04010416666666667
0 0.7893229166666667 0.7518229166666667 0.03177083333333333 0.036458333333333336
0 0.37552083333333336 0.50625 0.059375 0.052083333333333336
0 0.328125 0.2638020833333333 0.059375 0.07708333333333334
0 0.13932291666666666 0.7625 0.11927083333333334 0.09270833333333334
0 0.9416666666666667 0.34479166666666666 0.1109375 0.11666666666666667
0 0.22317708333333333 0.659375 0.09739583333333333 0.051041666666666666
0 0.0609375 0.8377604166666667 0.121875 0.1515625
0 0.93984375 0.9927083333333333 0.04010416666666667 0.014583333333333334
0 0.5635416666666667 0.23828125 0.10208333333333333 0.11302083333333333
0 0.09869791666666666 0.14322916666666666 0.14635416666666667 0.15
0 0.8111979166666666 0.6393229166666666 0.04583333333333333 0.059375
0 0.63515625 0.07630208333333334 0.14479166666666668 0.15208333333333332
0 0.4744791666666667 0.5263020833333333 0.0984375 0.0828125
0 0.3888020833333333 0.21744791666666666 0.08697916666666666 0.08541666666666667
0 0.03619791666666667 0.18151041666666667 0.07135416666666666 0.09947916666666666
0 0.022135416666666668 0.65859375 0.044270833333333336 0.11927083333333334
0 0.2903645833333333 0.07916666666666666 0.09791666666666667 0.059895833333333336
0 0.27760416666666665 0.44296875 0.13697916666666668 0.12604166666666666
0 0.059895833333333336 0.9338541666666667 0.11979166666666667 0.13229166666666667
0 0.16536458333333334 0.94609375 0.09166666666666666 0.10677083333333333
0 0.3268229166666667 0.8979166666666667 0.059895833333333336 0.04739583333333333
0 0.46588541666666666 0.8666666666666667 0.125 0.08177083333333333
0 0.5755208333333334 0.8375 0.07864583333333333 0.07760416666666667
0 0.50703125 0.7984375 0.08125 0.0609375
0 0.5921875 0.7640625 0.08385416666666666 0.07447916666666667
0 0.6135416666666667 0.6934895833333333 0.06458333333333334 0.0859375
0 0.6833333333333333 0.66796875 0.06145833333333333 0.08489583333333334
0 0.8950520833333333 0.5080729166666667 0.20989583333333334 0.184375
0 0.8390625 0.2786458333333333 0.12552083333333333 0.15416666666666667
0 0.6794270833333333 0.17057291666666666 0.14635416666666667 0.10625
0 0.7763020833333333 0.15859375 0.0734375 0.09583333333333334
0 0.5067708333333333 0.15598958333333332 0.1171875 0.103125
0 0.41171875 0.10416666666666667 0.042708333333333334 0.04479166666666667
0 0.32369791666666664 0.13203125 0.05520833333333333 0.04635416666666667
0 0.3703125 0.09296875 0.06302083333333333 0.041666666666666664
0 0.13203125 0.67421875 0.11770833333333333 0.09739583333333333
0 0.21197916666666666 0.34453125 0.07916666666666666 0.103125
0 0.07317708333333334 0.46171875 0.12916666666666668 0.14479166666666668
0 0.06640625 0.3020833333333333 0.1328125 0.1859375
0 0.37786458333333334 0.0359375 0.0484375 0.0671875
0 0.7216145833333333 0.052083333333333336 0.07395833333333333 0.103125
0 0.715625 0.9651041666666667 0.1 0.06979166666666667
0 0.2703125 0.5869791666666667 0.1421875 0.09427083333333333
0 0.7536458333333333 0.9325520833333333 0.10572916666666667 0.07708333333333334
0 0.7447916666666666 0.8143229166666667 0.07291666666666667 0.059895833333333336
0 0.7552083333333334 0.8658854166666666 0.07604166666666666 0.0546875
0 0.7700520833333333 0.684375 0.04895833333333333 0.051041666666666666
0 0.6427083333333333 0.6182291666666667 0.057291666666666664 0.06041666666666667
0 0.04869791666666667 0.5630208333333333 0.09010416666666667 0.07395833333333333