0 0.0546875 0.73984375 0.0765625 0.08125
0 0.34375 0.57578125 0.0765625 0.0765625
0 0.91484375 0.8125 0.1703125 0.2078125
0 0.8140625 0.08359375 0.159375 0.1484375
0 0.4765625 0.78203125 0.053125 0.06875
0 0.91328125 0.63125 0.1234375 0.1375
0 0.0859375 0.3125 0.0875 0.05625
0 0.2578125 0.5328125 0.0953125 0.0921875
0 0.80078125 0.190625 0.1578125 0.134375
0 0.93515625 0.53203125 0.128125 0.096875
0 0.1328125 0.215625 0.11875 0.103125
0 0.5140625 0.54453125 0.11875 0.11875
0 0.18125 0.7359375 0.0546875 0.0953125
0 0.115625 0.91015625 0.0921875 0.1234375
0 0.934375 0.27109375 0.13125 0.1703125
0 0.12890625 0.78203125 0.071875 0.0796875
0 0.0796875 0.359375 0.134375 0.06875
0 0.5015625 0.228125 0.1078125 0.1421875
0 0.50703125 0.6453125 0.090625 0.0875
0 0.52890625 0.39921875 0.121875 0.121875
0 0.0640625 0.57578125 0.128125 0.103125
0 0.75078125 0.353125 0.1171875 0.1109375
0 0.0734375 0.46484375 0.140625 0.1234375
0 0.41953125 0.41484375 0.109375 0.1203125
0 0.66796875 0.53046875 0.1109375 0.1328125
0 0.63671875 0.16640625 0.13125 0.109375
0 0.57890625 0.221875 0.09375 0.1078125
0 0.16796875 0.6375 0.065625 0.078125
0 0.6734375 0.43828125 0.0921875 0.0890625
0 0.40625 0.71875 0.1140625 0.0984375
0 0.5453125 0.3 0.121875 0.115625
0 0.75 0.4625 0.125 0.121875
0 0.1734375 0.15390625 0.10625 0.109375
0 0.74765625 0.0703125 0.121875 0.140625
0 0.5796875 0.7953125 0.14375 0.1546875
0 0.75859375 0.55703125 0.0953125 0.1140625
0 0.30078125 0.89921875 0.109375 0.11875
0 0.86328125 0.4046875 0.1578125 0.19375
0 0.49453125 0.8828125 0.0921875 0.134375
0 0.2328125 0.75859375 0.0484375 0.059375
0 0.6140625 0.91484375 0.1640625 0.1390625
0 0.16171875 0.53359375 0.1140625 0.1234375
0 0.0671875 0.790625 0.06875 0.0703125
0 0.51796875 0.72734375 0.121875 0.1125
0 0.70078125 0.82265625 0.1359375 0.1625
0 0.2046875 0.87890625 0.1046875 0.1109375
0 0.26796875 0.61328125 0.121875 0.1078125
0 0.946875 0.0984375 0.1046875 0.190625
0 0.25078125 0.671875 0.13125 0.1171875
0 0.190625 0.2890625 0.13125 0.1125
0 0.825 0.5921875 0.1421875 0.165625
0 0.428125 0.86875 0.0875 0.1328125
0 0.58671875 0.465625 0.109375 0.10625
0 0.10546875 0.0953125 0.1015625 0.1140625
0 0.4953125 0.0609375 0.125 0.121875
0 0.49609375 0.13125 0.0796875 0.0765625
0 0.31640625 0.490625 0.1 0.109375
0 0.3171875 0.184375 0.1671875 0.14375
0 0.121875 0.69375 0.1109375 0.0921875
0 0.425 0.5609375 0.0984375 0.11875
0 0.26015625 0.065625 0.1390625 0.13125
0 0.653125 0.07578125 0.1296875 0.1328125
0 0.21484375 0.38203125 0.1 0.078125
0 0.29765625 0.74765625 0.09375 0.1140625
0 0.696875 0.25546875 0.1640625 0.1390625
0 0.1015625 0.8453125 0.128125 0.0953125
0 0.64140625 0.36328125 0.1109375 0.1328125
0 0.55234375 0.1078125 0.078125 0.1