0 0.39296875 0.8734375 0.225 0.1859375
0 0.24453125 0.71875 0.1546875 0.1828125
0 0.93359375 0.3 0.13125 0.1734375
0 0.9328125 0.46796875 0.1328125 0.1578125
0 0.54140625 0.225 0.1359375 0.1796875
0 0.60078125 0.1140625 0.18125 0.1859375
0 0.94765625 0.59375 0.103125 0.1421875
0 0.0796875 0.83671875 0.159375 0.225
0 0.4234375 0.28671875 0.1875 0.228125
0 0.3734375 0.69921875 0.1671875 0.228125
0 0.6171875 0.4578125 0.1609375 0.1765625
0 0.22890625 0.5828125 0.296875 0.265625
0 0.715625 0.17890625 0.1890625 0.2640625
0 0.828125 0.0859375 0.134375 0.171875
0 0.92265625 0.7078125 0.1546875 0.153125
0 0.140625 0.35 0.2125 0.215625
0 0.91171875 0.86953125 0.175 0.259375
0 0.54453125 0.05 0.14375 0.1
0 0.8640625 0.56328125 0.134375 0.1296875
0 0.48671875 0.4203125 0.159375 0.1625
0 0.859375 0.646875 0.1 0.0671875
0 0.28359375 0.2171875 0.209375 0.209375
0 0.4453125 0.93359375 0.275 0.13125
0 0.66953125 0.02734375 0.14375 0.0546875
0 0.06953125 0.65703125 0.1390625 0.20625
0 0.70625 0.53671875 0.21875 0.2234375
0 0.5234375 0.71328125 0.2328125 0.31875
0 0.134375 0.103125 0.2625 0.20625
0 0.8125 0.2765625 0.159375 0.159375
0 0.38984375 0.12109375 0.1140625 0.11875
0 0.30625 0.3828125 0.15 0.15
0 0.19453125 0.89140625 0.25625 0.2171875