0 0.6109375 0.18203125 0.0796875 0.0796875
0 0.76796875 0.6421875 0.06875 0.078125
0 0.453125 0.13984375 0.1 0.075
0 0.9421875 0.2734375 0.1125 0.1015625
0 0.1328125 0.09140625 0.1 0.0859375
0 0.6640625 0.5109375 0.078125 0.1046875
0 0.84921875 0.4515625 0.1203125 0.1203125
0 0.28671875 0.08359375 0.1234375 0.134375
0 0.43203125 0.834375 0.1234375 0.1296875
0 0.6671875 0.89140625 0.1 0.1109375
0 0.734375 0.4984375 0.078125 0.0921875
0 0.32265625 0.28046875 0.0875 0.0828125
0 0.39296875 0.6265625 0.1 0.1015625
0 0.0296875 0.503125 0.059375 0.109375
0 0.18828125 0.40546875 0.128125 0.090625
0 0.075 0.4125 0.14375 0.078125
0 0.39296875 0.46640625 0.134375 0.1
0 0.41796875 0.28515625 0.109375 0.1046875
0 0.21875 0.146875 0.1078125 0.1125
0 0.49296875 0.49140625 0.0875 0.1
0 0.95234375 0.821875 0.0921875 0.1453125
0 0.67890625 0.625 0.0921875 0.0796875
0 0.91484375 0.5484375 0.06875 0.0625
0 0.790625 0.94765625 0.09375 0.103125
0 0.8328125 0.73984375 0.1828125 0.153125
0 0.93046875 0.38671875 0.134375 0.1265625
0 0.9390625 0.9296875 0.096875 0.0921875
0 0.809375 0.3453125 0.1390625 0.1015625
0 0.81171875 0.26875 0.146875 0.109375
0 0.7453125 0.14453125 0.1390625 0.140625
0 0.8734375 0.840625 0.109375 0.0953125
0 0.6234375 0.090625 0.10625 0.1109375
0 0.2953125 0.37109375 0.1234375 0.121875
0 0.103125 0.61640625 0.096875 0.071875
0 0.18515625 0.046875 0.09375 0.09375
0 0.8421875 0.91484375 0.0953125 0.1046875
0 0.31328125 0.953125 0.0859375 0.09375
0 0.23984375 0.48828125 0.15 0.134375
0 0.271875 0.82734375 0.06875 0.0859375
0 0.23203125 0.275 0.071875 0.0625
0 0.7484375 0.78671875 0.0875 0.1296875
0 0.8359375 0.18984375 0.0984375 0.0984375
0 0.15234375 0.32734375 0.125 0.1046875
0 0.53359375 0.259375 0.1015625 0.1265625
0 0.52734375 0.11015625 0.1 0.1421875
0 0.584375 0.39609375 0.1265625 0.1328125
0 0.53046875 0.73125 0.109375 0.1546875
0 0.6640625 0.26171875 0.0796875 0.0859375
0 0.340625 0.78125 0.1046875 0.125
0 0.47421875 0.90859375 0.1 0.13125
0 0.35 0.86875 0.0890625 0.078125
0 0.48203125 0.58359375 0.0828125 0.0734375
0 0.209375 0.78125 0.096875 0.1296875
0 0.084375 0.184375 0.15 0.1234375
0 0.6859375 0.7875 0.0796875 0.1109375
0 0.91015625 0.6265625 0.1046875 0.0921875
0 0.353125 0.1484375 0.1015625 0.084375
0 0.82109375 0.10546875 0.06875 0.0765625
0 0.57265625 0.50546875 0.090625 0.1265625
0 0.459375 0.7578125 0.0890625 0.1109375
0 0.421875 0.2078125 0.1390625 0.0875
0 0.31484375 0.2203125 0.0625 0.05625
0 0.58125 0.88359375 0.0890625 0.11875
0 0.6 0.28046875 0.0734375 0.096875
0 0.36875 0.54375 0.084375 0.090625
0 0.25859375 0.7296875 0.115625 0.1171875
0 0.17578125 0.55234375 0.11875 0.0890625
0 0.32890625 0.6078125 0.0703125 0.0765625
0 0.4484375 0.54765625 0.078125 0.0734375
0 0.20390625 0.64453125 0.1203125 0.1
0 0.11796875 0.49140625 0.13125 0.09375
0 0.63203125 0.71953125 0.1171875 0.1421875
0 0.90859375 0.13671875 0.0953125 0.0953125
0 0.20234375 0.92578125 0.1328125 0.1453125
0 0.696875 0.38203125 0.128125 0.15625
0 0.7546875 0.06328125 0.0921875 0.08125