0 0.09375 0.946875 0.15625 0.103125
0 0.20546875 0.50546875 0.1703125 0.153125
0 0.88515625 0.3859375 0.18125 0.1453125
0 0.93671875 0.81875 0.1234375 0.121875
0 0.1890625 0.86171875 0.1671875 0.171875
0 0.7140625 0.1640625 0.209375 0.2203125
0 0.18359375 0.70625 0.15625 0.159375
0 0.134375 0.10234375 0.190625 0.19375
0 0.934375 0.70703125 0.11875 0.1484375
0 0.8203125 0.709375 0.1796875 0.1546875
0 0.70234375 0.4734375 0.221875 0.2140625
0 0.3671875 0.47578125 0.121875 0.1015625
0 0.7203125 0.321875 0.1953125 0.1390625
0 0.2859375 0.196875 0.1625 0.1203125
0 0.06796875 0.4125 0.1359375 0.2109375
0 0.11328125 0.2796875 0.1515625 0.1390625
0 0.92265625 0.11953125 0.1515625 0.1421875
0 0.27109375 0.60078125 0.1796875 0.1375
0 0.80625 0.58125 0.2265625 0.1859375
0 0.0734375 0.64609375 0.146875 0.1609375
0 0.334375 0.34375 0.209375 0.2109375
0 0.0765625 0.82421875 0.153125 0.221875
0 0.06484375 0.1703125 0.1296875 0.14375
0 0.9390625 0.50078125 0.1171875 0.1140625
0 0.30859375 0.75859375 0.196875 0.2078125
0 0.8859375 0.26796875 0.171875 0.1546875
0 0.3140625 0.0671875 0.228125 0.134375
0 0.859375 0.83984375 0.1296875 0.1234375