0 0.90625 0.90078125 0.0796875 0.0828125
0 0.41953125 0.459375 0.0546875 0.05
0 0.04140625 0.1953125 0.071875 0.0671875
0 0.58203125 0.6 0.059375 0.0625
0 0.9609375 0.70546875 0.075 0.0640625
0 0.1859375 0.2703125 0.0609375 0.0609375
0 0.9640625 0.34921875 0.0703125 0.075
0 0.81015625 0.09375 0.06875 0.075
0 0.8828125 0.9625 0.06875 0.075
0 0.42578125 0.68359375 0.0578125 0.0546875
0 0.86796875 0.66796875 0.0875 0.09375
0 0.86015625 0.1 0.05625 0.06875
0 0.115625 0.15 0.0578125 0.071875
0 0.65390625 0.16484375 0.0890625 0.1046875
0 0.25625 0.89453125 0.0875 0.0671875
0 0.590625 0.04765625 0.134375 0.0953125
0 0.3359375 0.3265625 0.078125 0.0640625
0 0.75546875 0.6703125 0.09375 0.1015625
0 0.61875 0.68359375 0.065625 0.0625
0 0.16015625 0.7265625 0.084375 0.071875
0 0.746875 0.7671875 0.090625 0.078125
0 0.1015625 0.25390625 0.0875 0.071875
0 0.571875 0.39921875 0.0625 0.078125
0 0.24296875 0.5171875 0.0640625 0.05
0 0.77890625 0.85546875 0.09375 0.09375
0 0.14453125 0.428125 0.084375 0.0796875
0 0.4625 0.03828125 0.096875 0.0765625
0 0.9265625 0.64296875 0.05625 0.053125
0 0.24765625 0.20625 0.05 0.0578125
0 0.19296875 0.46484375 0.0796875 0.0609375
0 0.2578125 0.31015625 0.071875 0.0609375
0 0.1640625 0.61171875 0.115625 0.1140625
0 0.0703125 0.41484375 0.0734375 0.0828125
0 0.41796875 0.5 0.059375 0.040625
0 0.4703125 0.56484375 0.06875 0.0875
0 0.6046875 0.33984375 0.090625 0.0875
0 0.9625 0.48984375 0.071875 0.0875
0 0.9171875 0.51640625 0.075 0.0703125
0 0.80078125 0.42734375 0.1015625 0.0875
0 0.0796875 0.16640625 0.05 0.0640625
0 0.771875 0.0640625 0.0609375 0.0796875
0 0.8078125 0.78515625 0.0296875 0.0390625
0 0.7875 0.4921875 0.0640625 0.0625
0 0.4203125 0.2109375 0.084375 0.1078125
0 0.68984375 0.240625 0.125 0.1265625
0 0.33984375 0.2359375 0.05625 0.0671875
0 0.64921875 0.6015625 0.071875 0.0671875
0 0.55703125 0.65234375 0.0609375 0.059375
0 0.47890625 0.18359375 0.0765625 0.0703125
0 0.2765625 0.85078125 0.0859375 0.071875
0 0.0390625 0.47734375 0.078125 0.0796875
0 0.309375 0.53125 0.0671875 0.0671875
0 0.06171875 0.63125 0.065625 0.05625
0 0.7515625 0.45078125 0.021875 0.0328125
0 0.52109375 0.3609375 0.04375 0.053125
0 0.88359375 0.234375 0.1109375 0.0921875
0 0.6296875 0.4390625 0.0703125 0.0859375
0 0.85625 0.79296875 0.0796875 0.075
0 0.865625 0.5578125 0.075 0.0921875
0 0.47421875 0.31640625 0.0640625 0.0609375
0 0.35 0.5875 0.0609375 0.059375
0 0.67890625 0.41328125 0.05 0.0625
0 0.9171875 0.75703125 0.0859375 0.090625
0 0.29765625 0.66015625 0.078125 0.0875
0 0.13671875 0.496875 0.0875 0.0703125
0 0.86953125 0.859375 0.0671875 0.065625
0 0.63984375 0.7359375 0.1 0.078125
0 0.50390625 0.5578125 0.059375 0.065625
0 0.28359375 0.26328125 0.0609375 0.0796875
0 0.5234375 0.25 0.096875 0.0890625
0 0.76953125 0.91953125 0.059375 0.06875
0 0.72421875 0.44921875 0.0421875 0.0546875
0 0.8859375 0.378125 0.0734375 0.0625
0 0.14453125 0.3609375 0.084375 0.06875
0 0.471875 0.2375 0.059375 0.05
0 0.7984375 0.58125 0.0578125 0.078125
0 0.62109375 0.29453125 0.05625 0.059375
0 0.2953125 0.37109375 0.0765625 0.0671875
0 0.17109375 0.93671875 0.08125 0.08125
0 0.34609375 0.42421875 0.053125 0.0625
0 0.2328125 0.259375 0.0421875 0.0640625
0 0.753125 0.57734375 0.0625 0.0890625
0 0.70703125 0.50390625 0.0875 0.06875
0 0.10078125 0.52109375 0.0640625 0.05625
0 0.39296875 0.88203125 0.09375 0.1109375
0 0.73125 0.0921875 0.1015625 0.078125
0 0.071875 0.7609375 0.0875 0.115625
0 0.58203125 0.528125 0.0703125 0.075
0 0.36328125 0.11875 0.0953125 0.109375
0 0.5359375 0.184375 0.040625 0.0484375
0 0.1328125 0.8609375 0.0796875 0.103125
0 0.81796875 0.91640625 0.0625 0.059375
0 0.696875 0.6359375 0.0578125 0.0609375
0 0.53828125 0.61796875 0.0484375 0.059375
0 0.88515625 0.47265625 0.0875 0.05625
0 0.3359375 0.7390625 0.0765625 0.0953125
0 0.1703125 0.14296875 0.084375 0.0609375
0 0.4859375 0.47265625 0.0671875 0.0703125
0 0.0875 0.08125 0.0765625 0.071875
0 0.20390625 0.83671875 0.0921875 0.1046875
0 0.0578125 0.30546875 0.0859375 0.0765625
0 0.40078125 0.6234375 0.0625 0.065625
0 0.9171875 0.42578125 0.0875 0.071875
0 0.18828125 0.05859375 0.071875 0.103125
0 0.21875 0.57109375 0.071875 0.0578125
0 0.2640625 0.1328125 0.0734375 0.071875
0 0.18515625 0.21484375 0.06875 0.071875
0 0.071875 0.571875 0.090625 0.0671875
0 0.46875 0.890625 0.0796875 0.1015625
0 0.2296875 0.3984375 0.0625 0.0609375
0 0.43984375 0.41484375 0.0578125 0.0734375
0 0.3921875 0.540625 0.06875 0.084375
0 0.5078125 0.7109375 0.0859375 0.109375
0 0.234375 0.34609375 0.0578125 0.05625
0 0.4078125 0.7609375 0.0640625 0.0859375
0 0.58046875 0.1859375 0.0640625 0.06875
0 0.8296875 0.40390625 0.05625 0.0609375
0 0.271875 0.578125 0.05625 0.0671875
0 0.25234375 0.60859375 0.0640625 0.06875