0 0.52421875 0.640625 0.2265625 0.290625
0 0.075 0.6125 0.15 0.203125
0 0.39765625 0.9109375 0.15 0.15
0 0.20703125 0.603125 0.1765625 0.203125
0 0.73984375 0.909375 0.1796875 0.1796875
0 0.1890625 0.2984375 0.240625 0.2390625
0 0.26953125 0.22734375 0.203125 0.2109375
0 0.42890625 0.16796875 0.234375 0.3359375
0 0.5671875 0.90234375 0.2078125 0.19375
0 0.24765625 0.784375 0.2078125 0.2640625
0 0.29296875 0.9 0.1 0.0953125
0 0.1390625 0.35390625 0.253125 0.23125
0 0.81328125 0.24296875 0.2421875 0.2203125
0 0.08046875 0.8859375 0.1609375 0.14375
0 0.703125 0.68125 0.1984375 0.2328125
0 0.384375 0.75234375 0.1578125 0.203125
0 0.23828125 0.94375 0.1734375 0.1109375
0 0.20546875 0.09765625 0.2296875 0.1953125
0 0.115625 0.7828125 0.115625 0.1453125
0 0.86796875 0.6390625 0.2421875 0.259375
0 0.396875 0.57890625 0.2171875 0.2546875
0 0.134375 0.94921875 0.103125 0.1015625