0 0.81640625 0.40703125 0.1390625 0.2203125
0 0.11171875 0.64140625 0.1546875 0.128125
0 0.91953125 0.92734375 0.159375 0.14375
0 0.4890625 0.13125 0.20625 0.2234375
0 0.5328125 0.30625 0.2109375 0.24375
0 0.09296875 0.2203125 0.1859375 0.184375
0 0.4609375 0.76875 0.1109375 0.1078125
0 0.0640625 0.81484375 0.128125 0.134375
0 0.5640625 0.790625 0.1109375 0.1375
0 0.625 0.0625 0.1671875 0.125
0 0.271875 0.53359375 0.134375 0.134375
0 0.11328125 0.36015625 0.140625 0.1265625
0 0.21875 0.8859375 0.1296875 0.128125
0 0.7515625 0.13515625 0.1828125 0.19375
0 0.40234375 0.07890625 0.121875 0.128125
0 0.290625 0.36875 0.228125 0.215625
0 0.353125 0.20703125 0.1171875 0.1890625
0 0.6078125 0.9140625 0.1109375 0.1265625
0 0.66171875 0.62734375 0.171875 0.1609375
0 0.68125 0.45078125 0.1625 0.203125
0 0.5515625 0.5625 0.1171875 0.1203125
0 0.36796875 0.64609375 0.109375 0.1984375
0 0.8671875 0.80234375 0.1875 0.2078125
0 0.48125 0.65 0.140625 0.1578125
0 0.7328125 0.278125 0.2125 0.1390625
0 0.271875 0.16171875 0.1421875 0.2140625
0 0.08984375 0.48203125 0.1796875 0.196875
0 0.65234375 0.74296875 0.15625 0.1265625
0 0.5140625 0.9390625 0.1546875 0.1203125
0 0.38671875 0.496875 0.1078125 0.121875
0 0.13203125 0.7453125 0.1796875 0.1390625
0 0.72265625 0.815625 0.1265625 0.1859375
0 0.33984375 0.9296875 0.1625 0.140625
0 0.2546875 0.66796875 0.15 0.140625