0 0.52265625 0.40546875 0.13125 0.1328125
0 0.4015625 0.90390625 0.10625 0.171875
0 0.68984375 0.87265625 0.1265625 0.1265625
0 0.653125 0.93359375 0.1328125 0.13125
0 0.8390625 0.446875 0.171875 0.128125
0 0.2828125 0.76875 0.146875 0.1515625
0 0.75234375 0.715625 0.109375 0.0875
0 0.85546875 0.12421875 0.1359375 0.1125
0 0.5390625 0.05859375 0.11875 0.1125
0 0.0796875 0.7046875 0.159375 0.1359375
0 0.84609375 0.71640625 0.1546875 0.1171875
0 0.78046875 0.5984375 0.1625 0.103125
0 0.93515625 0.6171875 0.128125 0.1203125
0 0.821875 0.3140625 0.1109375 0.1078125
0 0.103125 0.925 0.1609375 0.1265625
0 0.25 0.8515625 0.096875 0.0953125
0 0.76640625 0.51640625 0.146875 0.109375
0 0.38671875 0.33828125 0.1 0.115625
0 0.896875 0.53671875 0.1171875 0.0921875
0 0.9375 0.9375 0.0875 0.0984375
0 0.9328125 0.78046875 0.1265625 0.1125
0 0.57890625 0.14375 0.1125 0.140625
0 0.71328125 0.10546875 0.06875 0.0671875
0 0.665625 0.20546875 0.1234375 0.140625
0 0.35078125 0.8515625 0.1578125 0.20625
0 0.75703125 0.81328125 0.09375 0.1203125
0 0.24296875 0.6484375 0.1421875 0.1578125
0 0.91953125 0.23359375 0.159375 0.209375
0 0.7765625 0.91640625 0.0703125 0.1171875
0 0.8421875 0.865625 0.13125 0.1328125
0 0.525 0.84375 0.134375 0.16875
0 0.13046875 0.49453125 0.146875 0.121875
0 0.77734375 0.2796875 0.1125 0.0875
0 0.66328125 0.359375 0.103125 0.1046875
0 0.65703125 0.728125 0.1390625 0.1859375
0 0.10625 0.80234375 0.203125 0.1546875
0 0.7828125 0.2046875 0.1171875 0.09375
0 0.5140625 0.30078125 0.090625 0.078125