0 0.41953125 0.77109375 0.1765625 0.153125
0 0.62265625 0.41015625 0.1421875 0.1796875
0 0.8953125 0.26484375 0.19375 0.2328125
0 0.11640625 0.85390625 0.1484375 0.103125
0 0.23984375 0.3875 0.1625 0.18125
0 0.68359375 0.84453125 0.1671875 0.1546875
0 0.84609375 0.61875 0.1625 0.1359375
0 0.415625 0.65 0.1734375 0.1671875
0 0.1390625 0.54296875 0.1390625 0.146875
0 0.7046875 0.71875 0.1828125 0.140625
0 0.2234375 0.075 0.146875 0.146875
0 0.88984375 0.7203125 0.171875 0.1328125
0 0.10078125 0.37265625 0.178125 0.215625
0 0.2359375 0.70234375 0.1328125 0.121875
0 0.0984375 0.17109375 0.196875 0.178125
0 0.69375 0.22890625 0.15 0.165625
0 0.24453125 0.890625 0.10625 0.096875
0 0.2015625 0.159375 0.146875 0.1484375
0 0.796875 0.50546875 0.125 0.134375
0 0.184375 0.94140625 0.1203125 0.115625
0 0.64765625 0.0765625 0.08125 0.0875
0 0.28359375 0.7953125 0.1234375 0.11875
0 0.66171875 0.565625 0.178125 0.2
0 0.346875 0.15390625 0.1125 0.09375
0 0.36953125 0.9078125 0.1453125 0.1640625
0 0.7296875 0.390625 0.15625 0.1546875
0 0.42890625 0.215625 0.1390625 0.2140625
0 0.2890625 0.625 0.1 0.1
0 0.83359375 0.85 0.1515625 0.1734375
0 0.56328125 0.2328125 0.1875 0.24375
0 0.0421875 0.5125 0.084375 0.0875
0 0.075 0.63046875 0.15 0.1546875
0 0.38515625 0.39453125 0.1546875 0.165625
0 0.71484375 0.12265625 0.125 0.1109375
0 0.9515625 0.8546875 0.0953125 0.1546875
0 0.271875 0.5453125 0.165625 0.1375
0 0.51171875 0.646875 0.1109375 0.1328125
0 0.3171875 0.25859375 0.165625 0.1421875
0 0.5140625 0.4125 0.146875 0.184375
0 0.7140625 0.05078125 0.0953125 0.1015625
0 0.1375 0.75 0.1828125 0.18125
0 0.48984375 0.91484375 0.1890625 0.1703125
0 0.4859375 0.54765625 0.1609375 0.140625