0 0.44296875 0.39296875 0.0640625 0.0765625
0 0.859375 0.859375 0.125 0.11875
0 0.88515625 0.8015625 0.1234375 0.0921875
0 0.2375 0.26796875 0.0515625 0.1
0 0.7640625 0.56171875 0.1109375 0.1203125
0 0.3578125 0.5921875 0.05625 0.05625
0 0.33828125 0.890625 0.053125 0.0671875
0 0.0828125 0.1703125 0.1046875 0.1265625
0 0.79765625 0.16015625 0.071875 0.0640625
0 0.74375 0.89140625 0.1015625 0.1125
0 0.1484375 0.56015625 0.0640625 0.05625
0 0.6265625 0.93359375 0.0875 0.109375
0 0.3484375 0.4140625 0.078125 0.0734375
0 0.6828125 0.23984375 0.0765625 0.0734375
0 0.73203125 0.80625 0.14375 0.0984375
0 0.54140625 0.36875 0.1046875 0.1140625
0 0.721875 0.640625 0.08125 0.059375
0 0.30546875 0.53671875 0.0921875 0.071875
0 0.44921875 0.7234375 0.06875 0.090625
0 0.28984375 0.88671875 0.1 0.1140625
0 0.490625 0.94609375 0.1203125 0.1046875
0 0.27265625 0.590625 0.0671875 0.0640625
0 0.73203125 0.35 0.1203125 0.1234375
0 0.5140625 0.7671875 0.06875 0.0609375
0 0.59453125 0.1890625 0.084375 0.1171875
0 0.57578125 0.6859375 0.078125 0.1109375
0 0.29296875 0.24375 0.084375 0.084375
0 0.621875 0.3625 0.06875 0.0703125
0 0.10234375 0.0453125 0.08125 0.090625
0 0.221875 0.54140625 0.0890625 0.0671875
0 0.2765625 0.43125 0.090625 0.071875
0 0.5140625 0.5328125 0.096875 0.0828125
0 0.73828125 0.73203125 0.1484375 0.14375
0 0.78671875 0.44375 0.1265625 0.1546875
0 0.309375 0.30078125 0.046875 0.071875
0 0.41015625 0.546875 0.1109375 0.0828125
0 0.70078125 0.46796875 0.0953125 0.1015625
0 0.57421875 0.6328125 0.0453125 0.065625
0 0.08515625 0.665625 0.121875 0.0859375
0 0.6796875 0.5875 0.071875 0.0515625
0 0.4640625 0.88203125 0.09375 0.1046875
0 0.21875 0.5015625 0.075 0.0703125
0 0.1328125 0.4890625 0.0921875 0.1015625
0 0.29921875 0.77578125 0.103125 0.1140625
0 0.07734375 0.59765625 0.0921875 0.0703125
0 0.946875 0.87109375 0.0859375 0.09375
0 0.35078125 0.9390625 0.1109375 0.1078125
0 0.47890625 0.646875 0.075 0.090625
0 0.21796875 0.60234375 0.0921875 0.090625
0 0.546875 0.18125 0.0625 0.078125
0 0.8796875 0.584375 0.1234375 0.1140625
0 0.24609375 0.95234375 0.10625 0.0921875
0 0.71171875 0.1671875 0.0921875 0.084375
0 0.09140625 0.3796875 0.096875 0.090625
0 0.58359375 0.46484375 0.1109375 0.1234375
0 0.59921875 0.56640625 0.08125 0.078125
0 0.31953125 0.59609375 0.04375 0.05625
0 0.85 0.6359375 0.1140625 0.09375
0 0.88671875 0.37734375 0.09375 0.084375
0 0.78125 0.2390625 0.140625 0.134375
0 0.6 0.31953125 0.0640625 0.0515625
0 0.11171875 0.9046875 0.1171875 0.1375
0 0.5515625 0.73984375 0.0515625 0.0515625
0 0.11796875 0.3125 0.0875 0.05625
0 0.41015625 0.875 0.053125 0.06875
0 0.4609375 0.1234375 0.1265625 0.1140625
0 0.3 0.65390625 0.13125 0.0890625
0 0.321875 0.490625 0.0765625 0.06875
0 0.37265625 0.4859375 0.0703125 0.0796875
0 0.4765625 0.2171875 0.115625 0.1171875
0 0.51640625 0.72109375 0.065625 0.059375
0 0.2796875 0.38125 0.0671875 0.0484375
0 0.61640625 0.11015625 0.0609375 0.0703125
0 0.62890625 0.68125 0.0828125 0.1015625
0 0.96015625 0.78359375 0.0765625 0.1078125
0 0.328125 0.0796875 0.0921875 0.1109375
0 0.41796875 0.65625 0.0796875 0.0890625
0 0.675 0.91171875 0.0828125 0.1125
0 0.109375 0.55546875 0.05625 0.0484375
0 0.95234375 0.35703125 0.0671875 0.0921875
0 0.06875 0.34140625 0.0671875 0.0390625
0 0.36015625 0.2796875 0.06875 0.0640625
0 0.72265625 0.103125 0.09375 0.0890625
0 0.37890625 0.821875 0.0875 0.1046875
0 0.27578125 0.33125 0.0875 0.084375
0 0.190625 0.88359375 0.1125 0.11875
0 0.2796875 0.16171875 0.146875 0.1546875
0 0.5203125 0.84375 0.0828125 0.1046875
0 0.3609375 0.69296875 0.06875 0.078125
0 0.8703125 0.4375 0.065625 0.0875
0 0.65 0.515625 0.1 0.128125
0 0.571875 0.7921875 0.078125 0.071875
0 0.96015625 0.57578125 0.0765625 0.1390625
0 0.8171875 0.9421875 0.0875 0.1015625
0 0.89453125 0.22421875 0.121875 0.146875
0 0.53359375 0.678125 0.053125 0.059375
0 0.58984375 0.9609375 0.05 0.059375
0 0.20859375 0.396875 0.0859375 0.103125
0 0.51796875 0.06875 0.0734375 0.0875
0 0.365625 0.32890625 0.06875 0.065625
0 0.22109375 0.0546875 0.121875 0.1078125
0 0.12890625 0.2609375 0.065625 0.0640625
0 0.1859375 0.296875 0.090625 0.0875
0 0.596875 0.0484375 0.0859375 0.096875
0 0.390625 0.728125 0.0703125 0.0828125
0 0.3796875 0.21484375 0.1015625 0.1125