0 0.125 0.91484375 0.1078125 0.1125
0 0.228125 0.790625 0.09375 0.1078125
0 0.3296875 0.8640625 0.0875 0.1
0 0.30859375 0.5421875 0.103125 0.1015625
0 0.37734375 0.5171875 0.065625 0.06875
0 0.13359375 0.54375 0.10625 0.096875
0 0.1875 0.92734375 0.0609375 0.08125
0 0.48984375 0.9203125 0.2 0.1421875
0 0.51640625 0.0796875 0.153125 0.14375
0 0.15 0.796875 0.0828125 0.103125
0 0.271875 0.9265625 0.0953125 0.096875
0 0.915625 0.81484375 0.1328125 0.1375
0 0.29921875 0.30234375 0.1390625 0.146875
0 0.31640625 0.4328125 0.1234375 0.11875
0 0.05234375 0.36015625 0.1015625 0.1
0 0.75625 0.82421875 0.0859375 0.103125
0 0.05078125 0.23203125 0.1015625 0.1234375
0 0.38125 0.08046875 0.0921875 0.103125
0 0.43671875 0.7484375 0.0671875 0.0765625
0 0.76875 0.04375 0.159375 0.0875
0 0.16875 0.25390625 0.1140625 0.0796875
0 0.9359375 0.4140625 0.1265625 0.128125
0 0.21328125 0.66015625 0.053125 0.0546875
0 0.76640625 0.10859375 0.103125 0.1125
0 0.896875 0.1546875 0.1453125 0.1203125
0 0.07734375 0.128125 0.1140625 0.1296875
0 0.74609375 0.43828125 0.1171875 0.1046875
0 0.71328125 0.6234375 0.1109375 0.1453125
0 0.9640625 0.08046875 0.0703125 0.1421875
0 0.95859375 0.5921875 0.0828125 0.1484375
0 0.58046875 0.81015625 0.05625 0.1109375
0 0.896875 0.909375 0.128125 0.10625
0 0.146875 0.67578125 0.1078125 0.075
0 0.9375 0.29296875 0.125 0.1328125
0 0.390625 0.17734375 0.0921875 0.146875
0 0.7078125 0.33046875 0.1296875 0.13125
0 0.7171875 0.16953125 0.103125 0.0921875
0 0.728125 0.23359375 0.1296875 0.08125
0 0.13828125 0.35546875 0.1390625 0.178125
0 0.56328125 0.51484375 0.1765625 0.153125
0 0.25390625 0.8140625 0.0859375 0.1125
0 0.0796875 0.8296875 0.071875 0.125
0 0.871875 0.49921875 0.109375 0.0984375
0 0.0609375 0.49453125 0.121875 0.15625
0 0.190625 0.5859375 0.1046875 0.0828125
0 0.446875 0.56875 0.0921875 0.1109375
0 0.846875 0.73671875 0.0890625 0.0671875
0 0.49296875 0.67265625 0.065625 0.084375
0 0.5203125 0.42734375 0.159375 0.1375
0 0.58984375 0.7015625 0.1015625 0.13125
0 0.90390625 0.6609375 0.0953125 0.11875
0 0.4625 0.21484375 0.0953125 0.1328125
0 0.81640625 0.6390625 0.109375 0.0890625
0 0.69140625 0.52890625 0.0765625 0.0515625
0 0.609375 0.353125 0.103125 0.11875
0 0.7125 0.93046875 0.0984375 0.11875
0 0.31953125 0.671875 0.090625 0.128125
0 0.6265625 0.17109375 0.115625 0.0921875
0 0.43125 0.32109375 0.0984375 0.0921875
0 0.50625 0.77109375 0.109375 0.0890625
0 0.209375 0.12265625 0.1078125 0.1015625
0 0.56875 0.23828125 0.1296875 0.1203125