0 0.134375 0.43203125 0.15625 0.140625
0 0.875 0.30546875 0.1671875 0.2484375
0 0.2125 0.6390625 0.06875 0.0484375
0 0.421875 0.6890625 0.1453125 0.190625
0 0.94296875 0.228125 0.1140625 0.1828125
0 0.58515625 0.6890625 0.1671875 0.1609375
0 0.390625 0.48828125 0.175 0.178125
0 0.4328125 0.82265625 0.134375 0.121875
0 0.24765625 0.74765625 0.196875 0.20625
0 0.65546875 0.21015625 0.1703125 0.203125
0 0.53359375 0.1625 0.1234375 0.1625
0 0.1546875 0.85078125 0.13125 0.1109375
0 0.1234375 0.240625 0.246875 0.184375
0 0.0546875 0.3796875 0.109375 0.1671875
0 0.7515625 0.69453125 0.25625 0.271875
0 0.9125 0.50390625 0.1734375 0.165625
0 0.53828125 0.6390625 0.1640625 0.159375
0 0.1 0.91640625 0.1296875 0.140625
0 0.5609375 0.83515625 0.1625 0.178125
0 0.12265625 0.68828125 0.1375 0.178125
0 0.5546875 0.34609375 0.1703125 0.2078125
0 0.26171875 0.1203125 0.1796875 0.175
0 0.92109375 0.7359375 0.1390625 0.16875
0 0.07734375 0.134375 0.1546875 0.125
0 0.31875 0.63828125 0.1734375 0.16875
0 0.24453125 0.93125 0.2109375 0.1375
0 0.73671875 0.4046875 0.2203125 0.2265625
0 0.40625 0.1703125 0.1859375 0.246875
0 0.4953125 0.45390625 0.2 0.2234375