0 0.91484375 0.40546875 0.1125 0.1
0 0.05234375 0.8203125 0.1046875 0.15
0 0.62890625 0.39453125 0.078125 0.0765625
0 0.21796875 0.68671875 0.0796875 0.0703125
0 0.721875 0.86171875 0.13125 0.1515625
0 0.9 0.19375 0.1890625 0.196875
0 0.671875 0.15 0.08125 0.0734375
0 0.1796875 0.28125 0.071875 0.071875
0 0.7140625 0.4 0.084375 0.078125
0 0.3875 0.88125 0.134375 0.11875
0 0.39453125 0.7546875 0.128125 0.109375
0 0.2796875 0.1703125 0.1265625 0.1453125
0 0.5453125 0.4671875 0.0734375 0.071875
0 0.0703125 0.065625 0.0953125 0.1015625
0 0.1734375 0.33203125 0.0671875 0.0484375
0 0.05703125 0.2984375 0.1140625 0.140625
0 0.521875 0.2578125 0.1171875 0.103125
0 0.2484375 0.05234375 0.11875 0.1046875
0 0.7625 0.26796875 0.13125 0.1390625
0 0.82421875 0.440625 0.1421875 0.1484375
0 0.90078125 0.92109375 0.1375 0.15625
0 0.94375 0.75859375 0.1078125 0.1125
0 0.25 0.340625 0.0921875 0.08125
0 0.81640625 0.659375 0.1328125 0.13125
0 0.0890625 0.225 0.1140625 0.0984375
0 0.81328125 0.0890625 0.1421875 0.1375
0 0.33984375 0.2828125 0.090625 0.084375
0 0.58359375 0.65546875 0.165625 0.16875
0 0.65546875 0.22578125 0.0890625 0.078125
0 0.4140625 0.38515625 0.1109375 0.1078125
0 0.425 0.67265625 0.11875 0.1125
0 0.9296875 0.2828125 0.071875 0.05625
0 0.66015625 0.303125 0.1125 0.1078125
0 0.40625 0.07421875 0.146875 0.1484375
0 0.23515625 0.81796875 0.1609375 0.1578125
0 0.096875 0.65625 0.15625 0.1265625
0 0.33203125 0.9515625 0.1078125 0.09375
0 0.584375 0.79765625 0.1265625 0.1421875