0 0.23828125 0.1 0.0640625 0.0984375
0 0.11875 0.94140625 0.146875 0.1171875
0 0.6640625 0.790625 0.0875 0.075
0 0.05625 0.565625 0.1125 0.1078125
0 0.10625 0.77890625 0.1 0.0734375
0 0.2328125 0.37734375 0.103125 0.103125
0 0.6734375 0.56796875 0.090625 0.096875
0 0.240625 0.93359375 0.121875 0.1328125
0 0.375 0.85078125 0.0734375 0.084375
0 0.72109375 0.165625 0.0640625 0.071875
0 0.896875 0.1015625 0.121875 0.0984375
0 0.48515625 0.8234375 0.09375 0.1109375
0 0.4375 0.94140625 0.0953125 0.115625
0 0.7171875 0.45625 0.090625 0.0875
0 0.19453125 0.8625 0.06875 0.0703125
0 0.75859375 0.5796875 0.078125 0.10625
0 0.7984375 0.16640625 0.0734375 0.0765625
0 0.0515625 0.73984375 0.103125 0.1234375
0 0.33984375 0.5015625 0.0640625 0.0921875
0 0.5796875 0.92734375 0.1140625 0.121875
0 0.71875 0.084375 0.11875 0.13125
0 0.28984375 0.22578125 0.0875 0.103125
0 0.07109375 0.2171875 0.0703125 0.0609375
0 0.47734375 0.49765625 0.078125 0.0953125
0 0.31953125 0.125 0.040625 0.0703125
0 0.1328125 0.6015625 0.0640625 0.0640625
0 0.03359375 0.05859375 0.0484375 0.065625
0 0.23046875 0.5234375 0.1171875 0.0828125
0 0.9046875 0.75859375 0.0921875 0.084375
0 0.54609375 0.43125 0.109375 0.0796875
0 0.7484375 0.87734375 0.115625 0.11875
0 0.559375 0.725 0.0765625 0.071875
0 0.6328125 0.37109375 0.09375 0.115625
0 0.79765625 0.2640625 0.0859375 0.059375
0 0.96796875 0.5484375 0.0609375 0.0875
0 0.33984375 0.93984375 0.0765625 0.103125
0 0.94296875 0.4765625 0.0859375 0.0734375
0 0.9203125 0.5625 0.0703125 0.05
0 0.86171875 0.434375 0.103125 0.0890625
0 0.8234375 0.72578125 0.05625 0.075
0 0.8359375 0.57265625 0.0671875 0.0765625
0 0.0890625 0.13515625 0.0765625 0.0890625
0 0.22265625 0.809375 0.0828125 0.0765625
0 0.88203125 0.35859375 0.1046875 0.0953125
0 0.165625 0.05625 0.071875 0.0765625
0 0.07421875 0.30546875 0.1484375 0.1046875
0 0.82734375 0.18984375 0.109375 0.08125
0 0.38125 0.04453125 0.06875 0.0890625
0 0.246875 0.690625 0.0703125 0.071875
0 0.72578125 0.29296875 0.075 0.096875
0 0.38359375 0.275 0.09375 0.084375
0 0.07890625 0.453125 0.1203125 0.1125
0 0.78203125 0.41171875 0.0921875 0.1015625
0 0.765625 0.75 0.1015625 0.109375
0 0.5484375 0.346875 0.096875 0.1109375
0 0.88359375 0.66953125 0.11875 0.1
0 0.634375 0.27578125 0.1046875 0.090625
0 0.22734375 0.16796875 0.071875 0.0875
0 0.634375 0.1203125 0.0875 0.109375
0 0.596875 0.8359375 0.09375 0.1
0 0.4578125 0.12890625 0.065625 0.0765625
0 0.896875 0.9484375 0.0640625 0.0609375
0 0.85546875 0.5140625 0.0703125 0.053125
0 0.52890625 0.17734375 0.0953125 0.109375
0 0.50234375 0.25703125 0.08125 0.09375
0 0.34921875 0.21015625 0.040625 0.0484375
0 0.85703125 0.88359375 0.0703125 0.0921875
0 0.82578125 0.9484375 0.0703125 0.071875
0 0.4515625 0.33203125 0.06875 0.0765625
0 0.96640625 0.6390625 0.065625 0.0671875
0 0.79140625 0.3109375 0.059375 0.0453125
0 0.196875 0.59140625 0.0734375 0.0765625
0 0.1671875 0.17734375 0.0953125 0.103125
0 0.60859375 0.71796875 0.084375 0.1046875
0 0.40859375 0.49609375 0.071875 0.084375
0 0.9046875 0.8640625 0.05625 0.071875
0 0.15546875 0.24375 0.1296875 0.1125
0 0.42265625 0.16328125 0.1046875 0.096875
0 0.73515625 0.65078125 0.0734375 0.075