0 0.090625 0.86796875 0.0609375 0.06875
0 0.5625 0.61171875 0.1015625 0.1296875
0 0.40625 0.87890625 0.115625 0.1484375
0 0.93984375 0.0390625 0.11875 0.078125
0 0.02421875 0.82734375 0.0484375 0.0609375
0 0.06875 0.1671875 0.084375 0.06875
0 0.08203125 0.2640625 0.0765625 0.075
0 0.271875 0.43984375 0.0953125 0.1078125
0 0.875 0.40078125 0.165625 0.1953125
0 0.73828125 0.4859375 0.153125 0.153125
0 0.2984375 0.340625 0.10625 0.09375
0 0.1609375 0.07890625 0.0484375 0.071875
0 0.234375 0.04375 0.08125 0.0875
0 0.49453125 0.909375 0.109375 0.1359375
0 0.071875 0.42578125 0.0765625 0.053125
0 0.17578125 0.61484375 0.165625 0.1265625
0 0.75546875 0.365625 0.1203125 0.121875
0 0.375 0.17734375 0.1171875 0.1046875
0 0.0765625 0.9453125 0.0828125 0.10625
0 0.88125 0.18359375 0.075 0.0984375
0 0.79140625 0.80703125 0.11875 0.13125
0 0.3375 0.0640625 0.084375 0.103125
0 0.33984375 0.24140625 0.0921875 0.096875
0 0.88515625 0.6484375 0.0953125 0.121875
0 0.91328125 0.5 0.1109375 0.0875
0 0.20703125 0.25859375 0.084375 0.06875
0 0.08046875 0.8 0.1125 0.1203125
0 0.8609375 0.55546875 0.096875 0.09375
0 0.0359375 0.040625 0.071875 0.08125
0 0.61171875 0.43984375 0.1734375 0.1546875
0 0.13125 0.20546875 0.125 0.1140625
0 0.16953125 0.89453125 0.1234375 0.13125
0 0.02890625 0.32578125 0.0390625 0.03125
0 0.7359375 0.2359375 0.090625 0.090625
0 0.665625 0.72578125 0.159375 0.16875
0 0.66015625 0.8984375 0.1203125 0.1328125
0 0.3078125 0.1484375 0.059375 0.06875
0 0.13125 0.11171875 0.0484375 0.0578125
0 0.503125 0.65390625 0.1015625 0.115625
0 0.17890625 0.3796875 0.1421875 0.1859375
0 0.8046875 0.24453125 0.09375 0.090625
0 0.4359375 0.62890625 0.0828125 0.090625
0 0.61875 0.071875 0.128125 0.14375
0 0.56796875 0.15546875 0.1015625 0.0890625
0 0.253125 0.3109375 0.1 0.0875
0 0.30625 0.81875 0.1453125 0.1734375
0 0.0515625 0.6578125 0.090625 0.0984375
0 0.23203125 0.55234375 0.1453125 0.134375
0 0.08359375 0.546875 0.096875 0.0796875
0 0.4984375 0.465625 0.0796875 0.09375
0 0.8828125 0.8984375 0.1078125 0.1375
0 0.81953125 0.140625 0.08125 0.0953125
0 0.53984375 0.03671875 0.0828125 0.0734375
0 0.53046875 0.1 0.078125 0.0609375
0 0.0421875 0.57890625 0.0703125 0.103125
0 0.08984375 0.09296875 0.075 0.1109375
0 0.36640625 0.425 0.1140625 0.1
0 0.49296875 0.7734375 0.115625 0.13125
0 0.16640625 0.15390625 0.103125 0.0640625
0 0.4734375 0.3390625 0.0859375 0.0828125
0 0.7734375 0.94921875 0.1015625 0.1
0 0.34140625 0.503125 0.1296875 0.1140625
0 0.8171875 0.65 0.0796875 0.096875
0 0.3109375 0.93359375 0.1234375 0.13125
0 0.2421875 0.15390625 0.0671875 0.06875
0 0.50234375 0.253125 0.1078125 0.1015625
0 0.5625 0.86484375 0.0859375 0.1359375
0 0.2046875 0.109375 0.053125 0.0640625
0 0.68125 0.125 0.0984375 0.1109375
0 0.8578125 0.9515625 0.121875 0.0953125
0 0.61484375 0.22890625 0.0796875 0.0671875
0 0.1125 0.49921875 0.075 0.0671875
0 0.1875 0.0375 0.0640625 0.075
0 0.759375 0.146875 0.078125 0.0921875
0 0.76484375 0.08984375 0.0765625 0.0671875
0 0.28828125 0.27109375 0.0546875 0.046875
0 0.0484375 0.10078125 0.0546875 0.071875
0 0.85546875 0.07734375 0.0625 0.05625
0 0.284375 0.1921875 0.0625 0.0734375
0 0.3515625 0.66875 0.15 0.1453125
0 0.23359375 0.20078125 0.05625 0.065625
0 0.1 0.34140625 0.109375 0.1375
0 0.4 0.3109375 0.1140625 0.0984375
0 0.675 0.20546875 0.0734375 0.075
0 0.4140625 0.3921875 0.0796875 0.1015625
0 0.209375 0.9390625 0.0953125 0.121875
0 0.228125 0.48359375 0.0734375 0.0703125
0 0.6125 0.17734375 0.0671875 0.0609375
0 0.07578125 0.47578125 0.0734375 0.0640625
0 0.67421875 0.034375 0.0484375 0.05
0 0.20703125 0.79375 0.11875 0.1234375