0 0.5828125 0.69296875 0.134375 0.1515625
0 0.32734375 0.1296875 0.2421875 0.259375
0 0.69375 0.39921875 0.215625 0.21875
0 0.5140625 0.0734375 0.13125 0.146875
0 0.1421875 0.78203125 0.284375 0.240625
0 0.11640625 0.4171875 0.2328125 0.203125
0 0.928125 0.66796875 0.1390625 0.115625
0 0.0453125 0.10234375 0.090625 0.2046875
0 0.65 0.24609375 0.1484375 0.16875
0 0.715625 0.78515625 0.159375 0.15625
0 0.77578125 0.24609375 0.13125 0.1390625
0 0.8984375 0.7765625 0.171875 0.18125
0 0.82421875 0.59765625 0.1234375 0.1109375
0 0.078125 0.2671875 0.15625 0.1671875
0 0.3609375 0.9265625 0.30625 0.14375
0 0.21484375 0.359375 0.225 0.209375
0 0.18125 0.5109375 0.2515625 0.2
0 0.071875 0.58828125 0.14375 0.134375
0 0.9125 0.3734375 0.1328125 0.1078125
0 0.8984375 0.0578125 0.1890625 0.115625
0 0.32734375 0.81875 0.134375 0.1234375
0 0.32265625 0.725 0.115625 0.11875
0 0.13203125 0.06640625 0.18125 0.1328125
0 0.43125 0.07421875 0.1296875 0.1390625
0 0.19921875 0.17109375 0.2453125 0.2453125
0 0.44921875 0.69140625 0.2421875 0.2890625
0 0.50234375 0.21171875 0.1375 0.134375
0 0.68046875 0.8734375 0.0828125 0.1
0 0.5828125 0.86484375 0.1515625 0.159375
0 0.33984375 0.475 0.1265625 0.1203125
0 0.7390625 0.09765625 0.1859375 0.1953125
0 0.95859375 0.95078125 0.0796875 0.0953125
0 0.95234375 0.2859375 0.090625 0.115625
0 0.525 0.32265625 0.1703125 0.1859375
0 0.93359375 0.4296875 0.128125 0.178125
0 0.1828125 0.6609375 0.2765625 0.1921875
0 0.68046875 0.61875 0.175 0.178125