0 0.14453125 0.22421875 0.0375 0.0734375
0 0.50703125 0.115625 0.059375 0.0796875
0 0.278125 0.28125 0.053125 0.06875
0 0.63828125 0.6015625 0.053125 0.0453125
0 0.9046875 0.103125 0.10625 0.121875
0 0.1609375 0.6984375 0.053125 0.0703125
0 0.2984375 0.7734375 0.10625 0.0984375
0 0.96484375 0.32890625 0.0703125 0.053125
0 0.16796875 0.52890625 0.0625 0.059375
0 0.56171875 0.75546875 0.096875 0.0609375
0 0.38203125 0.6828125 0.1171875 0.1171875
0 0.0859375 0.4296875 0.04375 0.0546875
0 0.3609375 0.384375 0.0328125 0.0375
0 0.12109375 0.3109375 0.084375 0.071875
0 0.8125 0.57265625 0.1140625 0.1
0 0.303125 0.1671875 0.0609375 0.0703125
0 0.81328125 0.05859375 0.115625 0.1171875
0 0.4703125 0.50859375 0.0421875 0.0484375