0 0.0375 0.0953125 0.0671875 0.0734375
0 0.128125 0.09453125 0.0640625 0.06875
0 0.3859375 0.45859375 0.0921875 0.0953125
0 0.38125 0.0421875 0.078125 0.084375
0 0.95546875 0.3140625 0.06875 0.0640625
0 0.84140625 0.6875 0.071875 0.065625
0 0.23828125 0.84140625 0.0671875 0.0765625
0 0.2171875 0.7484375 0.075 0.0828125
0 0.2953125 0.2671875 0.078125 0.0796875
0 0.803125 0.19921875 0.090625 0.0875
0 0.20234375 0.9609375 0.071875 0.0734375
0 0.28203125 0.89765625 0.06875 0.0640625
0 0.41328125 0.63046875 0.075 0.103125
0 0.8546875 0.309375 0.078125 0.059375
0 0.4515625 0.71796875 0.065625 0.0609375
0 0.07109375 0.8734375 0.084375 0.071875
0 0.75546875 0.240625 0.0796875 0.0765625
0 0.51015625 0.33984375 0.0484375 0.05
0 0.3140625 0.63203125 0.0640625 0.05625
0 0.2875 0.59140625 0.0546875 0.0640625
0 0.93671875 0.765625 0.121875 0.1171875
0 0.03046875 0.4375 0.0609375 0.065625
0 0.634375 0.94375 0.06875 0.0875
0 0.5328125 0.69765625 0.103125 0.121875
0 0.1390625 0.94453125 0.06875 0.0671875
0 0.06953125 0.8140625 0.090625 0.0875
0 0.228125 0.09765625 0.071875 0.0859375
0 0.56875 0.63828125 0.0609375 0.0734375
0 0.95703125 0.54140625 0.078125 0.0625
0 0.2578125 0.17578125 0.0453125 0.046875
0 0.26640625 0.7484375 0.075 0.078125
0 0.40390625 0.91640625 0.1078125 0.1203125
0 0.8515625 0.24375 0.078125 0.0671875
0 0.36640625 0.565625 0.0625 0.0546875
0 0.3640625 0.2484375 0.046875 0.046875
0 0.8015625 0.421875 0.071875 0.071875
0 0.16015625 0.83359375 0.053125 0.065625
0 0.584375 0.96875 0.046875 0.0546875
0 0.63984375 0.5578125 0.0703125 0.059375
0 0.09765625 0.8359375 0.071875 0.065625
0 0.33671875 0.69921875 0.0609375 0.065625
0 0.19140625 0.79296875 0.0578125 0.0640625
0 0.95078125 0.41328125 0.096875 0.0984375
0 0.49609375 0.5796875 0.0703125 0.0671875
0 0.4765625 0.37890625 0.0375 0.05
0 0.8671875 0.42890625 0.05625 0.0578125
0 0.06484375 0.953125 0.103125 0.09375
0 0.278125 0.8046875 0.0890625 0.0875
0 0.17890625 0.121875 0.059375 0.0578125
0 0.146875 0.615625 0.090625 0.078125
0 0.69921875 0.68203125 0.0609375 0.05625
0 0.61328125 0.88203125 0.0875 0.078125
0 0.1984375 0.66796875 0.078125 0.0890625
0 0.24375 0.6859375 0.0734375 0.0609375
0 0.59609375 0.06640625 0.06875 0.0765625
0 0.8984375 0.83359375 0.165625 0.1953125
0 0.571875 0.52890625 0.0390625 0.0515625
0 0.6171875 0.33515625 0.0984375 0.0921875
0 0.7 0.51953125 0.103125 0.1109375
0 0.059375 0.48125 0.0921875 0.0828125
0 0.3234375 0.0359375 0.05 0.065625
0 0.5 0.9453125 0.0765625 0.084375
0 0.203125 0.3703125 0.1078125 0.1046875
0 0.09296875 0.54921875 0.0828125 0.065625
0 0.04140625 0.71953125 0.075 0.0765625
0 0.3828125 0.68359375 0.0640625 0.065625
0 0.65 0.61796875 0.059375 0.05625
0 0.53515625 0.059375 0.084375 0.0875
0 0.1421875 0.7171875 0.071875 0.0671875
0 0.06484375 0.92109375 0.0734375 0.0765625
0 0.7453125 0.76875 0.090625 0.096875
0 0.13984375 0.678125 0.0734375 0.065625
0 0.54296875 0.96328125 0.046875 0.06875
0 0.5421875 0.5875 0.059375 0.06875
0 0.146875 0.88515625 0.0765625 0.084375
0 0.81953125 0.0609375 0.0890625 0.078125
0 0.7734375 0.56640625 0.09375 0.1109375
0 0.44765625 0.08671875 0.0765625 0.0796875
0 0.1953125 0.2046875 0.0640625 0.0640625
0 0.0765625 0.42734375 0.0640625 0.065625
0 0.465625 0.615625 0.0796875 0.0828125
0 0.13671875 0.39296875 0.0828125 0.0875
0 0.9125 0.38125 0.0703125 0.059375
0 0.45234375 0.1515625 0.103125 0.071875