0 0.48046875 0.20625 0.0609375 0.0578125
0 0.84375 0.63046875 0.1234375 0.1015625
0 0.86015625 0.896875 0.0796875 0.1109375
0 0.19453125 0.26953125 0.0609375 0.071875
0 0.21015625 0.4796875 0.115625 0.11875
0 0.95078125 0.22421875 0.065625 0.0609375
0 0.45234375 0.94375 0.090625 0.1078125
0 0.853125 0.3984375 0.0984375 0.096875
0 0.1 0.0859375 0.0921875 0.1015625
0 0.64921875 0.49375 0.1109375 0.1265625
0 0.17734375 0.08359375 0.0734375 0.0703125
0 0.43125 0.25078125 0.0796875 0.0796875
0 0.23515625 0.93515625 0.1 0.090625
0 0.79765625 0.4828125 0.115625 0.09375
0 0.51484375 0.32734375 0.084375 0.08125
0 0.178125 0.71015625 0.11875 0.1265625
0 0.04609375 0.65390625 0.0921875 0.1515625
0 0.2703125 0.7109375 0.1359375 0.1390625
0 0.39375 0.228125 0.0484375 0.0578125
0 0.9203125 0.584375 0.0875 0.0640625
0 0.86015625 0.0390625 0.0875 0.078125
0 0.95 0.63984375 0.0640625 0.05
0 0.71484375 0.71640625 0.0984375 0.10625
0 0.246875 0.0453125 0.084375 0.090625
0 0.06875 0.1296875 0.13125 0.1046875
0 0.5375 0.58671875 0.1140625 0.0828125
0 0.06015625 0.49765625 0.1203125 0.121875
0 0.61640625 0.5796875 0.084375 0.0828125
0 0.56796875 0.49453125 0.065625 0.096875
0 0.5609375 0.25546875 0.0953125 0.0875
0 0.77265625 0.54609375 0.0609375 0.0671875
0 0.3859375 0.93984375 0.0609375 0.075
0 0.14375 0.23828125 0.084375 0.0953125
0 0.3375 0.7296875 0.0765625 0.11875
0 0.79296875 0.33828125 0.0953125 0.084375
0 0.546875 0.19453125 0.090625 0.0765625
0 0.32109375 0.2484375 0.0890625 0.1140625
0 0.7328125 0.37890625 0.06875 0.103125
0 0.53125 0.83203125 0.0921875 0.090625
0 0.33125 0.946875 0.0921875 0.071875
0 0.6859375 0.40546875 0.10625 0.1046875
0 0.88359375 0.178125 0.0796875 0.1109375
0 0.571875 0.68515625 0.08125 0.1296875
0 0.784375 0.93828125 0.103125 0.1109375
0 0.68515625 0.6203125 0.1515625 0.134375
0 0.25 0.11953125 0.071875 0.078125
0 0.86015625 0.51796875 0.053125 0.05625
0 0.6359375 0.74140625 0.0859375 0.071875
0 0.725 0.7765625 0.1109375 0.0640625
0 0.56640625 0.365625 0.1 0.1046875
0 0.25390625 0.209375 0.0875 0.10625
0 0.7515625 0.83359375 0.1109375 0.128125
0 0.8546875 0.31640625 0.0453125 0.0640625
0 0.24375 0.284375 0.0796875 0.075
0 0.2390625 0.834375 0.13125 0.121875
0 0.8203125 0.565625 0.0734375 0.06875
0 0.3609375 0.8609375 0.125 0.10625
0 0.18828125 0.16484375 0.0921875 0.1
0 0.5921875 0.30859375 0.0640625 0.0609375
0 0.83359375 0.71953125 0.1125 0.125
0 0.4484375 0.1703125 0.09375 0.0671875
0 0.8359375 0.20078125 0.0625 0.08125
0 0.12109375 0.846875 0.1125 0.103125
0 0.7015625 0.25 0.1015625 0.103125
0 0.69453125 0.89609375 0.078125 0.0765625
0 0.7984375 0.26171875 0.1125 0.078125
0 0.47265625 0.0828125 0.06875 0.0765625
0 0.33046875 0.38828125 0.0765625 0.0828125
0 0.48828125 0.68046875 0.1421875 0.1625
0 0.9109375 0.128125 0.05 0.0515625
0 0.2828125 0.34765625 0.0703125 0.1109375
0 0.9140625 0.3484375 0.0875 0.0859375
0 0.31875 0.80703125 0.0671875 0.06875
0 0.6921875 0.32109375 0.109375 0.0828125
0 0.0625 0.8125 0.125 0.1140625
0 0.9625 0.16796875 0.0703125 0.075
0 0.70078125 0.95625 0.146875 0.0859375
0 0.94921875 0.7578125 0.0984375 0.1171875
0 0.4109375 0.0453125 0.075 0.0890625
0 0.55859375 0.4359375 0.05625 0.0421875
0 0.634375 0.11171875 0.1859375 0.2234375
0 0.51484375 0.409375 0.06875 0.084375
0 0.4328125 0.41640625 0.109375 0.1046875
0 0.078125 0.32734375 0.1421875 0.0953125
0 0.55546875 0.921875 0.1375 0.1546875
0 0.934375 0.48515625 0.053125 0.04375
0 0.146875 0.62421875 0.115625 0.0625
0 0.51328125 0.5171875 0.11875 0.134375
0 0.040625 0.925 0.08125 0.125
0 0.44609375 0.83984375 0.078125 0.1125
0 0.19453125 0.39375 0.0828125 0.046875
0 0.9140625 0.521875 0.071875 0.06875
0 0.10703125 0.42734375 0.134375 0.121875
0 0.41796875 0.33984375 0.1234375 0.103125
0 0.73203125 0.0984375 0.0484375 0.0765625
0 0.9234375 0.2765625 0.1 0.0890625
0 0.30859375 0.48046875 0.0875 0.121875
0 0.4 0.74609375 0.115625 0.140625
0 0.903125 0.78828125 0.1 0.1
0 0.784375 0.184375 0.0765625 0.0859375
0 0.271875 0.1703125 0.071875 0.0734375
0 0.628125 0.8703125 0.08125 0.0921875
0 0.39453125 0.525 0.13125 0.1546875
0 0.29921875 0.9046875 0.053125 0.06875
0 0.81015625 0.11171875 0.1125 0.0984375
0 0.2171875 0.34609375 0.0953125 0.0921875
0 0.946875 0.88125 0.10625 0.1640625
0 0.12890625 0.9109375 0.1234375 0.11875
0 0.646875 0.81484375 0.0859375 0.084375
0 0.95390625 0.078125 0.0921875 0.1046875
0 0.64765625 0.1875 0.0953125 0.0703125
0 0.15390625 0.54921875 0.10625 0.0875
0 0.34453125 0.1140625 0.128125 0.1578125
0 0.490625 0.26328125 0.053125 0.0578125
0 0.11484375 0.69609375 0.1015625 0.109375
0 0.44765625 0.11796875 0.0890625 0.0625