0 0.94296875 0.80703125 0.0890625 0.075
0 0.51640625 0.07421875 0.0578125 0.040625
0 0.69609375 0.1875 0.0421875 0.0359375
0 0.23046875 0.92734375 0.053125 0.0625
0 0.5234375 0.15 0.046875 0.0453125
0 0.6921875 0.08984375 0.0453125 0.0453125
0 0.153125 0.91796875 0.0453125 0.0453125
0 0.60859375 0.53125 0.04375 0.0359375
0 0.4359375 0.2203125 0.08125 0.0875
0 0.46015625 0.0953125 0.0390625 0.046875
0 0.64609375 0.27734375 0.04375 0.0359375
0 0.090625 0.11953125 0.06875 0.053125
0 0.49375 0.2140625 0.0453125 0.0453125
0 0.1109375 0.859375 0.0484375 0.05
0 0.3125 0.14921875 0.0703125 0.059375
0 0.3765625 0.121875 0.059375 0.0515625
0 0.61171875 0.20234375 0.0359375 0.0421875
0 0.2421875 0.11171875 0.0453125 0.0453125
0 0.41953125 0.56640625 0.0609375 0.071875
0 0.76953125 0.26640625 0.065625 0.0609375
0 0.715625 0.1546875 0.0484375 0.0484375
0 0.4765625 0.15390625 0.040625 0.053125
0 0.5453125 0.115625 0.046875 0.0453125
0 0.0890625 0.86953125 0.04375 0.05625
0 0.6796875 0.125 0.046875 0.05625
0 0.42109375 0.63125 0.0453125 0.04375
0 0.25859375 0.18515625 0.0453125 0.046875
0 0.46328125 0.046875 0.05 0.0453125
0 0.27109375 0.25859375 0.0625 0.05
0 0.72890625 0.54453125 0.046875 0.046875
0 0.278125 0.15859375 0.059375 0.0453125
0 0.62265625 0.0390625 0.046875 0.0484375
0 0.41015625 0.15390625 0.0453125 0.046875
0 0.8734375 0.140625 0.0453125 0.0453125
0 0.025 0.7875 0.0484375 0.0671875
0 0.525 0.27265625 0.0390625 0.0328125
0 0.5546875 0.2546875 0.08125 0.08125
0 0.91484375 0.325 0.0640625 0.0625
0 0.1890625 0.915625 0.053125 0.0515625
0 0.42421875 0.05390625 0.0484375 0.0453125
0 0.2046875 0.5125 0.0515625 0.0453125
0 0.78671875 0.109375 0.0703125 0.0640625
0 0.43515625 0.07578125 0.03125 0.0328125
0 0.19140625 0.8765625 0.046875 0.04375
0 0.6421875 0.10078125 0.046875 0.046875
0 0.93125 0.7390625 0.0625 0.071875
0 0.0515625 0.0921875 0.0625 0.053125
0 0.6671875 0.0640625 0.046875 0.0515625
0 0.50625 0.11328125 0.0328125 0.034375
0 0.21484375 0.84375 0.0359375 0.0328125
0 0.87734375 0.75625 0.0640625 0.065625
0 0.7484375 0.146875 0.04375 0.0453125
0 0.321875 0.053125 0.0390625 0.046875
0 0.34609375 0.16875 0.0453125 0.053125
0 0.3375 0.26171875 0.0515625 0.0375
0 0.84765625 0.11875 0.0640625 0.0609375
0 0.2578125 0.05 0.0515625 0.0515625
0 0.21328125 0.0546875 0.0546875 0.0453125
0 0.5671875 0.075 0.0359375 0.0375
0 0.0796875 0.88984375 0.046875 0.0453125
0 0.7875 0.21484375 0.05625 0.0640625
0 0.31015625 0.12421875 0.040625 0.0375
0 0.46015625 0.178125 0.0359375 0.040625
0 0.4984375 0.28515625 0.0421875 0.040625
0 0.60390625 0.23828125 0.0515625 0.0453125
0 0.915625 0.1359375 0.0484375 0.0453125
0 0.30390625 0.63359375 0.04375 0.0453125
0 0.08359375 0.03984375 0.0703125 0.0796875
0 0.2140625 0.0921875 0.0515625 0.0515625
0 0.74375 0.04296875 0.0734375 0.071875
0 0.28828125 0.0703125 0.0390625 0.05625
0 0.30078125 0.0234375 0.0453125 0.0375
0 0.32421875 0.81328125 0.034375 0.0421875
0 0.2953125 0.8125 0.0328125 0.0484375
0 0.590625 0.171875 0.0484375 0.05625
0 0.028125 0.89296875 0.0484375 0.059375
0 0.28203125 0.96484375 0.0546875 0.053125
0 0.91015625 0.0921875 0.0578125 0.053125
0 0.3265625 0.5125 0.0484375 0.0390625
0 0.3796875 0.165625 0.03125 0.0359375
0 0.290625 0.91015625 0.06875 0.059375
0 0.35859375 0.0625 0.04375 0.0390625
0 0.303125 0.1875 0.0453125 0.0390625