0 0.4609375 0.884375 0.071875 0.078125
0 0.178125 0.625 0.071875 0.0640625
0 0.2625 0.3703125 0.0703125 0.0625
0 0.5109375 0.25625 0.0390625 0.0359375
0 0.6765625 0.9359375 0.06875 0.065625
0 0.68125 0.52109375 0.0703125 0.0625
0 0.21171875 0.56953125 0.071875 0.0734375
0 0.72265625 0.5765625 0.0640625 0.0640625
0 0.68671875 0.86875 0.0625 0.0640625
0 0.25859375 0.75 0.0875 0.0765625
0 0.403125 0.21484375 0.0390625 0.046875
0 0.63515625 0.83515625 0.059375 0.075
0 0.38046875 0.040625 0.03125 0.0515625
0 0.8015625 0.328125 0.0875 0.0796875
0 0.4625 0.259375 0.04375 0.0515625
0 0.24765625 0.1359375 0.05 0.05625
0 0.45390625 0.6578125 0.1140625 0.10625
0 0.57734375 0.5375 0.0703125 0.0890625
0 0.19921875 0.11328125 0.0421875 0.04375
0 0.23828125 0.07734375 0.0484375 0.053125
0 0.66015625 0.4625 0.071875 0.0640625
0 0.4890625 0.95390625 0.0796875 0.084375
0 0.334375 0.971875 0.065625 0.0546875
0 0.259375 0.6765625 0.0796875 0.0953125
0 0.5171875 0.0921875 0.075 0.0703125
0 0.57890625 0.44921875 0.0765625 0.0875
0 0.0765625 0.3421875 0.078125 0.0828125
0 0.7171875 0.40859375 0.0640625 0.0640625
0 0.70859375 0.25234375 0.0609375 0.0515625
0 0.26796875 0.821875 0.06875 0.0859375
0 0.19765625 0.08359375 0.04375 0.04375
0 0.92265625 0.56640625 0.0875 0.096875
0 0.4015625 0.4890625 0.096875 0.08125
0 0.4109375 0.90703125 0.078125 0.0875
0 0.44375 0.134375 0.053125 0.05625
0 0.49453125 0.16171875 0.0609375 0.0609375
0 0.73984375 0.203125 0.053125 0.0515625
0 0.440625 0.18125 0.0390625 0.04375
0 0.68828125 0.2125 0.05 0.0625
0 0.23671875 0.60234375 0.0453125 0.05
0 0.3765625 0.7375 0.090625 0.0984375
0 0.60390625 0.2796875 0.05625 0.0609375
0 0.2765625 0.91796875 0.0765625 0.0890625
0 0.084375 0.4953125 0.0640625 0.071875
0 0.27265625 0.20703125 0.05 0.046875
0 0.6 0.1328125 0.0734375 0.0640625
0 0.72265625 0.63671875 0.0703125 0.0640625
0 0.328125 0.703125 0.0640625 0.06875
0 0.40234375 0.43671875 0.0734375 0.0734375
0 0.5390625 0.2265625 0.04375 0.0640625
0 0.321875 0.5140625 0.090625 0.08125