0 0.72578125 0.69140625 0.075 0.078125
0 0.425 0.146875 0.0890625 0.08125
0 0.1578125 0.62421875 0.053125 0.0453125
0 0.74296875 0.6203125 0.0921875 0.0953125
0 0.24296875 0.70234375 0.103125 0.1
0 0.63671875 0.56953125 0.1140625 0.1140625
0 0.63828125 0.46171875 0.078125 0.0640625
0 0.06953125 0.4203125 0.0640625 0.0640625
0 0.084375 0.24609375 0.0640625 0.053125
0 0.51484375 0.3421875 0.053125 0.046875
0 0.859375 0.1265625 0.1671875 0.1375
0 0.640625 0.13828125 0.0734375 0.071875
0 0.5078125 0.81640625 0.0671875 0.0640625
0 0.075 0.50859375 0.053125 0.05
0 0.4375 0.27265625 0.078125 0.071875
0 0.94296875 0.3828125 0.096875 0.0953125
0 0.1 0.81015625 0.0546875 0.059375
0 0.18125 0.78828125 0.075 0.084375
0 0.9171875 0.6546875 0.08125 0.109375
0 0.18515625 0.73125 0.0890625 0.08125
0 0.59296875 0.03125 0.0640625 0.059375
0 0.13671875 0.6984375 0.04375 0.046875
0 0.9078125 0.284375 0.071875 0.0734375
0 0.521875 0.5125 0.0671875 0.0640625
0 0.4796875 0.396875 0.096875 0.0921875
0 0.02890625 0.4328125 0.040625 0.0390625
0 0.55859375 0.66953125 0.1078125 0.0734375
0 0.76953125 0.83984375 0.0953125 0.0984375
0 0.09375 0.6359375 0.0546875 0.0453125
0 0.3078125 0.60703125 0.096875 0.09375
0 0.2921875 0.85703125 0.0828125 0.0765625
0 0.60078125 0.875 0.090625 0.10625
0 0.51796875 0.46328125 0.071875 0.0609375
0 0.33359375 0.328125 0.08125 0.06875
0 0.11015625 0.94765625 0.071875 0.0765625
0 0.31796875 0.22578125 0.0703125 0.065625
0 0.375 0.10546875 0.06875 0.0796875
0 0.440625 0.5125 0.071875 0.0640625
0 0.38671875 0.32109375 0.08125 0.075
0 0.79921875 0.50234375 0.10625 0.0828125
0 0.39453125 0.21640625 0.0734375 0.075
0 0.1953125 0.03515625 0.075 0.0703125
0 0.44453125 0.81171875 0.0671875 0.0671875
0 0.2703125 0.22890625 0.0484375 0.059375
0 0.8328125 0.0609375 0.0984375 0.0859375
0 0.41015625 0.659375 0.078125 0.0921875
0 0.3390625 0.77265625 0.053125 0.0578125
0 0.4765625 0.928125 0.0890625 0.0921875
0 0.79453125 0.72890625 0.1109375 0.109375
0 0.6703125 0.78125 0.071875 0.0671875
0 0.06484375 0.771875 0.0703125 0.06875
0 0.88046875 0.52734375 0.11875 0.1203125
0 0.65234375 0.37578125 0.0484375 0.05
0 0.59921875 0.70078125 0.078125 0.08125
0 0.5015625 0.7734375 0.0640625 0.0484375
0 0.521875 0.09140625 0.11875 0.1
0 0.31640625 0.375 0.0796875 0.059375
0 0.5125 0.2546875 0.0796875 0.071875
0 0.84765625 0.22421875 0.0890625 0.0765625
0 0.1296875 0.0828125 0.0765625 0.078125
0 0.52578125 0.60859375 0.0703125 0.08125
0 0.84765625 0.66484375 0.0875 0.103125
0 0.5375 0.9109375 0.0734375 0.0796875
0 0.6265625 0.2328125 0.0734375 0.084375
0 0.12890625 0.59375 0.0578125 0.0484375
0 0.81328125 0.5984375 0.103125 0.09375
0 0.078125 0.3328125 0.0765625 0.053125
0 0.2265625 0.590625 0.084375 0.1046875
0 0.18125 0.56796875 0.0578125 0.059375
0 0.79609375 0.91484375 0.0734375 0.075
0 0.81875 0.28828125 0.1203125 0.0921875
0 0.59609375 0.62578125 0.078125 0.084375
0 0.50546875 0.728125 0.059375 0.0578125
0 0.89453125 0.7640625 0.1109375 0.1015625
0 0.22890625 0.22890625 0.0703125 0.071875
0 0.69375 0.22265625 0.065625 0.071875
0 0.76796875 0.4328125 0.1140625 0.0828125
0 0.38125 0.50234375 0.0609375 0.0640625
0 0.540625 0.16796875 0.0921875 0.0890625
0 0.459375 0.22734375 0.0765625 0.071875
0 0.53828125 0.43671875 0.059375 0.06875
0 0.26953125 0.09609375 0.053125 0.0515625
0 0.95859375 0.78515625 0.0609375 0.084375
0 0.06015625 0.6765625 0.05625 0.071875
0 0.3265625 0.7171875 0.1015625 0.0984375
0 0.20234375 0.09453125 0.0640625 0.071875
0 0.5875 0.43046875 0.0609375 0.0828125
0 0.67578125 0.9 0.078125 0.0921875
0 0.26640625 0.79453125 0.1125 0.103125
0 0.60390625 0.77890625 0.0640625 0.0734375
0 0.74921875 0.88125 0.0515625 0.0765625
0 0.85625 0.91015625 0.0953125 0.1015625
0 0.0296875 0.8765625 0.040625 0.046875
0 0.096875 0.03515625 0.071875 0.0609375
0 0.375 0.4109375 0.0609375 0.0890625
0 0.91640625 0.87421875 0.103125 0.0953125
0 0.14453125 0.2515625 0.0890625 0.0875
0 0.6125 0.31875 0.090625 0.0703125
0 0.55078125 0.225 0.065625 0.05625
0 0.2078125 0.89609375 0.0859375 0.0953125
0 0.321875 0.42578125 0.0796875 0.0703125
0 0.7328125 0.06875 0.078125 0.10625
0 0.21640625 0.4671875 0.0734375 0.065625
0 0.84375 0.8 0.075 0.071875
0 0.80625 0.3671875 0.1140625 0.0953125
0 0.2578125 0.33828125 0.0703125 0.0703125
0 0.6734375 0.71015625 0.075 0.084375
0 0.9234375 0.56953125 0.078125 0.06875
0 0.709375 0.53046875 0.10625 0.1203125
0 0.58515625 0.94375 0.0921875 0.08125
0 0.5984375 0.3765625 0.0703125 0.0703125
0 0.27109375 0.94609375 0.0671875 0.0765625
0 0.334375 0.1421875 0.071875 0.0796875
0 0.878125 0.44921875 0.103125 0.0890625
0 0.234375 0.63359375 0.05625 0.0515625
0 0.4703125 0.67734375 0.0890625 0.0859375
0 0.478125 0.16796875 0.06875 0.0734375