0 0.13515625 0.240625 0.1109375 0.0984375
0 0.5953125 0.38984375 0.103125 0.103125
0 0.7265625 0.94140625 0.053125 0.0859375
0 0.0640625 0.428125 0.121875 0.1234375
0 0.5140625 0.48671875 0.084375 0.084375
0 0.7890625 0.54296875 0.1046875 0.0859375
0 0.196875 0.54921875 0.1265625 0.1140625
0 0.76171875 0.2390625 0.0640625 0.1015625
0 0.86953125 0.80546875 0.0828125 0.103125
0 0.8765625 0.0609375 0.090625 0.084375
0 0.27578125 0.04375 0.1234375 0.0875
0 0.4390625 0.12421875 0.0859375 0.09375
0 0.9 0.56875 0.090625 0.0984375
0 0.3734375 0.2484375 0.0734375 0.0828125
0 0.2953125 0.35859375 0.0765625 0.0859375
0 0.36171875 0.1125 0.1046875 0.084375
0 0.77734375 0.9203125 0.090625 0.0921875
0 0.37421875 0.046875 0.0953125 0.08125
0 0.8 0.7671875 0.0859375 0.1125
0 0.69375 0.5609375 0.0859375 0.0984375
0 0.63671875 0.12265625 0.10625 0.0984375
0 0.37734375 0.94375 0.1015625 0.1109375
0 0.228125 0.30546875 0.1140625 0.11875
0 0.475 0.040625 0.0734375 0.071875
0 0.58984375 0.471875 0.090625 0.1015625
0 0.29296875 0.8125 0.140625 0.125
0 0.8765625 0.4140625 0.115625 0.15625
0 0.490625 0.25234375 0.1125 0.1546875
0 0.45859375 0.1890625 0.0953125 0.0796875
0 0.8046875 0.23359375 0.0796875 0.1234375
0 0.93984375 0.3 0.11875 0.09375
0 0.703125 0.2578125 0.075 0.1109375
0 0.56171875 0.15625 0.071875 0.0875
0 0.21875 0.73828125 0.1890625 0.1453125
0 0.58046875 0.25390625 0.1109375 0.15625
0 0.41640625 0.3203125 0.1359375 0.1390625
0 0.2765625 0.55703125 0.078125 0.084375
0 0.2390625 0.175 0.1 0.14375
0 0.94453125 0.64921875 0.1078125 0.11875
0 0.3125 0.51171875 0.0921875 0.071875
0 0.753125 0.0640625 0.115625 0.128125
0 0.9625 0.2203125 0.0734375 0.09375
0 0.2375 0.42109375 0.11875 0.125
0 0.16015625 0.15078125 0.115625 0.11875
0 0.828125 0.8875 0.1140625 0.140625
0 0.5765625 0.04609375 0.090625 0.0921875
0 0.5140625 0.1078125 0.103125 0.121875
0 0.78125 0.41953125 0.1421875 0.1734375
0 0.40234375 0.75625 0.1375 0.1453125
0 0.75078125 0.16171875 0.134375 0.1015625
0 0.50625 0.4125 0.11875 0.128125
0 0.584375 0.88828125 0.1078125 0.1140625
0 0.109375 0.546875 0.1078125 0.134375
0 0.68828125 0.85390625 0.103125 0.0828125
0 0.14375 0.3375 0.1203125 0.0921875
0 0.7890625 0.078125 0.0953125 0.121875
0 0.9484375 0.08671875 0.1015625 0.1734375
0 0.67578125 0.37109375 0.10625 0.0953125
0 0.48359375 0.853125 0.103125 0.1171875
0 0.65 0.2296875 0.0828125 0.1078125
0 0.9484375 0.39765625 0.0921875 0.1359375
0 0.68125 0.4546875 0.1140625 0.103125
0 0.06953125 0.075 0.1390625 0.15
0 0.91015625 0.50859375 0.115625 0.0703125
0 0.59765625 0.6921875 0.078125 0.0953125
0 0.74296875 0.83125 0.065625 0.1
0 0.4078125 0.87109375 0.1 0.1078125
0 0.57734375 0.59765625 0.1375 0.1578125
0 0.8578125 0.6796875 0.125 0.0984375
0 0.71640625 0.7296875 0.096875 0.1109375
0 0.90859375 0.746875 0.084375 0.0859375
0 0.8796875 0.221875 0.0765625 0.0703125
0 0.31328125 0.9140625 0.1125 0.1265625
0 0.671875 0.91484375 0.05625 0.0625
0 0.59453125 0.78515625 0.090625 0.1015625
0 0.8984375 0.9171875 0.065625 0.103125
0 0.8609375 0.1484375 0.1046875 0.0953125
0 0.83828125 0.58046875 0.0875 0.0828125
0 0.6203125 0.9484375 0.09375 0.1015625
0 0.40234375 0.6296875 0.0953125 0.0953125
0 0.6515625 0.05234375 0.1203125 0.103125
0 0.8421875 0.31875 0.11875 0.0921875
0 0.52265625 0.74453125 0.1125 0.1265625
0 0.33359375 0.1859375 0.1140625 0.1265625
0 0.478125 0.640625 0.121875 0.1390625
0 0.14375 0.41796875 0.10625 0.0953125
0 0.753125 0.6171875 0.1125 0.0953125
0 0.35234375 0.3609375 0.065625 0.0609375
0 0.3515625 0.59140625 0.103125 0.1203125
0 0.665625 0.79453125 0.084375 0.075
0 0.3171875 0.29453125 0.084375 0.0875
0 0.51796875 0.92421875 0.078125 0.084375
0 0.6625 0.68125 0.075 0.0953125
0 0.340625 0.7234375 0.0921875 0.0921875
0 0.240625 0.6359375 0.1546875 0.1078125
0 0.484375 0.55078125 0.0921875 0.075
0 0.37421875 0.45390625 0.1125 0.121875
0 0.05078125 0.23125 0.1015625 0.18125