0 0.3984375 0.10546875 0.071875 0.0953125
0 0.3234375 0.05546875 0.140625 0.1109375
0 0.6109375 0.890625 0.2078125 0.215625
0 0.20234375 0.23046875 0.0578125 0.071875
0 0.33984375 0.36484375 0.071875 0.0765625
0 0.271875 0.2578125 0.1 0.1015625
0 0.31640625 0.1265625 0.0828125 0.0703125
0 0.228125 0.5140625 0.090625 0.0609375
0 0.78125 0.43359375 0.065625 0.0953125
0 0.2296875 0.3453125 0.0671875 0.0625
0 0.3359375 0.9171875 0.0875 0.065625
0 0.3671875 0.7265625 0.084375 0.0828125
0 0.72890625 0.70390625 0.0515625 0.0453125
0 0.15234375 0.47265625 0.0765625 0.0765625
0 0.21875 0.2953125 0.10625 0.0734375
0 0.9625 0.7578125 0.040625 0.0453125
0 0.19921875 0.60546875 0.08125 0.0859375
0 0.078125 0.89140625 0.0734375 0.06875
0 0.32734375 0.44375 0.1234375 0.0921875
0 0.29296875 0.51640625 0.0640625 0.0703125
0 0.49765625 0.1359375 0.090625 0.078125
0 0.35234375 0.778125 0.090625 0.071875
0 0.07421875 0.44921875 0.1 0.115625
0 0.128125 0.06484375 0.0765625 0.0703125
0 0.478125 0.86875 0.1265625 0.203125
0 0.121875 0.7359375 0.0921875 0.09375
0 0.296875 0.3390625 0.05625 0.0828125
0 0.384375 0.52421875 0.1109375 0.1015625
0 0.04453125 0.76640625 0.0890625 0.0875
0 0.5421875 0.58515625 0.1890625 0.203125
0 0.171875 0.9 0.0953125 0.078125
0 0.56484375 0.08125 0.178125 0.1625
0 0.66796875 0.21640625 0.1890625 0.1953125
0 0.96015625 0.82890625 0.06875 0.0609375
0 0.95390625 0.15546875 0.0890625 0.1
0 0.21484375 0.559375 0.0890625 0.0609375
0 0.9375 0.8890625 0.1109375 0.1296875
0 0.90390625 0.47734375 0.1546875 0.1375
0 0.53125 0.4125 0.11875 0.10625
0 0.84140625 0.53671875 0.2203125 0.11875
0 0.13828125 0.15 0.0984375 0.1265625
0 0.17109375 0.37265625 0.0640625 0.075
0 0.7703125 0.303125 0.1234375 0.1265625
0 0.13046875 0.55078125 0.05625 0.0640625
0 0.2171875 0.74375 0.0984375 0.103125
0 0.41328125 0.953125 0.06875 0.0921875
0 0.16328125 0.52421875 0.0640625 0.0578125
0 0.0671875 0.3375 0.1109375 0.0953125
0 0.1671875 0.73203125 0.0640625 0.0703125
0 0.07265625 0.246875 0.1109375 0.1109375
0 0.2078125 0.45703125 0.0484375 0.0609375
0 0.23828125 0.86484375 0.075 0.1015625
0 0.25859375 0.4140625 0.0765625 0.0953125
0 0.4203125 0.31796875 0.053125 0.0546875
0 0.8671875 0.64921875 0.103125 0.0984375
0 0.26171875 0.6046875 0.078125 0.090625
0 0.125 0.84921875 0.0953125 0.0765625
0 0.275 0.87578125 0.0703125 0.1
0 0.38671875 0.6390625 0.0796875 0.0984375
0 0.203125 0.82265625 0.08125 0.0875
0 0.14765625 0.2703125 0.06875 0.0875
0 0.11875 0.5875 0.0703125 0.0703125
0 0.69296875 0.1078125 0.1125 0.11875
0 0.79296875 0.80703125 0.15 0.165625
0 0.3515625 0.16640625 0.096875 0.0609375
0 0.1640625 0.6359375 0.0953125 0.0875
0 0.353125 0.953125 0.0671875 0.0625
0 0.1 0.63359375 0.0578125 0.0484375
0 0.04609375 0.07890625 0.0921875 0.1203125
0 0.328125 0.6734375 0.0890625 0.08125
0 0.21953125 0.0921875 0.13125 0.13125
0 0.04921875 0.85859375 0.0796875 0.084375
0 0.76328125 0.87265625 0.0484375 0.05
0 0.37109375 0.25546875 0.128125 0.14375
0 0.303125 0.5765625 0.0796875 0.0796875
0 0.25 0.19921875 0.05625 0.059375
0 0.69140625 0.61171875 0.09375 0.11875
0 0.6625 0.52109375 0.0640625 0.071875
0 0.3609375 0.8421875 0.1265625 0.115625