0 0.475 0.4453125 0.0640625 0.0796875
0 0.9359375 0.0734375 0.1265625 0.146875
0 0.2390625 0.38828125 0.0328125 0.0515625
0 0.53359375 0.6203125 0.071875 0.06875
0 0.60546875 0.60859375 0.0796875 0.090625
0 0.35 0.3328125 0.0546875 0.06875
0 0.959375 0.3890625 0.0796875 0.1421875
0 0.85859375 0.43203125 0.1 0.090625
0 0.4796875 0.5578125 0.090625 0.0984375
0 0.6890625 0.13671875 0.121875 0.1015625
0 0.82890625 0.33828125 0.11875 0.115625
0 0.1859375 0.1796875 0.1390625 0.1234375
0 0.453125 0.64609375 0.06875 0.075
0 0.5765625 0.1203125 0.096875 0.1015625
0 0.540625 0.53828125 0.046875 0.059375
0 0.284375 0.0640625 0.09375 0.128125
0 0.3890625 0.0640625 0.125 0.10625
0 0.79375 0.06484375 0.1234375 0.1109375
0 0.2 0.2671875 0.071875 0.0875
0 0.34609375 0.5703125 0.0828125 0.065625
0 0.6703125 0.26171875 0.0796875 0.05625
0 0.4140625 0.32421875 0.084375 0.0765625
0 0.653125 0.05390625 0.1046875 0.0921875
0 0.2875 0.17265625 0.071875 0.0765625
0 0.27890625 0.284375 0.0953125 0.09375
0 0.7515625 0.33671875 0.08125 0.0984375
0 0.43359375 0.26328125 0.075 0.078125
0 0.17265625 0.3484375 0.08125 0.0984375
0 0.484375 0.35625 0.084375 0.0765625
0 0.57109375 0.19609375 0.071875 0.084375
0 0.86796875 0.559375 0.0640625 0.071875
0 0.6703125 0.321875 0.0890625 0.075
0 0.53515625 0.40234375 0.08125 0.0921875
0 0.85859375 0.6328125 0.06875 0.0828125
0 0.9078125 0.59765625 0.053125 0.059375
0 0.37109375 0.48125 0.0609375 0.05
0 0.37578125 0.415625 0.0734375 0.071875
0 0.59765625 0.3984375 0.071875 0.103125
0 0.796875 0.246875 0.09375 0.0765625
0 0.18359375 0.0359375 0.1 0.071875
0 0.78125 0.165625 0.134375 0.121875
0 0.94375 0.52265625 0.1109375 0.1015625
0 0.70390625 0.459375 0.0578125 0.0734375
0 0.19921875 0.096875 0.04375 0.05
0 0.4109375 0.14453125 0.121875 0.10625
0 0.34140625 0.234375 0.0625 0.0546875
0 0.88203125 0.2453125 0.078125 0.0921875
0 0.34609375 0.1859375 0.046875 0.04375
0 0.94921875 0.27109375 0.1015625 0.15
0 0.2984375 0.43359375 0.0921875 0.0875
0 0.78828125 0.521875 0.115625 0.13125
0 0.946875 0.14609375 0.1046875 0.121875