0 0.91484375 0.3625 0.084375 0.0546875
0 0.67109375 0.64453125 0.0515625 0.0671875
0 0.834375 0.415625 0.0328125 0.0703125
0 0.953125 0.6890625 0.0796875 0.065625
0 0.39921875 0.75390625 0.03125 0.059375
0 0.91953125 0.28515625 0.1203125 0.1046875
0 0.18984375 0.16796875 0.0765625 0.1
0 0.728125 0.0640625 0.0359375 0.0453125
0 0.890625 0.46875 0.0515625 0.05625
0 0.86640625 0.746875 0.084375 0.071875
0 0.2703125 0.59921875 0.0640625 0.078125
0 0.18359375 0.4203125 0.059375 0.06875
0 0.23046875 0.1015625 0.04375 0.06875
0 0.6234375 0.809375 0.0671875 0.0765625
0 0.5609375 0.15546875 0.053125 0.0671875
0 0.38046875 0.66953125 0.078125 0.0703125
0 0.89765625 0.63203125 0.0609375 0.0671875
0 0.5484375 0.7890625 0.075 0.0765625
0 0.53515625 0.55859375 0.059375 0.0671875
0 0.96484375 0.56640625 0.040625 0.0390625
0 0.87734375 0.9515625 0.0484375 0.0515625
0 0.54765625 0.92734375 0.0390625 0.0578125
0 0.221875 0.26484375 0.071875 0.071875
0 0.2734375 0.1734375 0.0640625 0.0765625
0 0.159375 0.28828125 0.0609375 0.053125
0 0.615625 0.2796875 0.053125 0.0671875
0 0.9640625 0.24296875 0.06875 0.0578125
0 0.3515625 0.334375 0.0765625 0.08125
0 0.5734375 0.37265625 0.0375 0.075
0 0.828125 0.5875 0.04375 0.0609375
0 0.746875 0.19609375 0.0453125 0.0453125
0 0.66875 0.7984375 0.0609375 0.0828125
0 0.678125 0.50390625 0.0640625 0.0625
0 0.66171875 0.3453125 0.05625 0.05625
0 0.60078125 0.7375 0.065625 0.0734375
0 0.6140625 0.0484375 0.0609375 0.0953125
0 0.396875 0.89609375 0.090625 0.0984375
0 0.615625 0.88125 0.0546875 0.071875
0 0.6609375 0.2796875 0.0453125 0.06875
0 0.3015625 0.06640625 0.0515625 0.05625
0 0.58515625 0.9203125 0.05 0.05625
0 0.27109375 0.3125 0.090625 0.103125
0 0.22890625 0.5640625 0.0640625 0.0703125
0 0.10625 0.74375 0.053125 0.05625
0 0.2796875 0.7671875 0.0375 0.0390625
0 0.51484375 0.73203125 0.0703125 0.065625
0 0.43046875 0.49609375 0.05625 0.06875
0 0.49453125 0.63671875 0.0515625 0.05625
0 0.70859375 0.7171875 0.0515625 0.0625
0 0.35 0.46328125 0.0609375 0.0984375
0 0.36015625 0.73828125 0.046875 0.065625
0 0.73984375 0.365625 0.078125 0.05625
0 0.521875 0.678125 0.0578125 0.0640625
0 0.78359375 0.5265625 0.071875 0.071875
0 0.640625 0.94296875 0.040625 0.0453125
0 0.728125 0.1625 0.0453125 0.053125
0 0.3390625 0.80078125 0.0625 0.0671875
0 0.97421875 0.52578125 0.05 0.034375
0 0.9203125 0.75 0.0453125 0.0625
0 0.10390625 0.89375 0.084375 0.0921875
0 0.7109375 0.86640625 0.090625 0.0921875
0 0.06796875 0.03984375 0.090625 0.0796875
0 0.44375 0.7265625 0.0734375 0.0921875
0 0.31171875 0.1390625 0.0640625 0.1078125
0 0.4859375 0.51875 0.0671875 0.0703125
0 0.43046875 0.5625 0.0734375 0.0796875
0 0.9546875 0.078125 0.059375 0.0859375
0 0.5171875 0.4703125 0.053125 0.0625
0 0.25078125 0.93125 0.0609375 0.0921875
0 0.31328125 0.95234375 0.0546875 0.078125
0 0.490625 0.24609375 0.05625 0.0828125
0 0.05703125 0.95859375 0.0734375 0.08125
0 0.29765625 0.38984375 0.0703125 0.0609375
0 0.11640625 0.553125 0.0546875 0.0484375
0 0.3609375 0.271875 0.0828125 0.0921875
0 0.37265625 0.18828125 0.05625 0.0640625
0 0.48828125 0.9671875 0.053125 0.0625
0 0.0921875 0.8171875 0.0421875 0.0484375
0 0.7203125 0.4609375 0.0703125 0.071875
0 0.46875 0.671875 0.0421875 0.05625
0 0.19609375 0.89296875 0.0375 0.0609375
0 0.7453125 0.6546875 0.0953125 0.0828125
0 0.9328125 0.93203125 0.0609375 0.0796875
0 0.88359375 0.15 0.0875 0.1015625
0 0.04453125 0.3125 0.0890625 0.0921875
0 0.67421875 0.05859375 0.071875 0.1171875
0 0.8078125 0.4171875 0.0484375 0.0859375
0 0.9640625 0.4578125 0.06875 0.1125
0 0.5046875 0.1703125 0.0421875 0.071875
0 0.24453125 0.78125 0.0375 0.0609375
0 0.42421875 0.20078125 0.05 0.053125
0 0.32265625 0.21953125 0.0453125 0.0609375
0 0.19375 0.2375 0.0671875 0.0609375
0 0.134375 0.63359375 0.075 0.0765625
0 0.365625 0.85546875 0.0421875 0.04375
0 0.56640625 0.47265625 0.05625 0.065625
0 0.83046875 0.04375 0.0515625 0.084375
0 0.290625 0.90859375 0.0390625 0.0484375
0 0.18515625 0.615625 0.059375 0.046875
0 0.4640625 0.315625 0.03125 0.053125
0 0.2109375 0.83359375 0.05 0.0625
0 0.50390625 0.91328125 0.0484375 0.053125
0 0.6703125 0.44609375 0.0484375 0.046875
0 0.5390625 0.97109375 0.0703125 0.0546875
0 0.5953125 0.134375 0.0390625 0.0671875
0 0.51875 0.40546875 0.09375 0.090625
0 0.509375 0.05546875 0.0609375 0.1046875
0 0.46171875 0.84765625 0.0640625 0.0640625
0 0.77421875 0.72109375 0.0796875 0.0671875
0 0.75546875 0.2640625 0.071875 0.0796875
0 0.7859375 0.12734375 0.053125 0.0578125
0 0.7234375 0.325 0.0546875 0.065625
0 0.87109375 0.89296875 0.0625 0.071875
0 0.83828125 0.703125 0.0484375 0.0390625
0 0.3703125 0.1171875 0.0484375 0.0765625
0 0.55703125 0.24453125 0.0796875 0.0875
0 0.8421875 0.809375 0.059375 0.0609375
0 0.20625 0.46015625 0.05 0.05
0 0.30625 0.634375 0.0703125 0.06875
0 0.31640625 0.51640625 0.0640625 0.078125
0 0.6859375 0.95625 0.0328125 0.0421875
0 0.16484375 0.6765625 0.0453125 0.0484375
0 0.6046875 0.96640625 0.0359375 0.0359375
0 0.42890625 0.8015625 0.04375 0.0625
0 0.06640625 0.2453125 0.059375 0.0625
0 0.0265625 0.75625 0.053125 0.059375
0 0.353125 0.03828125 0.05625 0.0765625
0 0.55859375 0.32265625 0.0421875 0.053125
0 0.6609375 0.8828125 0.04375 0.078125
0 0.953125 0.6296875 0.0671875 0.084375
0 0.91640625 0.509375 0.053125 0.0640625
0 0.30078125 0.84609375 0.040625 0.0484375
0 0.94453125 0.41484375 0.04375 0.0546875
0 0.55625 0.1953125 0.0625 0.0578125
0 0.6078125 0.36328125 0.05 0.0546875
0 0.60859375 0.321875 0.0609375 0.0453125
0 0.31484375 0.7078125 0.0796875 0.0796875
0 0.82734375 0.49609375 0.06875 0.0625
0 0.4609375 0.0640625 0.05625 0.1140625
0 0.15625 0.52734375 0.06875 0.046875
0 0.7765625 0.478125 0.053125 0.05625
0 0.64140625 0.2 0.0328125 0.0484375
0 0.44921875 0.93203125 0.053125 0.0453125
0 0.26875 0.6734375 0.059375 0.0703125
0 0.2484375 0.04296875 0.0875 0.0859375
0 0.1578125 0.92890625 0.0703125 0.084375
0 0.265625 0.86796875 0.0359375 0.0484375
0 0.77578125 0.040625 0.071875 0.08125
0 0.14609375 0.39296875 0.040625 0.0453125
0 0.63203125 0.125 0.040625 0.05625
0 0.890625 0.5546875 0.1109375 0.0765625
0 0.421875 0.359375 0.071875 0.10625
0 0.81953125 0.6515625 0.0625 0.075
0 0.9078125 0.81640625 0.0796875 0.0703125
0 0.8953125 0.69140625 0.0484375 0.0453125
0 0.62265625 0.4125 0.0578125 0.0703125
0 0.55546875 0.05703125 0.0421875 0.1140625
0 0.82265625 0.89921875 0.0671875 0.0796875
0 0.34140625 0.16171875 0.040625 0.0625
0 0.4859375 0.78984375 0.05625 0.0796875
0 0.6421875 0.5625 0.0515625 0.0625
0 0.5609375 0.86015625 0.0828125 0.0796875
0 0.40390625 0.4015625 0.059375 0.059375
0 0.1703125 0.56328125 0.059375 0.0640625
0 0.68359375 0.18125 0.0515625 0.05625
0 0.5734375 0.67265625 0.0609375 0.06875
0 0.83203125 0.35703125 0.0671875 0.053125
0 0.234375 0.19296875 0.03125 0.06875
0 0.88046875 0.40625 0.0734375 0.0765625
0 0.0734375 0.66796875 0.10625 0.1015625
0 0.20234375 0.71796875 0.065625 0.08125
0 0.5203125 0.3078125 0.05 0.0703125
0 0.77578125 0.578125 0.0609375 0.0703125
0 0.7078125 0.2234375 0.0484375 0.06875
0 0.28359375 0.2359375 0.046875 0.0671875
0 0.78828125 0.921875 0.0703125 0.0984375
0 0.59375 0.56640625 0.05625 0.0640625
0 0.11328125 0.5921875 0.05625 0.0421875
0 0.4953125 0.33203125 0.0328125 0.0609375
0 0.5921875 0.5125 0.0515625 0.0546875
0 0.71015625 0.58671875 0.0734375 0.071875
0 0.96796875 0.8015625 0.0609375 0.0640625
0 0.1421875 0.78515625 0.0609375 0.0671875
0 0.51875 0.85859375 0.0390625 0.0453125
0 0.6828125 0.4046875 0.06875 0.0625
0 0.42109375 0.64140625 0.0515625 0.0484375
0 0.346875 0.8921875 0.0375 0.0390625
0 0.2703125 0.41953125 0.05625 0.0578125
0 0.446875 0.1578125 0.075 0.0953125
0 0.93359375 0.18828125 0.071875 0.071875
0 0.8796875 0.04765625 0.053125 0.0953125
0 0.1921875 0.34453125 0.0765625 0.09375
0 0.4734375 0.42734375 0.053125 0.0671875
0 0.171875 0.809375 0.0484375 0.071875
0 0.25703125 0.11640625 0.0484375 0.0703125
0 0.0671875 0.7796875 0.0453125 0.0625
0 0.4296875 0.25078125 0.0421875 0.071875