0 0.47109375 0.49609375 0.1203125 0.10625
0 0.76953125 0.725 0.1671875 0.0984375
0 0.525 0.04296875 0.1109375 0.0859375
0 0.78203125 0.62109375 0.0953125 0.1
0 0.284375 0.21875 0.14375 0.1046875
0 0.2171875 0.784375 0.090625 0.128125
0 0.3171875 0.75703125 0.1046875 0.1203125
0 0.6921875 0.8234375 0.1390625 0.13125
0 0.0765625 0.6765625 0.153125 0.128125
0 0.2359375 0.13671875 0.1734375 0.1390625
0 0.60390625 0.52734375 0.1359375 0.1203125
0 0.7953125 0.26796875 0.1078125 0.121875
0 0.25625 0.5171875 0.121875 0.0953125
0 0.4328125 0.86953125 0.134375 0.16875
0 0.3203125 0.65625 0.1359375 0.1109375
0 0.46640625 0.59453125 0.15 0.115625
0 0.5609375 0.83359375 0.1375 0.153125
0 0.69609375 0.175 0.1140625 0.15
0 0.878125 0.796875 0.13125 0.1625
0 0.92734375 0.30078125 0.121875 0.11875
0 0.07421875 0.271875 0.146875 0.115625
0 0.3796875 0.084375 0.171875 0.159375
0 0.30625 0.89375 0.1328125 0.1625
0 0.83984375 0.21875 0.1578125 0.15625
0 0.196875 0.3328125 0.1109375 0.1421875
0 0.2265625 0.8796875 0.075 0.071875
0 0.45390625 0.38125 0.096875 0.10625
0 0.5546875 0.4234375 0.1421875 0.1421875
0 0.4984375 0.70546875 0.1234375 0.1265625
0 0.66796875 0.34921875 0.15625 0.2046875
0 0.5703125 0.33203125 0.121875 0.0953125
0 0.23203125 0.43984375 0.08125 0.0875
0 0.4328125 0.2484375 0.140625 0.1734375
0 0.40234375 0.71171875 0.1 0.1390625
0 0.7859375 0.5015625 0.115625 0.1234375
0 0.32578125 0.415625 0.15 0.1453125
0 0.05390625 0.46953125 0.1078125 0.1390625
0 0.1359375 0.921875 0.1265625 0.1296875
0 0.95078125 0.76953125 0.096875 0.18125
0 0.6921875 0.353125 0.178125 0.2078125
0 0.18828125 0.70234375 0.1609375 0.1328125
0 0.86640625 0.90234375 0.15625 0.134375
0 0.0828125 0.58671875 0.165625 0.1359375
0 0.146875 0.459375 0.1203125 0.1421875
0 0.5234375 0.94453125 0.209375 0.109375
0 0.5390625 0.22421875 0.1390625 0.1359375
0 0.7125 0.65625 0.1140625 0.1203125
0 0.8921875 0.61171875 0.16875 0.1375
0 0.57578125 0.603125 0.08125 0.090625
0 0.71484375 0.54609375 0.103125 0.109375
0 0.6859375 0.93125 0.13125 0.1265625
0 0.359375 0.5390625 0.1203125 0.1140625
0 0.2890625 0.60234375 0.1140625 0.090625
0 0.29140625 0.296875 0.1453125 0.13125
0 0.84453125 0.3765625 0.1703125 0.1703125