0 0.165625 0.884375 0.071875 0.08125
0 0.61875 0.52734375 0.11875 0.1625
0 0.5671875 0.3703125 0.0828125 0.071875
0 0.95078125 0.09375 0.078125 0.0640625
0 0.89453125 0.3546875 0.0875 0.0859375
0 0.45390625 0.48984375 0.0921875 0.0875
0 0.9125 0.6375 0.0578125 0.0484375
0 0.9453125 0.7046875 0.071875 0.0671875
0 0.553125 0.28203125 0.0828125 0.0875
0 0.66328125 0.71328125 0.1078125 0.0921875
0 0.084375 0.48671875 0.1265625 0.128125
0 0.6921875 0.40390625 0.1296875 0.1328125
0 0.54921875 0.928125 0.0875 0.121875
0 0.475 0.19921875 0.096875 0.0921875
0 0.3890625 0.77734375 0.11875 0.1046875
0 0.49375 0.72890625 0.1453125 0.1546875
0 0.6421875 0.9671875 0.05625 0.0625
0 0.9390625 0.5765625 0.0515625 0.0515625
0 0.2109375 0.1078125 0.0953125 0.08125
0 0.0515625 0.09921875 0.103125 0.1328125
0 0.26875 0.196875 0.1 0.0859375
0 0.26328125 0.83828125 0.1109375 0.1109375
0 0.0578125 0.21875 0.115625 0.134375
0 0.56796875 0.32734375 0.09375 0.0546875
0 0.87890625 0.04296875 0.115625 0.0859375
0 0.878125 0.465625 0.1234375 0.090625
0 0.78125 0.7359375 0.0640625 0.084375
0 0.2640625 0.69375 0.1046875 0.134375
0 0.403125 0.57578125 0.1046875 0.109375
0 0.178125 0.49453125 0.0921875 0.1296875
0 0.78671875 0.30390625 0.1203125 0.1078125
0 0.0859375 0.328125 0.1234375 0.11875
0 0.37265625 0.2125 0.071875 0.08125
0 0.15078125 0.6703125 0.1296875 0.1375
0 0.46328125 0.1171875 0.06875 0.084375
0 0.68046875 0.7890625 0.0546875 0.05625
0 0.6265625 0.1 0.128125 0.1515625
0 0.16875 0.26328125 0.0921875 0.0984375
0 0.9453125 0.1421875 0.046875 0.0359375
0 0.428125 0.85 0.1046875 0.0765625
0 0.4765625 0.3703125 0.0765625 0.05625
0 0.38984375 0.90859375 0.0921875 0.084375
0 0.73203125 0.7640625 0.065625 0.0765625
0 0.70625 0.890625 0.0625 0.084375
0 0.25390625 0.071875 0.08125 0.1140625
0 0.58046875 0.8875 0.0640625 0.0890625
0 0.75546875 0.8875 0.05 0.0484375
0 0.728125 0.55078125 0.1140625 0.1265625
0 0.353125 0.50390625 0.0921875 0.0796875
0 0.68046875 0.6328125 0.1515625 0.1078125
0 0.46953125 0.42890625 0.0890625 0.078125
0 0.87890625 0.2671875 0.09375 0.0984375
0 0.865625 0.18359375 0.0546875 0.0609375
0 0.321875 0.3890625 0.0765625 0.0859375
0 0.60546875 0.22578125 0.059375 0.0765625
0 0.83671875 0.6453125 0.0734375 0.0875
0 0.23203125 0.43046875 0.10625 0.1015625
0 0.3140625 0.253125 0.103125 0.1109375
0 0.82890625 0.1625 0.0609375 0.0640625
0 0.44296875 0.33203125 0.0953125 0.0875
0 0.15234375 0.1734375 0.0921875 0.09375
0 0.121875 0.0625 0.0671875 0.1078125
0 0.30234375 0.753125 0.059375 0.0703125
0 0.38984375 0.6953125 0.09375 0.1078125
0 0.8859375 0.56875 0.05625 0.0796875
0 0.44765625 0.2734375 0.0921875 0.084375
0 0.65 0.89765625 0.065625 0.065625
0 0.5484375 0.6234375 0.0890625 0.103125
0 0.58125 0.7265625 0.08125 0.1015625
0 0.328125 0.1328125 0.0921875 0.103125
0 0.07578125 0.809375 0.05 0.1078125
0 0.48046875 0.959375 0.146875 0.08125
0 0.76171875 0.16796875 0.075 0.075
0 0.25703125 0.34765625 0.06875 0.0796875
0 0.36328125 0.43671875 0.084375 0.071875
0 0.54140625 0.05859375 0.0984375 0.1171875
0 0.95703125 0.38671875 0.0828125 0.0765625
0 0.5953125 0.85625 0.04375 0.05
0 0.296875 0.56875 0.115625 0.10625
0 0.9203125 0.196875 0.0640625 0.0671875
0 0.71953125 0.95546875 0.0640625 0.0640625
0 0.53046875 0.1703125 0.075 0.109375