0 0.60234375 0.79609375 0.20625 0.153125
0 0.81953125 0.25390625 0.16875 0.1546875
0 0.5171875 0.83828125 0.1234375 0.1078125
0 0.78125 0.1234375 0.1828125 0.1625
0 0.9265625 0.14375 0.14375 0.2359375
0 0.69765625 0.38203125 0.196875 0.2484375
0 0.4359375 0.70859375 0.159375 0.134375
0 0.6125 0.465625 0.134375 0.13125
0 0.92578125 0.846875 0.1484375 0.190625
0 0.171875 0.446875 0.2296875 0.184375
0 0.10078125 0.26875 0.2015625 0.225
0 0.26484375 0.2953125 0.225 0.19375
0 0.65703125 0.89765625 0.1765625 0.134375
0 0.56328125 0.37734375 0.1234375 0.1546875
0 0.24609375 0.90390625 0.2234375 0.190625
0 0.17890625 0.1078125 0.209375 0.209375
0 0.5296875 0.93203125 0.175 0.134375
0 0.06171875 0.79453125 0.1234375 0.2578125
0 0.7015625 0.1890625 0.1390625 0.18125
0 0.74765625 0.778125 0.1125 0.1515625
0 0.678125 0.62734375 0.240625 0.240625
0 0.059375 0.45625 0.11875 0.19375
0 0.9296875 0.709375 0.1390625 0.2203125
0 0.4671875 0.46328125 0.1375 0.11875
0 0.72265625 0.53203125 0.146875 0.146875
0 0.33828125 0.7828125 0.11875 0.1703125
0 0.4515625 0.34453125 0.196875 0.2125
0 0.39140625 0.9359375 0.1421875 0.1265625
0 0.8296875 0.0625 0.2140625 0.125
0 0.87734375 0.903125 0.2015625 0.19375
0 0.6 0.24609375 0.15 0.1578125
0 0.0515625 0.10546875 0.103125 0.2109375
0 0.3203125 0.190625 0.2265625 0.1828125
0 0.3453125 0.4828125 0.153125 0.16875
0 0.46171875 0.5734375 0.171875 0.1453125
0 0.55546875 0.6640625 0.20625 0.2296875
0 0.3 0.60703125 0.2109375 0.2546875
0 0.821875 0.4609375 0.1671875 0.1703125
0 0.4328125 0.83203125 0.1625 0.1453125
0 0.8828125 0.3375 0.2 0.2078125
0 0.88828125 0.51640625 0.2234375 0.2265625