0 0.40625 0.83515625 0.11875 0.13125
0 0.09140625 0.15625 0.075 0.071875
0 0.07890625 0.35546875 0.146875 0.1421875
0 0.38828125 0.26015625 0.1625 0.1421875
0 0.85390625 0.24296875 0.103125 0.0671875
0 0.2875 0.8671875 0.2125 0.253125
0 0.51875 0.24453125 0.128125 0.1296875
0 0.0421875 0.190625 0.084375 0.115625
0 0.709375 0.42109375 0.06875 0.0859375
0 0.353125 0.39453125 0.0625 0.084375
0 0.61484375 0.41015625 0.1359375 0.1578125
0 0.7234375 0.91796875 0.275 0.1625
0 0.27734375 0.190625 0.128125 0.1375
0 0.853125 0.30546875 0.103125 0.090625
0 0.671875 0.78125 0.184375 0.1953125
0 0.478125 0.1390625 0.103125 0.0984375
0 0.84453125 0.43203125 0.115625 0.08125
0 0.29140625 0.41796875 0.128125 0.1078125
0 0.884375 0.0703125 0.1671875 0.140625
0 0.56328125 0.1203125 0.15625 0.14375
0 0.77890625 0.10390625 0.1078125 0.090625
0 0.8859375 0.22109375 0.1046875 0.06875
0 0.1671875 0.7046875 0.2171875 0.1609375
0 0.5421875 0.74296875 0.0984375 0.1015625
0 0.3640625 0.128125 0.125 0.1203125
0 0.35078125 0.67265625 0.165625 0.1578125
0 0.034375 0.25546875 0.06875 0.0703125
0 0.165625 0.3171875 0.0859375 0.1171875
0 0.746875 0.21015625 0.0546875 0.05625
0 0.196875 0.40390625 0.0875 0.0796875
0 0.828125 0.79140625 0.1109375 0.146875
0 0.796875 0.39296875 0.11875 0.1234375
0 0.14765625 0.140625 0.11875 0.1109375
0 0.95234375 0.25703125 0.09375 0.0921875
0 0.5328125 0.3671875 0.1265625 0.1578125
0 0.2640625 0.32109375 0.1265625 0.1203125
0 0.65 0.25625 0.1578125 0.1515625
0 0.20859375 0.228125 0.0875 0.08125
0 0.709375 0.709375 0.2109375 0.246875
0 0.8328125 0.66796875 0.0765625 0.09375
0 0.9546875 0.175 0.0890625 0.0875
0 0.46953125 0.940625 0.1875 0.115625
0 0.11640625 0.23046875 0.109375 0.103125
0 0.665625 0.065625 0.159375 0.13125
0 0.4375 0.38359375 0.15 0.1375
0 0.66640625 0.3546875 0.084375 0.0890625
0 0.76171875 0.28359375 0.121875 0.1390625
0 0.93125 0.6703125 0.115625 0.103125
0 0.44375 0.1890625 0.1 0.09375
0 0.940625 0.353125 0.115625 0.1140625