0 0.62578125 0.89375 0.1171875 0.15
0 0.5828125 0.409375 0.2265625 0.2296875
0 0.3109375 0.26640625 0.1390625 0.2015625
0 0.1640625 0.47578125 0.140625 0.134375
0 0.53515625 0.25859375 0.2125 0.1703125
0 0.52265625 0.87734375 0.1328125 0.1265625
0 0.1265625 0.078125 0.16875 0.15625
0 0.40703125 0.3203125 0.1046875 0.1828125
0 0.31328125 0.77734375 0.1359375 0.153125
0 0.365625 0.0875 0.134375 0.1421875
0 0.0984375 0.61875 0.196875 0.196875
0 0.715625 0.7234375 0.1703125 0.1484375
0 0.42578125 0.76171875 0.1265625 0.190625
0 0.79296875 0.24140625 0.1984375 0.1859375
0 0.325 0.6484375 0.1375 0.1484375
0 0.5421875 0.75234375 0.146875 0.1734375
0 0.13203125 0.3453125 0.19375 0.2
0 0.24375 0.10703125 0.1625 0.2140625
0 0.790625 0.91484375 0.1390625 0.1703125
0 0.13671875 0.928125 0.1390625 0.140625
0 0.18828125 0.86171875 0.1671875 0.1390625
0 0.59765625 0.67578125 0.11875 0.1421875
0 0.3359375 0.48203125 0.228125 0.2234375
0 0.859375 0.509375 0.1453125 0.221875
0 0.6734375 0.13984375 0.1765625 0.16875
0 0.78203125 0.390625 0.2296875 0.178125
0 0.4515625 0.1890625 0.1421875 0.1296875
0 0.72578125 0.55546875 0.16875 0.1984375
0 0.171875 0.765625 0.1625 0.11875
0 0.65078125 0.2859375 0.1046875 0.103125
0 0.9046875 0.9046875 0.1875 0.1890625
0 0.43515625 0.59765625 0.1015625 0.1125
0 0.715625 0.83125 0.1609375 0.1359375
0 0.55625 0.06953125 0.1390625 0.1390625