0 0.76875 0.73984375 0.14375 0.1671875
0 0.06328125 0.6765625 0.1265625 0.18125
0 0.22578125 0.1828125 0.2578125 0.2609375
0 0.5375 0.4984375 0.1296875 0.1265625
0 0.37734375 0.5015625 0.1140625 0.10625
0 0.63515625 0.16953125 0.1734375 0.2
0 0.50625 0.0578125 0.225 0.115625
0 0.5828125 0.95234375 0.1328125 0.0921875
0 0.37265625 0.9359375 0.1375 0.125
0 0.37265625 0.81328125 0.1421875 0.1734375
0 0.80078125 0.11484375 0.1765625 0.228125
0 0.2640625 0.08984375 0.2671875 0.1796875
0 0.7171875 0.33125 0.13125 0.1828125
0 0.8828125 0.78046875 0.16875 0.171875
0 0.88828125 0.915625 0.221875 0.165625
0 0.26640625 0.74453125 0.19375 0.15
0 0.74375 0.48203125 0.146875 0.1125
0 0.92421875 0.2734375 0.15 0.184375
0 0.71171875 0.88125 0.1625 0.1734375
0 0.4578125 0.38359375 0.1671875 0.209375
0 0.7796875 0.58203125 0.1390625 0.1234375
0 0.90703125 0.578125 0.1828125 0.2265625
0 0.490625 0.20234375 0.1453125 0.2125
0 0.06484375 0.1828125 0.1296875 0.2
0 0.3203125 0.34453125 0.15625 0.1890625
0 0.91328125 0.409375 0.1703125 0.15
0 0.21328125 0.5765625 0.21875 0.2046875
0 0.821875 0.30625 0.13125 0.2109375
0 0.2171875 0.86171875 0.1421875 0.1578125
0 0.44921875 0.6265625 0.19375 0.15
0 0.5390625 0.74765625 0.1265625 0.13125
0 0.6359375 0.69921875 0.1390625 0.13125
0 0.08203125 0.8734375 0.1640625 0.2171875
0 0.58671875 0.33984375 0.140625 0.1421875
0 0.6515625 0.58203125 0.1390625 0.1359375
0 0.5640625 0.87265625 0.1625 0.146875