0 0.8140625 0.43359375 0.1375 0.1078125
0 0.78203125 0.9046875 0.1125 0.0953125
0 0.734375 0.559375 0.1515625 0.1375
0 0.81328125 0.521875 0.1171875 0.08125
0 0.5625 0.78515625 0.0734375 0.08125
0 0.67578125 0.95078125 0.0640625 0.09375
0 0.578125 0.06015625 0.0828125 0.1140625
0 0.934375 0.5375 0.0921875 0.0921875
0 0.6515625 0.08046875 0.084375 0.10625
0 0.4984375 0.78515625 0.06875 0.09375
0 0.65703125 0.1796875 0.0984375 0.109375
0 0.94140625 0.165625 0.1140625 0.1296875
0 0.925 0.3328125 0.1234375 0.1671875
0 0.80234375 0.3421875 0.1515625 0.10625
0 0.61484375 0.2734375 0.0765625 0.08125
0 0.546875 0.14375 0.1109375 0.1234375
0 0.16640625 0.4703125 0.05625 0.0515625
0 0.6875 0.82578125 0.1328125 0.1390625
0 0.8421875 0.7875 0.1375 0.1546875