0 0.734375 0.39453125 0.090625 0.075
0 0.5 0.90703125 0.1046875 0.13125
0 0.89140625 0.9625 0.1 0.075
0 0.22265625 0.91640625 0.0703125 0.075
0 0.24375 0.14609375 0.09375 0.103125
0 0.2875 0.63203125 0.0765625 0.09375
0 0.5375 0.8140625 0.090625 0.0828125
0 0.0703125 0.48515625 0.103125 0.125
0 0.26875 0.87109375 0.084375 0.084375
0 0.37109375 0.65 0.1390625 0.1296875
0 0.1671875 0.6859375 0.1171875 0.1109375
0 0.68515625 0.45078125 0.075 0.0671875
0 0.60078125 0.340625 0.06875 0.078125
0 0.7640625 0.3265625 0.090625 0.0921875
0 0.9578125 0.125 0.084375 0.1375
0 0.90546875 0.24140625 0.0953125 0.084375
0 0.20703125 0.07109375 0.084375 0.0890625
0 0.48828125 0.7671875 0.103125 0.1203125
0 0.85546875 0.725 0.071875 0.071875
0 0.24375 0.45 0.115625 0.1078125
0 0.565625 0.1734375 0.1015625 0.0765625
0 0.36484375 0.8359375 0.1453125 0.15
0 0.3109375 0.75546875 0.0875 0.096875
0 0.18359375 0.865625 0.0515625 0.05625
0 0.66484375 0.58515625 0.0984375 0.09375
0 0.75703125 0.92265625 0.1359375 0.0765625
0 0.5 0.15234375 0.059375 0.0640625
0 0.1015625 0.60859375 0.1171875 0.090625
0 0.215625 0.96015625 0.0765625 0.053125
0 0.55 0.51171875 0.115625 0.084375
0 0.25546875 0.56640625 0.13125 0.0953125
0 0.6 0.56328125 0.0984375 0.0609375
0 0.81015625 0.075 0.090625 0.1390625
0 0.60234375 0.08359375 0.1265625 0.11875
0 0.2875 0.10859375 0.103125 0.1015625
0 0.40390625 0.41796875 0.1296875 0.115625
0 0.18671875 0.4140625 0.09375 0.0875
0 0.83828125 0.7875 0.1578125 0.15
0 0.1015625 0.9546875 0.09375 0.0890625
0 0.11171875 0.39453125 0.0953125 0.134375
0 0.9515625 0.0390625 0.0953125 0.078125
0 0.8578125 0.49609375 0.125 0.15
0 0.64609375 0.38515625 0.08125 0.0796875
0 0.78984375 0.54140625 0.1546875 0.1515625
0 0.890625 0.08671875 0.09375 0.115625
0 0.40546875 0.91953125 0.0828125 0.0828125
0 0.15234375 0.89765625 0.046875 0.0453125
0 0.9546875 0.55234375 0.0890625 0.0984375
0 0.50234375 0.65859375 0.0859375 0.10625
0 0.47578125 0.3046875 0.0984375 0.1
0 0.45703125 0.23359375 0.1 0.0859375
0 0.6375 0.86015625 0.1390625 0.13125
0 0.3828125 0.503125 0.0765625 0.075
0 0.9296875 0.6703125 0.140625 0.1265625
0 0.4296875 0.5796875 0.115625 0.0875
0 0.56875 0.7046875 0.10625 0.140625
0 0.20390625 0.34375 0.146875 0.1109375
0 0.640625 0.23359375 0.140625 0.1546875
0 0.22890625 0.8265625 0.075 0.0640625
0 0.315625 0.0484375 0.121875 0.096875
0 0.140625 0.51953125 0.11875 0.11875
0 0.94609375 0.3046875 0.1078125 0.0890625
0 0.92734375 0.88515625 0.1453125 0.115625
0 0.71484375 0.73515625 0.09375 0.128125
0 0.0328125 0.63046875 0.065625 0.090625
0 0.75625 0.83984375 0.1078125 0.09375
0 0.053125 0.72890625 0.10625 0.11875
0 0.3109375 0.91953125 0.1 0.0921875
0 0.50625 0.3921875 0.1171875 0.1296875
0 0.8078125 0.67109375 0.0859375 0.08125
0 0.2265625 0.73828125 0.11875 0.1359375
0 0.35078125 0.2015625 0.1140625 0.140625
0 0.73515625 0.6375 0.09375 0.084375
0 0.69453125 0.521875 0.0890625 0.09375
0 0.1265625 0.09375 0.140625 0.146875
0 0.93359375 0.465625 0.115625 0.109375
0 0.64609375 0.6734375 0.1046875 0.10625
0 0.59140625 0.42578125 0.1296875 0.1015625
0 0.125 0.7890625 0.1265625 0.13125
0 0.58671875 0.9515625 0.1390625 0.0953125
0 0.7328125 0.04375 0.0828125 0.0875
0 0.228125 0.5203125 0.0734375 0.0609375
0 0.55078125 0.275 0.075 0.115625
0 0.30625 0.4921875 0.0875 0.0859375