0 0.840625 0.36875 0.08125 0.06875
0 0.34921875 0.3796875 0.0828125 0.1171875
0 0.1359375 0.92421875 0.1140625 0.103125
0 0.95234375 0.32578125 0.09375 0.134375
0 0.7671875 0.81484375 0.075 0.0640625
0 0.84375 0.19609375 0.078125 0.0953125
0 0.69140625 0.6640625 0.0921875 0.0953125
0 0.909375 0.93359375 0.09375 0.1078125
0 0.62109375 0.6078125 0.071875 0.0796875
0 0.83515625 0.80546875 0.0625 0.0578125
0 0.49375 0.334375 0.05625 0.0796875
0 0.9359375 0.71484375 0.103125 0.0953125
0 0.27109375 0.353125 0.0828125 0.1296875
0 0.5625 0.5 0.109375 0.09375
0 0.97421875 0.9140625 0.05 0.0546875
0 0.80234375 0.60703125 0.096875 0.1046875
0 0.80078125 0.93359375 0.1203125 0.13125
0 0.63125 0.209375 0.0828125 0.0796875
0 0.43515625 0.809375 0.0953125 0.1078125
0 0.16484375 0.303125 0.0609375 0.0578125
0 0.75390625 0.45078125 0.0703125 0.075
0 0.17578125 0.859375 0.1625 0.153125
0 0.04453125 0.83984375 0.0890625 0.146875
0 0.934375 0.22109375 0.13125 0.1265625
0 0.8921875 0.85 0.059375 0.0671875
0 0.70234375 0.4765625 0.1171875 0.103125
0 0.74765625 0.640625 0.0453125 0.065625
0 0.41953125 0.521875 0.1 0.0953125
0 0.75390625 0.36796875 0.0734375 0.0984375
0 0.115625 0.23203125 0.103125 0.0640625
0 0.87421875 0.559375 0.14375 0.1359375
0 0.58125 0.92421875 0.1078125 0.15
0 0.7140625 0.584375 0.1 0.0640625
0 0.465625 0.4359375 0.0859375 0.0890625
0 0.25 0.5015625 0.1 0.071875
0 0.3515625 0.8765625 0.0890625 0.071875
0 0.6953125 0.3859375 0.0703125 0.0734375
0 0.93359375 0.4125 0.1328125 0.090625
0 0.6515625 0.890625 0.1609375 0.1546875
0 0.646875 0.78671875 0.1109375 0.1296875
0 0.56484375 0.75 0.103125 0.1046875
0 0.5296875 0.42890625 0.0625 0.0546875
0 0.1484375 0.3609375 0.146875 0.1015625
0 0.328125 0.55625 0.1109375 0.1125
0 0.71328125 0.7890625 0.0453125 0.0484375
0 0.7046875 0.28359375 0.1046875 0.1421875
0 0.8171875 0.4125 0.1 0.0953125
0 0.828125 0.7015625 0.128125 0.1140625
0 0.16640625 0.7015625 0.1546875 0.1421875
0 0.86953125 0.3171875 0.1140625 0.1078125
0 0.38125 0.4578125 0.0890625 0.109375
0 0.37421875 0.76796875 0.121875 0.13125
0 0.946875 0.796875 0.1046875 0.0828125
0 0.03984375 0.58046875 0.0796875 0.1578125
0 0.0828125 0.2796875 0.125 0.0953125
0 0.2875 0.94140625 0.1375 0.1171875
0 0.05390625 0.365625 0.1078125 0.10625
0 0.446875 0.20546875 0.10625 0.090625
0 0.05546875 0.4671875 0.1109375 0.115625
0 0.15 0.603125 0.171875 0.1453125
0 0.25 0.7703125 0.1171875 0.14375
0 0.634375 0.29453125 0.0828125 0.10625
0 0.43828125 0.9609375 0.0703125 0.078125
0 0.4875 0.671875 0.109375 0.125
0 0.521875 0.93359375 0.121875 0.1328125
0 0.940625 0.61171875 0.1171875 0.153125
0 0.49609375 0.53125 0.0953125 0.0921875
0 0.603125 0.67578125 0.1125 0.1125
0 0.5984375 0.47421875 0.05625 0.059375
0 0.56796875 0.37734375 0.0890625 0.096875
0 0.0453125 0.95078125 0.090625 0.096875
0 0.4203125 0.315625 0.103125 0.14375
0 0.56875 0.27890625 0.075 0.103125
0 0.37109375 0.96875 0.06875 0.0625
0 0.6328125 0.37890625 0.046875 0.0546875
0 0.77109375 0.265625 0.078125 0.0890625
0 0.5140625 0.29765625 0.1015625 0.0828125
0 0.4109375 0.60546875 0.1 0.0875
0 0.859375 0.775 0.06875 0.059375
0 0.328125 0.26953125 0.09375 0.0890625
0 0.71875 0.7453125 0.0875 0.0765625
0 0.534375 0.79921875 0.1046875 0.0953125
0 0.30859375 0.621875 0.1375 0.1171875
0 0.975 0.865625 0.0484375 0.0515625
0 0.0359375 0.69140625 0.071875 0.0921875
0 0.77578125 0.76953125 0.05625 0.04375