0 0.6169270833333333 0.49270833333333336 0.1875 0.15260416666666668
0 0.24895833333333334 0.8947916666666667 0.17135416666666667 0.178125
0 0.6432291666666666 0.25286458333333334 0.07604166666666666 0.0796875
0 0.47630208333333335 0.7796875 0.09427083333333333 0.08645833333333333
0 0.3223958333333333 0.7434895833333334 0.08802083333333334 0.0875
0 0.36015625 0.34817708333333336 0.0890625 0.1078125
0 0.5049479166666667 0.9143229166666667 0.22916666666666666 0.17135416666666667
0 0.8572916666666667 0.7875 0.08020833333333334 0.07395833333333333
0 0.83203125 0.66875 0.09583333333333334 0.1109375
0 0.8869791666666667 0.4666666666666667 0.07135416666666666 0.08229166666666667
0 0.52890625 0.21223958333333334 0.078125 0.08697916666666666
0 0.7705729166666667 0.7731770833333333 0.1109375 0.10260416666666666
0 0.7997395833333333 0.54453125 0.0671875 0.07760416666666667
0 0.28125 0.14192708333333334 0.04635416666666667 0.04895833333333333
0 0.10078125 0.3815104166666667 0.057291666666666664 0.059375
0 0.4236979166666667 0.33671875 0.0390625 0.0515625
0 0.6630208333333333 0.9575520833333333 0.09375 0.08489583333333334
0 0.3770833333333333 0.82265625 0.12135416666666667 0.08020833333333334
0 0.203125 0.7484375 0.052083333333333336 0.04739583333333333
0 0.29296875 0.3536458333333333 0.04895833333333333 0.07395833333333333
0 0.12994791666666666 0.9588541666666667 0.11875 0.08177083333333333
0 0.10598958333333333 0.48385416666666664 0.06145833333333333 0.07083333333333333
0 0.035416666666666666 0.7630208333333334 0.07083333333333333 0.16822916666666668
0 0.8481770833333333 0.4075520833333333 0.06614583333333333 0.06458333333333334
0 0.32708333333333334 0.08776041666666666 0.0484375 0.06197916666666667
0 0.75703125 0.425 0.11770833333333333 0.17552083333333332
0 0.05234375 0.5348958333333333 0.08802083333333334 0.08385416666666666
0 0.5322916666666667 0.0390625 0.05260416666666667 0.0609375
0 0.6880208333333333 0.03671875 0.0515625 0.06770833333333333
0 0.07786458333333333 0.7783854166666667 0.0421875 0.053125
0 0.1765625 0.4393229166666667 0.1078125 0.09375
0 0.9088541666666666 0.04114583333333333 0.15833333333333333 0.08177083333333333
0 0.465625 0.028385416666666666 0.06770833333333333 0.05260416666666667
0 0.7018229166666666 0.8817708333333333 0.1484375 0.125
0 0.4671875 0.5424479166666667 0.096875 0.1109375
0 0.62578125 0.5828125 0.057291666666666664 0.059895833333333336
0 0.09869791666666666 0.7190104166666667 0.043229166666666666 0.03697916666666667
0 0.071875 0.6739583333333333 0.07239583333333334 0.084375
0 0.33932291666666664 0.27005208333333336 0.03958333333333333 0.03854166666666667
0 0.9596354166666666 0.4354166666666667 0.06041666666666667 0.05677083333333333
0 0.39375 0.06796875 0.08229166666666667 0.07760416666666667
0 0.959375 0.71328125 0.06614583333333333 0.07864583333333333
0 0.634375 0.042708333333333334 0.05260416666666667 0.0703125
0 0.25104166666666666 0.37005208333333334 0.036458333333333336 0.03854166666666667
0 0.4817708333333333 0.3421875 0.08125 0.0640625
0 0.11901041666666666 0.7645833333333333 0.046875 0.05416666666666667
0 0.20364583333333333 0.6747395833333333 0.08541666666666667 0.0734375
0 0.39505208333333336 0.6052083333333333 0.05 0.052083333333333336
0 0.15807291666666667 0.7669270833333334 0.03802083333333333 0.0625
0 0.7390625 0.26197916666666665 0.06302083333333333 0.06302083333333333
0 0.5942708333333333 0.328125 0.0640625 0.07239583333333334
0 0.24765625 0.05260416666666667 0.13958333333333334 0.1046875
0 0.5427083333333333 0.40520833333333334 0.07291666666666667 0.07708333333333334
0 0.40703125 0.21666666666666667 0.11354166666666667 0.09427083333333333
0 0.3140625 0.44114583333333335 0.04739583333333333 0.0765625
0 0.4075520833333333 0.45234375 0.075 0.06770833333333333
0 0.0375 0.9588541666666667 0.075 0.08229166666666667
0 0.7083333333333334 0.5856770833333333 0.058854166666666666 0.0921875
0 0.8127604166666667 0.915625 0.1109375 0.1265625
0 0.04869791666666667 0.45989583333333334 0.058333333333333334 0.0703125
0 0.13541666666666666 0.69609375 0.0578125 0.0625
0 0.5421875 0.7541666666666667 0.034375 0.03958333333333333
0 0.8213541666666667 0.18255208333333334 0.042708333333333334 0.057291666666666664
0 0.44036458333333334 0.17109375 0.0515625 0.07395833333333333
0 0.6544270833333333 0.37578125 0.09947916666666666 0.096875
0 0.05390625 0.08541666666666667 0.026041666666666668 0.034895833333333334
0 0.41692708333333334 0.2791666666666667 0.036458333333333336 0.05
0 0.7705729166666667 0.025520833333333333 0.08802083333333334 0.051041666666666666
0 0.80546875 0.06796875 0.030208333333333334 0.030729166666666665
0 0.4036458333333333 0.5453125 0.03177083333333333 0.05
0 0.9880208333333333 0.07395833333333333 0.023958333333333335 0.04114583333333333
0 0.7611979166666667 0.5880208333333333 0.06354166666666666 0.06614583333333333
0 0.24791666666666667 0.24166666666666667 0.16770833333333332 0.16197916666666667
0 0.24609375 0.74296875 0.0265625 0.028645833333333332
0 0.203125 0.09973958333333334 0.1109375 0.1421875
0 0.9479166666666666 0.8966145833333333 0.07916666666666666 0.1
0 0.021875 0.052083333333333336 0.043229166666666666 0.0875
0 0.4552083333333333 0.2908854166666667 0.05416666666666667 0.057291666666666664
0 0.9833333333333333 0.9528645833333333 0.03333333333333333 0.06614583333333333
0 0.9408854166666667 0.9604166666666667 0.040625 0.03802083333333333
0 0.3372395833333333 0.5450520833333333 0.0828125 0.09583333333333334
0 0.06770833333333333 0.2713541666666667 0.1296875 0.1609375
0 0.6033854166666667 0.16041666666666668 0.06822916666666666 0.06822916666666666
0 0.9747395833333333 0.7966145833333333 0.050520833333333334 0.06822916666666666
0 0.1515625 0.34609375 0.044270833333333336 0.059895833333333336
0 0.3497395833333333 0.24036458333333333 0.024479166666666666 0.030208333333333334
0 0.35833333333333334 0.6731770833333334 0.07083333333333333 0.07916666666666666
0 0.5518229166666667 0.5994791666666667 0.06458333333333334 0.06510416666666667
0 0.9252604166666667 0.7895833333333333 0.0390625 0.0390625
0 0.12942708333333333 0.20208333333333334 0.0734375 0.09739583333333333
0 0.95546875 0.9854166666666667 0.07447916666666667 0.029166666666666667
0 0.2296875 0.4203125 0.022395833333333334 0.03177083333333333
0 0.91796875 0.384375 0.07447916666666667 0.0625
0 0.24765625 0.5104166666666666 0.115625 0.125
0 0.7348958333333333 0.14973958333333334 0.16510416666666666 0.209375
0 0.7015625 0.7981770833333334 0.06666666666666667 0.0609375
0 0.7348958333333333 0.31953125 0.06197916666666667 0.0421875
0 0.8671875 0.5705729166666667 0.059375 0.07083333333333333
0 0.47708333333333336 0.07239583333333334 0.07291666666666667 0.05
0 0.63125 0.7192708333333333 0.1328125 0.146875
0 0.009635416666666667 0.3380208333333333 0.019270833333333334 0.034895833333333334
0 0.9731770833333333 0.51953125 0.05364583333333333 0.08125
0 0.015625 0.4166666666666667 0.030729166666666665 0.09739583333333333
0 0.22890625 0.6049479166666667 0.09635416666666667 0.06979166666666667
0 0.73046875 0.9765625 0.06614583333333333 0.046875
0 0.8580729166666666 0.24140625 0.046875 0.07239583333333334
0 0.6596354166666667 0.19739583333333333 0.03854166666666667 0.03697916666666667
0 0.421875 0.013541666666666667 0.06979166666666667 0.027083333333333334
0 0.5614583333333333 0.7911458333333333 0.051041666666666666 0.0484375
0 0.2635416666666667 0.4119791666666667 0.059375 0.05416666666666667
0 0.271875 0.4552083333333333 0.05572916666666667 0.05416666666666667
0 0.11770833333333333 0.043229166666666666 0.1203125 0.0859375
0 0.16067708333333333 0.5130208333333334 0.040625 0.04010416666666667
0 0.015885416666666666 0.43671875 0.03177083333333333 0.13645833333333332
0 0.4979166666666667 0.5940104166666667 0.0375 0.03854166666666667
0 0.0734375 0.16432291666666668 0.050520833333333334 0.04895833333333333
0 0.0203125 0.16770833333333332 0.040625 0.0453125
0 0.022916666666666665 0.1203125 0.044270833333333336 0.04479166666666667
0 0.3372395833333333 0.022395833333333334 0.03958333333333333 0.043229166666666666
0 0.047135416666666666 0.35390625 0.03333333333333333 0.026041666666666668
0 0.044270833333333336 0.38125 0.030208333333333334 0.03802083333333333
0 0.12265625 0.33697916666666666 0.021354166666666667 0.033854166666666664
0 0.5822916666666667 0.041666666666666664 0.05364583333333333 0.06145833333333333
0 0.9208333333333333 0.17734375 0.15833333333333333 0.221875
0 0.7986979166666667 0.29661458333333335 0.06145833333333333 0.08125
0 0.7828125 0.24036458333333333 0.0421875 0.035416666666666666
0 0.8526041666666667 0.3359375 0.08229166666666667 0.08697916666666666
0 0.921875 0.325 0.058333333333333334 0.06875
0 0.95703125 0.32838541666666665 0.043229166666666666 0.06458333333333334
0 0.7893229166666667 0.47161458333333334 0.04010416666666667 0.053125
0 0.6328125 0.10390625 0.05 0.050520833333333334
0 0.57890625 0.09791666666666667 0.0625 0.06354166666666666
0 0.4908854166666667 0.11875 0.0765625 0.07708333333333334
0 0.39479166666666665 0.14140625 0.041666666666666664 0.0453125
0 0.08828125 0.8682291666666667 0.16979166666666667 0.1625
0 0.11822916666666666 0.5859375 0.12552083333333333 0.14635416666666667
0 0.29765625 0.6015625 0.0375 0.057291666666666664
0 0.4622395833333333 0.42083333333333334 0.0546875 0.059375
0 0.58984375 0.20677083333333332 0.042708333333333334 0.040625
0 0.515625 0.27447916666666666 0.05572916666666667 0.0484375
0 0.9549479166666667 0.6028645833333334 0.06875 0.08385416666666666
0 0.7369791666666666 0.6919270833333333 0.07447916666666667 0.0640625
0 0.8794270833333333 0.8510416666666667 0.04739583333333333 0.04791666666666667
0 0.8981770833333333 0.6984375 0.057291666666666664 0.075
0 0.39791666666666664 0.75546875 0.06145833333333333 0.06666666666666667
0 0.21744791666666666 0.359375 0.0921875 0.07135416666666666
0 0.5294270833333333 0.65390625 0.06302083333333333 0.05625
0 0.5971354166666667 0.6473958333333333 0.06145833333333333 0.05625
0 0.6544270833333333 0.6138020833333333 0.0453125 0.065625
0 0.5721354166666667 0.2794270833333333 0.05625 0.04010416666666667
0 0.4513020833333333 0.64765625 0.0796875 0.05416666666666667
0 0.41692708333333334 0.7036458333333333 0.042708333333333334 0.0421875
0 0.48385416666666664 0.7080729166666667 0.08385416666666666 0.051041666666666666
0 0.26588541666666665 0.7744791666666667 0.033854166666666664 0.028125
0 0.2677083333333333 0.7317708333333334 0.024479166666666666 0.030208333333333334
0 0.39010416666666664 0.9052083333333333 0.09635416666666667 0.07552083333333333
0 0.41015625 0.39010416666666664 0.05572916666666667 0.058854166666666666
0 0.3541666666666667 0.42265625 0.04739583333333333 0.058854166666666666
0 0.62734375 0.8057291666666667 0.05364583333333333 0.03177083333333333
0 0.10442708333333334 0.12005208333333334 0.0921875 0.0703125