0 0.5703125 0.2671875 0.109375 0.090625
0 0.0703125 0.45703125 0.1375 0.0796875
0 0.9203125 0.0625 0.11875 0.1046875
0 0.2515625 0.64453125 0.0828125 0.0984375
0 0.7546875 0.06484375 0.115625 0.121875
0 0.53046875 0.32734375 0.1296875 0.10625
0 0.071875 0.3828125 0.115625 0.053125
0 0.14453125 0.85078125 0.084375 0.0953125
0 0.8421875 0.50390625 0.0984375 0.115625
0 0.87890625 0.15234375 0.10625 0.0875
0 0.459375 0.55625 0.1015625 0.11875
0 0.85859375 0.03828125 0.0875 0.0765625
0 0.61171875 0.465625 0.1109375 0.1109375
0 0.2453125 0.88359375 0.128125 0.15
0 0.35546875 0.878125 0.0953125 0.0921875
0 0.8953125 0.953125 0.1546875 0.0921875
0 0.3703125 0.790625 0.0734375 0.0828125
0 0.15625 0.29609375 0.096875 0.0671875
0 0.546875 0.93359375 0.0953125 0.1328125
0 0.625 0.9359375 0.1109375 0.1265625
0 0.25 0.5328125 0.1296875 0.1265625
0 0.359375 0.69296875 0.1078125 0.103125
0 0.25078125 0.34140625 0.0953125 0.084375
0 0.775 0.2859375 0.1015625 0.1515625
0 0.05 0.0796875 0.1 0.134375
0 0.16796875 0.6109375 0.13125 0.109375
0 0.9359375 0.559375 0.0859375 0.1296875
0 0.48828125 0.21171875 0.1125 0.1265625
0 0.215625 0.7875 0.1234375 0.1296875
0 0.38984375 0.2359375 0.090625 0.0796875
0 0.06875 0.7640625 0.1375 0.1234375
0 0.3546875 0.95078125 0.084375 0.096875
0 0.8828125 0.2484375 0.1203125 0.121875
0 0.190625 0.2171875 0.1046875 0.10625
0 0.34921875 0.5828125 0.0921875 0.128125
0 0.54453125 0.7515625 0.115625 0.109375
0 0.74609375 0.88671875 0.0953125 0.10625
0 0.06328125 0.90390625 0.09375 0.13125
0 0.96328125 0.28515625 0.071875 0.0828125
0 0.9015625 0.69453125 0.103125 0.0890625
0 0.1578125 0.51171875 0.109375 0.1109375
0 0.4859375 0.8125 0.0859375 0.1015625
0 0.240625 0.0484375 0.1109375 0.096875
0 0.659375 0.8359375 0.1 0.1453125
0 0.7421875 0.50078125 0.125 0.125
0 0.5125 0.42578125 0.125 0.1265625
0 0.6625 0.325 0.0984375 0.1015625
0 0.87109375 0.34765625 0.1046875 0.0953125
0 0.3453125 0.15234375 0.0953125 0.11875
0 0.36484375 0.35546875 0.1296875 0.1390625
0 0.4796875 0.8890625 0.090625 0.090625
0 0.51484375 0.6046875 0.09375 0.1046875
0 0.7390625 0.775 0.13125 0.1328125
0 0.89453125 0.8875 0.134375 0.1
0 0.8578125 0.7765625 0.1296875 0.121875
0 0.08046875 0.22265625 0.1390625 0.13125
0 0.31875 0.46171875 0.096875 0.065625
0 0.184375 0.39453125 0.1109375 0.1078125
0 0.8109375 0.6 0.1328125 0.10625
0 0.2640625 0.13671875 0.0921875 0.1