0 0.05859375 0.165625 0.1171875 0.090625
0 0.9359375 0.890625 0.0953125 0.1046875
0 0.290625 0.66953125 0.0984375 0.1234375
0 0.28125 0.81328125 0.1125 0.134375
0 0.65625 0.72734375 0.1265625 0.1578125
0 0.51796875 0.4109375 0.0890625 0.109375
0 0.6875 0.23515625 0.121875 0.1
0 0.35 0.5109375 0.09375 0.096875
0 0.87890625 0.70859375 0.1765625 0.184375
0 0.7625 0.51953125 0.0953125 0.103125
0 0.70703125 0.9328125 0.1015625 0.125
0 0.6546875 0.50234375 0.1453125 0.1546875
0 0.47265625 0.63203125 0.084375 0.0921875
0 0.9 0.9375 0.096875 0.0875
0 0.853125 0.58515625 0.171875 0.15
0 0.609375 0.896875 0.1109375 0.0796875
0 0.571875 0.60390625 0.128125 0.10625
0 0.18203125 0.8265625 0.1515625 0.1296875
0 0.6109375 0.67578125 0.090625 0.0953125
0 0.38671875 0.76328125 0.1109375 0.096875
0 0.8078125 0.86953125 0.0984375 0.096875
0 0.41171875 0.5703125 0.0828125 0.0875
0 0.35625 0.575 0.0578125 0.0609375
0 0.209375 0.66328125 0.1140625 0.06875
0 0.790625 0.1015625 0.1875 0.203125
0 0.95703125 0.58515625 0.084375 0.065625
0 0.734375 0.8234375 0.1078125 0.1015625
0 0.32890625 0.45234375 0.0859375 0.0625
0 0.05625 0.0921875 0.1125 0.121875
0 0.06953125 0.6875 0.1390625 0.1828125
0 0.5921875 0.35234375 0.1234375 0.140625
0 0.4625 0.7390625 0.1 0.1265625
0 0.3125 0.3453125 0.103125 0.146875
0 0.825 0.9484375 0.1 0.1015625
0 0.903125 0.51328125 0.14375 0.125
0 0.5890625 0.80078125 0.134375 0.134375
0 0.159375 0.56015625 0.21875 0.1734375
0 0.22734375 0.11484375 0.2140625 0.20625
0 0.446875 0.48046875 0.1484375 0.1203125
0 0.53125 0.88125 0.1171875 0.1171875
0 0.7890625 0.76015625 0.125 0.1359375
0 0.9265625 0.35078125 0.146875 0.1953125
0 0.4265625 0.37890625 0.1734375 0.15
0 0.378125 0.6578125 0.10625 0.1171875
0 0.740625 0.69375 0.0828125 0.0875
0 0.11875 0.75625 0.1375 0.115625
0 0.221875 0.74453125 0.10625 0.0875
0 0.5625 0.171875 0.146875 0.1109375
0 0.925 0.15625 0.1484375 0.1265625
0 0.875 0.83046875 0.159375 0.1421875
0 0.10703125 0.95234375 0.0875 0.0921875
0 0.5359375 0.70625 0.078125 0.1
0 0.91015625 0.26875 0.1796875 0.1734375
0 0.2078125 0.93359375 0.1484375 0.1328125
0 0.23828125 0.4796875 0.1328125 0.1765625
0 0.40390625 0.26875 0.15 0.146875
0 0.05625 0.88671875 0.1125 0.1328125
0 0.35546875 0.9203125 0.1375 0.15
0 0.70390625 0.3859375 0.1109375 0.13125
0 0.54453125 0.27109375 0.1265625 0.1296875
0 0.5328125 0.51484375 0.15 0.1484375
0 0.6078125 0.95703125 0.103125 0.084375
0 0.82421875 0.4125 0.1328125 0.1