0 0.68203125 0.52890625 0.090625 0.08125
0 0.75703125 0.778125 0.0640625 0.075
0 0.2171875 0.928125 0.059375 0.0703125
0 0.54375 0.46796875 0.0859375 0.0703125
0 0.53671875 0.890625 0.0671875 0.06875
0 0.3953125 0.54765625 0.078125 0.08125
0 0.72109375 0.2296875 0.0421875 0.0484375
0 0.3984375 0.47109375 0.0953125 0.0875
0 0.26484375 0.39296875 0.1078125 0.0921875
0 0.56328125 0.5625 0.04375 0.040625
0 0.9515625 0.84296875 0.0953125 0.096875
0 0.05859375 0.22734375 0.1109375 0.103125
0 0.2140625 0.17890625 0.0890625 0.0921875
0 0.3578125 0.15234375 0.084375 0.0828125
0 0.47734375 0.5078125 0.059375 0.0609375
0 0.4125 0.384375 0.103125 0.1
0 0.30390625 0.93515625 0.1265625 0.11875
0 0.2328125 0.6046875 0.0875 0.06875
0 0.0546875 0.3375 0.09375 0.084375
0 0.88046875 0.55234375 0.046875 0.04375
0 0.9484375 0.74609375 0.0609375 0.065625
0 0.4671875 0.75234375 0.0765625 0.0671875
0 0.93671875 0.509375 0.084375 0.078125
0 0.2703125 0.24609375 0.0796875 0.0734375
0 0.15 0.68515625 0.0734375 0.05
0 0.690625 0.2484375 0.0546875 0.06875
0 0.32421875 0.31640625 0.059375 0.0765625
0 0.78203125 0.85859375 0.0828125 0.078125
0 0.6171875 0.35625 0.0640625 0.05
0 0.60859375 0.1796875 0.0625 0.0859375
0 0.68671875 0.06640625 0.0734375 0.075
0 0.34296875 0.59765625 0.1421875 0.125
0 0.54609375 0.26484375 0.1015625 0.0921875
0 0.5921875 0.603125 0.0640625 0.0671875
0 0.9 0.2578125 0.0921875 0.0875
0 0.7953125 0.2859375 0.0703125 0.0640625
0 0.7359375 0.828125 0.06875 0.0640625
0 0.8515625 0.81875 0.08125 0.0921875
0 0.0578125 0.1171875 0.109375 0.109375
0 0.2875 0.73359375 0.10625 0.115625
0 0.0484375 0.42109375 0.08125 0.0953125
0 0.88359375 0.0828125 0.075 0.08125
0 0.0953125 0.65703125 0.0796875 0.0828125
0 0.92109375 0.9234375 0.0703125 0.0765625
0 0.45078125 0.8140625 0.0609375 0.0828125
0 0.73671875 0.06015625 0.0625 0.0796875
0 0.6109375 0.47421875 0.0890625 0.0875
0 0.203125 0.05859375 0.090625 0.1
0 0.53203125 0.69609375 0.065625 0.053125
0 0.5859375 0.31640625 0.103125 0.103125
0 0.03671875 0.521875 0.0625 0.0609375
0 0.28359375 0.13828125 0.053125 0.046875
0 0.1125 0.7359375 0.06875 0.0765625
0 0.934375 0.62890625 0.096875 0.0796875
0 0.49296875 0.834375 0.05 0.0671875
0 0.309375 0.05625 0.0609375 0.0640625
0 0.82421875 0.24453125 0.0640625 0.046875
0 0.415625 0.15546875 0.0609375 0.0765625
0 0.2734375 0.20078125 0.0515625 0.053125
0 0.88515625 0.4625 0.0671875 0.0640625
0 0.43359375 0.24765625 0.0484375 0.0578125
0 0.1890625 0.47265625 0.0671875 0.0546875
0 0.1234375 0.30546875 0.0453125 0.046875
0 0.07421875 0.9265625 0.096875 0.103125
0 0.18203125 0.3390625 0.053125 0.053125
0 0.51328125 0.7703125 0.0609375 0.059375
0 0.53203125 0.40859375 0.0984375 0.084375
0 0.384375 0.6796875 0.0796875 0.075
0 0.6296875 0.66875 0.15 0.1171875
0 0.81640625 0.42109375 0.1109375 0.0875
0 0.78046875 0.50625 0.0828125 0.1078125
0 0.70625 0.128125 0.0953125 0.0796875
0 0.20078125 0.540625 0.06875 0.05625
0 0.84375 0.59375 0.0640625 0.0640625
0 0.10390625 0.42578125 0.071875 0.065625
0 0.85 0.6671875 0.05625 0.05
0 0.64921875 0.5875 0.075 0.075
0 0.85078125 0.8578125 0.05625 0.0640625
0 0.775 0.37578125 0.04375 0.059375
0 0.2328125 0.72890625 0.0921875 0.109375
0 0.76796875 0.946875 0.0640625 0.0859375
0 0.175 0.7671875 0.059375 0.059375
0 0.4609375 0.2484375 0.0828125 0.0828125
0 0.5890625 0.07734375 0.0953125 0.1015625
0 0.1140625 0.3671875 0.0375 0.040625
0 0.528125 0.52421875 0.0734375 0.084375
0 0.57421875 0.95546875 0.0609375 0.071875
0 0.36953125 0.84921875 0.0828125 0.0828125
0 0.8375 0.1890625 0.0796875 0.0625
0 0.715625 0.3375 0.08125 0.0765625