0 0.27109375 0.515625 0.140625 0.15
0 0.303125 0.34140625 0.23125 0.2046875
0 0.3875 0.184375 0.1015625 0.18125
0 0.63515625 0.72890625 0.16875 0.1453125
0 0.35625 0.62890625 0.096875 0.1875
0 0.5515625 0.5625 0.1234375 0.134375
0 0.303125 0.13671875 0.140625 0.215625
0 0.06328125 0.884375 0.1265625 0.0703125
0 0.390625 0.4796875 0.1 0.134375
0 0.57734375 0.9140625 0.103125 0.125
0 0.54921875 0.2984375 0.2125 0.2390625
0 0.4734375 0.63828125 0.15625 0.165625
0 0.64375 0.1875 0.0859375 0.084375
0 0.5453125 0.78515625 0.115625 0.1609375
0 0.7828125 0.15 0.1875 0.19375
0 0.1234375 0.7109375 0.184375 0.1421875
0 0.08984375 0.4453125 0.1796875 0.225
0 0.8203125 0.41796875 0.1609375 0.209375
0 0.1953125 0.86015625 0.1296875 0.140625
0 0.103125 0.59765625 0.16875 0.1171875
0 0.84765625 0.81953125 0.184375 0.2125
0 0.65390625 0.62109375 0.1671875 0.1484375
0 0.1078125 0.18515625 0.215625 0.1890625
0 0.690625 0.45859375 0.175 0.2109375
0 0.3046875 0.9171875 0.1734375 0.1625
0 0.7015625 0.84140625 0.121875 0.1203125
0 0.45078125 0.75 0.115625 0.1234375
0 0.43984375 0.06640625 0.1265625 0.1328125
0 0.06015625 0.7765625 0.1203125 0.1453125
0 0.24296875 0.6390625 0.1578125 0.1390625
0 0.13125 0.32421875 0.1390625 0.146875
0 0.66953125 0.08125 0.1515625 0.1625
0 0.51953125 0.1484375 0.2046875 0.184375
0 0.475 0.90703125 0.165625 0.18125
0 0.75625 0.28828125 0.21875 0.165625