0 0.56015625 0.309375 0.0921875 0.0890625
0 0.3421875 0.4671875 0.071875 0.0921875
0 0.43125 0.30859375 0.0828125 0.0703125
0 0.60859375 0.45078125 0.084375 0.0828125
0 0.6640625 0.40234375 0.0953125 0.1
0 0.2671875 0.609375 0.0734375 0.08125
0 0.81796875 0.1328125 0.08125 0.090625
0 0.4140625 0.465625 0.09375 0.1171875
0 0.91953125 0.11484375 0.059375 0.0515625
0 0.465625 0.18359375 0.1171875 0.153125
0 0.5078125 0.75546875 0.1390625 0.13125
0 0.5328125 0.5015625 0.13125 0.1375
0 0.6375 0.90703125 0.103125 0.11875
0 0.33203125 0.9515625 0.0953125 0.0859375
0 0.68984375 0.49765625 0.0640625 0.0671875
0 0.27421875 0.28984375 0.1078125 0.084375
0 0.93828125 0.178125 0.0796875 0.071875
0 0.6203125 0.7609375 0.1109375 0.1359375
0 0.6171875 0.60234375 0.0828125 0.0875
0 0.09296875 0.80625 0.0828125 0.075
0 0.73828125 0.66953125 0.0859375 0.0828125
0 0.34375 0.340625 0.1046875 0.115625
0 0.46875 0.6515625 0.071875 0.0765625
0 0.5640625 0.38125 0.06875 0.06875
0 0.2546875 0.37734375 0.0953125 0.1171875
0 0.31328125 0.24765625 0.1015625 0.09375
0 0.475 0.0421875 0.140625 0.084375
0 0.20625 0.43359375 0.06875 0.0640625
0 0.65 0.2828125 0.1015625 0.08125