0 0.94375 0.26484375 0.1109375 0.1390625
0 0.634375 0.071875 0.0828125 0.084375
0 0.1 0.88671875 0.146875 0.1375
0 0.93125 0.7515625 0.1359375 0.18125
0 0.6296875 0.62421875 0.10625 0.1171875
0 0.32734375 0.325 0.0828125 0.0765625
0 0.78203125 0.07109375 0.1390625 0.1421875
0 0.55703125 0.26640625 0.0671875 0.0765625
0 0.5453125 0.540625 0.075 0.0953125
0 0.74921875 0.92265625 0.115625 0.1421875
0 0.5078125 0.43359375 0.0875 0.0890625
0 0.5703125 0.4390625 0.078125 0.0859375
0 0.85078125 0.86875 0.165625 0.20625
0 0.4171875 0.95546875 0.0984375 0.0875
0 0.49765625 0.584375 0.0984375 0.0953125
0 0.7828125 0.29296875 0.09375 0.0890625
0 0.25859375 0.50390625 0.134375 0.1390625
0 0.32421875 0.0625 0.0625 0.1078125
0 0.2765625 0.41328125 0.065625 0.065625
0 0.490625 0.6625 0.1109375 0.10625
0 0.63984375 0.8046875 0.1328125 0.125
0 0.1265625 0.6453125 0.1015625 0.1078125
0 0.1125 0.20625 0.1328125 0.0890625
0 0.41796875 0.809375 0.1265625 0.1671875
0 0.54609375 0.16640625 0.1484375 0.1453125
0 0.63125 0.51953125 0.109375 0.11875
0 0.6796875 0.8890625 0.09375 0.0875
0 0.2453125 0.06796875 0.1390625 0.10625
0 0.3203125 0.221875 0.1265625 0.1234375
0 0.3125 0.9125 0.1234375 0.1140625
0 0.13515625 0.334375 0.18125 0.1515625
0 0.84765625 0.16328125 0.125 0.1765625
0 0.8203125 0.54609375 0.1453125 0.1484375
0 0.57890625 0.6625 0.0953125 0.1296875
0 0.74375 0.790625 0.109375 0.125
0 0.79140625 0.66796875 0.1609375 0.134375
0 0.1828125 0.71171875 0.1359375 0.1
0 0.428125 0.259375 0.1390625 0.1328125
0 0.69296875 0.6953125 0.1640625 0.1453125
0 0.76953125 0.365625 0.11875 0.0765625
0 0.209375 0.78671875 0.0921875 0.096875
0 0.05859375 0.2609375 0.1171875 0.0890625
0 0.38515625 0.115625 0.1046875 0.146875
0 0.5015625 0.48359375 0.1265625 0.1140625
0 0.50703125 0.3140625 0.109375 0.140625
0 0.1546875 0.93828125 0.1203125 0.1234375
0 0.909375 0.396875 0.1796875 0.16875
0 0.146875 0.434375 0.1328125 0.084375
0 0.4765625 0.09453125 0.1140625 0.1546875
0 0.2234375 0.2765625 0.1390625 0.165625
0 0.4265625 0.36875 0.09375 0.1265625
0 0.18046875 0.58359375 0.1265625 0.1140625
0 0.70078125 0.115625 0.075 0.115625
0 0.1 0.12890625 0.165625 0.115625
0 0.5390625 0.7609375 0.13125 0.1125
0 0.58984375 0.90390625 0.08125 0.08125
0 0.096875 0.53359375 0.0984375 0.11875
0 0.3578125 0.4125 0.13125 0.115625
0 0.63515625 0.3453125 0.1625 0.18125
0 0.2984375 0.62421875 0.1328125 0.1125
0 0.50703125 0.95234375 0.121875 0.09375
0 0.53125 0.83671875 0.1109375 0.1234375
0 0.65234375 0.14609375 0.0875 0.11875
0 0.7265625 0.5171875 0.1421875 0.1421875
0 0.2640625 0.16796875 0.090625 0.1171875
0 0.74140625 0.2078125 0.1390625 0.1578125
0 0.7375 0.415625 0.175 0.146875
0 0.2484375 0.94609375 0.0921875 0.1078125
0 0.06484375 0.75625 0.0953125 0.121875