0 0.52109375 0.9515625 0.0984375 0.09375
0 0.3703125 0.08203125 0.109375 0.1078125
0 0.7703125 0.90859375 0.1390625 0.1078125
0 0.23671875 0.7046875 0.0734375 0.0890625
0 0.6703125 0.41796875 0.1 0.1
0 0.759375 0.490625 0.0921875 0.115625
0 0.37890625 0.56171875 0.065625 0.071875
0 0.43359375 0.69453125 0.053125 0.0953125
0 0.540625 0.15390625 0.0875 0.1
0 0.8734375 0.7390625 0.05625 0.071875
0 0.41796875 0.4359375 0.0953125 0.1359375
0 0.84375 0.1828125 0.090625 0.0828125
0 0.7546875 0.834375 0.103125 0.084375
0 0.54375 0.7671875 0.09375 0.1015625
0 0.696875 0.77578125 0.1046875 0.1109375
0 0.31640625 0.915625 0.0875 0.0984375
0 0.728125 0.34375 0.096875 0.1125
0 0.26953125 0.06875 0.0796875 0.075
0 0.34140625 0.1859375 0.090625 0.1109375
0 0.91015625 0.47265625 0.0859375 0.1234375
0 0.6359375 0.0515625 0.046875 0.0546875
0 0.0625 0.4546875 0.0984375 0.084375
0 0.2265625 0.55546875 0.084375 0.103125
0 0.2140625 0.88671875 0.1 0.0953125
0 0.08984375 0.215625 0.0859375 0.05625
0 0.6171875 0.52265625 0.078125 0.09375
0 0.27890625 0.12890625 0.0765625 0.084375
0 0.75078125 0.07578125 0.115625 0.121875
0 0.57890625 0.1 0.0953125 0.0875
0 0.9296875 0.08984375 0.1265625 0.0984375
0 0.45625 0.04296875 0.075 0.0859375
0 0.65234375 0.61484375 0.1015625 0.0984375
0 0.0921875 0.83828125 0.0984375 0.0765625
0 0.1703125 0.715625 0.075 0.0609375
0 0.07265625 0.2984375 0.14375 0.11875
0 0.21171875 0.44921875 0.0953125 0.0953125
0 0.7640625 0.24296875 0.1171875 0.1078125
0 0.69296875 0.55625 0.0828125 0.1125
0 0.04921875 0.77109375 0.0796875 0.0671875
0 0.19765625 0.24765625 0.11875 0.1203125
0 0.51796875 0.84765625 0.0859375 0.103125
0 0.58359375 0.66328125 0.065625 0.1171875
0 0.43203125 0.07265625 0.065625 0.0890625
0 0.41796875 0.19921875 0.0875 0.0984375
0 0.0765625 0.68125 0.0796875 0.1015625
0 0.53359375 0.521875 0.096875 0.1296875
0 0.81328125 0.30078125 0.0921875 0.109375
0 0.14296875 0.659375 0.090625 0.1046875
0 0.4546875 0.29453125 0.08125 0.096875
0 0.21796875 0.35703125 0.1046875 0.0984375
0 0.8015625 0.7796875 0.103125 0.0953125
0 0.8171875 0.3890625 0.0765625 0.0734375
0 0.15078125 0.83984375 0.075 0.065625
0 0.3578125 0.775 0.1609375 0.128125
0 0.51484375 0.26875 0.0609375 0.1
0 0.57734375 0.371875 0.0734375 0.0734375
0 0.1828125 0.77265625 0.0765625 0.0984375
0 0.44765625 0.59453125 0.065625 0.075
0 0.80390625 0.7 0.0734375 0.0796875
0 0.9125 0.1640625 0.0765625 0.084375
0 0.4203125 0.88515625 0.0765625 0.1078125
0 0.109375 0.90625 0.115625 0.0984375
0 0.1328125 0.1203125 0.1015625 0.1109375
0 0.30625 0.26875 0.0796875 0.078125
0 0.7296875 0.67890625 0.0859375 0.1171875
0 0.95 0.68671875 0.0953125 0.1609375
0 0.31640625 0.6203125 0.04375 0.090625
0 0.91640625 0.2875 0.1078125 0.103125
0 0.11796875 0.76796875 0.071875 0.0921875
0 0.690625 0.1328125 0.125 0.1109375
0 0.375 0.365625 0.1109375 0.13125
0 0.13671875 0.546875 0.0734375 0.0546875
0 0.1015625 0.50390625 0.0875 0.0796875
0 0.3171875 0.4765625 0.0859375 0.0921875
0 0.0765625 0.56796875 0.0796875 0.0515625
0 0.625 0.91484375 0.11875 0.1078125
0 0.3921875 0.6390625 0.06875 0.075
0 0.4671875 0.14140625 0.0625 0.0640625
0 0.8375 0.48828125 0.078125 0.159375