0 0.73125 0.91015625 0.0828125 0.10625
0 0.1625 0.634375 0.0578125 0.078125
0 0.6296875 0.51640625 0.0765625 0.046875
0 0.34375 0.18828125 0.0625 0.05625
0 0.9328125 0.39609375 0.1140625 0.0796875
0 0.78515625 0.38046875 0.053125 0.0609375
0 0.05546875 0.759375 0.0671875 0.04375
0 0.2515625 0.821875 0.0859375 0.09375
0 0.09609375 0.5640625 0.090625 0.0890625
0 0.7421875 0.8125 0.084375 0.05
0 0.7015625 0.66796875 0.078125 0.0953125
0 0.1375 0.8453125 0.084375 0.1046875
0 0.82421875 0.12265625 0.0875 0.10625
0 0.259375 0.0625 0.059375 0.096875
0 0.67578125 0.71953125 0.0671875 0.0515625
0 0.48203125 0.13515625 0.1765625 0.153125
0 0.0546875 0.2328125 0.0578125 0.0640625
0 0.9390625 0.06796875 0.11875 0.0984375
0 0.6390625 0.42109375 0.071875 0.0828125
0 0.4171875 0.03828125 0.1140625 0.0765625
0 0.18828125 0.95625 0.1140625 0.0875
0 0.82734375 0.34765625 0.0703125 0.0796875
0 0.6390625 0.16796875 0.10625 0.0859375
0 0.91015625 0.59296875 0.1109375 0.09375
0 0.28125 0.33828125 0.1015625 0.1
0 0.6296875 0.61953125 0.0484375 0.0609375
0 0.334375 0.94375 0.090625 0.084375
0 0.43203125 0.3375 0.0546875 0.0546875
0 0.3640625 0.86171875 0.1234375 0.10625
0 0.8109375 0.6484375 0.0640625 0.0890625
0 0.178125 0.1921875 0.0890625 0.065625
0 0.96796875 0.34453125 0.0609375 0.09375
0 0.5359375 0.60390625 0.071875 0.06875
0 0.49375 0.84765625 0.0875 0.075
0 0.8390625 0.51328125 0.06875 0.059375
0 0.7421875 0.75546875 0.090625 0.06875
0 0.18515625 0.3890625 0.1046875 0.08125
0 0.8 0.28125 0.0578125 0.0609375
0 0.12265625 0.76015625 0.05625 0.053125
0 0.7421875 0.3109375 0.1015625 0.0859375
0 0.959375 0.87421875 0.0546875 0.0734375
0 0.20546875 0.89609375 0.0796875 0.0640625
0 0.38125 0.45078125 0.0765625 0.09375
0 0.053125 0.6890625 0.0609375 0.0671875
0 0.22734375 0.59765625 0.1078125 0.103125
0 0.65078125 0.0875 0.0640625 0.078125
0 0.034375 0.9015625 0.053125 0.053125
0 0.7234375 0.53515625 0.059375 0.0546875
0 0.7484375 0.11953125 0.059375 0.0640625
0 0.703125 0.378125 0.0609375 0.0703125
0 0.61015625 0.22109375 0.0796875 0.0609375
0 0.5828125 0.65546875 0.0796875 0.0703125
0 0.32578125 0.715625 0.0984375 0.0984375
0 0.0921875 0.17578125 0.0609375 0.0796875
0 0.68125 0.2265625 0.046875 0.084375
0 0.35 0.3546875 0.0453125 0.046875
0 0.38671875 0.09609375 0.0890625 0.078125
0 0.34609375 0.40234375 0.0765625 0.0734375
0 0.34765625 0.5515625 0.053125 0.05625
0 0.49375 0.52421875 0.0953125 0.084375
0 0.83203125 0.590625 0.0703125 0.0625
0 0.7015625 0.48671875 0.075 0.065625
0 0.0421875 0.315625 0.084375 0.10625
0 0.7890625 0.46875 0.05625 0.0625
0 0.1875 0.2515625 0.0625 0.1015625
0 0.4984375 0.7765625 0.090625 0.078125
0 0.4984375 0.9515625 0.0984375 0.09375
0 0.30546875 0.4859375 0.09375 0.0875
0 0.6421875 0.7796875 0.1 0.1078125
0 0.33125 0.259375 0.1 0.0921875
0 0.81171875 0.84921875 0.059375 0.0546875
0 0.75390625 0.6484375 0.0671875 0.0625
0 0.50546875 0.65625 0.0640625 0.065625
0 0.63515625 0.3578125 0.0734375 0.0796875
0 0.4046875 0.68515625 0.0921875 0.10625
0 0.715625 0.14296875 0.0859375 0.084375
0 0.11171875 0.2546875 0.0578125 0.0609375
0 0.153125 0.12890625 0.084375 0.0640625
0 0.59453125 0.1125 0.0578125 0.0609375
0 0.27109375 0.9265625 0.0671875 0.071875
0 0.596875 0.89765625 0.115625 0.134375
0 0.77109375 0.55 0.059375 0.0734375
0 0.065625 0.815625 0.0703125 0.05625
0 0.76875 0.06953125 0.0890625 0.090625
0 0.66171875 0.8640625 0.0703125 0.0734375
0 0.0890625 0.44140625 0.096875 0.1046875
0 0.64921875 0.034375 0.0921875 0.06875
0 0.13671875 0.34765625 0.0796875 0.0671875
0 0.85234375 0.47890625 0.0953125 0.0765625
0 0.853125 0.6484375 0.0515625 0.090625
0 0.95625 0.509375 0.0859375 0.0875
0 0.9515625 0.2640625 0.09375 0.0953125
0 0.7015625 0.58984375 0.0890625 0.05625
0 0.5546875 0.44453125 0.1046875 0.1265625
0 0.45390625 0.44296875 0.0765625 0.103125
0 0.80625 0.20234375 0.0734375 0.0828125
0 0.38984375 0.54140625 0.0609375 0.0765625
0 0.484375 0.36484375 0.078125 0.0703125
0 0.72734375 0.22421875 0.078125 0.0953125
0 0.92578125 0.18359375 0.0796875 0.0546875
0 0.7421875 0.42421875 0.0875 0.071875
0 0.24375 0.24921875 0.0515625 0.078125
0 0.4421875 0.58359375 0.0890625 0.09375