0 0.2921875 0.19140625 0.146875 0.165625
0 0.5265625 0.60234375 0.0859375 0.078125
0 0.75625 0.678125 0.0828125 0.078125
0 0.84375 0.1953125 0.0796875 0.078125
0 0.265625 0.446875 0.071875 0.065625
0 0.25234375 0.2640625 0.15625 0.134375
0 0.91640625 0.665625 0.121875 0.0953125
0 0.88671875 0.221875 0.084375 0.0796875
0 0.6234375 0.3375 0.1234375 0.103125
0 0.63984375 0.52734375 0.0609375 0.0625
0 0.72734375 0.4640625 0.090625 0.096875
0 0.40625 0.56328125 0.053125 0.053125
0 0.11875 0.4234375 0.125 0.0953125
0 0.06015625 0.79453125 0.06875 0.0796875
0 0.415625 0.81953125 0.2375 0.178125
0 0.4 0.359375 0.0875 0.0640625
0 0.25078125 0.5125 0.06875 0.065625
0 0.61171875 0.41171875 0.0765625 0.0671875
0 0.33828125 0.44921875 0.0921875 0.1015625
0 0.81640625 0.56875 0.0765625 0.071875
0 0.09296875 0.2234375 0.1859375 0.165625
0 0.1859375 0.38671875 0.0796875 0.0625
0 0.6015625 0.128125 0.134375 0.1390625
0 0.95546875 0.08125 0.0859375 0.0984375
0 0.296875 0.378125 0.096875 0.0921875
0 0.3984375 0.43046875 0.0828125 0.0734375
0 0.93203125 0.13515625 0.0796875 0.053125
0 0.8125 0.3390625 0.06875 0.053125
0 0.38046875 0.29453125 0.0703125 0.0546875
0 0.16875 0.0828125 0.1546875 0.1578125
0 0.86171875 0.47265625 0.0953125 0.075
0 0.1796875 0.56640625 0.15 0.15625
0 0.88828125 0.7140625 0.0859375 0.084375
0 0.47265625 0.43359375 0.065625 0.0609375
0 0.3421875 0.67265625 0.0953125 0.1046875
0 0.41875 0.66484375 0.1078125 0.1125
0 0.515625 0.4 0.096875 0.0859375
0 0.68828125 0.28359375 0.0921875 0.1109375
0 0.76328125 0.134375 0.10625 0.1078125
0 0.63515625 0.209375 0.1109375 0.1046875
0 0.88203125 0.52734375 0.0984375 0.0796875
0 0.6640625 0.6328125 0.0921875 0.096875
0 0.5859375 0.4734375 0.109375 0.1109375
0 0.17421875 0.9078125 0.084375 0.0875
0 0.44453125 0.31015625 0.0859375 0.084375
0 0.7453125 0.39453125 0.0640625 0.0671875
0 0.1359375 0.275 0.10625 0.0828125
0 0.78984375 0.2140625 0.0765625 0.0765625
0 0.66015625 0.4640625 0.0625 0.071875
0 0.50234375 0.271875 0.1140625 0.0984375
0 0.71953125 0.0890625 0.0984375 0.1109375
0 0.065625 0.1078125 0.11875 0.1
0 0.32109375 0.546875 0.0796875 0.1
0 0.65625 0.40390625 0.0515625 0.059375
0 0.93125 0.49375 0.0453125 0.046875
0 0.1640625 0.6984375 0.2140625 0.15
0 0.8375 0.75546875 0.0625 0.05
0 0.7109375 0.23125 0.08125 0.0796875
0 0.578125 0.871875 0.103125 0.1296875
0 0.76328125 0.271875 0.071875 0.084375
0 0.1015625 0.49921875 0.0921875 0.0828125
0 0.72578125 0.56015625 0.08125 0.078125
0 0.76875 0.8109375 0.0859375 0.0859375
0 0.89921875 0.42265625 0.09375 0.0609375
0 0.8765625 0.1015625 0.09375 0.096875
0 0.8546875 0.28515625 0.109375 0.0859375
0 0.259375 0.58203125 0.071875 0.0796875