0 0.81796875 0.29453125 0.09375 0.0765625
0 0.4828125 0.05703125 0.084375 0.075
0 0.05 0.22265625 0.059375 0.0640625
0 0.2859375 0.12890625 0.059375 0.053125
0 0.59453125 0.1296875 0.071875 0.0640625
0 0.7953125 0.0703125 0.071875 0.0515625
0 0.21875 0.21796875 0.03125 0.04375
0 0.24140625 0.134375 0.03125 0.04375
0 0.3734375 0.34765625 0.0484375 0.0484375
0 0.11875 0.10390625 0.025 0.0296875
0 0.23203125 0.6890625 0.1515625 0.1625
0 0.06484375 0.03671875 0.034375 0.0328125
0 0.18359375 0.05859375 0.0390625 0.0421875
0 0.69296875 0.328125 0.04375 0.0375
0 0.05 0.4359375 0.1 0.121875
0 0.25234375 0.20234375 0.0359375 0.0359375
0 0.93671875 0.27734375 0.0859375 0.0984375
0 0.68046875 0.06171875 0.071875 0.1234375
0 0.8046875 0.459375 0.0515625 0.0453125
0 0.603125 0.2875 0.13125 0.10625
0 0.2875 0.54921875 0.134375 0.1234375
0 0.2640625 0.23671875 0.0390625 0.034375
0 0.3734375 0.8046875 0.0921875 0.0984375
0 0.37421875 0.20703125 0.04375 0.05625
0 0.2265625 0.33515625 0.05625 0.046875
0 0.33515625 0.21953125 0.0453125 0.040625
0 0.8671875 0.425 0.059375 0.0546875
0 0.6484375 0.85390625 0.103125 0.1
0 0.796875 0.10234375 0.034375 0.0265625
0 0.21640625 0.18828125 0.021875 0.0375
0 0.73671875 0.03203125 0.0578125 0.0640625
0 0.4921875 0.01171875 0.05625 0.0234375
0 0.9734375 0.628125 0.053125 0.0703125
0 0.92890625 0.55078125 0.0453125 0.040625
0 0.0875 0.17421875 0.0484375 0.0671875
0 0.2140625 0.084375 0.05625 0.0609375
0 0.73828125 0.92109375 0.0984375 0.128125
0 0.3921875 0.0390625 0.0515625 0.04375
0 0.9109375 0.81171875 0.1328125 0.1234375
0 0.3890625 0.109375 0.0609375 0.0796875
0 0.5015625 0.6421875 0.20625 0.2421875
0 0.15546875 0.08828125 0.04375 0.0453125
0 0.8828125 0.2125 0.0375 0.0609375
0 0.6921875 0.16640625 0.0515625 0.0453125
0 0.79609375 0.3609375 0.05625 0.0703125
0 0.1828125 0.16796875 0.040625 0.0484375
0 0.7875 0.22578125 0.04375 0.040625
0 0.328125 0.3125 0.040625 0.05625
0 0.03984375 0.0515625 0.046875 0.0375
0 0.6265625 0.53203125 0.103125 0.125
0 0.81015625 0.61953125 0.1671875 0.1921875
0 0.40390625 0.17421875 0.04375 0.0359375
0 0.75234375 0.19765625 0.0328125 0.021875
0 0.60703125 0.028125 0.0703125 0.05625
0 0.64453125 0.32265625 0.0796875 0.1234375
0 0.45234375 0.11875 0.09375 0.084375
0 0.1171875 0.21953125 0.0453125 0.053125
0 0.57265625 0.77265625 0.1109375 0.103125
0 0.28046875 0.040625 0.046875 0.03125
0 0.19765625 0.22890625 0.0296875 0.028125
0 0.7796875 0.14765625 0.084375 0.078125
0 0.3 0.20859375 0.03125 0.0234375
0 0.14921875 0.16953125 0.0375 0.0359375
0 0.0578125 0.80546875 0.115625 0.19375
0 0.12890625 0.071875 0.0375 0.0390625
0 0.83671875 0.24296875 0.05 0.0484375
0 0.5515625 0.9515625 0.128125 0.0953125
0 0.32265625 0.271875 0.0453125 0.0328125
0 0.0921875 0.0640625 0.0453125 0.046875
0 0.203125 0.29921875 0.0609375 0.0625
0 0.87421875 0.2890625 0.040625 0.0359375
0 0.72890625 0.34375 0.0515625 0.0328125
0 0.80859375 0.41640625 0.071875 0.053125
0 0.64296875 0.2296875 0.05625 0.0828125
0 0.41953125 0.27109375 0.046875 0.04375
0 0.29375 0.1703125 0.0703125 0.0359375
0 0.0375 0.09921875 0.053125 0.0484375
0 0.28046875 0.08671875 0.03125 0.0328125
0 0.72421875 0.2640625 0.0671875 0.05625
0 0.54765625 0.471875 0.0796875 0.1015625
0 0.659375 0.80625 0.0796875 0.0765625
0 0.58984375 0.22421875 0.046875 0.0515625
0 0.3265625 0.05859375 0.0796875 0.1078125
0 0.9203125 0.24453125 0.0453125 0.0453125
0 0.2 0.0234375 0.0484375 0.040625
0 0.1625 0.51640625 0.128125 0.109375
0 0.59140625 0.1796875 0.0578125 0.040625
0 0.69765625 0.7015625 0.1046875 0.153125
0 0.83125 0.11484375 0.046875 0.0546875
0 0.4234375 0.01484375 0.0796875 0.0296875
0 0.74375 0.40703125 0.046875 0.0359375
0 0.62890625 0.05546875 0.0296875 0.021875
0 0.43359375 0.2171875 0.0640625 0.0484375
0 0.19765625 0.1203125 0.0640625 0.0515625
0 0.40859375 0.8734375 0.0984375 0.1296875
0 0.315625 0.90546875 0.078125 0.1078125
0 0.8109375 0.02421875 0.08125 0.0484375
0 0.840625 0.1625 0.034375 0.046875
0 0.13515625 0.02421875 0.053125 0.0484375
0 0.94296875 0.74375 0.1125 0.15625
0 0.27421875 0.403125 0.0765625 0.0703125
0 0.36015625 0.67578125 0.121875 0.1328125
0 0.03125 0.15625 0.0390625 0.0390625
0 0.7015625 0.1984375 0.0375 0.0234375
0 0.078125 0.6796875 0.1109375 0.0765625
0 0.9546875 0.48046875 0.090625 0.109375
0 0.1171875 0.1515625 0.0515625 0.053125
0 0.14453125 0.9390625 0.0875 0.078125
0 0.89296875 0.37734375 0.0765625 0.075
0 0.08125 0.57109375 0.1625 0.146875
0 0.74296875 0.2359375 0.06875 0.0671875
0 0.57109375 0.8515625 0.0625 0.09375
0 0.171875 0.83125 0.15 0.171875
0 0.80625 0.19609375 0.0359375 0.0296875
0 0.72265625 0.49609375 0.0890625 0.1265625
0 0.796875 0.859375 0.159375 0.18125
0 0.10546875 0.38828125 0.1296875 0.1421875