0 0.734375 0.190625 0.1296875 0.1484375
0 0.7609375 0.9484375 0.1140625 0.1015625
0 0.71875 0.4078125 0.11875 0.121875
0 0.2265625 0.709375 0.109375 0.1140625
0 0.765625 0.84609375 0.1109375 0.1234375
0 0.63984375 0.75625 0.053125 0.05
0 0.04765625 0.134375 0.0953125 0.1140625
0 0.92265625 0.8671875 0.1 0.1109375
0 0.68359375 0.265625 0.1265625 0.15
0 0.11875 0.85390625 0.078125 0.0671875
0 0.765625 0.3234375 0.11875 0.1203125
0 0.27265625 0.9203125 0.109375 0.1234375
0 0.58515625 0.8796875 0.0953125 0.0953125
0 0.20390625 0.521875 0.15 0.146875
0 0.090625 0.7984375 0.0953125 0.04375
0 0.50078125 0.2671875 0.1046875 0.1125
0 0.83203125 0.1015625 0.096875 0.109375
0 0.49375 0.4265625 0.0015625 0.0015625
0 0.85390625 0.6390625 0.0671875 0.06875
0 0.0703125 0.246875 0.140625 0.103125
0 0.9234375 0.50703125 0.1109375 0.1015625
0 0.4484375 0.5546875 0.15625 0.1578125
0 0.1234375 0.178125 0.1296875 0.171875
0 0.89765625 0.10703125 0.1546875 0.1640625
0 0.2375 0.28359375 0.153125 0.1296875
0 0.0546875 0.56484375 0.046875 0.0484375
0 0.42421875 0.11171875 0.0640625 0.0953125
0 0.38125 0.3125 0.1546875 0.1765625
0 0.9421875 0.63125 0.1125 0.0984375
0 0.0875 0.33359375 0.10625 0.0984375
0 0.7609375 0.609375 0.13125 0.1140625
0 0.4984375 0.18828125 0.1109375 0.084375
0 0.18671875 0.0609375 0.13125 0.121875
0 0.17109375 0.33515625 0.0671875 0.0546875
0 0.7421875 0.53359375 0.1140625 0.1
0 0.71328125 0.0703125 0.0484375 0.0734375
0 0.10078125 0.68046875 0.084375 0.090625
0 0.484375 0.115625 0.1140625 0.115625
0 0.05625 0.703125 0.04375 0.0515625
0 0.0484375 0.396875 0.078125 0.0578125
0 0.1359375 0.403125 0.04375 0.0578125
0 0.9046875 0.42578125 0.109375 0.09375
0 0.0734375 0.9375 0.0859375 0.1109375
0 0.55234375 0.43984375 0.0765625 0.06875
0 0.365625 0.16015625 0.128125 0.13125
0 0.80546875 0.45390625 0.13125 0.1390625
0 0.33203125 0.05859375 0.165625 0.1171875
0 0.66171875 0.1015625 0.0625 0.0859375
0 0.42734375 0.69375 0.1234375 0.1296875
0 0.2515625 0.37109375 0.078125 0.0765625
0 0.4953125 0.34375 0.0390625 0.0484375
0 0.2640625 0.8046875 0.1078125 0.0734375
0 0.18984375 0.94375 0.0671875 0.09375
0 0.62734375 0.68828125 0.10625 0.115625
0 0.12109375 0.475 0.0875 0.0921875
0 0.7015625 0.6890625 0.084375 0.1015625
0 0.4296875 0.9140625 0.1359375 0.1046875
0 0.54296875 0.7390625 0.1234375 0.1140625
0 0.18515625 0.196875 0.096875 0.1203125
0 0.046875 0.85625 0.09375 0.09375
0 0.04921875 0.459375 0.0890625 0.084375
0 0.63515625 0.5046875 0.1265625 0.1640625
0 0.07265625 0.61640625 0.0640625 0.0609375
0 0.15390625 0.709375 0.0796875 0.090625
0 0.4390625 0.37421875 0.075 0.0859375
0 0.609375 0.03828125 0.0765625 0.0765625
0 0.928125 0.778125 0.1375 0.165625
0 0.03515625 0.51796875 0.0703125 0.0703125
0 0.85546875 0.93671875 0.121875 0.1109375
0 0.0328125 0.68125 0.04375 0.0671875
0 0.59296875 0.2796875 0.146875 0.0984375
0 0.65703125 0.89921875 0.103125 0.159375
0 0.59140625 0.12265625 0.1390625 0.15
0 0.1046875 0.75234375 0.11875 0.0828125
0 0.80703125 0.728125 0.1421875 0.1625
0 0.47265625 0.7625 0.0796875 0.0953125
0 0.553125 0.934375 0.125 0.1265625
0 0.4234375 0.23671875 0.084375 0.084375
0 0.84765625 0.85625 0.071875 0.09375
0 0.6125 0.37265625 0.13125 0.125
0 0.140625 0.890625 0.0921875 0.0984375
0 0.5234375 0.64375 0.109375 0.1109375
0 0.8578125 0.54765625 0.1109375 0.1
0 0.17890625 0.60859375 0.0953125 0.06875
0 0.54609375 0.803125 0.06875 0.06875
0 0.55625 0.5265625 0.11875 0.140625
0 0.12109375 0.5390625 0.0484375 0.046875
0 0.1015625 0.05625 0.121875 0.1125
0 0.44609375 0.43046875 0.0578125 0.06875
0 0.13984375 0.9546875 0.0609375 0.0625
0 0.696875 0.77890625 0.090625 0.1046875
0 0.83984375 0.234375 0.1078125 0.1171875
0 0.92265625 0.2921875 0.115625 0.128125
0 0.1953125 0.4046875 0.090625 0.0921875
0 0.6015625 0.809375 0.071875 0.0796875
0 0.103125 0.55625 0.0703125 0.0703125
0 0.39296875 0.471875 0.1328125 0.1203125
0 0.83828125 0.58984375 0.053125 0.040625
0 0.421875 0.8234375 0.1390625 0.1390625
0 0.76484375 0.07734375 0.0890625 0.0984375
0 0.95625 0.575 0.0859375 0.090625
0 0.60390625 0.63046875 0.0671875 0.08125