0 0.31171875 0.4296875 0.1859375 0.20625
0 0.69296875 0.69609375 0.2984375 0.3109375
0 0.5765625 0.7890625 0.11875 0.1578125
0 0.8640625 0.8 0.2421875 0.3078125
0 0.6796875 0.90703125 0.228125 0.18125
0 0.1625 0.1078125 0.2859375 0.215625
0 0.69765625 0.3125 0.3921875 0.3484375
0 0.3453125 0.69453125 0.1578125 0.1734375
0 0.309375 0.59375 0.1625 0.14375
0 0.49765625 0.71640625 0.1453125 0.1984375
0 0.16171875 0.5734375 0.184375 0.178125
0 0.2796875 0.76484375 0.1765625 0.153125
0 0.75703125 0.50703125 0.3625 0.221875
0 0.41484375 0.2375 0.3140625 0.3578125
0 0.09375 0.94453125 0.1875 0.1078125
0 0.08203125 0.1359375 0.1640625 0.2125
0 0.11796875 0.39609375 0.2359375 0.3046875
0 0.39453125 0.92421875 0.2203125 0.146875
0 0.51328125 0.0921875 0.3171875 0.184375
0 0.1703125 0.7359375 0.1390625 0.15625
0 0.06015625 0.75859375 0.1203125 0.2046875