0 0.71640625 0.33203125 0.1125 0.1546875
0 0.5234375 0.821875 0.0609375 0.090625
0 0.63828125 0.59375 0.1125 0.109375
0 0.91796875 0.278125 0.0796875 0.0640625
0 0.603125 0.28203125 0.06875 0.0625
0 0.1875 0.1234375 0.075 0.0796875
0 0.44609375 0.5984375 0.096875 0.1078125
0 0.87421875 0.40546875 0.0921875 0.090625
0 0.49609375 0.3484375 0.05625 0.0671875
0 0.86484375 0.4703125 0.096875 0.0875
0 0.28203125 0.8390625 0.06875 0.0890625
0 0.63359375 0.3140625 0.0640625 0.0484375
0 0.47265625 0.834375 0.0609375 0.0859375
0 0.9359375 0.55703125 0.1 0.0984375
0 0.7640625 0.62890625 0.0921875 0.0875
0 0.5734375 0.428125 0.1 0.0953125
0 0.8453125 0.26015625 0.05 0.040625
0 0.43515625 0.49921875 0.0796875 0.103125
0 0.5234375 0.953125 0.084375 0.0921875
0 0.4171875 0.2203125 0.0859375 0.109375
0 0.93359375 0.4859375 0.0640625 0.0484375
0 0.74296875 0.6890625 0.0921875 0.0859375
0 0.2578125 0.465625 0.0671875 0.078125
0 0.48671875 0.390625 0.0640625 0.078125
0 0.46640625 0.065625 0.109375 0.103125
0 0.54296875 0.509375 0.059375 0.059375
0 0.8453125 0.1859375 0.0515625 0.0703125
0 0.95078125 0.81640625 0.0890625 0.1109375
0 0.36328125 0.24140625 0.0796875 0.103125
0 0.48828125 0.1609375 0.1234375 0.1359375
0 0.196875 0.18671875 0.090625 0.084375
0 0.765625 0.9046875 0.0953125 0.11875
0 0.63203125 0.81953125 0.0640625 0.06875
0 0.2953125 0.74140625 0.0921875 0.1171875
0 0.2375 0.78359375 0.071875 0.0671875
0 0.36328125 0.0734375 0.075 0.08125
0 0.5390625 0.36328125 0.0703125 0.06875
0 0.17421875 0.9484375 0.1109375 0.1015625
0 0.37578125 0.3109375 0.096875 0.0765625
0 0.45 0.29609375 0.078125 0.08125
0 0.2953125 0.3875 0.084375 0.090625
0 0.68828125 0.2359375 0.053125 0.0421875
0 0.328125 0.9 0.06875 0.0546875
0 0.73046875 0.08046875 0.0859375 0.084375
0 0.3875 0.53359375 0.090625 0.1078125
0 0.8046875 0.38046875 0.0671875 0.059375
0 0.24140625 0.40625 0.05 0.05625
0 0.36015625 0.453125 0.10625 0.0875
0 0.82890625 0.53828125 0.103125 0.065625
0 0.58828125 0.128125 0.0875 0.09375
0 0.565625 0.3234375 0.0453125 0.0375
0 0.321875 0.61171875 0.0796875 0.0984375
0 0.4703125 0.26484375 0.0515625 0.0453125
0 0.83515625 0.96328125 0.0625 0.0671875
0 0.60546875 0.86796875 0.046875 0.0640625
0 0.96015625 0.18203125 0.0765625 0.084375
0 0.94140625 0.4 0.071875 0.075
0 0.78359375 0.33671875 0.0484375 0.0625
0 0.9078125 0.2203125 0.084375 0.0796875
0 0.25703125 0.6484375 0.08125 0.0890625
0 0.87734375 0.7421875 0.0578125 0.0828125
0 0.2671875 0.25625 0.11875 0.1296875
0 0.58671875 0.35546875 0.0484375 0.059375
0 0.9265625 0.7296875 0.0609375 0.0765625
0 0.50703125 0.8859375 0.06875 0.05625
0 0.56640625 0.0703125 0.0828125 0.084375
0 0.36796875 0.365625 0.09375 0.0859375
0 0.125 0.76953125 0.084375 0.09375
0 0.66953125 0.91953125 0.0921875 0.090625
0 0.140625 0.2296875 0.171875 0.2015625
0 0.83671875 0.60546875 0.13125 0.09375
0 0.3890625 0.62734375 0.0765625 0.0921875
0 0.9234375 0.34140625 0.078125 0.075
0 0.4890625 0.4890625 0.075 0.08125
0 0.57578125 0.2046875 0.10625 0.109375
0 0.8671875 0.83046875 0.1 0.1359375
0 0.09375 0.30703125 0.096875 0.0921875
0 0.93359375 0.659375 0.0703125 0.0875
0 0.51171875 0.56640625 0.0609375 0.0859375
0 0.5875 0.5140625 0.0453125 0.046875
0 0.1484375 0.88125 0.1453125 0.115625
0 0.70234375 0.1328125 0.053125 0.0609375
0 0.55859375 0.5796875 0.065625 0.08125
0 0.8828125 0.06171875 0.14375 0.1234375
0 0.46875 0.2375 0.0609375 0.040625
0 0.6375 0.50859375 0.0859375 0.09375
0 0.6078125 0.03984375 0.0796875 0.0796875
0 0.63828125 0.75390625 0.103125 0.0859375
0 0.75703125 0.2234375 0.0859375 0.096875
0 0.671875 0.0703125 0.0984375 0.09375
0 0.7328125 0.54765625 0.10625 0.0984375
0 0.63828125 0.20703125 0.065625 0.0671875
0 0.61171875 0.67734375 0.084375 0.0796875
0 0.5875 0.95078125 0.090625 0.0984375
0 0.5328125 0.27265625 0.0765625 0.109375
0 0.56796875 0.89296875 0.065625 0.04375
0 0.65625 0.15390625 0.0625 0.075
0 0.67578125 0.3921875 0.0703125 0.1140625
0 0.84609375 0.70859375 0.053125 0.0703125
0 0.8015625 0.1703125 0.053125 0.0578125
0 0.88359375 0.1703125 0.0859375 0.0984375
0 0.27578125 0.534375 0.06875 0.090625
0 0.63671875 0.8765625 0.040625 0.0625
0 0.19921875 0.4890625 0.0796875 0.0875
0 0.05859375 0.834375 0.0796875 0.075
0 0.390625 0.134375 0.115625 0.121875
0 0.725 0.478125 0.075 0.071875
0 0.55703125 0.72109375 0.090625 0.0921875
0 0.6453125 0.25625 0.05625 0.0640625
0 0.31640625 0.04453125 0.0765625 0.0890625
0 0.23515625 0.85546875 0.05625 0.071875
0 0.6890625 0.71328125 0.0953125 0.1125
0 0.1984375 0.7234375 0.09375 0.1109375
0 0.55703125 0.78046875 0.0671875 0.046875
0 0.15703125 0.8140625 0.1078125 0.0796875
0 0.840625 0.30625 0.084375 0.0796875
0 0.20703125 0.415625 0.0546875 0.0671875
0 0.803125 0.828125 0.0546875 0.059375
0 0.31875 0.528125 0.059375 0.08125
0 0.6265625 0.37421875 0.059375 0.0875
0 0.4390625 0.365625 0.0640625 0.0765625
0 0.69140625 0.190625 0.0546875 0.0609375
0 0.23203125 0.5828125 0.1046875 0.109375
0 0.44921875 0.73828125 0.0953125 0.1140625
0 0.57109375 0.840625 0.06875 0.0796875
0 0.1109375 0.4078125 0.1 0.125
0 0.68125 0.8578125 0.053125 0.0765625
0 0.1640625 0.3515625 0.0953125 0.0921875