0 0.1453125 0.27734375 0.159375 0.1484375
0 0.75390625 0.47890625 0.1421875 0.146875
0 0.70703125 0.16796875 0.1453125 0.121875
0 0.3453125 0.3375 0.0875 0.121875
0 0.075 0.83359375 0.15 0.159375
0 0.38359375 0.46015625 0.146875 0.140625
0 0.26328125 0.32421875 0.11875 0.1421875
0 0.484375 0.21015625 0.19375 0.1625
0 0.88515625 0.0734375 0.0796875 0.0796875
0 0.6390625 0.053125 0.1046875 0.10625
0 0.1671875 0.15703125 0.0734375 0.13125
0 0.37734375 0.56640625 0.1078125 0.1421875
0 0.615625 0.26953125 0.1109375 0.1296875
0 0.1015625 0.2 0.1234375 0.11875
0 0.75703125 0.60859375 0.146875 0.11875
0 0.86875 0.740625 0.16875 0.1015625
0 0.42265625 0.3671875 0.096875 0.1703125
0 0.0734375 0.0765625 0.134375 0.125
0 0.46171875 0.6265625 0.1203125 0.1546875
0 0.75390625 0.046875 0.1015625 0.09375
0 0.91484375 0.18203125 0.0625 0.0609375
0 0.83671875 0.32734375 0.13125 0.121875
0 0.521875 0.06953125 0.096875 0.121875
0 0.2640625 0.471875 0.1265625 0.078125
0 0.91171875 0.44375 0.1765625 0.196875
0 0.8359375 0.13359375 0.1109375 0.1
0 0.20390625 0.76640625 0.115625 0.103125
0 0.06015625 0.57890625 0.1203125 0.1609375
0 0.878125 0.5453125 0.1546875 0.1515625
0 0.81015625 0.2375 0.125 0.109375
0 0.85 0.67265625 0.1421875 0.103125
0 0.50390625 0.3515625 0.1109375 0.13125
0 0.703125 0.94765625 0.1890625 0.103125
0 0.96484375 0.10703125 0.06875 0.084375
0 0.60859375 0.57890625 0.19375 0.2109375
0 0.43046875 0.115625 0.1125 0.1
0 0.27890625 0.140625 0.1546875 0.1890625