0 0.38203125 0.9375 0.059375 0.05625
0 0.53125 0.10078125 0.059375 0.0953125
0 0.65546875 0.63671875 0.053125 0.0546875
0 0.68125 0.4453125 0.0859375 0.084375
0 0.39453125 0.32734375 0.0796875 0.0984375
0 0.903125 0.71953125 0.08125 0.0828125
0 0.2296875 0.1890625 0.0921875 0.1140625
0 0.596875 0.76796875 0.05 0.0515625
0 0.76640625 0.7515625 0.0875 0.096875
0 0.12734375 0.478125 0.1421875 0.0921875
0 0.28125 0.7546875 0.075 0.078125
0 0.16015625 0.95078125 0.0484375 0.0609375
0 0.6625 0.25390625 0.1140625 0.125
0 0.89375 0.815625 0.0921875 0.071875
0 0.81796875 0.390625 0.0734375 0.0828125
0 0.87578125 0.8765625 0.0765625 0.075
0 0.665625 0.57578125 0.04375 0.05625
0 0.49609375 0.56171875 0.0796875 0.0640625
0 0.4734375 0.64296875 0.0546875 0.053125
0 0.55078125 0.6078125 0.0625 0.0671875
0 0.59375 0.5578125 0.1078125 0.1
0 0.6953125 0.76875 0.078125 0.0671875
0 0.2875 0.26796875 0.0796875 0.053125
0 0.72578125 0.66640625 0.109375 0.075
0 0.94609375 0.86328125 0.0609375 0.0515625
0 0.3 0.91015625 0.0578125 0.071875
0 0.2265625 0.61015625 0.0703125 0.05
0 0.328125 0.72734375 0.053125 0.071875
0 0.44765625 0.81640625 0.071875 0.0890625
0 0.40078125 0.71875 0.0859375 0.084375
0 0.76953125 0.32734375 0.1046875 0.090625
0 0.78515625 0.45859375 0.103125 0.1
0 0.86796875 0.2828125 0.0953125 0.09375
0 0.6734375 0.88984375 0.0703125 0.071875
0 0.64453125 0.8296875 0.05625 0.065625
0 0.2015625 0.65234375 0.0453125 0.0609375
0 0.3515625 0.41328125 0.0671875 0.075
0 0.59609375 0.94453125 0.0671875 0.0578125
0 0.04921875 0.2953125 0.0984375 0.0859375
0 0.93671875 0.9390625 0.0609375 0.059375
0 0.95625 0.6796875 0.084375 0.065625
0 0.27421875 0.5578125 0.071875 0.078125
0 0.69296875 0.03671875 0.0859375 0.0734375
0 0.53515625 0.93828125 0.059375 0.1046875
0 0.71328125 0.2046875 0.0796875 0.0953125
0 0.78203125 0.89609375 0.078125 0.1109375
0 0.96328125 0.775 0.071875 0.08125
0 0.14296875 0.1171875 0.18125 0.11875
0 0.37578125 0.19609375 0.09375 0.1109375
0 0.3140625 0.21484375 0.09375 0.115625
0 0.8109375 0.78359375 0.0796875 0.06875
0 0.4125 0.8578125 0.0609375 0.075
0 0.42421875 0.09375 0.0796875 0.1203125
0 0.303125 0.11484375 0.096875 0.1328125
0 0.06640625 0.209375 0.1328125 0.1140625
0 0.61796875 0.8859375 0.04375 0.084375
0 0.82265625 0.66015625 0.0765625 0.084375
0 0.8046875 0.14453125 0.134375 0.1546875
0 0.48125 0.9625 0.0421875 0.0671875
0 0.07265625 0.71328125 0.1390625 0.1265625
0 0.53984375 0.78125 0.053125 0.0625
0 0.5 0.8609375 0.06875 0.05
0 0.85 0.578125 0.0796875 0.0890625
0 0.19921875 0.9078125 0.059375 0.075
0 0.25 0.66015625 0.0578125 0.05625
0 0.18671875 0.715625 0.0421875 0.06875
0 0.33203125 0.3671875 0.05625 0.0453125
0 0.18828125 0.21796875 0.071875 0.0859375
0 0.9078125 0.321875 0.0703125 0.0546875
0 0.7359375 0.3765625 0.075 0.0546875
0 0.6078125 0.42109375 0.115625 0.0984375
0 0.3921875 0.665625 0.0609375 0.065625
0 0.24609375 0.28671875 0.06875 0.078125
0 0.946875 0.04921875 0.08125 0.0984375
0 0.78828125 0.54453125 0.0640625 0.059375
0 0.515625 0.2 0.06875 0.0953125
0 0.60625 0.63515625 0.0453125 0.05
0 0.50625 0.4921875 0.1078125 0.096875
0 0.8734375 0.9453125 0.075 0.10625
0 0.6421875 0.07421875 0.0703125 0.11875
0 0.65625 0.153125 0.071875 0.0984375