0 0.24921875 0.9375 0.178125 0.125
0 0.79609375 0.87265625 0.215625 0.228125
0 0.66015625 0.146875 0.11875 0.1125
0 0.17890625 0.80625 0.2515625 0.1828125
0 0.115625 0.48046875 0.19375 0.1484375
0 0.884375 0.2578125 0.178125 0.196875
0 0.853125 0.42265625 0.1453125 0.14375
0 0.709375 0.21796875 0.075 0.0765625
0 0.39296875 0.20703125 0.14375 0.1703125
0 0.3890625 0.68046875 0.1625 0.165625
0 0.08359375 0.3546875 0.1671875 0.1484375
0 0.94921875 0.37109375 0.0640625 0.109375
0 0.62265625 0.2828125 0.159375 0.1390625
0 0.059375 0.78203125 0.11875 0.1921875
0 0.659375 0.42734375 0.2078125 0.2234375
0 0.6140625 0.68046875 0.128125 0.140625
0 0.76796875 0.52734375 0.1703125 0.1546875
0 0.40625 0.3828125 0.1140625 0.15625
0 0.09140625 0.9359375 0.1828125 0.1265625
0 0.35703125 0.85859375 0.19375 0.23125
0 0.684375 0.61015625 0.1984375 0.1578125
0 0.32890625 0.09375 0.1390625 0.16875
0 0.74375 0.734375 0.140625 0.134375
0 0.5390625 0.21796875 0.1890625 0.2078125
0 0.515625 0.42421875 0.1625 0.1890625
0 0.07578125 0.1796875 0.1515625 0.2734375
0 0.8984375 0.9375 0.146875 0.1234375
0 0.19609375 0.18125 0.1984375 0.2265625
0 0.521875 0.70859375 0.125 0.1671875
0 0.23671875 0.0546875 0.0875 0.0953125
0 0.4765625 0.8796875 0.1234375 0.2125
0 0.93671875 0.06484375 0.1234375 0.1296875
0 0.275 0.3546875 0.2125 0.2796875
0 0.23203125 0.66640625 0.225 0.190625
0 0.759375 0.3203125 0.1203125 0.1640625
0 0.9359375 0.2140625 0.1265625 0.1984375
0 0.90390625 0.6203125 0.1921875 0.2578125
0 0.628125 0.0578125 0.175 0.115625
0 0.2515625 0.540625 0.0640625 0.053125
0 0.4765625 0.090625 0.1546875 0.1546875
0 0.75390625 0.0859375 0.165625 0.153125
0 0.109375 0.04453125 0.175 0.0890625
0 0.9 0.80390625 0.1984375 0.2140625
0 0.103125 0.609375 0.20625 0.196875
0 0.615625 0.87265625 0.2 0.2546875
0 0.8 0.1671875 0.14375 0.1328125