0 0.9078125 0.4046875 0.053125 0.06875
0 0.1546875 0.378125 0.1171875 0.15
0 0.1390625 0.1984375 0.0890625 0.075
0 0.67109375 0.1875 0.0765625 0.08125
0 0.9640625 0.27578125 0.06875 0.0671875
0 0.46171875 0.50390625 0.084375 0.0734375
0 0.3375 0.5671875 0.0765625 0.071875
0 0.2046875 0.51171875 0.1015625 0.0796875
0 0.94296875 0.565625 0.078125 0.0796875
0 0.44765625 0.5875 0.11875 0.103125
0 0.16015625 0.940625 0.0609375 0.0609375
0 0.27421875 0.6484375 0.06875 0.103125
0 0.9171875 0.47421875 0.08125 0.0671875
0 0.2453125 0.2453125 0.053125 0.05625
0 0.80625 0.775 0.1265625 0.0890625
0 0.4203125 0.89921875 0.075 0.084375
0 0.5015625 0.278125 0.1 0.0875
0 0.078125 0.71484375 0.1390625 0.125
0 0.8265625 0.70234375 0.0875 0.0796875
0 0.478125 0.10546875 0.0546875 0.05625
0 0.74140625 0.11640625 0.1234375 0.15
0 0.7578125 0.4890625 0.0671875 0.09375
0 0.54921875 0.04296875 0.1109375 0.0765625
0 0.95625 0.4328125 0.0828125 0.0796875
0 0.0515625 0.290625 0.103125 0.1171875
0 0.9296875 0.8140625 0.071875 0.05
0 0.37421875 0.18984375 0.0515625 0.0765625
0 0.32578125 0.39609375 0.0984375 0.134375
0 0.7484375 0.615625 0.09375 0.0640625
0 0.49765625 0.44296875 0.1109375 0.084375
0 0.459375 0.046875 0.0765625 0.084375
0 0.89453125 0.32421875 0.075 0.071875
0 0.60546875 0.9453125 0.0875 0.0953125
0 0.1828125 0.06953125 0.1 0.09375
0 0.6546875 0.0828125 0.0796875 0.1
0 0.3765625 0.775 0.115625 0.1484375
0 0.8578125 0.4203125 0.071875 0.084375
0 0.71953125 0.259375 0.071875 0.090625
0 0.0609375 0.85390625 0.084375 0.10625
0 0.11640625 0.88359375 0.0734375 0.0734375
0 0.34765625 0.06640625 0.115625 0.1109375
0 0.44609375 0.3515625 0.075 0.096875
0 0.53203125 0.93828125 0.075 0.115625
0 0.809375 0.93046875 0.0921875 0.09375
0 0.63671875 0.2875 0.0765625 0.0796875
0 0.94375 0.3296875 0.071875 0.059375
0 0.37109375 0.3171875 0.084375 0.1078125
0 0.63125 0.81875 0.1578125 0.140625
0 0.9265625 0.88515625 0.0875 0.078125
0 0.16015625 0.565625 0.0671875 0.06875
0 0.7953125 0.33984375 0.125 0.134375
0 0.60078125 0.171875 0.1046875 0.1140625
0 0.125 0.80234375 0.1015625 0.0859375
0 0.684375 0.95234375 0.10625 0.0703125
0 0.89375 0.040625 0.071875 0.06875
0 0.7328125 0.8796875 0.059375 0.0796875
0 0.30625 0.959375 0.071875 0.0734375
0 0.6578125 0.45625 0.096875 0.084375
0 0.7484375 0.5625 0.059375 0.05
0 0.3484375 0.68359375 0.1015625 0.090625
0 0.23046875 0.86875 0.121875 0.1046875
0 0.1875 0.18125 0.1296875 0.140625
0 0.88984375 0.11328125 0.0875 0.075
0 0.51875 0.32734375 0.075 0.0625
0 0.26015625 0.42421875 0.0921875 0.1
0 0.89140625 0.56171875 0.0609375 0.0765625
0 0.15546875 0.23984375 0.0921875 0.059375
0 0.728125 0.69375 0.1328125 0.11875
0 0.53671875 0.565625 0.090625 0.0921875
0 0.44375 0.19609375 0.06875 0.05625
0 0.66328125 0.90625 0.109375 0.059375
0 0.646875 0.48984375 0.0828125 0.0921875
0 0.4703125 0.15234375 0.071875 0.0640625
0 0.87109375 0.67265625 0.0484375 0.0578125
0 0.3375 0.1859375 0.05625 0.08125
0 0.5765625 0.50546875 0.075 0.0828125
0 0.26953125 0.571875 0.0484375 0.053125
0 0.08984375 0.0515625 0.0796875 0.096875
0 0.68828125 0.3421875 0.109375 0.0875
0 0.94609375 0.621875 0.103125 0.075
0 0.58203125 0.34921875 0.090625 0.0921875
0 0.3171875 0.89140625 0.09375 0.071875
0 0.0578125 0.2 0.115625 0.1546875
0 0.20703125 0.6625 0.084375 0.1140625
0 0.14375 0.62734375 0.109375 0.0796875
0 0.88984375 0.946875 0.0578125 0.0765625
0 0.8609375 0.62265625 0.08125 0.059375
0 0.53828125 0.1359375 0.0859375 0.1140625
0 0.890625 0.2625 0.075 0.0890625
0 0.7640625 0.81953125 0.0796875 0.0453125
0 0.26171875 0.2890625 0.059375 0.04375