0 0.775 0.19921875 0.0515625 0.065625
0 0.08203125 0.6953125 0.046875 0.053125
0 0.8734375 0.52421875 0.0671875 0.0859375
0 0.79375 0.78828125 0.096875 0.1203125
0 0.54453125 0.68046875 0.0625 0.0609375
0 0.06015625 0.090625 0.065625 0.078125
0 0.634375 0.15546875 0.0546875 0.05625
0 0.6453125 0.32578125 0.0546875 0.0515625
0 0.665625 0.6328125 0.0515625 0.059375
0 0.203125 0.79296875 0.0609375 0.06875
0 0.68046875 0.57578125 0.0546875 0.0421875
0 0.575 0.7375 0.103125 0.0890625
0 0.88515625 0.2078125 0.040625 0.0484375
0 0.3265625 0.77578125 0.1078125 0.0984375
0 0.4734375 0.540625 0.065625 0.0625
0 0.8453125 0.25859375 0.075 0.0765625
0 0.4359375 0.83984375 0.103125 0.103125
0 0.2625 0.4984375 0.0765625 0.0390625
0 0.6203125 0.26640625 0.05625 0.06875
0 0.2203125 0.39140625 0.0609375 0.0390625
0 0.7765625 0.41015625 0.0578125 0.0765625
0 0.45859375 0.77265625 0.0921875 0.075
0 0.14921875 0.5875 0.0953125 0.065625
0 0.2484375 0.64296875 0.121875 0.1046875
0 0.90234375 0.63203125 0.1234375 0.1203125
0 0.3421875 0.08046875 0.0609375 0.0765625
0 0.7140625 0.63203125 0.0734375 0.0609375
0 0.6828125 0.46796875 0.0609375 0.0703125
0 0.8734375 0.3265625 0.0640625 0.0609375
0 0.196875 0.28671875 0.0609375 0.0765625
0 0.38046875 0.26875 0.0515625 0.053125
0 0.78125 0.69140625 0.090625 0.1015625
0 0.07734375 0.3046875 0.0765625 0.0484375
0 0.58203125 0.56015625 0.0546875 0.06875
0 0.3265625 0.91484375 0.0578125 0.06875
0 0.16796875 0.4609375 0.053125 0.040625
0 0.47421875 0.7171875 0.06875 0.0828125
0 0.1328125 0.7421875 0.0625 0.059375
0 0.33828125 0.959375 0.05 0.0515625
0 0.50859375 0.2984375 0.0625 0.0671875
0 0.778125 0.309375 0.1109375 0.0890625
0 0.49140625 0.96171875 0.0828125 0.0734375
0 0.2609375 0.2546875 0.071875 0.1078125
0 0.23671875 0.15625 0.075 0.071875
0 0.53125 0.165625 0.0703125 0.08125
0 0.50234375 0.43125 0.0546875 0.0515625
0 0.08671875 0.3921875 0.0796875 0.0515625
0 0.9140625 0.18125 0.075 0.0703125
0 0.1984375 0.95625 0.1125 0.084375
0 0.19296875 0.7359375 0.06875 0.078125
0 0.73828125 0.75234375 0.0796875 0.059375
0 0.390625 0.91171875 0.0640625 0.078125
0 0.721875 0.3609375 0.0828125 0.103125
0 0.4 0.48984375 0.0984375 0.084375
0 0.43828125 0.44921875 0.0484375 0.053125
0 0.3203125 0.33984375 0.046875 0.0546875
0 0.44140625 0.0484375 0.13125 0.096875
0 0.859375 0.12109375 0.0828125 0.1
0 0.66484375 0.28046875 0.05 0.0546875
0 0.7046875 0.809375 0.090625 0.0796875
0 0.28046875 0.084375 0.0796875 0.0953125
0 0.25390625 0.7703125 0.0671875 0.04375
0 0.19921875 0.4765625 0.0421875 0.0296875
0 0.296875 0.15703125 0.06875 0.065625
0 0.9453125 0.5453125 0.0796875 0.0546875
0 0.446875 0.3203125 0.053125 0.0515625
0 0.75390625 0.1546875 0.0875 0.0765625
0 0.16796875 0.503125 0.0921875 0.04375
0 0.546875 0.0765625 0.078125 0.1078125
0 0.66796875 0.75859375 0.075 0.053125
0 0.3125 0.46875 0.0640625 0.0765625
0 0.34296875 0.265625 0.046875 0.05625
0 0.2140625 0.86484375 0.0625 0.071875
0 0.5203125 0.6328125 0.0578125 0.05625
0 0.93828125 0.79296875 0.1015625 0.0921875
0 0.5875 0.5078125 0.0578125 0.0453125
0 0.171875 0.54765625 0.0953125 0.0484375
0 0.6 0.38828125 0.0515625 0.0703125
0 0.3765625 0.34453125 0.0609375 0.0625
0 0.659375 0.2171875 0.0765625 0.0796875
0 0.33984375 0.55390625 0.090625 0.0796875
0 0.2875 0.85234375 0.115625 0.1171875
0 0.63359375 0.5625 0.053125 0.0671875
0 0.3765625 0.69765625 0.0484375 0.0484375
0 0.93984375 0.93359375 0.0796875 0.0796875
0 0.28828125 0.2703125 0.046875 0.0484375
0 0.2484375 0.71640625 0.075 0.0765625
0 0.6171875 0.6765625 0.0875 0.0796875
0 0.66015625 0.71875 0.0546875 0.0578125
0 0.81796875 0.1953125 0.065625 0.08125
0 0.75390625 0.0765625 0.096875 0.071875
0 0.496875 0.50390625 0.0984375 0.0734375
0 0.68125 0.09609375 0.065625 0.0984375
0 0.8296875 0.5921875 0.090625 0.0875
0 0.415625 0.34453125 0.0453125 0.046875
0 0.61015625 0.60625 0.0515625 0.0484375
0 0.7515625 0.55 0.0515625 0.0453125
0 0.2578125 0.559375 0.0828125 0.071875
0 0.459375 0.4140625 0.04375 0.0578125
0 0.62109375 0.08359375 0.0671875 0.121875
0 0.71328125 0.68984375 0.0796875 0.0796875
0 0.9421875 0.72421875 0.084375 0.0765625
0 0.41953125 0.13671875 0.0875 0.084375
0 0.6890625 0.1734375 0.0578125 0.078125
0 0.18359375 0.36015625 0.0640625 0.078125
0 0.1046875 0.14609375 0.0734375 0.09375
0 0.92890625 0.37421875 0.096875 0.0859375
0 0.5828125 0.21171875 0.0609375 0.0796875
0 0.06953125 0.6359375 0.0765625 0.0796875
0 0.596875 0.3328125 0.0578125 0.0578125
0 0.13125 0.78828125 0.0421875 0.0453125
0 0.27109375 0.31796875 0.05625 0.06875
0 0.6421875 0.396875 0.05 0.046875
0 0.3234375 0.30234375 0.0578125 0.0484375