0 0.75 0.709375 0.071875 0.090625
0 0.79140625 0.62890625 0.071875 0.0640625
0 0.68828125 0.5375 0.071875 0.096875
0 0.865625 0.7109375 0.1328125 0.09375
0 0.0703125 0.475 0.128125 0.121875
0 0.18984375 0.29375 0.071875 0.0859375
0 0.5453125 0.56796875 0.0734375 0.0921875
0 0.853125 0.315625 0.10625 0.1140625
0 0.53125 0.746875 0.13125 0.1109375
0 0.38515625 0.64453125 0.1234375 0.1328125
0 0.66796875 0.9015625 0.1015625 0.1203125
0 0.528125 0.4609375 0.0765625 0.0578125
0 0.1984375 0.1484375 0.0875 0.0875
0 0.32890625 0.90078125 0.0828125 0.0921875
0 0.07265625 0.3671875 0.1078125 0.103125
0 0.23359375 0.88671875 0.1078125 0.121875
0 0.50078125 0.8203125 0.0859375 0.08125
0 0.26640625 0.2890625 0.0921875 0.0859375
0 0.66875 0.74765625 0.1234375 0.1171875
0 0.075 0.15234375 0.06875 0.053125
0 0.04453125 0.04921875 0.0890625 0.0984375
0 0.73046875 0.26875 0.0828125 0.078125
0 0.68359375 0.4140625 0.1078125 0.103125
0 0.47109375 0.321875 0.1140625 0.153125
0 0.8453125 0.24375 0.065625 0.065625
0 0.9578125 0.4 0.084375 0.10625
0 0.475 0.61640625 0.0796875 0.084375
0 0.0796875 0.771875 0.109375 0.0734375
0 0.24765625 0.05859375 0.153125 0.1171875
0 0.746875 0.19140625 0.065625 0.06875
0 0.37421875 0.1890625 0.103125 0.125
0 0.21484375 0.7390625 0.15 0.1421875
0 0.615625 0.51953125 0.0953125 0.1015625
0 0.7828125 0.89921875 0.1015625 0.115625
0 0.13203125 0.0328125 0.05 0.065625
0 0.775 0.55625 0.1140625 0.1234375
0 0.11015625 0.55625 0.0828125 0.065625
0 0.19375 0.61015625 0.1546875 0.1421875
0 0.5328125 0.94296875 0.09375 0.103125
0 0.5796875 0.36953125 0.090625 0.0953125
0 0.3640625 0.359375 0.078125 0.0890625
0 0.059375 0.696875 0.11875 0.1203125
0 0.146875 0.4921875 0.0875 0.05625
0 0.340625 0.26953125 0.096875 0.1078125
0 0.91875 0.8109375 0.0765625 0.090625
0 0.65390625 0.62109375 0.0875 0.0703125
0 0.63984375 0.2875 0.1140625 0.1234375
0 0.16328125 0.80546875 0.10625 0.0921875
0 0.54140625 0.20703125 0.1078125 0.11875
0 0.30546875 0.36953125 0.0546875 0.084375
0 0.275 0.17109375 0.0859375 0.10625
0 0.1234375 0.2140625 0.1234375 0.09375
0 0.13046875 0.721875 0.0796875 0.0765625
0 0.88203125 0.615625 0.1046875 0.1421875
0 0.525 0.4046875 0.05625 0.04375
0 0.9625 0.5015625 0.075 0.0765625
0 0.34609375 0.0859375 0.0984375 0.09375
0 0.65078125 0.209375 0.0796875 0.0734375
0 0.71015625 0.15078125 0.084375 0.109375
0 0.79296875 0.3734375 0.1140625 0.1109375
0 0.55546875 0.2953125 0.065625 0.0640625
0 0.1125 0.92421875 0.1375 0.1234375
0 0.2109375 0.37890625 0.1125 0.09375
0 0.1875 0.1078125 0.078125 0.0609375
0 0.571875 0.6703125 0.1203125 0.1140625
0 0.35390625 0.53046875 0.1 0.10625
0 0.06015625 0.60390625 0.1203125 0.128125
0 0.809375 0.4890625 0.0921875 0.075
0 0.44453125 0.446875 0.109375 0.1328125
0 0.79296875 0.77265625 0.0859375 0.0796875
0 0.6484375 0.103125 0.0625 0.075
0 0.55859375 0.29140625 0.065625 0.0625