0 0.34140625 0.2390625 0.15 0.175
0 0.06484375 0.5328125 0.1296875 0.2125
0 0.103125 0.14765625 0.20625 0.2953125
0 0.146875 0.84921875 0.246875 0.2
0 0.71484375 0.09296875 0.15 0.1625
0 0.3515625 0.6984375 0.1859375 0.1921875
0 0.17265625 0.1734375 0.1125 0.1734375
0 0.56484375 0.1703125 0.209375 0.2375
0 0.5859375 0.3890625 0.25625 0.2828125
0 0.321875 0.41015625 0.2234375 0.18125
0 0.5546875 0.0484375 0.165625 0.096875
0 0.5 0.77421875 0.2078125 0.2375
0 0.2421875 0.2125 0.1171875 0.2515625
0 0.896875 0.46171875 0.1859375 0.2390625
0 0.88359375 0.66328125 0.2296875 0.159375
0 0.87890625 0.82421875 0.2140625 0.190625
0 0.2046875 0.92890625 0.2234375 0.1390625
0 0.34609375 0.09375 0.31875 0.1875
0 0.77265625 0.59140625 0.265625 0.196875
0 0.934375 0.0421875 0.125 0.084375
0 0.08984375 0.7046875 0.1796875 0.1828125
0 0.2296875 0.58046875 0.2875 0.2328125
0 0.7484375 0.275 0.25625 0.2171875
0 0.7625 0.43203125 0.175 0.1984375
0 0.9484375 0.20078125 0.1015625 0.2171875
0 0.4921875 0.5296875 0.1875 0.19375