0 0.8625 0.40234375 0.0734375 0.065625
0 0.678125 0.63125 0.0890625 0.071875
0 0.4640625 0.78125 0.125 0.1140625
0 0.334375 0.1625 0.078125 0.075
0 0.165625 0.58046875 0.175 0.1640625
0 0.1703125 0.05 0.140625 0.1
0 0.284375 0.79609375 0.1109375 0.1546875
0 0.8640625 0.86015625 0.15625 0.1703125
0 0.7453125 0.53203125 0.096875 0.10625
0 0.96796875 0.3125 0.0609375 0.06875
0 0.7265625 0.6390625 0.065625 0.0703125
0 0.73671875 0.92734375 0.0875 0.0921875
0 0.6875 0.74609375 0.1578125 0.1640625
0 0.271875 0.4484375 0.1390625 0.1171875
0 0.1203125 0.38359375 0.0828125 0.078125
0 0.2390625 0.31171875 0.115625 0.103125
0 0.884375 0.4703125 0.1171875 0.0921875
0 0.228125 0.4 0.14375 0.115625
0 0.328125 0.6421875 0.1171875 0.1421875
0 0.2796875 0.08671875 0.0734375 0.071875
0 0.834375 0.634375 0.084375 0.0984375
0 0.5671875 0.48515625 0.11875 0.1375
0 0.1 0.275 0.0640625 0.084375
0 0.68125 0.228125 0.1109375 0.128125
0 0.5828125 0.81796875 0.1265625 0.153125
0 0.67578125 0.86875 0.0984375 0.1140625
0 0.8296875 0.15625 0.1109375 0.1390625
0 0.09375 0.7890625 0.11875 0.1140625
0 0.31015625 0.23671875 0.1265625 0.1265625
0 0.24609375 0.53828125 0.1109375 0.096875
0 0.81875 0.290625 0.08125 0.0609375
0 0.62109375 0.5140625 0.0640625 0.0625
0 0.17265625 0.93125 0.165625 0.1359375
0 0.940625 0.80703125 0.1171875 0.13125
0 0.79296875 0.02265625 0.0734375 0.0453125
0 0.60546875 0.5890625 0.0859375 0.0890625
0 0.51484375 0.2140625 0.1515625 0.1484375
0 0.490625 0.85625 0.128125 0.115625
0 0.8546875 0.0484375 0.0796875 0.096875
0 0.421875 0.58515625 0.090625 0.06875
0 0.42734375 0.159375 0.090625 0.1015625
0 0.9140625 0.1265625 0.1109375 0.1140625
0 0.74609375 0.3609375 0.0484375 0.0515625
0 0.76328125 0.2515625 0.0671875 0.075
0 0.90390625 0.31484375 0.0765625 0.0921875
0 0.759375 0.971875 0.0546875 0.053125
0 0.8390625 0.23828125 0.096875 0.0796875
0 0.415625 0.65859375 0.090625 0.1109375
0 0.9078125 0.37890625 0.034375 0.034375
0 0.5640625 0.6609375 0.1578125 0.1609375
0 0.8359375 0.75 0.146875 0.125
0 0.74921875 0.4109375 0.06875 0.0671875
0 0.91796875 0.53359375 0.0796875 0.0671875
0 0.45078125 0.49140625 0.125 0.1421875
0 0.578125 0.05625 0.0953125 0.1125
0 0.82734375 0.353125 0.1390625 0.1171875
0 0.38515625 0.459375 0.11875 0.13125
0 0.9515625 0.4265625 0.0859375 0.08125
0 0.78828125 0.6890625 0.1125 0.1015625
0 0.84609375 0.5546875 0.0640625 0.065625
0 0.734375 0.2984375 0.0578125 0.0640625
0 0.78125 0.609375 0.0671875 0.0640625
0 0.090625 0.8734375 0.14375 0.1203125
0 0.078125 0.6984375 0.1234375 0.1078125
0 0.42421875 0.29609375 0.09375 0.0796875
0 0.1015625 0.50546875 0.146875 0.0984375
0 0.9390625 0.58125 0.11875 0.1078125
0 0.66328125 0.434375 0.11875 0.0984375
0 0.17734375 0.26484375 0.11875 0.109375
0 0.9421875 0.21796875 0.115625 0.1078125
0 0.16015625 0.1703125 0.1015625 0.0953125
0 0.4046875 0.24140625 0.0734375 0.059375
0 0.7875 0.09140625 0.09375 0.08125
0 0.26484375 0.65625 0.1 0.1265625
0 0.38203125 0.34296875 0.121875 0.1171875
0 0.1578125 0.3359375 0.0796875 0.05625
0 0.440625 0.078125 0.1078125 0.0921875
0 0.36796875 0.0578125 0.14375 0.115625
0 0.67578125 0.546875 0.090625 0.1265625
0 0.703125 0.07109375 0.0859375 0.096875
0 0.48515625 0.35 0.096875 0.0984375
0 0.25 0.14765625 0.0984375 0.075
0 0.18828125 0.790625 0.1234375 0.1609375
0 0.46640625 0.6828125 0.075 0.0921875
0 0.803125 0.509375 0.103125 0.1328125
0 0.0609375 0.19296875 0.121875 0.1078125
0 0.75 0.17421875 0.103125 0.121875
0 0.65078125 0.16796875 0.0875 0.0921875
0 0.3703125 0.775 0.0859375 0.14375
0 0.06796875 0.06484375 0.1359375 0.1296875
0 0.8953125 0.63125 0.0953125 0.1234375
0 0.30859375 0.93203125 0.1296875 0.134375
0 0.67421875 0.3359375 0.1109375 0.1109375