0 0.046875 0.73046875 0.0640625 0.0875
0 0.178125 0.540625 0.046875 0.0453125
0 0.73984375 0.68125 0.04375 0.0640625
0 0.4078125 0.6375 0.0875 0.0828125
0 0.8546875 0.58828125 0.0515625 0.0625
0 0.06953125 0.490625 0.090625 0.1015625
0 0.6140625 0.89609375 0.0828125 0.0875
0 0.721875 0.9328125 0.103125 0.1
0 0.96015625 0.6578125 0.075 0.065625
0 0.46875 0.81875 0.0515625 0.0609375
0 0.85 0.18203125 0.0796875 0.090625
0 0.3828125 0.82578125 0.0640625 0.0703125
0 0.23046875 0.27890625 0.0640625 0.0609375
0 0.1125 0.46640625 0.0671875 0.05625
0 0.05546875 0.43046875 0.1046875 0.071875
0 0.45234375 0.59765625 0.0859375 0.084375
0 0.86875 0.3953125 0.103125 0.084375
0 0.81015625 0.73515625 0.0609375 0.084375
0 0.50703125 0.55625 0.071875 0.078125
0 0.39453125 0.90546875 0.103125 0.0984375
0 0.71484375 0.5484375 0.0875 0.109375
0 0.6265625 0.47109375 0.090625 0.071875
0 0.18125 0.4046875 0.1015625 0.1
0 0.5296875 0.30546875 0.0453125 0.065625
0 0.6953125 0.62265625 0.05625 0.0578125
0 0.44921875 0.77578125 0.0640625 0.0765625
0 0.86875 0.5359375 0.0953125 0.0625
0 0.3921875 0.2953125 0.0828125 0.0921875
0 0.21328125 0.46328125 0.0765625 0.084375
0 0.615625 0.12890625 0.084375 0.096875
0 0.5984375 0.06484375 0.0859375 0.0859375
0 0.81796875 0.1203125 0.075 0.1
0 0.10625 0.88671875 0.0796875 0.071875
0 0.7671875 0.28984375 0.05625 0.075
0 0.7875 0.47265625 0.06875 0.0484375
0 0.1 0.19765625 0.0703125 0.0703125
0 0.81875 0.2953125 0.0875 0.0984375
0 0.85546875 0.47578125 0.0703125 0.06875
0 0.1890625 0.3203125 0.05625 0.06875
0 0.553125 0.24140625 0.0609375 0.084375
0 0.4875 0.728125 0.071875 0.0890625
0 0.36953125 0.8734375 0.075 0.071875
0 0.45546875 0.1 0.071875 0.096875
0 0.3828125 0.234375 0.0546875 0.053125
0 0.953125 0.875 0.0921875 0.1109375
0 0.084375 0.8046875 0.06875 0.0765625
0 0.79296875 0.22734375 0.06875 0.0625
0 0.13671875 0.0859375 0.096875 0.128125
0 0.74296875 0.25546875 0.05625 0.0640625
0 0.2515625 0.71953125 0.071875 0.0671875
0 0.87265625 0.05703125 0.0765625 0.084375
0 0.7390625 0.8125 0.06875 0.0921875
0 0.1578125 0.50625 0.075 0.084375
0 0.903125 0.3390625 0.0953125 0.0859375
0 0.615625 0.228125 0.084375 0.115625
0 0.67578125 0.403125 0.0875 0.09375
0 0.40234375 0.48828125 0.05625 0.0703125
0 0.4625 0.9 0.059375 0.084375
0 0.1375 0.6953125 0.06875 0.05625
0 0.79296875 0.59375 0.0671875 0.0640625
0 0.6625 0.88359375 0.065625 0.0640625
0 0.4921875 0.3140625 0.053125 0.0640625
0 0.79609375 0.4328125 0.065625 0.053125
0 0.76640625 0.8375 0.05625 0.0703125
0 0.246875 0.8609375 0.0953125 0.1328125
0 0.37265625 0.76171875 0.0796875 0.0984375
0 0.3578125 0.11171875 0.090625 0.1
0 0.69375 0.21640625 0.0796875 0.0953125
0 0.04765625 0.8546875 0.0609375 0.059375
0 0.23359375 0.13671875 0.0875 0.0828125
0 0.88515625 0.64921875 0.0984375 0.0828125
0 0.678125 0.80234375 0.0859375 0.1203125
0 0.56484375 0.9046875 0.0640625 0.0734375
0 0.84765625 0.73828125 0.0515625 0.071875
0 0.07734375 0.1265625 0.0953125 0.0921875
0 0.1890625 0.890625 0.0578125 0.065625
0 0.453125 0.30625 0.0609375 0.0828125
0 0.2796875 0.459375 0.0828125 0.0828125
0 0.609375 0.66171875 0.0796875 0.090625
0 0.68046875 0.3140625 0.0640625 0.06875
0 0.8265625 0.80859375 0.0828125 0.0984375
0 0.49609375 0.62890625 0.065625 0.0640625
0 0.64765625 0.953125 0.0671875 0.0828125
0 0.58359375 0.190625 0.0359375 0.05
0 0.90078125 0.72578125 0.1296875 0.0828125
0 0.184375 0.72890625 0.071875 0.071875
0 0.08671875 0.39140625 0.05 0.040625
0 0.3578125 0.3984375 0.078125 0.075
0 0.50859375 0.903125 0.075 0.1140625
0 0.82890625 0.35625 0.0875 0.0640625
0 0.29375 0.18359375 0.0765625 0.0875
0 0.771875 0.53984375 0.0640625 0.0828125
0 0.571875 0.41328125 0.0828125 0.0921875
0 0.353125 0.3328125 0.0796875 0.090625
0 0.08828125 0.3546875 0.059375 0.046875
0 0.08359375 0.06640625 0.0375 0.04375
0 0.7453125 0.1015625 0.1109375 0.134375
0 0.178125 0.234375 0.059375 0.0640625
0 0.43046875 0.9421875 0.0703125 0.075
0 0.915625 0.778125 0.0796875 0.078125
0 0.29375 0.36171875 0.0921875 0.1015625
0 0.259375 0.63203125 0.0796875 0.0765625
0 0.78828125 0.94453125 0.08125 0.0765625
0 0.146875 0.33125 0.0703125 0.0828125
0 0.32265625 0.60234375 0.09375 0.08125
0 0.584375 0.33984375 0.0640625 0.065625
0 0.1296875 0.60546875 0.06875 0.0640625
0 0.06875 0.259375 0.084375 0.0765625
0 0.0375 0.8109375 0.0671875 0.0859375
0 0.3234375 0.7875 0.06875 0.096875
0 0.48984375 0.5078125 0.0609375 0.0640625
0 0.625 0.40390625 0.0609375 0.071875
0 0.1453125 0.77578125 0.0453125 0.04375
0 0.46796875 0.2421875 0.05625 0.06875
0 0.50859375 0.05234375 0.1078125 0.1046875
0 0.96015625 0.62109375 0.071875 0.06875
0 0.28984375 0.31015625 0.0453125 0.0484375
0 0.77265625 0.88984375 0.071875 0.0703125
0 0.87109375 0.12109375 0.0765625 0.084375
0 0.4859375 0.15546875 0.0734375 0.0796875
0 0.096875 0.0328125 0.0359375 0.0421875
0 0.57421875 0.58671875 0.084375 0.0890625
0 0.65859375 0.2625 0.059375 0.0625
0 0.871875 0.91171875 0.1015625 0.0921875
0 0.2390625 0.08984375 0.0640625 0.0640625
0 0.30078125 0.85078125 0.053125 0.0640625
0 0.54609375 0.696875 0.0640625 0.0828125
0 0.5546875 0.521875 0.0765625 0.0828125
0 0.75 0.34453125 0.0859375 0.0734375
0 0.21015625 0.04453125 0.0640625 0.0796875
0 0.6765625 0.696875 0.09375 0.10625
0 0.771875 0.76015625 0.0625 0.0671875
0 0.13125 0.56875 0.0484375 0.04375
0 0.77109375 0.70859375 0.06875 0.0671875
0 0.95703125 0.5546875 0.084375 0.0953125
0 0.9078125 0.48671875 0.0609375 0.053125
0 0.09375 0.7390625 0.0609375 0.0703125
0 0.18671875 0.63828125 0.0640625 0.0671875
0 0.96171875 0.346875 0.075 0.0984375
0 0.25703125 0.51171875 0.0765625 0.0734375
0 0.31171875 0.23125 0.0640625 0.078125
0 0.54609375 0.14140625 0.0828125 0.103125
0 0.209375 0.56640625 0.06875 0.065625
0 0.3640625 0.4921875 0.046875 0.0609375
0 0.61796875 0.7796875 0.084375 0.08125
0 0.72109375 0.75078125 0.0484375 0.059375
0 0.27734375 0.90234375 0.0671875 0.075
0 0.66015625 0.57890625 0.09375 0.115625
0 0.17421875 0.27265625 0.06875 0.05625
0 0.25625 0.67109375 0.065625 0.05625
0 0.24140625 0.31640625 0.0640625 0.0640625
0 0.42421875 0.4171875 0.0828125 0.075
0 0.38984375 0.578125 0.0578125 0.0640625
0 0.20859375 0.5234375 0.04375 0.053125
0 0.3921875 0.05859375 0.0921875 0.0734375
0 0.89140625 0.86328125 0.0453125 0.04375
0 0.85 0.8609375 0.0515625 0.059375
0 0.49140625 0.365625 0.0703125 0.0703125
0 0.2765625 0.75546875 0.0578125 0.0671875
0 0.065625 0.66171875 0.08125 0.096875
0 0.81640625 0.55390625 0.0515625 0.0609375
0 0.23671875 0.21875 0.0640625 0.06875
0 0.59375 0.7328125 0.0578125 0.059375
0 0.11953125 0.28046875 0.0640625 0.0671875
0 0.9171875 0.0921875 0.0734375 0.09375
0 0.20078125 0.77734375 0.06875 0.084375
0 0.2828125 0.0640625 0.0703125 0.0828125
0 0.3125 0.6703125 0.078125 0.0703125
0 0.4515625 0.690625 0.071875 0.0765625