0 0.4984375 0.18046875 0.23125 0.3015625
0 0.6796875 0.1171875 0.175 0.234375
0 0.8765625 0.33984375 0.203125 0.228125
0 0.0890625 0.3625 0.178125 0.20625
0 0.68515625 0.63203125 0.1609375 0.1796875
0 0.29375 0.9296875 0.1546875 0.1375
0 0.5625 0.6046875 0.134375 0.1359375
0 0.253125 0.67734375 0.1625 0.1390625
0 0.83359375 0.8125 0.18125 0.209375
0 0.88828125 0.6046875 0.203125 0.2109375
0 0.12265625 0.059375 0.1515625 0.11875
0 0.246875 0.515625 0.225 0.1984375
0 0.30234375 0.13359375 0.1984375 0.2671875
0 0.6640625 0.81796875 0.1546875 0.175
0 0.94609375 0.8109375 0.1078125 0.196875
0 0.49296875 0.8828125 0.18125 0.190625
0 0.86484375 0.08515625 0.2140625 0.1703125
0 0.4984375 0.70625 0.1671875 0.1359375
0 0.45078125 0.553125 0.1375 0.178125
0 0.79453125 0.48984375 0.1796875 0.1765625
0 0.63984375 0.33515625 0.2171875 0.2375
0 0.0984375 0.77421875 0.1828125 0.18125
0 0.2765625 0.79453125 0.1859375 0.1859375
0 0.3671875 0.6046875 0.134375 0.1828125
0 0.584375 0.45 0.1421875 0.14375
0 0.6015625 0.91953125 0.2359375 0.159375
0 0.190625 0.20703125 0.240625 0.2515625