0 0.64921875 0.86328125 0.0625 0.0890625
0 0.671875 0.296875 0.059375 0.0484375
0 0.8390625 0.86171875 0.0796875 0.078125
0 0.8296875 0.71796875 0.0953125 0.075
0 0.915625 0.525 0.0703125 0.053125
0 0.2984375 0.92734375 0.0609375 0.0546875
0 0.33984375 0.4640625 0.06875 0.084375
0 0.1109375 0.940625 0.06875 0.075
0 0.5140625 0.709375 0.0859375 0.096875
0 0.7734375 0.2875 0.1140625 0.1109375
0 0.9265625 0.50390625 0.0890625 0.0515625
0 0.90234375 0.7390625 0.0734375 0.0703125
0 0.571875 0.790625 0.0625 0.0703125
0 0.75859375 0.50625 0.0609375 0.0671875
0 0.5546875 0.59140625 0.0515625 0.0578125
0 0.234375 0.60078125 0.08125 0.075
0 0.45625 0.10390625 0.0921875 0.1078125
0 0.046875 0.4796875 0.075 0.05
0 0.446875 0.72734375 0.0734375 0.075
0 0.665625 0.81015625 0.065625 0.0640625
0 0.66171875 0.9375 0.0859375 0.0875
0 0.29296875 0.4046875 0.0453125 0.05
0 0.8765625 0.67578125 0.071875 0.0515625
0 0.8171875 0.934375 0.0921875 0.10625
0 0.190625 0.54296875 0.0609375 0.0640625
0 0.31328125 0.675 0.1046875 0.090625
0 0.1609375 0.61328125 0.05625 0.04375
0 0.4640625 0.8671875 0.0625 0.065625
0 0.95546875 0.0921875 0.0546875 0.0578125
0 0.73359375 0.1984375 0.1 0.1203125
0 0.24296875 0.17421875 0.0875 0.084375
0 0.646875 0.19453125 0.065625 0.0875
0 0.421875 0.65 0.0796875 0.0640625
0 0.48125 0.3390625 0.0671875 0.078125
0 0.0703125 0.77734375 0.1 0.103125
0 0.1203125 0.3375 0.0890625 0.0765625
0 0.08203125 0.134375 0.0875 0.0875
0 0.359375 0.27890625 0.1125 0.084375
0 0.35 0.06875 0.06875 0.0890625
0 0.47578125 0.9140625 0.0859375 0.08125
0 0.6125 0.54609375 0.0625 0.0828125
0 0.5890625 0.253125 0.0625 0.078125
0 0.12890625 0.87578125 0.103125 0.11875
0 0.3859375 0.8 0.0734375 0.08125
0 0.10625 0.078125 0.0796875 0.0734375
0 0.8421875 0.0953125 0.0796875 0.103125
0 0.7890625 0.22421875 0.0953125 0.0875
0 0.24609375 0.79296875 0.15625 0.1296875
0 0.63203125 0.265625 0.059375 0.075
0 0.83046875 0.4515625 0.0625 0.0609375
0 0.0671875 0.36015625 0.121875 0.0921875
0 0.73125 0.1078125 0.071875 0.0765625
0 0.9328125 0.89453125 0.103125 0.1
0 0.41171875 0.5875 0.115625 0.0984375
0 0.428125 0.0328125 0.0578125 0.0578125
0 0.50703125 0.41171875 0.0484375 0.0609375
0 0.8109375 0.375 0.1109375 0.1078125
0 0.04609375 0.615625 0.0921875 0.08125