0 0.7109375 0.45390625 0.05625 0.0515625
0 0.8109375 0.8578125 0.0640625 0.046875
0 0.1 0.14140625 0.0609375 0.053125
0 0.26875 0.52890625 0.0296875 0.0265625
0 0.53671875 0.584375 0.0703125 0.065625
0 0.2015625 0.3921875 0.065625 0.0515625
0 0.453125 0.08828125 0.0703125 0.053125
0 0.6671875 0.134375 0.03125 0.0515625
0 0.75703125 0.0609375 0.05625 0.075
0 0.5765625 0.4203125 0.0640625 0.06875
0 0.090625 0.1 0.0609375 0.034375
0 0.6609375 0.72890625 0.040625 0.040625
0 0.10625 0.20703125 0.053125 0.040625
0 0.4359375 0.0390625 0.04375 0.0453125
0 0.86875 0.2640625 0.0484375 0.0625
0 0.62734375 0.5875 0.0515625 0.053125
0 0.375 0.5515625 0.040625 0.0296875
0 0.06015625 0.390625 0.0703125 0.0484375
0 0.4328125 0.2140625 0.0234375 0.0296875
0 0.48203125 0.79296875 0.05625 0.059375
0 0.7046875 0.56015625 0.0421875 0.04375
0 0.33359375 0.959375 0.0828125 0.0796875
0 0.36328125 0.24765625 0.053125 0.0515625
0 0.56484375 0.47734375 0.0515625 0.0546875
0 0.20625 0.29296875 0.06875 0.0546875
0 0.86484375 0.875 0.0578125 0.06875
0 0.6109375 0.72578125 0.046875 0.059375
0 0.703125 0.39765625 0.0484375 0.0546875
0 0.3203125 0.5390625 0.065625 0.0359375
0 0.2796875 0.5953125 0.0328125 0.0421875
0 0.32109375 0.6078125 0.05 0.0375
0 0.7421875 0.49609375 0.053125 0.04375
0 0.384375 0.35625 0.0328125 0.03125
0 0.621875 0.62734375 0.0609375 0.0484375
0 0.803125 0.64140625 0.06875 0.071875
0 0.51328125 0.7265625 0.04375 0.0359375
0 0.42578125 0.14765625 0.0515625 0.0671875
0 0.95234375 0.87578125 0.0921875 0.0765625
0 0.64609375 0.69609375 0.0578125 0.0609375
0 0.56328125 0.528125 0.05625 0.05
0 0.2328125 0.071875 0.1046875 0.0859375
0 0.24296875 0.59921875 0.0375 0.028125
0 0.540625 0.0796875 0.04375 0.05625
0 0.1125 0.04453125 0.046875 0.0515625
0 0.4625 0.1953125 0.05625 0.046875
0 0.3 0.3125 0.0671875 0.0453125
0 0.9515625 0.95390625 0.05625 0.053125
0 0.4546875 0.54296875 0.0328125 0.028125
0 0.4984375 0.2359375 0.05625 0.0421875
0 0.92734375 0.4484375 0.040625 0.05
0 0.05625 0.49375 0.071875 0.04375
0 0.32578125 0.228125 0.03125 0.0359375
0 0.4859375 0.47265625 0.053125 0.053125
0 0.659375 0.475 0.0609375 0.0640625
0 0.74453125 0.67578125 0.05625 0.0546875
0 0.5203125 0.6484375 0.0296875 0.03125
0 0.60546875 0.753125 0.0578125 0.04375
0 0.5546875 0.14453125 0.0546875 0.05625
0 0.5296875 0.43046875 0.04375 0.0515625
0 0.23359375 0.46015625 0.0390625 0.0359375
0 0.17578125 0.6640625 0.0359375 0.0390625
0 0.9078125 0.90625 0.05 0.046875
0 0.4140625 0.4703125 0.040625 0.059375
0 0.88125 0.7875 0.0375 0.0375
0 0.65234375 0.35390625 0.05625 0.053125
0 0.4390625 0.70859375 0.0328125 0.0265625
0 0.6078125 0.6640625 0.046875 0.04375
0 0.190625 0.48984375 0.05625 0.03125
0 0.24453125 0.56484375 0.0375 0.034375
0 0.39609375 0.58984375 0.040625 0.0359375
0 0.609375 0.14140625 0.046875 0.0390625
0 0.4578125 0.44140625 0.034375 0.0453125
0 0.4140625 0.24296875 0.0421875 0.0421875
0 0.82890625 0.678125 0.0484375 0.0453125
0 0.45859375 0.33046875 0.0703125 0.0765625
0 0.671875 0.5203125 0.046875 0.04375
0 0.6328125 0.2640625 0.0328125 0.0359375
0 0.0734375 0.0640625 0.0453125 0.05
0 0.2625 0.13359375 0.0453125 0.0453125
0 0.51796875 0.35 0.040625 0.040625
0 0.58828125 0.56328125 0.0328125 0.040625
0 0.7046875 0.08828125 0.034375 0.0453125
0 0.42109375 0.53515625 0.0375 0.0375
0 0.7890625 0.4140625 0.0453125 0.0515625
0 0.61875 0.190625 0.0421875 0.0265625
0 0.35546875 0.5890625 0.0453125 0.0375
0 0.7953125 0.571875 0.06875 0.075
0 0.384375 0.478125 0.0359375 0.0296875
0 0.71953125 0.021875 0.0546875 0.04375
0 0.453125 0.5875 0.0328125 0.028125
0 0.3375 0.8828125 0.03125 0.0359375
0 0.79921875 0.25078125 0.06875 0.0765625
0 0.45078125 0.2640625 0.0484375 0.040625
0 0.39296875 0.1046875 0.046875 0.0484375
0 0.58203125 0.353125 0.075 0.05625
0 0.3984375 0.3125 0.053125 0.0765625
0 0.49609375 0.421875 0.040625 0.05
0 0.53125 0.6828125 0.0359375 0.0453125
0 0.671875 0.58671875 0.053125 0.053125
0 0.2859375 0.103125 0.0515625 0.0640625
0 0.771875 0.13828125 0.078125 0.078125
0 0.121875 0.32109375 0.05625 0.0515625
0 0.7671875 0.8171875 0.04375 0.0421875
0 0.46796875 0.12890625 0.05 0.0484375
0 0.1671875 0.040625 0.0359375 0.04375
0 0.38671875 0.0578125 0.0546875 0.059375
0 0.5703125 0.6390625 0.0421875 0.05
0 0.71875 0.73671875 0.0640625 0.071875
0 0.2796875 0.29140625 0.046875 0.0453125
0 0.5828125 0.06796875 0.040625 0.040625
0 0.1421875 0.5078125 0.0546875 0.053125
0 0.16171875 0.62265625 0.0328125 0.0203125
0 0.21875 0.215625 0.115625 0.0890625
0 0.34921875 0.12109375 0.0484375 0.0515625
0 0.72734375 0.62421875 0.0921875 0.0625
0 0.509375 0.125 0.04375 0.05625
0 0.47421875 0.71796875 0.040625 0.0375
0 0.52578125 0.48828125 0.0375 0.0453125
0 0.67421875 0.225 0.0484375 0.0453125
0 0.640625 0.30078125 0.04375 0.04375
0 0.059375 0.12890625 0.0484375 0.0484375
0 0.690625 0.109375 0.025 0.0296875
0 0.0859375 0.359375 0.0359375 0.0328125
0 0.29453125 0.44375 0.0390625 0.0375
0 0.546875 0.74609375 0.06875 0.0578125
0 0.05234375 0.20859375 0.0484375 0.0515625
0 0.49609375 0.17734375 0.0375 0.0515625
0 0.7578125 0.5359375 0.0484375 0.0421875
0 0.54765625 0.203125 0.053125 0.0484375
0 0.76328125 0.7390625 0.0546875 0.05625
0 0.4109375 0.2046875 0.0296875 0.0359375
0 0.85 0.1265625 0.075 0.0796875
0 0.33125 0.07890625 0.059375 0.0640625
0 0.578125 0.7 0.0546875 0.0453125
0 0.83671875 0.72109375 0.040625 0.040625
0 0.146875 0.56015625 0.0640625 0.04375
0 0.4640625 0.66484375 0.0625 0.0546875
0 0.04765625 0.29375 0.071875 0.0625
0 0.14296875 0.03515625 0.0296875 0.053125
0 0.36171875 0.175 0.0453125 0.046875
0 0.5125 0.26796875 0.034375 0.0296875
0 0.940625 0.478125 0.1171875 0.0640625
0 0.47578125 0.61015625 0.0515625 0.0359375
0 0.0953125 0.69765625 0.05625 0.0484375
0 0.465625 0.90859375 0.1046875 0.11875
0 0.74140625 0.19140625 0.0421875 0.0484375
0 0.70703125 0.675 0.0359375 0.0515625
0 0.146875 0.18203125 0.053125 0.0515625
0 0.70703125 0.20703125 0.04375 0.0421875
0 0.63828125 0.07421875 0.0390625 0.059375
0 0.16796875 0.09140625 0.05 0.0625