0 0.7578125 0.7875 0.0703125 0.0875
0 0.70703125 0.509375 0.08125 0.0765625
0 0.8421875 0.41875 0.075 0.0703125
0 0.828125 0.23828125 0.103125 0.1140625
0 0.87265625 0.9484375 0.1203125 0.1
0 0.74609375 0.86171875 0.0734375 0.0765625
0 0.0859375 0.39921875 0.0625 0.0890625
0 0.5421875 0.16015625 0.128125 0.1265625
0 0.61796875 0.06875 0.0671875 0.1015625
0 0.5 0.634375 0.06875 0.075
0 0.853125 0.1125 0.1140625 0.11875
0 0.47265625 0.51875 0.13125 0.15
0 0.63671875 0.17890625 0.0765625 0.06875
0 0.13515625 0.265625 0.1359375 0.1046875
0 0.04765625 0.47265625 0.0953125 0.1390625
0 0.428125 0.690625 0.1390625 0.171875
0 0.70078125 0.5640625 0.0625 0.06875
0 0.43359375 0.82421875 0.0609375 0.05625
0 0.69296875 0.2421875 0.1046875 0.103125
0 0.54375 0.25390625 0.05625 0.0671875
0 0.4578125 0.1359375 0.0734375 0.0828125
0 0.4125 0.8734375 0.06875 0.078125
0 0.4296875 0.04609375 0.1 0.0921875
0 0.4046875 0.3390625 0.1140625 0.121875
0 0.12890625 0.7890625 0.1125 0.1
0 0.35546875 0.55625 0.1421875 0.1515625
0 0.95 0.75234375 0.096875 0.13125
0 0.05234375 0.7125 0.1046875 0.134375
0 0.21796875 0.684375 0.13125 0.11875
0 0.76484375 0.0828125 0.05625 0.053125
0 0.1390625 0.728125 0.0953125 0.0859375
0 0.62109375 0.221875 0.05625 0.0453125
0 0.64765625 0.57578125 0.078125 0.0984375
0 0.12890625 0.66484375 0.0765625 0.0703125
0 0.1328125 0.06484375 0.165625 0.1296875
0 0.21328125 0.86953125 0.1265625 0.1046875
0 0.453125 0.24765625 0.134375 0.15
0 0.228125 0.81953125 0.0765625 0.0625
0 0.84375 0.77109375 0.08125 0.0625
0 0.89375 0.43828125 0.1234375 0.15625
0 0.66015625 0.37265625 0.0640625 0.075
0 0.609375 0.65390625 0.0765625 0.08125
0 0.84765625 0.62578125 0.1171875 0.1
0 0.06171875 0.88359375 0.1234375 0.1484375
0 0.64765625 0.03515625 0.0671875 0.0703125
0 0.7125 0.31796875 0.071875 0.0671875
0 0.75625 0.45546875 0.103125 0.096875
0 0.7515625 0.2484375 0.05 0.053125
0 0.69921875 0.06953125 0.0828125 0.0734375
0 0.653125 0.8671875 0.0859375 0.103125
0 0.271875 0.4703125 0.0765625 0.1
0 0.9390625 0.646875 0.075 0.0796875
0 0.87578125 0.16796875 0.09375 0.0640625
0 0.5984375 0.2640625 0.0765625 0.0765625
0 0.89609375 0.25390625 0.0890625 0.1296875
0 0.63359375 0.7828125 0.0734375 0.0734375
0 0.29921875 0.19921875 0.0671875 0.075
0 0.3859375 0.134375 0.1015625 0.13125
0 0.38046875 0.9484375 0.078125 0.0859375
0 0.54609375 0.78046875 0.125 0.115625
0 0.40546875 0.43359375 0.1109375 0.1
0 0.7046875 0.6546875 0.0859375 0.1015625
0 0.89296875 0.72421875 0.115625 0.14375
0 0.33046875 0.05703125 0.1015625 0.1078125
0 0.68046875 0.45 0.059375 0.0734375
0 0.7515625 0.9390625 0.1125 0.1125
0 0.24453125 0.25 0.0984375 0.109375
0 0.7796875 0.5609375 0.1203125 0.10625
0 0.94140625 0.165625 0.0625 0.0671875
0 0.3328125 0.90859375 0.0859375 0.0765625
0 0.640625 0.3140625 0.0828125 0.0640625
0 0.2484375 0.57890625 0.1078125 0.1421875
0 0.55625 0.87265625 0.1578125 0.1234375
0 0.5453125 0.69921875 0.084375 0.09375
0 0.69296875 0.1390625 0.1359375 0.1234375
0 0.80625 0.70625 0.1125 0.0953125
0 0.2640625 0.3453125 0.084375 0.0953125
0 0.28359375 0.13515625 0.0765625 0.071875
0 0.44765625 0.9390625 0.1234375 0.109375
0 0.765625 0.3828125 0.0703125 0.0953125
0 0.77578125 0.2046875 0.0609375 0.0578125
0 0.578125 0.46171875 0.1734375 0.1984375
0 0.328125 0.71953125 0.0953125 0.0984375
0 0.0828125 0.5390625 0.1078125 0.1109375
0 0.83046875 0.84609375 0.11875 0.1359375
0 0.884375 0.546875 0.1125 0.109375
0 0.09765625 0.33203125 0.1015625 0.084375
0 0.465625 0.7953125 0.065625 0.0796875
0 0.18359375 0.55 0.0859375 0.0734375
0 0.646875 0.69765625 0.103125 0.1
0 0.7796875 0.14609375 0.0640625 0.06875
0 0.21796875 0.16171875 0.0921875 0.115625
0 0.78203125 0.29140625 0.0796875 0.06875
0 0.7046875 0.80234375 0.109375 0.146875
0 0.3859375 0.771875 0.084375 0.0875
0 0.06484375 0.19375 0.0984375 0.125
0 0.709375 0.3875 0.0625 0.078125
0 0.184375 0.3890625 0.14375 0.1390625
0 0.5140625 0.3828125 0.10625 0.115625
0 0.13125 0.47421875 0.115625 0.1140625
0 0.85 0.33671875 0.084375 0.08125
0 0.55078125 0.06875 0.115625 0.084375
0 0.34375 0.3015625 0.1078125 0.1578125
0 0.33046875 0.45234375 0.0734375 0.078125
0 0.56015625 0.615625 0.071875 0.075