0 0.4890625 0.875 0.0609375 0.059375
0 0.7890625 0.640625 0.071875 0.059375
0 0.2203125 0.16796875 0.1421875 0.1421875
0 0.21640625 0.9171875 0.0640625 0.06875
0 0.365625 0.8515625 0.05625 0.053125
0 0.96484375 0.81796875 0.0421875 0.046875
0 0.90625 0.8015625 0.075 0.0734375
0 0.36484375 0.69296875 0.05 0.0515625
0 0.8453125 0.68984375 0.0609375 0.053125
0 0.31015625 0.9765625 0.0453125 0.0453125
0 0.915625 0.6640625 0.040625 0.0484375
0 0.4125 0.040625 0.115625 0.0703125
0 0.1015625 0.80078125 0.053125 0.0484375
0 0.76171875 0.68359375 0.04375 0.04375
0 0.359375 0.18359375 0.1421875 0.128125
0 0.38125 0.45703125 0.0453125 0.0640625
0 0.51484375 0.3375 0.0703125 0.059375
0 0.565625 0.9359375 0.1125 0.1265625
0 0.1984375 0.6671875 0.075 0.059375
0 0.23984375 0.2953125 0.096875 0.084375
0 0.83203125 0.56171875 0.059375 0.065625
0 0.4046875 0.259375 0.0921875 0.140625
0 0.1921875 0.5140625 0.13125 0.1390625
0 0.9515625 0.21796875 0.0953125 0.196875
0 0.5 0.92734375 0.040625 0.0625
0 0.84921875 0.23984375 0.10625 0.11875
0 0.3375 0.896875 0.0546875 0.0640625
0 0.1453125 0.84375 0.0453125 0.05
0 0.46484375 0.78046875 0.0921875 0.09375
0 0.07578125 0.9578125 0.121875 0.084375
0 0.05546875 0.52890625 0.1109375 0.1390625
0 0.559375 0.7671875 0.1015625 0.121875
0 0.91015625 0.71484375 0.0546875 0.046875
0 0.7078125 0.625 0.0484375 0.0671875
0 0.29140625 0.8890625 0.0375 0.0375
0 0.08203125 0.115625 0.109375 0.121875
0 0.271875 0.95703125 0.040625 0.046875
0 0.5265625 0.19375 0.0625 0.0609375
0 0.28125 0.7328125 0.0609375 0.0671875
0 0.33984375 0.27421875 0.0640625 0.0765625
0 0.703125 0.09375 0.1921875 0.1671875
0 0.86484375 0.065625 0.128125 0.13125
0 0.71328125 0.57734375 0.05 0.05
0 0.32265625 0.5890625 0.0390625 0.0375
0 0.70390625 0.80859375 0.053125 0.0796875
0 0.4375 0.48046875 0.053125 0.05
0 0.44453125 0.12265625 0.128125 0.1390625
0 0.103125 0.71484375 0.059375 0.0390625
0 0.190625 0.05234375 0.1078125 0.0890625
0 0.29609375 0.6625 0.0390625 0.04375
0 0.74453125 0.96171875 0.0515625 0.059375
0 0.796875 0.946875 0.05625 0.0609375
0 0.9765625 0.77890625 0.046875 0.0421875
0 0.2984375 0.78515625 0.046875 0.05625
0 0.78515625 0.76875 0.08125 0.065625
0 0.19375 0.62890625 0.0609375 0.0390625
0 0.97265625 0.7203125 0.0546875 0.053125
0 0.31015625 0.825 0.046875 0.0640625
0 0.35390625 0.596875 0.03125 0.0390625
0 0.64140625 0.775 0.075 0.0734375
0 0.34765625 0.540625 0.0453125 0.059375
0 0.078125 0.68203125 0.0796875 0.0484375
0 0.16640625 0.884375 0.0515625 0.0578125
0 0.846875 0.778125 0.075 0.0859375
0 0.34375 0.63515625 0.0453125 0.053125
0 0.38359375 0.9390625 0.0390625 0.03125
0 0.334375 0.76484375 0.059375 0.065625
0 0.94375 0.68671875 0.0484375 0.0515625
0 0.73984375 0.91875 0.0453125 0.0515625
0 0.14296875 0.7796875 0.065625 0.059375
0 0.8890625 0.890625 0.059375 0.0625
0 0.9421875 0.89609375 0.0609375 0.0609375
0 0.1984375 0.74765625 0.0453125 0.0546875
0 0.2375 0.8546875 0.0640625 0.0640625
0 0.94375 0.77734375 0.0484375 0.04375
0 0.97265625 0.93203125 0.053125 0.0734375
0 0.71875 0.209375 0.1140625 0.0859375
0 0.4109375 0.85078125 0.0546875 0.0703125
0 0.778125 0.5234375 0.0609375 0.040625
0 0.5453125 0.1109375 0.109375 0.1203125
0 0.7421875 0.6328125 0.0484375 0.040625
0 0.434375 0.5984375 0.10625 0.1296875