0 0.375 0.5921875 0.1 0.109375
0 0.4625 0.72734375 0.059375 0.075
0 0.49609375 0.5390625 0.103125 0.1015625
0 0.54609375 0.06328125 0.0828125 0.1109375
0 0.2125 0.10390625 0.090625 0.090625
0 0.61171875 0.515625 0.0828125 0.0703125
0 0.06484375 0.20703125 0.08125 0.0875
0 0.12109375 0.90078125 0.0703125 0.0953125
0 0.921875 0.1125 0.0890625 0.078125
0 0.3953125 0.790625 0.0796875 0.0921875
0 0.16953125 0.4046875 0.06875 0.059375
0 0.32421875 0.103125 0.090625 0.0921875
0 0.58046875 0.3546875 0.0765625 0.0828125
0 0.61640625 0.44765625 0.084375 0.065625
0 0.10625 0.728125 0.0765625 0.075
0 0.7640625 0.0859375 0.0921875 0.0921875
0 0.19296875 0.66640625 0.0921875 0.1078125
0 0.5546875 0.68359375 0.0890625 0.1
0 0.2359375 0.06015625 0.0734375 0.084375
0 0.5828125 0.56328125 0.0625 0.053125
0 0.3046875 0.87890625 0.0796875 0.0890625
0 0.8875 0.9484375 0.1109375 0.103125
0 0.16796875 0.178125 0.0859375 0.0890625
0 0.4234375 0.72734375 0.0609375 0.071875
0 0.4671875 0.7859375 0.05 0.0609375
0 0.35546875 0.17265625 0.0828125 0.1109375
0 0.78046875 0.22265625 0.059375 0.071875
0 0.17578125 0.7953125 0.103125 0.0953125