0 0.3953125 0.4171875 0.278125 0.2
0 0.25625 0.06640625 0.15 0.1328125
0 0.48828125 0.9125 0.115625 0.1234375
0 0.603125 0.21328125 0.1328125 0.121875
0 0.5484375 0.1203125 0.08125 0.09375
0 0.6125 0.33125 0.0859375 0.1203125
0 0.75234375 0.8578125 0.115625 0.140625
0 0.8328125 0.83984375 0.0609375 0.05
0 0.91796875 0.5125 0.1578125 0.16875
0 0.746875 0.31875 0.059375 0.078125
0 0.7875 0.4 0.0796875 0.059375
0 0.65625 0.45078125 0.0640625 0.0671875
0 0.4109375 0.809375 0.1921875 0.209375
0 0.875 0.7125 0.0703125 0.1
0 0.8359375 0.7609375 0.0578125 0.05
0 0.84609375 0.24609375 0.0828125 0.0859375
0 0.5203125 0.609375 0.109375 0.096875
0 0.41171875 0.58125 0.071875 0.071875
0 0.5453125 0.79296875 0.1078125 0.109375
0 0.6890625 0.21171875 0.059375 0.05625
0 0.721875 0.384375 0.06875 0.0953125
0 0.703125 0.515625 0.1421875 0.13125
0 0.5640625 0.3625 0.0828125 0.0703125
0 0.9265625 0.2515625 0.0640625 0.0875
0 0.2546875 0.225 0.1625 0.20625
0 0.88359375 0.271875 0.0578125 0.053125
0 0.721875 0.759375 0.0703125 0.0625
0 0.7828125 0.0484375 0.1515625 0.096875
0 0.7296875 0.95859375 0.1171875 0.08125
0 0.83125 0.80390625 0.0640625 0.0484375
0 0.88125 0.05078125 0.0875 0.0859375
0 0.4515625 0.0921875 0.1421875 0.16875
0 0.61484375 0.60703125 0.084375 0.059375
0 0.59296875 0.72421875 0.1 0.090625
0 0.6875 0.2828125 0.0828125 0.10625
0 0.72734375 0.13203125 0.115625 0.10625
0 0.46484375 0.5203125 0.0921875 0.0859375
0 0.825 0.53046875 0.11875 0.1078125
0 0.6046875 0.540625 0.0703125 0.059375
0 0.33203125 0.05 0.1203125 0.1
0 0.8296875 0.31953125 0.0640625 0.0625
0 0.3765625 0.93125 0.1328125 0.1328125
0 0.78515625 0.75 0.0625 0.071875
0 0.8453125 0.14765625 0.1359375 0.1375
0 0.85625 0.36328125 0.071875 0.065625
0 0.41953125 0.64921875 0.103125 0.08125
0 0.37421875 0.1484375 0.134375 0.1265625
0 0.609375 0.83359375 0.1296875 0.1671875
0 0.87734375 0.82578125 0.0609375 0.0765625
0 0.9328125 0.771875 0.1015625 0.10625
0 0.5328125 0.45625 0.1421875 0.1421875
0 0.3609375 0.565625 0.1 0.0828125
0 0.8515625 0.921875 0.084375 0.084375
0 0.60703125 0.671875 0.1390625 0.0875
0 0.4515625 0.27421875 0.2546875 0.209375
0 0.65703125 0.3765625 0.075 0.090625