0 0.45078125 0.3375 0.0921875 0.115625
0 0.22578125 0.40625 0.0609375 0.078125
0 0.25390625 0.07734375 0.1265625 0.1359375
0 0.8046875 0.22109375 0.0921875 0.103125
0 0.13046875 0.853125 0.09375 0.096875
0 0.965625 0.70625 0.0609375 0.053125
0 0.53203125 0.340625 0.090625 0.0828125
0 0.0625 0.36328125 0.125 0.1265625
0 0.63671875 0.1078125 0.0703125 0.0921875
0 0.721875 0.32734375 0.1234375 0.1046875
0 0.26171875 0.60078125 0.103125 0.1234375
0 0.37109375 0.32421875 0.0953125 0.0875
0 0.56171875 0.0703125 0.0890625 0.0703125
0 0.29453125 0.85390625 0.1078125 0.1265625
0 0.50390625 0.66796875 0.1078125 0.1984375
0 0.27734375 0.96171875 0.0828125 0.0765625
0 0.8890625 0.66640625 0.159375 0.1375
0 0.6703125 0.46796875 0.0484375 0.0875
0 0.5671875 0.7109375 0.0703125 0.103125
0 0.7359375 0.2375 0.0734375 0.0578125
0 0.5765625 0.6109375 0.071875 0.10625
0 0.71171875 0.64375 0.078125 0.0859375
0 0.54921875 0.53671875 0.071875 0.084375
0 0.6609375 0.20546875 0.10625 0.1453125
0 0.525 0.4203125 0.103125 0.1109375
0 0.74921875 0.16328125 0.09375 0.0921875
0 0.96796875 0.53125 0.0625 0.0859375
0 0.634375 0.80546875 0.1140625 0.1484375
0 0.21484375 0.88046875 0.121875 0.1046875
0 0.94375 0.37890625 0.1109375 0.0546875
0 0.728125 0.40625 0.0703125 0.0765625
0 0.96484375 0.790625 0.0703125 0.1125
0 0.81875 0.95 0.0828125 0.1
0 0.134375 0.4171875 0.165625 0.18125
0 0.08359375 0.26953125 0.1671875 0.0953125
0 0.6203125 0.7015625 0.078125 0.0671875
0 0.8703125 0.5609375 0.159375 0.1359375
0 0.0765625 0.8375 0.15 0.190625
0 0.96875 0.88203125 0.0625 0.078125
0 0.8703125 0.1234375 0.06875 0.0703125
0 0.51875 0.03359375 0.10625 0.0671875
0 0.946875 0.44609375 0.10625 0.08125
0 0.7171875 0.5640625 0.10625 0.0921875
0 0.615625 0.36875 0.0796875 0.1140625
0 0.7875 0.8515625 0.1140625 0.1125
0 0.4453125 0.259375 0.053125 0.0515625
0 0.88203125 0.75859375 0.06875 0.05625
0 0.71640625 0.49375 0.0640625 0.0921875
0 0.05859375 0.69140625 0.1171875 0.11875
0 0.5546875 0.79921875 0.0859375 0.075
0 0.73828125 0.71875 0.11875 0.1015625
0 0.32421875 0.1390625 0.0921875 0.134375
0 0.2671875 0.0125 0.0890625 0.025
0 0.3484375 0.890625 0.0984375 0.10625
0 0.3140625 0.42890625 0.0859375 0.1203125
0 0.6296875 0.6296875 0.0828125 0.1
0 0.8515625 0.3140625 0.1109375 0.0875
0 0.7484375 0.01953125 0.078125 0.0390625
0 0.40546875 0.45625 0.1109375 0.153125
0 0.6015625 0.459375 0.075 0.084375
0 0.3828125 0.60703125 0.1546875 0.1515625
0 0.946875 0.18984375 0.0921875 0.0984375
0 0.2265625 0.7484375 0.1140625 0.1484375
0 0.58984375 0.1375 0.1265625 0.103125
0 0.01953125 0.5484375 0.0390625 0.0828125
0 0.47890625 0.50234375 0.0828125 0.0765625
0 0.11484375 0.559375 0.1515625 0.1171875
0 0.90234375 0.8421875 0.10625 0.11875
0 0.95546875 0.04296875 0.0875 0.0796875
0 0.3890625 0.20703125 0.0640625 0.078125
0 0.64609375 0.0328125 0.15 0.065625
0 0.5953125 0.87578125 0.125 0.1
0 0.33203125 0.25546875 0.1265625 0.1234375
0 0.79296875 0.6234375 0.075 0.084375
0 0.55625 0.9234375 0.1390625 0.1390625
0 0.8234375 0.134375 0.0734375 0.0859375
0 0.740625 0.93359375 0.06875 0.1140625
0 0.7140625 0.07734375 0.1046875 0.0921875
0 0.92578125 0.95859375 0.0796875 0.08125
0 0.63828125 0.53828125 0.075 0.0765625
0 0.9015625 0.140625 0.06875 0.0875
0 0.4171875 0.06328125 0.1109375 0.1265625
0 0.82890625 0.425 0.1390625 0.1484375
0 0.87109375 0.2046875 0.0765625 0.0703125
0 0.159375 0.1765625 0.165625 0.159375
0 0.44609375 0.21171875 0.059375 0.06875
0 0.05390625 0.79453125 0.1078125 0.1328125
0 0.16875 0.071875 0.0640625 0.084375
0 0.55859375 0.246875 0.1515625 0.1421875
0 0.853125 0.059375 0.14375 0.11875
0 0.9734375 0.3078125 0.053125 0.1234375
0 0.471875 0.96328125 0.1171875 0.071875
0 0.48125 0.78515625 0.0734375 0.0515625
0 0.490625 0.12734375 0.08125 0.075
0 0.74140625 0.78125 0.1125 0.0703125
0 0.35390625 0.7734375 0.1 0.0859375
0 0.55546875 0.4890625 0.0546875 0.05