0 0.08828125 0.1078125 0.0484375 0.05
0 0.09296875 0.17890625 0.10625 0.1203125
0 0.79765625 0.95234375 0.1015625 0.0921875
0 0.615625 0.18984375 0.0828125 0.075
0 0.81484375 0.32734375 0.134375 0.1296875
0 0.8265625 0.5265625 0.1125 0.134375
0 0.46875 0.2953125 0.05625 0.0765625
0 0.759375 0.20078125 0.103125 0.1203125
0 0.78515625 0.08671875 0.0890625 0.084375
0 0.59140625 0.31484375 0.071875 0.05625
0 0.3546875 0.0640625 0.0671875 0.09375
0 0.51953125 0.3046875 0.05625 0.084375
0 0.4703125 0.81875 0.16875 0.1
0 0.096875 0.2734375 0.0625 0.0921875
0 0.34375 0.925 0.1578125 0.146875
0 0.77890625 0.415625 0.1109375 0.0984375
0 0.88203125 0.671875 0.115625 0.0796875
0 0.2234375 0.6625 0.0875 0.0828125
0 0.4203125 0.08984375 0.084375 0.0796875
0 0.6390625 0.26875 0.065625 0.078125
0 0.49609375 0.20546875 0.0765625 0.06875
0 0.571875 0.08671875 0.0828125 0.0640625
0 0.0890625 0.05859375 0.071875 0.06875
0 0.846875 0.10703125 0.078125 0.06875
0 0.15 0.2828125 0.075 0.0796875
0 0.1203125 0.75 0.0859375 0.0671875
0 0.39453125 0.3453125 0.06875 0.0671875
0 0.38359375 0.20703125 0.0578125 0.0703125
0 0.43359375 0.196875 0.065625 0.0671875
0 0.415625 0.4484375 0.053125 0.0578125
0 0.78984375 0.14453125 0.071875 0.0640625
0 0.31640625 0.60859375 0.103125 0.1078125
0 0.14609375 0.115625 0.0828125 0.0796875
0 0.61015625 0.6578125 0.115625 0.134375
0 0.91953125 0.5921875 0.1296875 0.109375
0 0.24375 0.36796875 0.0703125 0.0703125
0 0.5859375 0.14765625 0.078125 0.08125
0 0.22734375 0.475 0.06875 0.0609375
0 0.61015625 0.41796875 0.16875 0.1546875
0 0.46328125 0.740625 0.18125 0.0984375
0 0.94375 0.1609375 0.1109375 0.2046875
0 0.71171875 0.43046875 0.0796875 0.09375
0 0.85078125 0.1734375 0.0953125 0.078125
0 0.5171875 0.64453125 0.0875 0.1296875
0 0.078125 0.53671875 0.1015625 0.0796875
0 0.04375 0.321875 0.0875 0.10625
0 0.490625 0.10234375 0.084375 0.1078125
0 0.33125 0.18125 0.0703125 0.0890625
0 0.10078125 0.62109375 0.0796875 0.0921875
0 0.35234375 0.67890625 0.0984375 0.125
0 0.6859375 0.59453125 0.184375 0.1921875
0 0.403125 0.15 0.09375 0.0671875
0 0.23515625 0.1921875 0.1171875 0.1
0 0.446875 0.34765625 0.090625 0.0984375
0 0.1953125 0.29296875 0.0421875 0.0578125
0 0.11796875 0.3421875 0.0609375 0.0484375
0 0.47265625 0.4375 0.0328125 0.0328125
0 0.07421875 0.4453125 0.0625 0.0640625
0 0.17109375 0.5625 0.0921875 0.0875
0 0.4453125 0.578125 0.1453125 0.1140625
0 0.1515625 0.43203125 0.103125 0.10625
0 0.759375 0.88984375 0.1703125 0.15625
0 0.171875 0.23203125 0.0671875 0.0703125
0 0.33203125 0.28359375 0.0546875 0.0671875
0 0.93203125 0.49921875 0.134375 0.1390625
0 0.16953125 0.6375 0.065625 0.0453125
0 0.6875 0.25 0.059375 0.065625
0 0.21953125 0.4171875 0.0375 0.0484375
0 0.3125 0.74140625 0.103125 0.09375
0 0.2203125 0.0734375 0.090625 0.13125
0 0.2609375 0.80625 0.175 0.1609375
0 0.2953125 0.0921875 0.0765625 0.0765625
0 0.56171875 0.5296875 0.084375 0.08125
0 0.51640625 0.25390625 0.0625 0.0546875
0 0.59140625 0.2421875 0.0765625 0.0703125
0 0.2265625 0.29296875 0.053125 0.0796875
0 0.434375 0.66640625 0.08125 0.071875
0 0.6515625 0.10625 0.084375 0.0890625
0 0.03203125 0.60546875 0.0640625 0.0984375
0 0.87265625 0.75234375 0.1296875 0.10625
0 0.5125 0.41484375 0.0609375 0.075
0 0.290625 0.3640625 0.0609375 0.1046875
0 0.2234375 0.921875 0.1390625 0.153125
0 0.72890625 0.73515625 0.103125 0.103125
0 0.09609375 0.7 0.0796875 0.084375
0 0.43828125 0.41640625 0.0578125 0.0453125
0 0.1171875 0.38125 0.078125 0.05
0 0.4328125 0.2578125 0.071875 0.0859375
0 0.2546875 0.571875 0.0953125 0.075
0 0.359375 0.45703125 0.0765625 0.096875