0 0.75703125 0.259375 0.075 0.06875
0 0.67265625 0.15078125 0.0625 0.0640625
0 0.5234375 0.771875 0.0734375 0.0859375
0 0.378125 0.82578125 0.0984375 0.0859375
0 0.68203125 0.2875 0.078125 0.065625
0 0.8625 0.31953125 0.0796875 0.071875
0 0.7640625 0.59765625 0.103125 0.103125
0 0.36328125 0.4734375 0.05625 0.059375
0 0.209375 0.45078125 0.08125 0.0609375
0 0.0625 0.20703125 0.0640625 0.0578125
0 0.90390625 0.5375 0.08125 0.0703125
0 0.8125 0.415625 0.053125 0.0515625
0 0.63671875 0.25703125 0.0609375 0.06875
0 0.31015625 0.06875 0.090625 0.0953125
0 0.0515625 0.0515625 0.0921875 0.103125
0 0.40390625 0.2890625 0.0703125 0.0703125
0 0.128125 0.421875 0.078125 0.0703125
0 0.41875 0.1859375 0.0578125 0.0640625
0 0.44453125 0.33125 0.0890625 0.09375
0 0.67734375 0.39453125 0.0875 0.0703125
0 0.7546875 0.07265625 0.08125 0.0875
0 0.47265625 0.234375 0.08125 0.0921875
0 0.8875 0.65546875 0.0640625 0.0640625
0 0.246875 0.3671875 0.1328125 0.0859375
0 0.15390625 0.95078125 0.1 0.096875
0 0.5875 0.26875 0.040625 0.0625
0 0.9296875 0.68359375 0.0546875 0.05625
0 0.06953125 0.76015625 0.103125 0.071875
0 0.7359375 0.19921875 0.071875 0.06875
0 0.27109375 0.93125 0.0734375 0.1
0 0.0609375 0.8046875 0.09375 0.0703125
0 0.375 0.246875 0.084375 0.084375
0 0.73828125 0.30546875 0.09375 0.0625
0 0.62890625 0.91171875 0.0828125 0.09375
0 0.04765625 0.27265625 0.0953125 0.084375
0 0.56015625 0.071875 0.0671875 0.084375
0 0.38828125 0.06640625 0.0828125 0.103125
0 0.38671875 0.60703125 0.0546875 0.0796875
0 0.4359375 0.57265625 0.046875 0.04375
0 0.58203125 0.58515625 0.0671875 0.0765625
0 0.34453125 0.51953125 0.0765625 0.071875
0 0.21796875 0.63125 0.0765625 0.05625
0 0.4203125 0.68828125 0.0703125 0.0734375
0 0.446875 0.1265625 0.0609375 0.08125
0 0.409375 0.3765625 0.0796875 0.0828125
0 0.14609375 0.2953125 0.0703125 0.0765625
0 0.93046875 0.475 0.071875 0.075
0 0.74296875 0.65625 0.05 0.05
0 0.3015625 0.68671875 0.08125 0.084375
0 0.2421875 0.21640625 0.1046875 0.0921875
0 0.54453125 0.5609375 0.05625 0.0578125
0 0.61796875 0.63125 0.08125 0.09375
0 0.93046875 0.23046875 0.125 0.0859375
0 0.65625 0.21875 0.06875 0.0796875
0 0.94375 0.1765625 0.08125 0.0609375
0 0.059375 0.88984375 0.0578125 0.071875
0 0.3703125 0.67109375 0.046875 0.0546875
0 0.53359375 0.50390625 0.0984375 0.0921875
0 0.53828125 0.26953125 0.0609375 0.0515625
0 0.83046875 0.6765625 0.096875 0.0921875
0 0.28046875 0.76796875 0.06875 0.05625
0 0.31484375 0.16875 0.071875 0.0796875
0 0.2953125 0.6125 0.05 0.053125
0 0.70703125 0.621875 0.06875 0.0640625
0 0.07578125 0.153125 0.075 0.0640625
0 0.61796875 0.8140625 0.0515625 0.0578125
0 0.32421875 0.5484375 0.0453125 0.0515625
0 0.53125 0.12578125 0.071875 0.0828125
0 0.7 0.8453125 0.0734375 0.0828125
0 0.4703125 0.72578125 0.0890625 0.0796875
0 0.4453125 0.475 0.0578125 0.0546875
0 0.2609375 0.15625 0.078125 0.0875
0 0.88984375 0.9015625 0.103125 0.121875
0 0.740625 0.4421875 0.090625 0.090625
0 0.4984375 0.1671875 0.071875 0.06875
0 0.5375 0.69375 0.075 0.0921875
0 0.54765625 0.35234375 0.046875 0.0421875
0 0.059375 0.45078125 0.084375 0.0640625
0 0.1 0.840625 0.0765625 0.0765625
0 0.66953125 0.9671875 0.034375 0.0453125
0 0.6890625 0.69375 0.040625 0.040625
0 0.77734375 0.11796875 0.0703125 0.075
0 0.5609375 0.21328125 0.0828125 0.0828125
0 0.37578125 0.41171875 0.065625 0.078125
0 0.61640625 0.40703125 0.0625 0.059375
0 0.45859375 0.53203125 0.0375 0.0515625
0 0.646875 0.72890625 0.0515625 0.053125
0 0.565625 0.4421875 0.090625 0.0625
0 0.4953125 0.634375 0.05625 0.0640625
0 0.68203125 0.92265625 0.05625 0.053125
0 0.11875 0.21875 0.053125 0.0875
0 0.1796875 0.23515625 0.075 0.0640625
0 0.08828125 0.5515625 0.040625 0.04375
0 0.85234375 0.10546875 0.0671875 0.065625
0 0.67578125 0.55859375 0.0515625 0.0625
0 0.9546875 0.77890625 0.0453125 0.0453125
0 0.19375 0.2953125 0.0796875 0.084375
0 0.146875 0.09296875 0.1203125 0.090625
0 0.85078125 0.47890625 0.084375 0.090625
0 0.7828125 0.328125 0.0734375 0.0609375
0 0.21015625 0.5890625 0.053125 0.05
0 0.2046875 0.79609375 0.05625 0.0703125
0 0.13984375 0.56015625 0.06875 0.078125
0 0.6515625 0.49609375 0.071875 0.0703125
0 0.8359375 0.26875 0.0796875 0.0609375
0 0.74375 0.51484375 0.065625 0.0625
0 0.31953125 0.915625 0.0546875 0.0640625
0 0.94765625 0.61171875 0.0671875 0.06875
0 0.48359375 0.4171875 0.0640625 0.0609375
0 0.3359375 0.2921875 0.065625 0.0859375