0 0.3046875 0.61328125 0.20625 0.165625
0 0.45 0.14765625 0.10625 0.0875
0 0.74765625 0.60390625 0.159375 0.16875
0 0.93515625 0.2875 0.128125 0.1109375
0 0.5734375 0.296875 0.0625 0.06875
0 0.68203125 0.7609375 0.0984375 0.0734375
0 0.15078125 0.59453125 0.1 0.115625
0 0.56796875 0.8609375 0.1 0.109375
0 0.50703125 0.209375 0.140625 0.1015625
0 0.896875 0.88828125 0.1046875 0.1046875
0 0.625 0.14609375 0.0671875 0.1171875
0 0.38515625 0.4796875 0.14375 0.146875
0 0.890625 0.73203125 0.16875 0.184375
0 0.37734375 0.04375 0.08125 0.071875
0 0.184375 0.034375 0.05625 0.06875
0 0.221875 0.1375 0.1078125 0.115625
0 0.58671875 0.0609375 0.134375 0.109375
0 0.25 0.04765625 0.0828125 0.084375
0 0.06015625 0.7890625 0.1203125 0.1125
0 0.6359375 0.49921875 0.11875 0.1328125
0 0.1390625 0.1265625 0.1046875 0.1
0 0.67734375 0.690625 0.084375 0.06875
0 0.2234375 0.42734375 0.1234375 0.125
0 0.5515625 0.14609375 0.0875 0.115625
0 0.490625 0.48984375 0.0859375 0.09375
0 0.7953125 0.03984375 0.0625 0.0796875
0 0.16640625 0.9375 0.1109375 0.125
0 0.759375 0.728125 0.0984375 0.09375
0 0.47890625 0.28828125 0.1375 0.13125
0 0.09453125 0.68828125 0.1453125 0.084375
0 0.4421875 0.8640625 0.1453125 0.146875
0 0.16796875 0.1890625 0.1078125 0.09375
0 0.1390625 0.87890625 0.11875 0.1140625
0 0.4796875 0.0484375 0.0609375 0.084375
0 0.13515625 0.23828125 0.0875 0.090625
0 0.0578125 0.55 0.115625 0.16875
0 0.1109375 0.40546875 0.1390625 0.1671875
0 0.421875 0.3359375 0.1265625 0.1265625
0 0.3765625 0.2046875 0.1109375 0.1609375
0 0.6203125 0.6171875 0.0671875 0.0765625
0 0.81875 0.14921875 0.2046875 0.1859375
0 0.3015625 0.853125 0.1390625 0.1796875
0 0.5859375 0.6984375 0.1265625 0.1171875
0 0.2421875 0.28671875 0.134375 0.125
0 0.11171875 0.7671875 0.1421875 0.103125
0 0.30234375 0.14921875 0.078125 0.103125
0 0.39375 0.67734375 0.134375 0.128125
0 0.4125 0.7765625 0.1 0.0859375
0 0.26953125 0.94140625 0.1140625 0.115625
0 0.94765625 0.15078125 0.103125 0.1625
0 0.73046875 0.85703125 0.1203125 0.1328125