0 0.603125 0.796875 0.0671875 0.084375
0 0.71171875 0.9640625 0.05 0.065625
0 0.5765625 0.953125 0.0671875 0.09375
0 0.54296875 0.57265625 0.0921875 0.0921875
0 0.778125 0.91484375 0.0640625 0.071875
0 0.15546875 0.73046875 0.059375 0.059375
0 0.3265625 0.59375 0.0453125 0.046875
0 0.69375 0.07109375 0.059375 0.0609375
0 0.27109375 0.2234375 0.06875 0.084375
0 0.7203125 0.56484375 0.046875 0.075
0 0.3671875 0.92265625 0.0578125 0.0390625
0 0.94375 0.228125 0.0453125 0.0625
0 0.3859375 0.5453125 0.0515625 0.0515625
0 0.61796875 0.48359375 0.05625 0.05625
0 0.3484375 0.88515625 0.0390625 0.0484375
0 0.3515625 0.48359375 0.0453125 0.0421875
0 0.521875 0.08828125 0.0421875 0.0578125
0 0.953125 0.08203125 0.059375 0.0640625
0 0.88359375 0.31171875 0.0484375 0.0546875
0 0.40625 0.18984375 0.034375 0.06875
0 0.56640625 0.0765625 0.0515625 0.0640625
0 0.21015625 0.51328125 0.0375 0.05625
0 0.13515625 0.6265625 0.0453125 0.0515625
0 0.6265625 0.2125 0.0703125 0.0703125
0 0.3875 0.4890625 0.0375 0.0453125
0 0.12421875 0.73359375 0.0546875 0.05625
0 0.73046875 0.19609375 0.0671875 0.0640625
0 0.15234375 0.434375 0.0546875 0.0578125
0 0.77421875 0.3984375 0.0640625 0.0578125
0 0.94765625 0.53359375 0.084375 0.0765625
0 0.4546875 0.1984375 0.0609375 0.065625
0 0.23515625 0.6859375 0.053125 0.0421875
0 0.50390625 0.2734375 0.0796875 0.075
0 0.08671875 0.2890625 0.0640625 0.05625
0 0.89921875 0.078125 0.06875 0.0765625
0 0.03125 0.53671875 0.053125 0.04375
0 0.06875 0.5703125 0.0625 0.0453125
0 0.59375 0.6171875 0.059375 0.059375
0 0.115625 0.6671875 0.0453125 0.040625
0 0.3609375 0.3578125 0.040625 0.0375
0 0.57265625 0.846875 0.059375 0.06875
0 0.828125 0.4046875 0.0453125 0.046875
0 0.0828125 0.8375 0.071875 0.0625
0 0.315625 0.734375 0.0578125 0.05625
0 0.14765625 0.69296875 0.0546875 0.05
0 0.64140625 0.9390625 0.0453125 0.0453125
0 0.159375 0.05859375 0.0640625 0.06875
0 0.16171875 0.26015625 0.040625 0.0296875
0 0.65859375 0.96328125 0.0671875 0.0640625
0 0.709375 0.90234375 0.0640625 0.08125
0 0.28125 0.7734375 0.053125 0.0578125
0 0.44375 0.8359375 0.034375 0.04375
0 0.196875 0.65703125 0.0375 0.0359375
0 0.25703125 0.79609375 0.034375 0.0453125
0 0.7359375 0.096875 0.0625 0.0578125
0 0.81796875 0.953125 0.0578125 0.0546875
0 0.29921875 0.38828125 0.040625 0.04375
0 0.31953125 0.64765625 0.0453125 0.0640625
0 0.17734375 0.92578125 0.071875 0.0546875
0 0.38671875 0.39921875 0.06875 0.0515625
0 0.321875 0.3421875 0.04375 0.0484375
0 0.515625 0.796875 0.0453125 0.04375
0 0.4578125 0.4171875 0.046875 0.065625
0 0.9234375 0.29296875 0.05 0.0453125
0 0.66796875 0.1484375 0.05 0.0640625
0 0.83046875 0.2109375 0.0609375 0.059375
0 0.496875 0.34921875 0.05625 0.059375
0 0.278125 0.3328125 0.05 0.0609375
0 0.03203125 0.2890625 0.0421875 0.0484375
0 0.39296875 0.1 0.1296875 0.1234375
0 0.06953125 0.4796875 0.0453125 0.0484375
0 0.95703125 0.3109375 0.053125 0.0765625
0 0.709375 0.4578125 0.0484375 0.075
0 0.0453125 0.675 0.0484375 0.065625
0 0.38515625 0.78828125 0.053125 0.0484375
0 0.234375 0.74296875 0.0546875 0.0625
0 0.21015625 0.32421875 0.0875 0.0765625
0 0.65546875 0.83671875 0.0609375 0.084375
0 0.48515625 0.84140625 0.059375 0.0609375
0 0.33984375 0.40078125 0.04375 0.0546875
0 0.24609375 0.11796875 0.04375 0.05
0 0.053125 0.4390625 0.0875 0.059375
0 0.62890625 0.8546875 0.0484375 0.0421875
0 0.75703125 0.29765625 0.06875 0.065625
0 0.57734375 0.12265625 0.0609375 0.06875
0 0.1703125 0.546875 0.0953125 0.115625
0 0.1546875 0.22421875 0.0640625 0.05625
0 0.62734375 0.33984375 0.096875 0.0609375
0 0.29609375 0.0859375 0.0484375 0.0546875
0 0.29140625 0.13828125 0.05625 0.0703125
0 0.290625 0.64140625 0.0484375 0.0671875
0 0.83984375 0.296875 0.0453125 0.05625
0 0.2 0.18984375 0.071875 0.0671875
0 0.0796875 0.09453125 0.0546875 0.0796875
0 0.70703125 0.3421875 0.0953125 0.0984375
0 0.578125 0.9015625 0.0515625 0.0609375
0 0.46328125 0.5390625 0.0515625 0.0484375
0 0.11640625 0.25234375 0.046875 0.0484375
0 0.2328125 0.9640625 0.075 0.06875
0 0.8875 0.26953125 0.0484375 0.0484375
0 0.8546875 0.1484375 0.0796875 0.071875
0 0.41328125 0.73515625 0.0453125 0.0546875
0 0.85703125 0.828125 0.1046875 0.11875
0 0.265625 0.46640625 0.05625 0.0515625
0 0.871875 0.54375 0.0796875 0.071875
0 0.36875 0.31640625 0.0609375 0.05625
0 0.4921875 0.40546875 0.03125 0.04375
0 0.06484375 0.38515625 0.05625 0.0578125
0 0.5859375 0.378125 0.0625 0.0625
0 0.9625 0.5953125 0.0734375 0.0703125
0 0.8421875 0.95546875 0.0890625 0.0875
0 0.096875 0.70703125 0.053125 0.05625
0 0.9125 0.16171875 0.0546875 0.046875
0 0.11953125 0.315625 0.0609375 0.0625
0 0.796875 0.36953125 0.059375 0.0453125
0 0.05703125 0.15703125 0.0375 0.040625
0 0.6234375 0.15 0.0515625 0.0546875
0 0.20078125 0.73515625 0.046875 0.046875
0 0.1359375 0.37265625 0.0796875 0.071875
0 0.7859375 0.13359375 0.0640625 0.0640625
0 0.29296875 0.7015625 0.05625 0.053125
0 0.88984375 0.3515625 0.040625 0.046875
0 0.74921875 0.453125 0.071875 0.0625
0 0.85 0.34609375 0.040625 0.0390625
0 0.48671875 0.1 0.0484375 0.0640625
0 0.225 0.37578125 0.05 0.046875
0 0.7515625 0.0328125 0.0578125 0.0359375
0 0.67578125 0.5140625 0.0546875 0.059375
0 0.640625 0.5921875 0.1390625 0.1375
0 0.228125 0.2578125 0.05 0.0546875
0 0.940625 0.68828125 0.115625 0.1203125
0 0.2171875 0.10234375 0.0484375 0.059375
0 0.70546875 0.159375 0.0515625 0.059375
0 0.49375 0.46796875 0.0859375 0.090625
0 0.60546875 0.053125 0.0625 0.0640625
0 0.2109375 0.39921875 0.0515625 0.046875
0 0.81640625 0.46875 0.0828125 0.084375
0 0.4671875 0.8859375 0.0484375 0.0453125
0 0.5390625 0.30703125 0.0703125 0.09375
0 0.46953125 0.6 0.0515625 0.0546875
0 0.7140625 0.81640625 0.0921875 0.103125
0 0.4890625 0.92578125 0.05 0.0671875
0 0.2703125 0.03203125 0.0609375 0.0640625
0 0.8125 0.06953125 0.05625 0.06875
0 0.853125 0.3921875 0.046875 0.0453125
0 0.24296875 0.63671875 0.046875 0.059375
0 0.1140625 0.54296875 0.0421875 0.0484375
0 0.15859375 0.12265625 0.05625 0.0765625
0 0.33046875 0.125 0.0453125 0.05625
0 0.5296875 0.928125 0.04375 0.0484375
0 0.44921875 0.6953125 0.040625 0.0515625
0 0.81015625 0.86015625 0.1203125 0.1015625
0 0.15234375 0.6546875 0.0390625 0.028125
0 0.053125 0.7890625 0.1015625 0.0921875
0 0.6515625 0.4484375 0.0828125 0.0796875
0 0.353125 0.1953125 0.071875 0.084375
0 0.65390625 0.296875 0.0578125 0.046875
0 0.26953125 0.90390625 0.04375 0.053125
0 0.6078125 0.67578125 0.0609375 0.0546875
0 0.79375 0.1875 0.053125 0.0578125
0 0.4625 0.496875 0.0671875 0.0546875
0 0.6265625 0.26171875 0.0421875 0.0515625
0 0.47578125 0.03984375 0.05625 0.0671875
0 0.10859375 0.9 0.090625 0.090625
0 0.93125 0.3359375 0.0578125 0.0640625
0 0.421875 0.61796875 0.0640625 0.0671875
0 0.81484375 0.5703125 0.11875 0.121875
0 0.2203125 0.0390625 0.059375 0.071875
0 0.30625 0.8703125 0.0515625 0.059375
0 0.521875 0.86171875 0.053125 0.0640625
0 0.4203125 0.54296875 0.053125 0.059375
0 0.8 0.23203125 0.0390625 0.04375
0 0.36171875 0.6546875 0.0859375 0.0828125
0 0.5578125 0.1875 0.08125 0.065625
0 0.875 0.75625 0.075 0.078125
0 0.58203125 0.49296875 0.04375 0.04375
0 0.44609375 0.7703125 0.0515625 0.0515625
0 0.1671875 0.88046875 0.0609375 0.0609375
0 0.85 0.0765625 0.040625 0.0578125
0 0.47421875 0.70546875 0.04375 0.075
0 0.5140625 0.74140625 0.0515625 0.0625
0 0.70859375 0.41015625 0.065625 0.05625
0 0.23828125 0.50234375 0.0484375 0.053125
0 0.521875 0.1453125 0.046875 0.05
0 0.9015625 0.21171875 0.06875 0.0796875
0 0.803125 0.29296875 0.046875 0.05625
0 0.434375 0.35546875 0.09375 0.0890625
0 0.0703125 0.3390625 0.0703125 0.059375
0 0.58125 0.29296875 0.053125 0.0484375
0 0.37109375 0.73046875 0.0515625 0.0546875
0 0.09453125 0.51796875 0.0375 0.0421875
0 0.246875 0.83203125 0.05 0.0703125
0 0.47734375 0.1765625 0.065625 0.0796875