0 0.56953125 0.08984375 0.2890625 0.1796875
0 0.89609375 0.92109375 0.20625 0.15625
0 0.41640625 0.909375 0.228125 0.1796875
0 0.3296875 0.34921875 0.15625 0.13125
0 0.171875 0.0953125 0.2140625 0.1546875
0 0.103125 0.44765625 0.20625 0.190625
0 0.05703125 0.79140625 0.1140625 0.2078125
0 0.53203125 0.2 0.2234375 0.165625
0 0.9453125 0.44921875 0.109375 0.1203125
0 0.83359375 0.353125 0.1109375 0.1328125
0 0.6515625 0.7109375 0.2046875 0.190625
0 0.325 0.19375 0.215625 0.2046875
0 0.3046875 0.60859375 0.34375 0.3203125
0 0.40546875 0.46640625 0.2 0.2046875
0 0.7640625 0.815625 0.1375 0.1453125
0 0.8234375 0.2140625 0.2390625 0.2109375
0 0.22578125 0.9 0.2484375 0.1984375
0 0.73828125 0.590625 0.1265625 0.1171875
0 0.546875 0.5828125 0.1578125 0.1609375
0 0.7078125 0.44296875 0.209375 0.2046875
0 0.66328125 0.915625 0.29375 0.165625
0 0.86171875 0.49296875 0.1078125 0.1328125