0 0.11640625 0.578125 0.2328125 0.2828125
0 0.625 0.0484375 0.06875 0.059375
0 0.871875 0.90703125 0.253125 0.1828125
0 0.55703125 0.06484375 0.10625 0.1296875
0 0.78125 0.4625 0.3140625 0.3296875
0 0.84765625 0.259375 0.2578125 0.259375
0 0.64921875 0.928125 0.184375 0.14375
0 0.4390625 0.41171875 0.2046875 0.2875
0 0.090625 0.884375 0.18125 0.228125
0 0.9515625 0.18046875 0.09375 0.1578125
0 0.6640625 0.16328125 0.1921875 0.234375
0 0.175 0.25234375 0.2671875 0.315625
0 0.5796875 0.475 0.153125 0.2515625
0 0.740625 0.7734375 0.2703125 0.2625
0 0.2296875 0.8125 0.225 0.215625
0 0.30703125 0.5359375 0.2484375 0.2703125
0 0.9234375 0.73046875 0.15 0.25
0 0.4359375 0.896875 0.265625 0.2046875