0 0.340625 0.76171875 0.15 0.1
0 0.13671875 0.10625 0.2734375 0.2125
0 0.93359375 0.50390625 0.0984375 0.140625
0 0.4609375 0.234375 0.18125 0.1984375
0 0.82578125 0.8546875 0.2390625 0.2890625
0 0.11015625 0.8 0.115625 0.1
0 0.6859375 0.8953125 0.159375 0.1859375
0 0.30546875 0.28203125 0.19375 0.2171875
0 0.0984375 0.71796875 0.0859375 0.084375
0 0.51484375 0.78046875 0.16875 0.1546875
0 0.83359375 0.54375 0.190625 0.2296875
0 0.9140625 0.365625 0.1640625 0.1546875
0 0.309375 0.6484375 0.1359375 0.1671875
0 0.28203125 0.8296875 0.1546875 0.0984375
0 0.46875 0.93203125 0.2359375 0.13125
0 0.45859375 0.23515625 0.1703125 0.1921875
0 0.72109375 0.19453125 0.3421875 0.325
0 0.4671875 0.64453125 0.20625 0.2328125
0 0.11640625 0.60390625 0.1578125 0.16875
0 0.2203125 0.49375 0.203125 0.228125
0 0.20234375 0.734375 0.128125 0.1515625
0 0.43359375 0.446875 0.246875 0.2390625
0 0.74375 0.5 0.271875 0.30625
0 0.60390625 0.8390625 0.11875 0.125
0 0.08046875 0.35 0.1609375 0.271875
0 0.1046875 0.928125 0.15625 0.140625
0 0.578125 0.37578125 0.15625 0.203125
0 0.90625 0.21015625 0.0921875 0.13125
0 0.4078125 0.884375 0.2078125 0.228125
0 0.259375 0.9390625 0.103125 0.090625
0 0.90390625 0.74921875 0.1921875 0.20625