0 0.228125 0.2875 0.125 0.084375
0 0.36875 0.74375 0.10625 0.10625
0 0.690625 0.10859375 0.1125 0.115625
0 0.89453125 0.89609375 0.1421875 0.146875
0 0.58828125 0.11640625 0.075 0.075
0 0.26015625 0.42890625 0.0796875 0.0828125
0 0.9578125 0.084375 0.084375 0.0828125
0 0.5046875 0.28515625 0.121875 0.103125
0 0.575 0.61171875 0.0953125 0.059375
0 0.475 0.55546875 0.115625 0.10625
0 0.5625 0.06640625 0.0703125 0.071875
0 0.13984375 0.271875 0.0890625 0.071875
0 0.07734375 0.115625 0.109375 0.0796875
0 0.0796875 0.04609375 0.078125 0.0765625
0 0.6109375 0.34765625 0.09375 0.1
0 0.06171875 0.74375 0.1234375 0.125
0 0.19765625 0.14296875 0.096875 0.084375
0 0.49375 0.096875 0.1140625 0.1125
0 0.59140625 0.68203125 0.1234375 0.1109375
0 0.571875 0.41328125 0.059375 0.0671875
0 0.74453125 0.34765625 0.084375 0.0765625
0 0.365625 0.57734375 0.084375 0.09375
0 0.6578125 0.4125 0.090625 0.0796875
0 0.7984375 0.8953125 0.1015625 0.115625
0 0.64765625 0.5890625 0.0859375 0.0875
0 0.2484375 0.3578125 0.0875 0.0765625
0 0.6515625 0.1828125 0.0890625 0.1046875
0 0.76171875 0.640625 0.1421875 0.146875
0 0.0625 0.8484375 0.084375 0.0765625
0 0.6 0.4515625 0.0609375 0.0703125
0 0.64296875 0.4734375 0.0671875 0.0703125
0 0.48671875 0.190625 0.0765625 0.0953125
0 0.81328125 0.08671875 0.0921875 0.1
0 0.42265625 0.34375 0.078125 0.1265625
0 0.12734375 0.803125 0.084375 0.0765625
0 0.40703125 0.09375 0.0859375 0.1171875
0 0.1171875 0.503125 0.0984375 0.1
0 0.95234375 0.40078125 0.0921875 0.084375
0 0.046875 0.41171875 0.078125 0.0984375
0 0.29140625 0.490625 0.06875 0.0734375
0 0.2328125 0.653125 0.0671875 0.071875
0 0.87890625 0.39609375 0.109375 0.0875
0 0.81875 0.33515625 0.0734375 0.09375
0 0.50546875 0.3765625 0.1265625 0.1171875
0 0.82890625 0.80546875 0.115625 0.103125
0 0.203125 0.5328125 0.0890625 0.075
0 0.37265625 0.9109375 0.0796875 0.103125
0 0.109375 0.8765625 0.0953125 0.0828125
0 0.10859375 0.3078125 0.05625 0.053125
0 0.3140625 0.959375 0.0546875 0.0796875
0 0.47109375 0.82109375 0.071875 0.0796875
0 0.94375 0.5546875 0.1078125 0.0859375
0 0.34140625 0.66015625 0.0828125 0.0890625
0 0.75390625 0.25390625 0.121875 0.1234375
0 0.134375 0.1859375 0.0984375 0.09375
0 0.56875 0.5671875 0.075 0.0515625
0 0.86640625 0.1234375 0.134375 0.084375
0 0.9140625 0.609375 0.0984375 0.0859375
0 0.246875 0.75390625 0.0921875 0.0953125
0 0.55859375 0.5078125 0.0828125 0.0796875
0 0.15 0.703125 0.0828125 0.0734375
0 0.18125 0.86015625 0.059375 0.0640625
0 0.2 0.46328125 0.134375 0.10625
0 0.81328125 0.1828125 0.084375 0.078125
0 0.6140625 0.9140625 0.0796875 0.0875
0 0.28203125 0.85234375 0.1265625 0.1578125
0 0.7265625 0.03984375 0.0890625 0.0703125
0 0.2359375 0.92265625 0.10625 0.1
0 0.14296875 0.95625 0.1015625 0.0859375
0 0.05 0.1734375 0.1 0.0921875
0 0.7359375 0.75546875 0.1640625 0.1375
0 0.0875 0.25546875 0.06875 0.06875
0 0.88671875 0.31640625 0.121875 0.1
0 0.63125 0.04765625 0.090625 0.0953125
0 0.59375 0.95859375 0.0828125 0.08125
0 0.421875 0.59921875 0.071875 0.075
0 0.03515625 0.80078125 0.0609375 0.0515625
0 0.80546875 0.5625 0.1890625 0.19375
0 0.92890625 0.1875 0.0796875 0.0796875
0 0.49921875 0.64609375 0.0625 0.09375
0 0.9546875 0.68125 0.090625 0.128125
0 0.684375 0.5375 0.084375 0.078125
0 0.4453125 0.6625 0.071875 0.0796875
0 0.440625 0.88046875 0.0703125 0.0984375
0 0.565625 0.2015625 0.096875 0.10625
0 0.15546875 0.059375 0.096875 0.1171875
0 0.0703125 0.34140625 0.0546875 0.059375
0 0.6984375 0.8609375 0.1578125 0.1640625
0 0.30703125 0.3671875 0.053125 0.0625
0 0.1265625 0.5875 0.134375 0.1140625
0 0.49453125 0.7578125 0.053125 0.0484375
0 0.665625 0.9546875 0.0703125 0.0890625
0 0.33671875 0.1125 0.084375 0.096875
0 0.51015625 0.709375 0.078125 0.0703125
0 0.33671875 0.2765625 0.1140625 0.1203125
0 0.8484375 0.24296875 0.078125 0.084375
0 0.8546875 0.7125 0.0984375 0.10625
0 0.51875 0.8953125 0.09375 0.0953125
0 0.46484375 0.4671875 0.1078125 0.096875
0 0.4734375 0.04296875 0.0671875 0.0515625
0 0.115625 0.41171875 0.0953125 0.0859375
0 0.16484375 0.33125 0.0828125 0.06875
0 0.0734375 0.9171875 0.084375 0.071875
0 0.34609375 0.43203125 0.1125 0.1140625
0 0.1765625 0.7578125 0.071875 0.071875
0 0.4390625 0.7515625 0.0953125 0.115625
0 0.25859375 0.20703125 0.1390625 0.1015625
0 0.91015625 0.2578125 0.059375 0.059375
0 0.0453125 0.49765625 0.090625 0.0859375
0 0.203125 0.3859375 0.0734375 0.0734375
0 0.1125 0.35 0.05 0.046875