0 0.39140625 0.60703125 0.121875 0.1046875
0 0.1515625 0.2109375 0.15 0.1640625
0 0.0765625 0.06484375 0.153125 0.1296875
0 0.290625 0.39921875 0.2 0.1515625
0 0.1921875 0.81328125 0.0640625 0.0796875
0 0.109375 0.93046875 0.1859375 0.1359375
0 0.2234375 0.71875 0.1 0.0875
0 0.775 0.940625 0.115625 0.115625
0 0.1984375 0.13046875 0.1390625 0.14375
0 0.05546875 0.2390625 0.1046875 0.134375
0 0.8453125 0.84609375 0.1203125 0.1421875
0 0.14453125 0.30234375 0.1453125 0.128125
0 0.428125 0.5140625 0.1515625 0.11875
0 0.25625 0.58359375 0.0921875 0.084375
0 0.2625 0.940625 0.196875 0.115625
0 0.4234375 0.94453125 0.190625 0.109375
0 0.06953125 0.80703125 0.1390625 0.1078125
0 0.40078125 0.4359375 0.1859375 0.146875
0 0.321875 0.28046875 0.265625 0.2015625
0 0.3125 0.53125 0.09375 0.06875
0 0.1953125 0.46875 0.1171875 0.1046875
0 0.09296875 0.4140625 0.1140625 0.1390625
0 0.33984375 0.7171875 0.1234375 0.15