0 0.7203125 0.115625 0.16875 0.1171875
0 0.75234375 0.8328125 0.159375 0.221875
0 0.66640625 0.45625 0.153125 0.1640625
0 0.8265625 0.515625 0.121875 0.1265625
0 0.615625 0.64296875 0.2484375 0.2203125
0 0.93203125 0.28828125 0.134375 0.175
0 0.92421875 0.065625 0.1515625 0.13125
0 0.17890625 0.26640625 0.3578125 0.2859375
0 0.74140625 0.56875 0.134375 0.140625
0 0.696875 0.296875 0.24375 0.246875
0 0.62265625 0.83984375 0.1734375 0.209375
0 0.91640625 0.6015625 0.1640625 0.1609375
0 0.93203125 0.41796875 0.134375 0.1421875
0 0.81171875 0.38515625 0.121875 0.1515625
0 0.83984375 0.2015625 0.11875 0.15625
0 0.8984375 0.875 0.2 0.246875
0 0.8390625 0.7421875 0.1859375 0.2
0 0.825 0.05234375 0.1109375 0.1046875
0 0.16640625 0.5875 0.3328125 0.434375