0 0.6125 0.165625 0.175 0.1765625
0 0.78515625 0.14140625 0.146875 0.159375
0 0.35390625 0.2375 0.0953125 0.0828125
0 0.5046875 0.109375 0.1171875 0.125
0 0.28984375 0.940625 0.1 0.1
0 0.17578125 0.946875 0.0625 0.0734375
0 0.7171875 0.58046875 0.121875 0.103125
0 0.484375 0.7171875 0.0796875 0.1140625
0 0.93359375 0.659375 0.11875 0.13125
0 0.9359375 0.5328125 0.08125 0.10625
0 0.2 0.696875 0.1234375 0.125
0 0.23515625 0.8515625 0.13125 0.125
0 0.15078125 0.5578125 0.1203125 0.1171875
0 0.3578125 0.9609375 0.08125 0.075
0 0.88046875 0.73984375 0.128125 0.125
0 0.91875 0.10546875 0.11875 0.1046875
0 0.071875 0.2015625 0.14375 0.1828125
0 0.6171875 0.8265625 0.109375 0.11875
0 0.565625 0.33203125 0.115625 0.0875
0 0.81171875 0.3828125 0.115625 0.13125
0 0.85859375 0.640625 0.05625 0.0828125
0 0.6140625 0.63828125 0.1140625 0.0875
0 0.28671875 0.24765625 0.1234375 0.1859375
0 0.12734375 0.05078125 0.1453125 0.1015625
0 0.7671875 0.86484375 0.075 0.0875
0 0.27421875 0.55859375 0.134375 0.09375
0 0.70078125 0.7828125 0.0890625 0.1046875
0 0.55234375 0.6984375 0.0828125 0.090625
0 0.7078125 0.071875 0.0609375 0.103125
0 0.95234375 0.8515625 0.0640625 0.0609375
0 0.94140625 0.80078125 0.0796875 0.071875
0 0.8296875 0.06640625 0.1015625 0.084375
0 0.4140625 0.7234375 0.1 0.1328125
0 0.3734375 0.35234375 0.075 0.0828125
0 0.053125 0.7 0.10625 0.0796875
0 0.45703125 0.03984375 0.0921875 0.0796875
0 0.06640625 0.4046875 0.1328125 0.165625
0 0.18671875 0.25 0.09375 0.0859375
0 0.45546875 0.27109375 0.06875 0.0828125
0 0.359375 0.0375 0.090625 0.075
0 0.509375 0.7984375 0.0859375 0.1046875
0 0.521875 0.89453125 0.090625 0.1296875
0 0.3453125 0.13203125 0.1421875 0.134375
0 0.7359375 0.73046875 0.1078125 0.1
0 0.69921875 0.659375 0.0796875 0.071875
0 0.59140625 0.9125 0.0921875 0.1015625
0 0.8296875 0.3265625 0.190625 0.1421875
0 0.74765625 0.46328125 0.128125 0.09375
0 0.78828125 0.80703125 0.065625 0.0796875
0 0.884375 0.8734375 0.096875 0.1296875
0 0.07109375 0.62265625 0.1421875 0.1
0 0.91796875 0.14765625 0.1171875 0.0671875
0 0.446875 0.55078125 0.1453125 0.13125
0 0.46171875 0.8921875 0.090625 0.1578125
0 0.7875 0.9609375 0.0984375 0.0765625
0 0.49375 0.41875 0.134375 0.1703125
0 0.85078125 0.54296875 0.1125 0.1265625
0 0.125 0.8578125 0.1109375 0.10625
0 0.65078125 0.0765625 0.0875 0.10625
0 0.0625 0.5234375 0.125 0.1109375
0 0.92109375 0.23125 0.1421875 0.1546875
0 0.21953125 0.959375 0.0765625 0.0796875
0 0.69609375 0.228125 0.115625 0.140625
0 0.2421875 0.0546875 0.1296875 0.109375
0 0.69921875 0.915625 0.11875 0.1609375
0 0.6328125 0.965625 0.0875 0.06875
0 0.15859375 0.14609375 0.1453125 0.1171875
0 0.96640625 0.75625 0.065625 0.0859375
0 0.76640625 0.5296875 0.08125 0.0828125
0 0.571875 0.41328125 0.0984375 0.109375
0 0.834375 0.83984375 0.0796875 0.078125
0 0.6171875 0.728125 0.071875 0.096875
0 0.28125 0.634375 0.1140625 0.0921875
0 0.109375 0.771875 0.1546875 0.1265625
0 0.04765625 0.9265625 0.0953125 0.146875
0 0.39765625 0.30625 0.0984375 0.1109375
0 0.9140625 0.0296875 0.1203125 0.059375
0 0.6078125 0.5578125 0.10625 0.0859375
0 0.7984375 0.64296875 0.0890625 0.090625
0 0.9015625 0.96484375 0.103125 0.0703125