0 0.50859375 0.65 0.0671875 0.0671875
0 0.1375 0.57734375 0.0921875 0.078125
0 0.5421875 0.221875 0.0703125 0.0609375
0 0.8359375 0.290625 0.0453125 0.0453125
0 0.8796875 0.65625 0.1390625 0.11875
0 0.89765625 0.13671875 0.1171875 0.1234375
0 0.28984375 0.55 0.071875 0.078125
0 0.8125 0.1578125 0.075 0.06875
0 0.18203125 0.1203125 0.0765625 0.0796875
0 0.20390625 0.44375 0.084375 0.0859375
0 0.4875 0.82890625 0.06875 0.075
0 0.1921875 0.92578125 0.0765625 0.0765625
0 0.084375 0.48671875 0.06875 0.053125
0 0.78046875 0.45859375 0.0953125 0.0640625
0 0.3078125 0.48046875 0.084375 0.0828125
0 0.68671875 0.5125 0.090625 0.08125
0 0.86796875 0.5125 0.1 0.090625
0 0.35703125 0.39765625 0.0671875 0.075
0 0.65703125 0.55859375 0.059375 0.0609375
0 0.42734375 0.90078125 0.103125 0.0796875
0 0.21328125 0.20390625 0.0984375 0.0765625
0 0.37578125 0.17578125 0.059375 0.0765625
0 0.11875 0.43984375 0.0625 0.059375
0 0.9375 0.83515625 0.1 0.10625
0 0.55625 0.040625 0.046875 0.046875
0 0.9296875 0.928125 0.0984375 0.109375
0 0.653125 0.16796875 0.1203125 0.121875
0 0.6890625 0.853125 0.0875 0.1140625
0 0.753125 0.5765625 0.0546875 0.059375
0 0.146875 0.33046875 0.040625 0.046875
0 0.6640625 0.70234375 0.078125 0.084375
0 0.8171875 0.103125 0.103125 0.0828125
0 0.74375 0.30625 0.0671875 0.0625
0 0.5359375 0.13203125 0.0625 0.071875
0 0.1765625 0.05625 0.05625 0.059375
0 0.15390625 0.790625 0.078125 0.0796875
0 0.5640625 0.7359375 0.084375 0.0875
0 0.08984375 0.065625 0.0734375 0.078125
0 0.4265625 0.94921875 0.0828125 0.0828125
0 0.7734375 0.95078125 0.0828125 0.0953125
0 0.93125 0.46796875 0.09375 0.0921875
0 0.6859375 0.31875 0.0765625 0.0875
0 0.22734375 0.10546875 0.0671875 0.0765625
0 0.05703125 0.78984375 0.0515625 0.0578125
0 0.26484375 0.83828125 0.0703125 0.0875
0 0.6875 0.38046875 0.0890625 0.0765625
0 0.90703125 0.3671875 0.1109375 0.103125
0 0.12265625 0.73515625 0.090625 0.0765625
0 0.596875 0.415625 0.0671875 0.06875
0 0.73203125 0.759375 0.078125 0.090625
0 0.7953125 0.3125 0.0734375 0.0703125
0 0.6109375 0.61640625 0.059375 0.053125
0 0.93359375 0.58984375 0.13125 0.109375
0 0.59375 0.5484375 0.0734375 0.071875
0 0.025 0.428125 0.05 0.0578125
0 0.81796875 0.35859375 0.08125 0.0984375
0 0.6140625 0.48515625 0.1 0.0921875
0 0.44921875 0.82109375 0.0609375 0.0703125
0 0.51328125 0.39453125 0.0625 0.05625
0 0.20234375 0.8640625 0.096875 0.0875
0 0.93515625 0.26015625 0.075 0.11875
0 0.8671875 0.2546875 0.0828125 0.0875
0 0.33828125 0.3375 0.096875 0.0875
0 0.646875 0.09140625 0.0890625 0.10625
0 0.4921875 0.153125 0.071875 0.084375
0 0.85859375 0.43359375 0.078125 0.06875
0 0.6125 0.23046875 0.075 0.075
0 0.60078125 0.046875 0.075 0.0859375
0 0.16796875 0.2640625 0.0578125 0.04375
0 0.3578125 0.6015625 0.0515625 0.05625
0 0.76171875 0.2375 0.090625 0.09375
0 0.2765625 0.75 0.0875 0.0828125
0 0.42109375 0.3 0.078125 0.0625
0 0.321875 0.24921875 0.0875 0.0890625
0 0.42890625 0.634375 0.084375 0.071875
0 0.06484375 0.5171875 0.084375 0.046875
0 0.765625 0.50234375 0.0609375 0.0703125
0 0.3953125 0.80234375 0.071875 0.0671875
0 0.4921875 0.27109375 0.103125 0.103125
0 0.47578125 0.60703125 0.0703125 0.0671875
0 0.6234375 0.3109375 0.084375 0.1046875
0 0.34140625 0.69609375 0.0625 0.059375
0 0.796875 0.05390625 0.084375 0.09375
0 0.14140625 0.13046875 0.0796875 0.090625
0 0.71015625 0.93125 0.0671875 0.0875
0 0.6171875 0.3734375 0.071875 0.071875
0 0.521875 0.4453125 0.0671875 0.0609375
0 0.2921875 0.928125 0.128125 0.140625
0 0.46328125 0.44453125 0.06875 0.065625
0 0.70234375 0.57578125 0.0671875 0.078125
0 0.246875 0.25625 0.0921875 0.0640625
0 0.48359375 0.5421875 0.0921875 0.078125
0 0.85625 0.84140625 0.0828125 0.0984375
0 0.1078125 0.2671875 0.059375 0.053125
0 0.19921875 0.35703125 0.0828125 0.078125
0 0.2265625 0.77578125 0.071875 0.0859375
0 0.88984375 0.04140625 0.0921875 0.071875
0 0.40078125 0.1390625 0.0671875 0.0796875
0 0.7484375 0.82734375 0.075 0.0578125
0 0.48359375 0.7578125 0.0859375 0.0953125
0 0.72734375 0.153125 0.0875 0.1265625
0 0.09140625 0.1515625 0.0703125 0.06875
0 0.07109375 0.3671875 0.0609375 0.0640625
0 0.4125 0.6765625 0.0953125 0.090625
0 0.084375 0.8375 0.084375 0.0640625
0 0.06953125 0.41796875 0.05 0.046875
0 0.38515625 0.0484375 0.071875 0.0953125
0 0.4 0.734375 0.078125 0.06875
0 0.1625 0.66171875 0.0734375 0.084375
0 0.53359375 0.07421875 0.0796875 0.0796875
0 0.59609375 0.6890625 0.0953125 0.0875
0 0.2796875 0.4140625 0.1078125 0.0890625
0 0.521875 0.3484375 0.065625 0.0609375
0 0.44765625 0.14765625 0.05625 0.0953125
0 0.7515625 0.615625 0.0453125 0.0375
0 0.9359375 0.18125 0.0734375 0.0796875
0 0.140625 0.228125 0.053125 0.04375
0 0.39765625 0.396875 0.040625 0.0546875
0 0.2453125 0.32578125 0.0890625 0.0921875
0 0.465625 0.3703125 0.0703125 0.0578125
0 0.546875 0.5140625 0.0703125 0.071875
0 0.80859375 0.803125 0.0625 0.071875
0 0.21875 0.52109375 0.090625 0.08125
0 0.453125 0.04453125 0.078125 0.0875
0 0.82578125 0.21796875 0.0921875 0.084375
0 0.67890625 0.26484375 0.0640625 0.0515625
0 0.68828125 0.44921875 0.06875 0.0640625
0 0.55859375 0.2953125 0.08125 0.1078125
0 0.33125 0.04453125 0.0703125 0.078125
0 0.81015625 0.515625 0.059375 0.0703125
0 0.69140625 0.6609375 0.1109375 0.11875
0 0.50703125 0.9515625 0.06875 0.09375