0 0.75 0.78125 0.1421875 0.1546875
0 0.88125 0.2140625 0.2359375 0.25
0 0.634375 0.8859375 0.3796875 0.225
0 0.4109375 0.85390625 0.196875 0.23125
0 0.56328125 0.53203125 0.1671875 0.20625
0 0.740625 0.40703125 0.2046875 0.2078125
0 0.2125 0.809375 0.2484375 0.225
0 0.0984375 0.2625 0.196875 0.2359375
0 0.17109375 0.3359375 0.1703125 0.18125
0 0.36875 0.2578125 0.115625 0.128125
0 0.44375 0.3828125 0.1890625 0.203125
0 0.60546875 0.1328125 0.1984375 0.184375
0 0.3109375 0.51484375 0.325 0.33125
0 0.75390625 0.55625 0.1296875 0.121875
0 0.88671875 0.921875 0.2234375 0.153125
0 0.6640625 0.0765625 0.2890625 0.153125
0 0.8890625 0.45703125 0.109375 0.128125
0 0.88046875 0.3359375 0.1265625 0.14375
0 0.40859375 0.1125 0.2125 0.225
0 0.6578125 0.65703125 0.20625 0.171875