0 0.87734375 0.58359375 0.0953125 0.0765625
0 0.38671875 0.446875 0.0875 0.0953125
0 0.21875 0.0375 0.075 0.075
0 0.28515625 0.04375 0.05625 0.0796875
0 0.78671875 0.1421875 0.0984375 0.10625
0 0.4515625 0.9078125 0.0734375 0.08125
0 0.20234375 0.2578125 0.05625 0.0703125
0 0.096875 0.12265625 0.06875 0.0640625
0 0.1125 0.08203125 0.0671875 0.071875
0 0.453125 0.19609375 0.075 0.090625
0 0.18828125 0.115625 0.053125 0.075
0 0.784375 0.46484375 0.078125 0.0828125
0 0.24921875 0.11484375 0.06875 0.0890625
0 0.803125 0.653125 0.121875 0.1375
0 0.19375 0.52109375 0.0953125 0.0984375
0 0.721875 0.4125 0.0734375 0.0984375
0 0.765625 0.53203125 0.1 0.090625
0 0.49140625 0.2796875 0.0796875 0.0921875
0 0.2953125 0.928125 0.0796875 0.078125
0 0.24921875 0.70390625 0.078125 0.078125
0 0.59453125 0.946875 0.0875 0.103125
0 0.4078125 0.1640625 0.0875 0.09375
0 0.4921875 0.809375 0.084375 0.1
0 0.29765625 0.1734375 0.096875 0.075
0 0.47265625 0.07734375 0.0765625 0.1125
0 0.778125 0.26171875 0.109375 0.1078125
0 0.62890625 0.434375 0.0578125 0.053125
0 0.5640625 0.69765625 0.0515625 0.05
0 0.4828125 0.3984375 0.0625 0.0765625
0 0.36328125 0.81875 0.0921875 0.0921875
0 0.71484375 0.0484375 0.0953125 0.096875
0 0.5140625 0.1875 0.0640625 0.0796875
0 0.31640625 0.47265625 0.0734375 0.0953125
0 0.83828125 0.8734375 0.140625 0.128125
0 0.8046875 0.740625 0.0796875 0.0796875
0 0.39609375 0.8671875 0.071875 0.090625
0 0.20859375 0.359375 0.078125 0.0859375
0 0.615625 0.234375 0.084375 0.0671875
0 0.92421875 0.04765625 0.1140625 0.0953125
0 0.62265625 0.28984375 0.0703125 0.0671875
0 0.4421875 0.3890625 0.0546875 0.0765625
0 0.540625 0.60234375 0.0796875 0.0828125
0 0.38671875 0.5390625 0.0765625 0.0640625
0 0.3953125 0.334375 0.078125 0.06875
0 0.85234375 0.30546875 0.0875 0.078125
0 0.70078125 0.540625 0.0859375 0.084375
0 0.1609375 0.7234375 0.06875 0.065625
0 0.08125 0.6203125 0.0640625 0.0671875
0 0.8984375 0.4765625 0.0796875 0.0640625
0 0.6125 0.71640625 0.078125 0.0734375
0 0.78984375 0.3703125 0.0703125 0.0640625
0 0.61796875 0.88046875 0.0796875 0.075
0 0.7875 0.05546875 0.078125 0.06875
0 0.17421875 0.61328125 0.05 0.053125
0 0.24453125 0.884375 0.0625 0.0609375
0 0.16015625 0.04921875 0.06875 0.084375
0 0.94296875 0.40078125 0.08125 0.0640625
0 0.07265625 0.73828125 0.078125 0.05625
0 0.41953125 0.72578125 0.08125 0.0953125
0 0.26484375 0.50625 0.0609375 0.078125
0 0.3890625 0.103125 0.08125 0.0640625
0 0.30625 0.30625 0.0609375 0.0625
0 0.4921875 0.53828125 0.084375 0.0828125
0 0.478125 0.63828125 0.08125 0.109375
0 0.07421875 0.53125 0.06875 0.05625
0 0.93984375 0.66640625 0.1109375 0.0875
0 0.65 0.76171875 0.071875 0.0765625
0 0.31875 0.10625 0.0859375 0.0953125
0 0.30546875 0.8453125 0.0734375 0.0734375
0 0.9375 0.78828125 0.0953125 0.109375
0 0.7453125 0.64453125 0.0703125 0.0734375
0 0.1234375 0.946875 0.0828125 0.078125
0 0.37109375 0.71171875 0.0625 0.0578125
0 0.553125 0.428125 0.059375 0.059375
0 0.88203125 0.70859375 0.0671875 0.075
0 0.65234375 0.64453125 0.06875 0.0765625
0 0.5765625 0.48671875 0.096875 0.1015625
0 0.875 0.18984375 0.1203125 0.1265625
0 0.6703125 0.3953125 0.0796875 0.0859375
0 0.32734375 0.34765625 0.0640625 0.0640625
0 0.5125 0.46875 0.05625 0.059375
0 0.040625 0.609375 0.0640625 0.0578125
0 0.14921875 0.11640625 0.05625 0.0765625
0 0.1609375 0.41171875 0.0734375 0.0609375
0 0.34765625 0.59453125 0.0546875 0.05625
0 0.56484375 0.75390625 0.0703125 0.0640625
0 0.3765625 0.628125 0.0625 0.06875
0 0.865625 0.52578125 0.1 0.090625
0 0.7078125 0.19296875 0.09375 0.125
0 0.24140625 0.2078125 0.078125 0.08125
0 0.715625 0.68359375 0.0828125 0.0859375
0 0.7328125 0.22734375 0.059375 0.0640625
0 0.0875 0.2796875 0.0734375 0.0640625
0 0.2421875 0.80859375 0.046875 0.053125
0 0.165625 0.234375 0.05 0.0484375
0 0.9359375 0.1421875 0.1 0.128125
0 0.0875 0.2234375 0.0453125 0.071875
0 0.54609375 0.24609375 0.08125 0.0890625
0 0.37890625 0.0546875 0.0734375 0.0640625
0 0.80078125 0.81171875 0.103125 0.0796875
0 0.8390625 0.4234375 0.1140625 0.0875
0 0.31875 0.7046875 0.071875 0.0828125
0 0.6109375 0.375 0.0921875 0.078125
0 0.5328125 0.31953125 0.075 0.075
0 0.85078125 0.36875 0.0875 0.0796875
0 0.590625 0.546875 0.0796875 0.075
0 0.67734375 0.953125 0.075 0.0765625
0 0.515625 0.91796875 0.0953125 0.1296875
0 0.946875 0.89609375 0.103125 0.11875
0 0.646875 0.5 0.0640625 0.0640625
0 0.4171875 0.27109375 0.103125 0.1078125
0 0.84765625 0.11328125 0.0625 0.0671875
0 0.12265625 0.44609375 0.078125 0.0625
0 0.9125 0.309375 0.0921875 0.0953125
0 0.609375 0.60546875 0.090625 0.084375
0 0.528125 0.65859375 0.0515625 0.0484375
0 0.73671875 0.7484375 0.075 0.0765625
0 0.6421875 0.14296875 0.109375 0.1296875