0 0.075 0.828125 0.15 0.2390625
0 0.85234375 0.915625 0.2484375 0.1671875
0 0.6859375 0.39453125 0.278125 0.3046875
0 0.73515625 0.07890625 0.2921875 0.1578125
0 0.075 0.5609375 0.15 0.2375
0 0.08828125 0.303125 0.1765625 0.28125
0 0.625 0.9125 0.321875 0.171875
0 0.8546875 0.653125 0.2296875 0.234375
0 0.27890625 0.47734375 0.2671875 0.225
0 0.159375 0.89453125 0.2 0.196875
0 0.3703125 0.1109375 0.2546875 0.221875
0 0.54921875 0.6234375 0.30625 0.296875
0 0.4109375 0.93125 0.2203125 0.134375
0 0.68046875 0.765625 0.2765625 0.2625
0 0.87890625 0.359375 0.2421875 0.3671875
0 0.5 0.31640625 0.3171875 0.378125
0 0.27421875 0.70078125 0.2796875 0.271875