0 0.846875 0.5796875 0.0921875 0.071875
0 0.446875 0.44921875 0.0640625 0.05
0 0.6578125 0.87890625 0.10625 0.1203125
0 0.021875 0.92734375 0.04375 0.059375
0 0.8046875 0.63671875 0.06875 0.0703125
0 0.22265625 0.765625 0.0609375 0.05
0 0.3046875 0.1 0.0875 0.1
0 0.784375 0.253125 0.065625 0.0578125
0 0.825 0.4859375 0.075 0.0921875
0 0.91328125 0.3421875 0.078125 0.071875
0 0.1359375 0.73984375 0.0515625 0.0578125
0 0.26171875 0.71171875 0.090625 0.0984375
0 0.7765625 0.04921875 0.1109375 0.0984375
0 0.93203125 0.578125 0.0921875 0.075
0 0.2296875 0.4609375 0.0765625 0.0671875
0 0.515625 0.5671875 0.0546875 0.053125
0 0.475 0.246875 0.0640625 0.084375
0 0.44140625 0.334375 0.05 0.053125
0 0.7390625 0.12109375 0.0828125 0.075
0 0.61328125 0.690625 0.0734375 0.084375
0 0.89453125 0.2828125 0.0875 0.0796875
0 0.38359375 0.54921875 0.078125 0.0953125
0 0.2984375 0.38125 0.103125 0.0921875
0 0.5375 0.21640625 0.071875 0.06875
0 0.70078125 0.2609375 0.075 0.0734375
0 0.28828125 0.15234375 0.06875 0.0875
0 0.49765625 0.928125 0.0625 0.0859375
0 0.0359375 0.81640625 0.071875 0.1015625
0 0.55078125 0.90234375 0.1078125 0.128125
0 0.72734375 0.80859375 0.071875 0.06875
0 0.23828125 0.9140625 0.090625 0.0859375
0 0.40625 0.6984375 0.0640625 0.06875
0 0.646875 0.61953125 0.09375 0.0890625
0 0.23828125 0.671875 0.05625 0.0546875
0 0.8953125 0.1015625 0.1 0.0875
0 0.7578125 0.17734375 0.075 0.0859375
0 0.58671875 0.12890625 0.1 0.0875
0 0.51640625 0.68671875 0.059375 0.0578125
0 0.45234375 0.58359375 0.0625 0.04375
0 0.31015625 0.8984375 0.0640625 0.0640625
0 0.76640625 0.34921875 0.078125 0.0703125
0 0.9609375 0.75 0.0765625 0.078125
0 0.67890625 0.2125 0.0984375 0.0859375
0 0.48828125 0.33203125 0.06875 0.075
0 0.6421875 0.76484375 0.059375 0.078125
0 0.81796875 0.16953125 0.0953125 0.1015625
0 0.525 0.17578125 0.0546875 0.053125
0 0.2515625 0.23828125 0.0625 0.075
0 0.25703125 0.53125 0.0703125 0.0640625
0 0.2203125 0.5953125 0.0671875 0.0671875
0 0.603125 0.20703125 0.09375 0.0859375
0 0.32734375 0.53828125 0.084375 0.0921875
0 0.30390625 0.225 0.06875 0.0796875
0 0.4953125 0.51640625 0.078125 0.0921875
0 0.928125 0.490625 0.125 0.1359375
0 0.53359375 0.43984375 0.11875 0.09375
0 0.95625 0.90625 0.0375 0.0453125
0 0.62421875 0.509375 0.075 0.08125
0 0.73359375 0.95 0.084375 0.096875
0 0.33828125 0.190625 0.05625 0.059375
0 0.959375 0.18046875 0.0765625 0.090625
0 0.88125 0.603125 0.0546875 0.0578125
0 0.0359375 0.41875 0.071875 0.046875
0 0.675 0.31796875 0.0703125 0.0765625
0 0.540625 0.790625 0.1046875 0.1203125
0 0.36796875 0.3515625 0.0671875 0.065625
0 0.2453125 0.86875 0.053125 0.0515625
0 0.446875 0.115625 0.065625 0.08125
0 0.6203125 0.4359375 0.078125 0.084375
0 0.71484375 0.3359375 0.0421875 0.06875
0 0.596875 0.840625 0.0703125 0.0828125
0 0.60546875 0.253125 0.071875 0.0625
0 0.1296875 0.928125 0.0796875 0.0765625
0 0.3734375 0.071875 0.090625 0.096875
0 0.8078125 0.3 0.078125 0.08125
0 0.3828125 0.22421875 0.0921875 0.1109375
0 0.65 0.55 0.090625 0.0828125
0 0.5859375 0.3 0.06875 0.06875
0 0.83203125 0.8265625 0.1 0.0921875
0 0.4640625 0.70234375 0.0859375 0.084375
0 0.28359375 0.83984375 0.0796875 0.0734375
0 0.36875 0.79296875 0.06875 0.0796875
0 0.4578125 0.40703125 0.0734375 0.0671875
0 0.87109375 0.88203125 0.078125 0.075
0 0.57578125 0.66875 0.078125 0.09375
0 0.6921875 0.16171875 0.08125 0.0609375
0 0.35 0.72578125 0.0609375 0.065625
0 0.909375 0.7125 0.103125 0.1109375
0 0.57421875 0.53828125 0.0875 0.0828125
0 0.271875 0.33125 0.0625 0.059375
0 0.34375 0.66484375 0.0765625 0.071875
0 0.171875 0.58671875 0.046875 0.059375
0 0.41171875 0.8046875 0.065625 0.0734375
0 0.86328125 0.75546875 0.1109375 0.09375
0 0.6734375 0.41796875 0.071875 0.0765625
0 0.71484375 0.571875 0.065625 0.0671875
0 0.525 0.08671875 0.078125 0.084375
0 0.77109375 0.4984375 0.0890625 0.1
0 0.70234375 0.6234375 0.071875 0.0734375
0 0.884375 0.190625 0.08125 0.0953125
0 0.20703125 0.24375 0.0671875 0.071875
0 0.5546875 0.03828125 0.06875 0.0625
0 0.50703125 0.634375 0.0953125 0.09375
0 0.20390625 0.534375 0.06875 0.071875
0 0.4484375 0.1953125 0.065625 0.0671875
0 0.42890625 0.8765625 0.0859375 0.09375
0 0.240625 0.37109375 0.0578125 0.059375
0 0.125 0.4140625 0.09375 0.1
0 0.16640625 0.07265625 0.0640625 0.0578125
0 0.8921875 0.80625 0.059375 0.0609375
0 0.75546875 0.38984375 0.0640625 0.05625
0 0.0296875 0.54296875 0.059375 0.0484375
0 0.06875 0.4609375 0.065625 0.0625
0 0.44609375 0.65625 0.0734375 0.0671875
0 0.8109375 0.3921875 0.06875 0.06875
0 0.446875 0.9171875 0.0546875 0.0609375
0 0.2421875 0.81328125 0.09375 0.0921875
0 0.8296875 0.6953125 0.071875 0.0765625
0 0.43515625 0.4859375 0.0625 0.0578125
0 0.55078125 0.34296875 0.090625 0.0921875
0 0.7640625 0.74453125 0.059375 0.0703125
0 0.1234375 0.83984375 0.0609375 0.0640625
0 0.7515625 0.67578125 0.096875 0.1140625
0 0.40390625 0.42578125 0.053125 0.0515625
0 0.275 0.59921875 0.0703125 0.06875
0 0.1703125 0.69375 0.053125 0.05625
0 0.2265625 0.1203125 0.0890625 0.0921875
0 0.59140625 0.771875 0.0734375 0.0921875
0 0.640625 0.2890625 0.075 0.0734375
0 0.91171875 0.9515625 0.0984375 0.0953125
0 0.7046875 0.75703125 0.090625 0.0859375
0 0.31875 0.48125 0.090625 0.0796875
0 0.14765625 0.1109375 0.0578125 0.0515625
0 0.9546875 0.303125 0.0890625 0.065625
0 0.546875 0.49609375 0.053125 0.0609375
0 0.9625 0.353125 0.0734375 0.0640625
0 0.82265625 0.53671875 0.06875 0.0625
0 0.171875 0.81875 0.05 0.0578125
0 0.46171875 0.778125 0.06875 0.08125
0 0.52734375 0.3890625 0.0546875 0.05625
0 0.76640625 0.596875 0.065625 0.0671875
0 0.19140625 0.6546875 0.0609375 0.065625
0 0.32109375 0.7703125 0.0578125 0.0640625
0 0.94765625 0.63671875 0.0875 0.0765625