0 0.7734375 0.32578125 0.165625 0.1453125
0 0.16171875 0.87265625 0.2375 0.1671875
0 0.94140625 0.8015625 0.1140625 0.165625
0 0.1796875 0.1421875 0.0921875 0.0796875
0 0.58125 0.83125 0.0890625 0.0953125
0 0.07265625 0.64296875 0.13125 0.1140625
0 0.96640625 0.06953125 0.065625 0.115625
0 0.45390625 0.78515625 0.125 0.1171875
0 0.3375 0.125 0.1328125 0.134375
0 0.48828125 0.1875 0.1265625 0.128125
0 0.13125 0.790625 0.10625 0.1140625
0 0.93984375 0.25703125 0.1171875 0.1109375
0 0.03125 0.23828125 0.0625 0.109375
0 0.61953125 0.69921875 0.18125 0.15
0 0.46484375 0.04453125 0.1 0.0890625
0 0.08046875 0.5015625 0.1609375 0.15625
0 0.1296875 0.41953125 0.1625 0.121875
0 0.8390625 0.03203125 0.096875 0.0640625
0 0.3359375 0.66015625 0.0921875 0.0734375
0 0.4375 0.29375 0.0875 0.096875
0 0.85546875 0.96328125 0.1109375 0.071875
0 0.67421875 0.89140625 0.090625 0.0796875
0 0.92421875 0.34921875 0.15 0.10625
0 0.92421875 0.61328125 0.15 0.1640625
0 0.678125 0.16484375 0.18125 0.19375
0 0.5515625 0.4765625 0.0875 0.0921875
0 0.73671875 0.928125 0.0875 0.103125
0 0.42578125 0.45703125 0.1390625 0.1578125
0 0.81328125 0.1390625 0.14375 0.15625
0 0.07265625 0.0890625 0.1453125 0.125
0 0.3625 0.94921875 0.05 0.0484375
0 0.8828125 0.12421875 0.0984375 0.1390625
0 0.20078125 0.0828125 0.0890625 0.0953125
0 0.796875 0.603125 0.0875 0.090625
0 0.5453125 0.27421875 0.1078125 0.115625
0 0.3953125 0.36015625 0.109375 0.0828125
0 0.54375 0.40234375 0.0796875 0.071875
0 0.84375 0.25625 0.0796875 0.071875
0 0.20078125 0.75078125 0.134375 0.1265625
0 0.85234375 0.8109375 0.1703125 0.15
0 0.35859375 0.5390625 0.0984375 0.1
0 0.7765625 0.43125 0.075 0.0640625
0 0.4375 0.6703125 0.1 0.1015625
0 0.2234375 0.640625 0.13125 0.1171875
0 0.8421875 0.70625 0.1890625 0.1234375
0 0.8421875 0.478125 0.071875 0.0859375
0 0.24921875 0.2375 0.1546875 0.1390625
0 0.3125 0.03515625 0.0953125 0.0703125
0 0.47578125 0.8890625 0.1265625 0.1203125
0 0.34453125 0.8625 0.128125 0.115625
0 0.65078125 0.453125 0.1421875 0.165625
0 0.70859375 0.0359375 0.140625 0.071875
0 0.69453125 0.834375 0.078125 0.090625
0 0.63203125 0.30234375 0.115625 0.1328125
0 0.09296875 0.2515625 0.1359375 0.134375
0 0.94375 0.46484375 0.1109375 0.1390625