0 0.25703125 0.84296875 0.221875 0.2015625
0 0.4046875 0.7875 0.1421875 0.1375
0 0.22734375 0.94453125 0.2109375 0.1078125
0 0.33828125 0.3984375 0.1484375 0.1578125
0 0.484375 0.3171875 0.1109375 0.146875
0 0.3890625 0.0546875 0.1203125 0.109375
0 0.5375 0.10390625 0.1234375 0.1421875
0 0.14140625 0.64921875 0.2171875 0.25
0 0.071875 0.77734375 0.14375 0.1484375
0 0.79375 0.646875 0.1703125 0.1734375
0 0.6625 0.2390625 0.1375 0.178125
0 0.61875 0.51171875 0.2 0.2203125
0 0.671875 0.7125 0.196875 0.1734375
0 0.9265625 0.4375 0.1421875 0.184375
0 0.196875 0.26171875 0.196875 0.1796875
0 0.9328125 0.08671875 0.13125 0.1734375
0 0.80859375 0.85 0.1671875 0.2234375
0 0.93515625 0.678125 0.128125 0.1234375
0 0.93359375 0.88515625 0.128125 0.18125
0 0.8328125 0.09296875 0.209375 0.1859375
0 0.04453125 0.33203125 0.0890625 0.1171875
0 0.5234375 0.77421875 0.1390625 0.1546875
0 0.5890625 0.896875 0.2578125 0.2015625
0 0.48828125 0.5609375 0.15 0.1796875
0 0.53984375 0.0390625 0.1515625 0.078125
0 0.6140625 0.2578125 0.0328125 0.1421875
0 0.31875 0.60390625 0.134375 0.1296875
0 0.54921875 0.259375 0.146875 0.2
0 0.66796875 0.09375 0.15 0.1875
0 0.11171875 0.38359375 0.13125 0.146875
0 0.40234375 0.90625 0.1390625 0.16875
0 0.1734375 0.1 0.184375 0.2
0 0.32265625 0.19609375 0.1671875 0.1984375
0 0.43515625 0.68828125 0.1875 0.16875
0 0.078125 0.909375 0.15625 0.178125
0 0.91953125 0.56875 0.159375 0.1671875
0 0.88515625 0.265625 0.2015625 0.1921875