0 0.42578125 0.27265625 0.053125 0.0609375
0 0.0578125 0.4046875 0.078125 0.0734375
0 0.2984375 0.44921875 0.15 0.1625
0 0.1078125 0.6828125 0.165625 0.1265625
0 0.68046875 0.90703125 0.0984375 0.1703125
0 0.6421875 0.29140625 0.090625 0.1109375
0 0.05390625 0.8875 0.0953125 0.0953125
0 0.4859375 0.33203125 0.15 0.11875
0 0.34296875 0.3578125 0.0703125 0.0734375
0 0.0875 0.15 0.09375 0.090625
0 0.93203125 0.8484375 0.134375 0.1109375
0 0.12109375 0.275 0.1375 0.1328125
0 0.54609375 0.85546875 0.0859375 0.146875
0 0.415625 0.22265625 0.046875 0.0484375
0 0.18125 0.91953125 0.1078125 0.1359375
0 0.4203125 0.75625 0.06875 0.0671875
0 0.79375 0.9171875 0.0875 0.09375
0 0.92265625 0.23125 0.084375 0.0921875
0 0.0671875 0.51171875 0.06875 0.071875
0 0.25625 0.2515625 0.1640625 0.1046875
0 0.9125 0.43828125 0.103125 0.09375
0 0.19921875 0.42578125 0.0921875 0.090625
0 0.78359375 0.09453125 0.121875 0.115625
0 0.3828125 0.05703125 0.0875 0.1140625
0 0.87421875 0.07890625 0.153125 0.1421875
0 0.12265625 0.359375 0.1 0.0796875
0 0.815625 0.56796875 0.1140625 0.1453125
0 0.66328125 0.3671875 0.0890625 0.075
0 0.6 0.93671875 0.0859375 0.1234375
0 0.33515625 0.534375 0.0828125 0.06875
0 0.73828125 0.81796875 0.10625 0.1
0 0.6140625 0.459375 0.11875 0.1125
0 0.81875 0.86171875 0.10625 0.115625
0 0.25390625 0.334375 0.1328125 0.1015625
0 0.1734375 0.071875 0.109375 0.1015625
0 0.44375 0.24765625 0.0484375 0.046875
0 0.46796875 0.89765625 0.0734375 0.13125
0 0.68671875 0.09453125 0.0796875 0.1078125
0 0.903125 0.5078125 0.1078125 0.0953125
0 0.27421875 0.7859375 0.1234375 0.1359375
0 0.83359375 0.22265625 0.159375 0.1421875
0 0.14921875 0.4234375 0.0578125 0.0796875
0 0.08046875 0.771875 0.1203125 0.10625
0 0.2046875 0.4984375 0.1109375 0.1
0 0.68671875 0.434375 0.0984375 0.0984375
0 0.17578125 0.78046875 0.1546875 0.1375
0 0.14609375 0.88828125 0.115625 0.115625
0 0.41015625 0.67421875 0.1 0.134375
0 0.54765625 0.265625 0.140625 0.15
0 0.63671875 0.709375 0.1890625 0.1375
0 0.6171875 0.1703125 0.06875 0.0828125
0 0.64453125 0.10546875 0.0765625 0.0875
0 0.59140625 0.5921875 0.08125 0.084375
0 0.39375 0.28046875 0.040625 0.0609375
0 0.89765625 0.33984375 0.2 0.146875
0 0.20546875 0.159375 0.096875 0.10625
0 0.2546875 0.575 0.1265625 0.13125
0 0.65234375 0.625 0.05625 0.0625
0 0.7640625 0.4359375 0.1109375 0.13125
0 0.84140625 0.440625 0.0921875 0.078125
0 0.1046875 0.42421875 0.065625 0.053125
0 0.4890625 0.8046875 0.05625 0.071875
0 0.3578125 0.62109375 0.1 0.1
0 0.44375 0.17734375 0.065625 0.0828125
0 0.8109375 0.6625 0.0828125 0.0703125
0 0.11328125 0.4859375 0.1 0.1125