0 0.57578125 0.13125 0.13125 0.1328125
0 0.10078125 0.04140625 0.08125 0.0828125
0 0.21875 0.1578125 0.11875 0.1140625
0 0.2578125 0.73828125 0.1265625 0.1328125
0 0.68359375 0.578125 0.090625 0.075
0 0.34375 0.859375 0.0640625 0.0765625
0 0.0765625 0.28671875 0.0828125 0.0765625
0 0.05390625 0.88984375 0.1078125 0.115625
0 0.43046875 0.63671875 0.084375 0.0796875
0 0.3109375 0.34453125 0.0875 0.075
0 0.634375 0.7953125 0.1171875 0.103125
0 0.3734375 0.48828125 0.0625 0.071875
0 0.7625 0.48046875 0.1328125 0.1421875
0 0.40078125 0.571875 0.1125 0.1015625
0 0.34921875 0.9421875 0.0671875 0.0796875
0 0.23828125 0.65234375 0.0828125 0.08125
0 0.23203125 0.5484375 0.096875 0.0625
0 0.56875 0.8765625 0.0703125 0.084375
0 0.471875 0.6 0.0640625 0.0796875
0 0.2609375 0.49140625 0.1234375 0.0953125
0 0.159375 0.29453125 0.103125 0.1265625
0 0.8875 0.7203125 0.175 0.178125
0 0.13984375 0.8109375 0.10625 0.11875
0 0.65 0.6328125 0.0890625 0.075
0 0.8046875 0.6265625 0.140625 0.128125
0 0.3609375 0.4375 0.06875 0.0625
0 0.50703125 0.91171875 0.0640625 0.0578125
0 0.41953125 0.76484375 0.075 0.071875
0 0.1484375 0.54765625 0.0765625 0.071875
0 0.7046875 0.41640625 0.090625 0.0984375
0 0.71484375 0.6765625 0.1109375 0.1140625
0 0.475 0.76953125 0.1078125 0.1265625
0 0.8171875 0.2890625 0.0796875 0.090625
0 0.1828125 0.0578125 0.11875 0.115625
0 0.3453125 0.403125 0.0765625 0.0765625
0 0.69296875 0.90390625 0.1015625 0.11875
0 0.6484375 0.8828125 0.075 0.078125
0 0.43984375 0.4875 0.0734375 0.09375
0 0.30859375 0.78046875 0.0765625 0.090625
0 0.77890625 0.9015625 0.09375 0.125
0 0.51328125 0.65625 0.0953125 0.1046875
0 0.4734375 0.10390625 0.128125 0.1703125
0 0.490625 0.86015625 0.084375 0.084375
0 0.45390625 0.3109375 0.090625 0.0953125
0 0.3109375 0.07734375 0.13125 0.14375
0 0.940625 0.45859375 0.1171875 0.15625
0 0.9390625 0.61875 0.0765625 0.078125
0 0.334375 0.5953125 0.078125 0.0984375
0 0.78359375 0.74375 0.1140625 0.1046875
0 0.03828125 0.37734375 0.0765625 0.0734375
0 0.3734375 0.18984375 0.06875 0.071875
0 0.2765625 0.60703125 0.0625 0.0890625
0 0.2 0.61796875 0.0796875 0.084375
0 0.72265625 0.08984375 0.1578125 0.1421875
0 0.6171875 0.9109375 0.0703125 0.0875
0 0.13671875 0.59453125 0.0875 0.059375
0 0.78125 0.79375 0.0828125 0.084375
0 0.64375 0.528125 0.1265625 0.10625
0 0.17734375 0.48125 0.0625 0.075
0 0.26796875 0.88125 0.1078125 0.1109375
0 0.178125 0.928125 0.11875 0.1234375
0 0.80859375 0.146875 0.109375 0.1265625
0 0.11015625 0.09765625 0.0875 0.1015625
0 0.42734375 0.70234375 0.0703125 0.0671875
0 0.459375 0.4 0.0421875 0.0484375
0 0.0765625 0.7328125 0.0953125 0.0953125
0 0.0703125 0.803125 0.0671875 0.06875
0 0.1203125 0.64375 0.0984375 0.078125
0 0.05859375 0.45546875 0.0765625 0.071875
0 0.2234375 0.81171875 0.09375 0.090625
0 0.1328125 0.20234375 0.071875 0.0765625
0 0.8890625 0.22734375 0.1375 0.140625
0 0.23046875 0.28359375 0.1 0.0828125
0 0.634375 0.44140625 0.1375 0.1109375
0 0.40234375 0.34375 0.071875 0.071875
0 0.31640625 0.19140625 0.0765625 0.09375
0 0.84140625 0.9578125 0.0828125 0.084375
0 0.14375 0.70390625 0.0984375 0.075
0 0.53515625 0.7953125 0.071875 0.0828125
0 0.7421875 0.2703125 0.13125 0.1703125
0 0.49765625 0.42578125 0.06875 0.0625
0 0.9109375 0.10859375 0.11875 0.13125
0 0.534375 0.5328125 0.1171875 0.1390625
0 0.2625 0.228125 0.0875 0.0984375
0 0.22578125 0.353125 0.0953125 0.090625
0 0.07890625 0.92109375 0.1390625 0.128125
0 0.47109375 0.94921875 0.0921875 0.1
0 0.4203125 0.4109375 0.06875 0.0671875
0 0.496875 0.49296875 0.0703125 0.075
0 0.8734375 0.321875 0.0953125 0.0921875
0 0.6328125 0.32734375 0.134375 0.125
0 0.88984375 0.84921875 0.1234375 0.096875
0 0.10546875 0.48125 0.0953125 0.06875
0 0.48828125 0.3453125 0.0796875 0.0921875
0 0.5546875 0.2453125 0.1578125 0.115625
0 0.54296875 0.71953125 0.0796875 0.0671875
0 0.2765625 0.41015625 0.0640625 0.071875
0 0.3828125 0.2546875 0.1265625 0.115625
0 0.846875 0.4171875 0.1078125 0.1015625
0 0.07109375 0.55078125 0.1234375 0.1265625
0 0.80546875 0.54140625 0.13125 0.1203125
0 0.090625 0.15 0.121875 0.10625
0 0.178125 0.85234375 0.0921875 0.08125
0 0.409375 0.8984375 0.0828125 0.0828125
0 0.2078125 0.41640625 0.084375 0.084375
0 0.18046875 0.23046875 0.078125 0.0734375
0 0.39375 0.82421875 0.090625 0.0875
0 0.91640625 0.921875 0.0765625 0.09375
0 0.5640625 0.93984375 0.09375 0.090625
0 0.6890625 0.16875 0.1140625 0.0875
0 0.3578125 0.69375 0.096875 0.115625
0 0.1203125 0.37890625 0.1234375 0.13125