0 0.59296875 0.9375 0.0828125 0.1078125
0 0.90546875 0.621875 0.1390625 0.0640625
0 0.82890625 0.778125 0.1796875 0.2109375
0 0.4921875 0.8 0.0765625 0.11875
0 0.709375 0.7453125 0.11875 0.1609375
0 0.2984375 0.35 0.0734375 0.078125
0 0.48671875 0.484375 0.065625 0.084375
0 0.9515625 0.7921875 0.0953125 0.1453125
0 0.053125 0.86484375 0.0890625 0.0875
0 0.11640625 0.1046875 0.0875 0.0890625
0 0.43125 0.52109375 0.06875 0.0953125
0 0.340625 0.48046875 0.0640625 0.0984375
0 0.39921875 0.71484375 0.0640625 0.103125
0 0.71328125 0.6125 0.0640625 0.0671875
0 0.4234375 0.83359375 0.05625 0.078125
0 0.3859375 0.07109375 0.06875 0.0734375
0 0.3046875 0.0953125 0.0828125 0.115625
0 0.3296875 0.70546875 0.0984375 0.1265625
0 0.66171875 0.8421875 0.0921875 0.1390625
0 0.25703125 0.5671875 0.1 0.0859375
0 0.16953125 0.159375 0.071875 0.0734375
0 0.40390625 0.8921875 0.0765625 0.103125
0 0.11328125 0.52109375 0.078125 0.08125
0 0.625 0.53203125 0.053125 0.065625
0 0.51171875 0.2953125 0.0875 0.1234375
0 0.56171875 0.7421875 0.11875 0.146875
0 0.13359375 0.7421875 0.121875 0.1390625
0 0.734375 0.55 0.0875 0.109375
0 0.52890625 0.1484375 0.1125 0.1375
0 0.05390625 0.6453125 0.0734375 0.0703125
0 0.53359375 0.5203125 0.065625 0.0796875
0 0.2171875 0.3640625 0.084375 0.071875
0 0.24765625 0.3359375 0.0625 0.090625
0 0.459375 0.35234375 0.0984375 0.0984375
0 0.50390625 0.934375 0.0875 0.1203125
0 0.44140625 0.69921875 0.059375 0.0796875
0 0.33125 0.86796875 0.09375 0.1265625
0 0.925 0.68359375 0.1484375 0.0734375
0 0.128125 0.8703125 0.0953125 0.090625
0 0.94765625 0.87265625 0.1 0.13125