0 0.13125 0.18046875 0.14375 0.146875
0 0.275 0.471875 0.1921875 0.2578125
0 0.14140625 0.5953125 0.2828125 0.2171875
0 0.88515625 0.07421875 0.225 0.1484375
0 0.26015625 0.0828125 0.2171875 0.165625
0 0.89375 0.8375 0.209375 0.271875
0 0.784375 0.77578125 0.2640625 0.1515625
0 0.35390625 0.22265625 0.2390625 0.2
0 0.70390625 0.89375 0.26875 0.209375
0 0.8796875 0.4046875 0.1671875 0.125
0 0.490625 0.11328125 0.25625 0.2265625
0 0.76328125 0.459375 0.325 0.2640625
0 0.79140625 0.65625 0.3453125 0.1984375
0 0.09296875 0.3671875 0.1859375 0.2640625
0 0.840625 0.26015625 0.315625 0.225
0 0.1578125 0.8859375 0.315625 0.225