0 0.05 0.675 0.0734375 0.075
0 0.93671875 0.915625 0.109375 0.09375
0 0.2640625 0.196875 0.10625 0.096875
0 0.69140625 0.32421875 0.0984375 0.0953125
0 0.0546875 0.72421875 0.05625 0.046875
0 0.62890625 0.934375 0.0875 0.1203125
0 0.83046875 0.64296875 0.0875 0.075
0 0.08515625 0.2078125 0.1703125 0.115625
0 0.38046875 0.3765625 0.071875 0.06875
0 0.1265625 0.659375 0.0953125 0.13125
0 0.4 0.58515625 0.075 0.090625
0 0.2796875 0.95703125 0.103125 0.0859375
0 0.7328125 0.4625 0.103125 0.1265625
0 0.51171875 0.934375 0.1515625 0.13125
0 0.5640625 0.83984375 0.109375 0.115625
0 0.19140625 0.63125 0.125 0.115625
0 0.165625 0.90234375 0.078125 0.0625
0 0.615625 0.8703125 0.06875 0.08125
0 0.0984375 0.45859375 0.1421875 0.11875
0 0.2125 0.9171875 0.065625 0.078125
0 0.66171875 0.48203125 0.0859375 0.1140625
0 0.81796875 0.51015625 0.109375 0.1015625
0 0.896875 0.509375 0.0796875 0.0875
0 0.7046875 0.25078125 0.0890625 0.0921875
0 0.44140625 0.603125 0.121875 0.1375
0 0.94765625 0.1984375 0.103125 0.175
0 0.2953125 0.89140625 0.0984375 0.084375
0 0.56875 0.24375 0.0921875 0.0921875
0 0.640625 0.56796875 0.090625 0.0765625
0 0.646875 0.2328125 0.0859375 0.10625
0 0.12890625 0.1546875 0.096875 0.1109375
0 0.721875 0.9421875 0.065625 0.084375
0 0.07265625 0.7953125 0.1046875 0.084375
0 0.43203125 0.709375 0.125 0.1046875
0 0.0625 0.35546875 0.0953125 0.103125
0 0.3296875 0.84375 0.0765625 0.0640625
0 0.51484375 0.75859375 0.1046875 0.11875
0 0.815625 0.7328125 0.084375 0.1296875
0 0.6171875 0.71875 0.10625 0.1421875
0 0.23359375 0.69609375 0.115625 0.125
0 0.1703125 0.3828125 0.1609375 0.128125
0 0.76328125 0.61953125 0.0875 0.0609375
0 0.528125 0.34375 0.1390625 0.13125
0 0.45 0.87109375 0.1203125 0.153125
0 0.484375 0.2140625 0.1 0.1203125
0 0.47734375 0.41953125 0.0640625 0.0765625
0 0.865625 0.41796875 0.1234375 0.11875
0 0.7296875 0.66328125 0.0859375 0.075
0 0.2671875 0.2859375 0.075 0.084375
0 0.0921875 0.28671875 0.11875 0.1
0 0.76875 0.928125 0.0703125 0.0734375
0 0.37421875 0.93203125 0.084375 0.1140625
0 0.5875 0.378125 0.090625 0.1171875
0 0.16875 0.828125 0.0765625 0.059375
0 0.6515625 0.76875 0.0828125 0.084375
0 0.55 0.63046875 0.121875 0.096875
0 0.52578125 0.5875 0.05625 0.071875
0 0.20703125 0.04765625 0.165625 0.0953125
0 0.29296875 0.50625 0.1375 0.115625
0 0.29453125 0.38359375 0.075 0.0828125
0 0.32421875 0.34609375 0.0890625 0.0828125
0 0.7796875 0.403125 0.1 0.1015625
0 0.84375 0.95703125 0.1125 0.0828125
0 0.40234375 0.24453125 0.084375 0.0921875
0 0.7609375 0.715625 0.059375 0.0828125
0 0.72265625 0.8453125 0.1015625 0.115625
0 0.7015625 0.725 0.075 0.1
0 0.325 0.140625 0.1328125 0.1515625
0 0.06796875 0.86328125 0.1125 0.096875
0 0.60234375 0.18359375 0.0828125 0.1078125
0 0.528125 0.68046875 0.078125 0.0859375
0 0.7671875 0.78203125 0.090625 0.0921875
0 0.94765625 0.80859375 0.090625 0.0734375
0 0.33828125 0.4359375 0.065625 0.0765625
0 0.41796875 0.3265625 0.10625 0.0984375
0 0.12890625 0.9515625 0.0765625 0.0828125
0 0.90703125 0.33671875 0.165625 0.1359375
0 0.41015625 0.4578125 0.1390625 0.153125
0 0.7328125 0.56171875 0.1078125 0.084375
0 0.6109375 0.49609375 0.05625 0.0984375
0 0.10390625 0.725 0.0484375 0.05625
0 0.30078125 0.06015625 0.053125 0.0515625
0 0.79140625 0.065625 0.1171875 0.13125
0 0.0859375 0.596875 0.146875 0.0921875
0 0.24921875 0.8390625 0.0921875 0.0953125
0 0.42421875 0.10546875 0.109375 0.1421875
0 0.8109375 0.9 0.0921875 0.1
0 0.2828125 0.5921875 0.0796875 0.0828125
0 0.778125 0.334375 0.0875 0.06875
0 0.73984375 0.11640625 0.1125 0.1609375
0 0.5328125 0.43125 0.0765625 0.071875
0 0.2328125 0.12265625 0.0828125 0.0859375
0 0.8671875 0.71484375 0.05625 0.078125
0 0.509375 0.49765625 0.0921875 0.090625
0 0.34453125 0.2765625 0.0890625 0.11875
0 0.5296875 0.07578125 0.1234375 0.11875
0 0.175 0.4921875 0.078125 0.08125
0 0.8609375 0.58046875 0.13125 0.1125
0 0.9078125 0.775 0.0796875 0.078125
0 0.8296875 0.81484375 0.09375 0.0953125
0 0.08515625 0.9390625 0.0640625 0.0625
0 0.575 0.521875 0.0984375 0.1296875
0 0.1546875 0.765625 0.1 0.0859375
0 0.678125 0.9125 0.05625 0.0734375
0 0.65234375 0.1234375 0.1171875 0.15
0 0.55859375 0.1421875 0.0953125 0.11875
0 0.64140625 0.040625 0.115625 0.08125
0 0.7 0.40078125 0.0640625 0.075
0 0.64296875 0.3609375 0.096875 0.1390625
0 0.30078125 0.7359375 0.1375 0.140625
0 0.66875 0.61953125 0.08125 0.0734375
0 0.346875 0.5890625 0.0625 0.1
0 0.1890625 0.853125 0.0875 0.0765625
0 0.03046875 0.74609375 0.0609375 0.071875