0 0.10546875 0.94375 0.084375 0.06875
0 0.03984375 0.90703125 0.0796875 0.0921875
0 0.64296875 0.51875 0.0890625 0.09375
0 0.72421875 0.5546875 0.103125 0.103125
0 0.1421875 0.696875 0.0984375 0.075
0 0.33671875 0.80078125 0.10625 0.109375
0 0.8296875 0.74765625 0.0734375 0.1046875
0 0.12734375 0.8828125 0.0796875 0.071875
0 0.03125 0.51171875 0.0625 0.0765625
0 0.29453125 0.1984375 0.1390625 0.115625
0 0.765625 0.33671875 0.0703125 0.090625
0 0.6109375 0.728125 0.1015625 0.1015625
0 0.2 0.6265625 0.06875 0.0625
0 0.3296875 0.43046875 0.0984375 0.1015625
0 0.03828125 0.746875 0.0765625 0.1
0 0.1703125 0.590625 0.0671875 0.071875
0 0.090625 0.653125 0.0953125 0.0796875
0 0.79296875 0.484375 0.078125 0.06875
0 0.8375 0.55859375 0.096875 0.096875
0 0.55703125 0.3125 0.1671875 0.178125
0 0.7734375 0.62421875 0.1265625 0.125
0 0.11171875 0.346875 0.11875 0.1171875
0 0.384375 0.0515625 0.13125 0.103125
0 0.45703125 0.1328125 0.0796875 0.1
0 0.5046875 0.95703125 0.0671875 0.0859375
0 0.878125 0.76328125 0.0578125 0.078125
0 0.096875 0.55625 0.1078125 0.096875
0 0.40234375 0.16328125 0.0921875 0.09375
0 0.94375 0.79609375 0.0828125 0.084375
0 0.32578125 0.66328125 0.090625 0.0890625
0 0.18515625 0.078125 0.1375 0.146875
0 0.090625 0.071875 0.1359375 0.125
0 0.46875 0.71796875 0.09375 0.103125
0 0.72109375 0.89453125 0.1203125 0.128125
0 0.24296875 0.44296875 0.0921875 0.0953125
0 0.69609375 0.765625 0.084375 0.1015625
0 0.1890625 0.26015625 0.1359375 0.11875
0 0.640625 0.37265625 0.0921875 0.1
0 0.896875 0.43359375 0.1828125 0.1828125
0 0.69296875 0.678125 0.0890625 0.075
0 0.565625 0.93828125 0.078125 0.1078125
0 0.5015625 0.79140625 0.1125 0.096875
0 0.7125 0.40234375 0.1171875 0.1125
0 0.57578125 0.0421875 0.1234375 0.084375
0 0.03046875 0.2484375 0.0609375 0.1375
0 0.265625 0.915625 0.109375 0.125
0 0.446875 0.93515625 0.075 0.0734375
0 0.50703125 0.07265625 0.0640625 0.084375
0 0.5328125 0.65078125 0.109375 0.115625
0 0.70546875 0.10859375 0.10625 0.1390625
0 0.578125 0.140625 0.125 0.13125
0 0.81796875 0.9546875 0.084375 0.0859375
0 0.94140625 0.93984375 0.1140625 0.11875
0 0.86484375 0.09296875 0.1640625 0.1859375
0 0.26328125 0.74921875 0.11875 0.128125
0 0.80078125 0.8640625 0.11875 0.1234375
0 0.9046875 0.27890625 0.1 0.0953125
0 0.14609375 0.75859375 0.09375 0.078125
0 0.5109375 0.5359375 0.121875 0.109375
0 0.40625 0.321875 0.1703125 0.19375
0 0.10703125 0.840625 0.075 0.0734375