0 0.353125 0.47109375 0.084375 0.06875
0 0.74921875 0.63359375 0.0734375 0.0625
0 0.55546875 0.478125 0.0796875 0.0671875
0 0.2 0.79296875 0.0546875 0.0609375
0 0.70703125 0.3484375 0.171875 0.1453125
0 0.59609375 0.7984375 0.0796875 0.090625
0 0.08203125 0.16796875 0.0828125 0.1078125
0 0.7921875 0.75234375 0.0921875 0.090625
0 0.4078125 0.27734375 0.0640625 0.0640625
0 0.5625 0.71953125 0.0953125 0.0796875
0 0.31796875 0.61484375 0.075 0.06875
0 0.20625 0.2640625 0.0703125 0.0765625
0 0.05859375 0.0828125 0.05625 0.06875
0 0.2546875 0.7625 0.05625 0.04375
0 0.884375 0.7515625 0.0875 0.0859375
0 0.484375 0.34609375 0.05 0.0546875
0 0.603125 0.60859375 0.0828125 0.06875
0 0.27421875 0.5765625 0.046875 0.046875
0 0.33046875 0.2640625 0.08125 0.06875
0 0.484375 0.0359375 0.09375 0.071875
0 0.3484375 0.4140625 0.05 0.05625
0 0.15859375 0.934375 0.0796875 0.103125
0 0.2578125 0.48203125 0.0609375 0.084375
0 0.1140625 0.76171875 0.0703125 0.071875
0 0.3921875 0.178125 0.0515625 0.0640625
0 0.88671875 0.27890625 0.1578125 0.134375
0 0.8109375 0.05703125 0.0796875 0.0703125
0 0.71171875 0.19765625 0.134375 0.11875
0 0.21484375 0.71484375 0.0640625 0.0984375
0 0.34765625 0.7921875 0.0640625 0.0734375
0 0.39609375 0.32890625 0.09375 0.0546875
0 0.46484375 0.8125 0.071875 0.071875
0 0.78515625 0.2375 0.178125 0.1515625
0 0.2125 0.615625 0.046875 0.0515625
0 0.8984375 0.559375 0.103125 0.1
0 0.5046875 0.4015625 0.0546875 0.065625
0 0.353125 0.84765625 0.0765625 0.0640625
0 0.2703125 0.2171875 0.08125 0.0875
0 0.365625 0.73671875 0.0609375 0.0671875
0 0.66640625 0.52890625 0.0875 0.0828125
0 0.37578125 0.5796875 0.065625 0.0734375
0 0.48515625 0.6203125 0.0578125 0.05625
0 0.13359375 0.4078125 0.0921875 0.1171875
0 0.0671875 0.24296875 0.06875 0.071875
0 0.6734375 0.62421875 0.075 0.0640625
0 0.28125 0.07109375 0.053125 0.0703125
0 0.4609375 0.49765625 0.0484375 0.04375
0 0.246875 0.40546875 0.0765625 0.071875
0 0.53828125 0.63671875 0.078125 0.0984375
0 0.74296875 0.57734375 0.084375 0.0703125
0 0.05 0.80625 0.1 0.1109375
0 0.21171875 0.4765625 0.0453125 0.0609375
0 0.2984375 0.6703125 0.1 0.05625
0 0.34296875 0.94375 0.09375 0.109375
0 0.0640625 0.4125 0.0671875 0.0734375
0 0.615625 0.55546875 0.0796875 0.0828125
0 0.64609375 0.8578125 0.0734375 0.09375
0 0.26171875 0.71875 0.05625 0.05625
0 0.20703125 0.54140625 0.0578125 0.0609375
0 0.3015625 0.4203125 0.0546875 0.0609375
0 0.49609375 0.55859375 0.0921875 0.0859375
0 0.14921875 0.6375 0.0890625 0.0609375
0 0.65625 0.77890625 0.0515625 0.05
0 0.81484375 0.55234375 0.090625 0.075
0 0.1171875 0.30234375 0.0640625 0.0515625
0 0.5140625 0.19765625 0.10625 0.1296875
0 0.08671875 0.6234375 0.0609375 0.059375
0 0.09140625 0.4765625 0.0625 0.071875
0 0.16640625 0.5125 0.103125 0.1046875
0 0.27734375 0.94375 0.05625 0.0640625
0 0.1671875 0.71875 0.0484375 0.05
0 0.4515625 0.4 0.0640625 0.06875
0 0.796875 0.1125 0.071875 0.0859375
0 0.621875 0.75390625 0.0546875 0.046875
0 0.0953125 0.70703125 0.0671875 0.059375
0 0.58203125 0.66640625 0.0640625 0.0609375
0 0.76484375 0.690625 0.059375 0.0546875
0 0.1328125 0.684375 0.0796875 0.0515625
0 0.16328125 0.296875 0.0453125 0.05625
0 0.190625 0.41015625 0.0671875 0.0640625
0 0.09375 0.54140625 0.0859375 0.0796875
0 0.54609375 0.5359375 0.06875 0.0609375
0 0.61171875 0.30546875 0.16875 0.1265625
0 0.54921875 0.8515625 0.075 0.084375
0 0.48203125 0.66796875 0.059375 0.059375
0 0.11953125 0.24921875 0.0671875 0.0671875
0 0.2421875 0.83515625 0.0703125 0.0734375
0 0.553125 0.4296875 0.0609375 0.0484375
0 0.346875 0.06796875 0.0671875 0.0859375
0 0.3265625 0.2015625 0.0484375 0.0484375
0 0.43828125 0.23984375 0.0578125 0.05
0 0.125 0.09296875 0.071875 0.0765625
0 0.30234375 0.475 0.0359375 0.0375
0 0.16015625 0.190625 0.078125 0.078125
0 0.33515625 0.15078125 0.053125 0.0609375
0 0.4515625 0.16953125 0.0859375 0.1078125
0 0.03515625 0.6203125 0.0578125 0.040625
0 0.71484375 0.1234375 0.1015625 0.0984375
0 0.36484375 0.68671875 0.0453125 0.03125
0 0.22890625 0.90703125 0.0796875 0.06875
0 0.05625 0.30703125 0.0515625 0.053125
0 0.62109375 0.15 0.090625 0.146875
0 0.221875 0.140625 0.096875 0.115625
0 0.41796875 0.771875 0.0734375 0.0609375
0 0.5390625 0.0921875 0.0953125 0.0671875
0 0.30390625 0.5421875 0.0578125 0.071875
0 0.39921875 0.3921875 0.078125 0.090625
0 0.47421875 0.284375 0.0828125 0.0703125
0 0.93671875 0.04765625 0.1234375 0.0953125
0 0.6890625 0.8609375 0.0546875 0.0484375
0 0.096875 0.95234375 0.0625 0.0515625
0 0.4234375 0.8734375 0.0796875 0.0875
0 0.19453125 0.3328125 0.0390625 0.05
0 0.64453125 0.6953125 0.1078125 0.1203125
0 0.3984375 0.696875 0.0453125 0.0421875
0 0.246875 0.3390625 0.071875 0.0671875
0 0.43515625 0.5984375 0.071875 0.0828125
0 0.85 0.1390625 0.0890625 0.0703125
0 0.27109375 0.2796875 0.0765625 0.075
0 0.3203125 0.721875 0.0484375 0.05
0 0.02890625 0.57265625 0.0515625 0.0515625
0 0.04921875 0.68046875 0.0921875 0.0796875
0 0.8875 0.45625 0.0484375 0.0484375
0 0.4640625 0.09921875 0.0515625 0.0515625
0 0.4890625 0.45390625 0.075 0.0703125
0 0.19375 0.053125 0.05625 0.05625
0 0.4265625 0.51953125 0.04375 0.0453125
0 0.81171875 0.6234375 0.0796875 0.0671875
0 0.3875 0.228125 0.0625 0.0578125
0 0.290625 0.79453125 0.0609375 0.0828125
0 0.4265625 0.44296875 0.0546875 0.071875
0 0.07265625 0.58828125 0.05 0.040625
0 0.4140625 0.49140625 0.053125 0.05
0 0.39765625 0.6453125 0.0859375 0.059375
0 0.184375 0.6796875 0.0453125 0.046875
0 0.16796875 0.8390625 0.0875 0.0875
0 0.7125 0.671875 0.05 0.0578125
0 0.62578125 0.92890625 0.0671875 0.065625
0 0.159375 0.5875 0.0765625 0.0640625
0 0.40390625 0.08125 0.071875 0.078125
0 0.33984375 0.359375 0.05625 0.0546875
0 0.6 0.86953125 0.0390625 0.0453125
0 0.215625 0.65078125 0.0546875 0.034375
0 0.8421875 0.6875 0.0828125 0.059375
0 0.53984375 0.91484375 0.1125 0.071875
0 0.7140625 0.46015625 0.15 0.121875
0 0.37578125 0.13046875 0.0578125 0.053125
0 0.28515625 0.3703125 0.0328125 0.028125
0 0.0890625 0.87578125 0.1078125 0.128125
0 0.525 0.79296875 0.084375 0.090625
0 0.75078125 0.93828125 0.0828125 0.090625
0 0.48828125 0.70625 0.071875 0.053125