0 0.89453125 0.61953125 0.20625 0.2484375
0 0.5734375 0.2203125 0.203125 0.234375
0 0.91796875 0.0421875 0.1640625 0.084375
0 0.25859375 0.5953125 0.2734375 0.2484375
0 0.6234375 0.1078125 0.234375 0.215625
0 0.05546875 0.54609375 0.1109375 0.21875
0 0.61015625 0.359375 0.1734375 0.196875
0 0.49296875 0.72265625 0.2375 0.215625
0 0.2578125 0.06171875 0.14375 0.1234375
0 0.13203125 0.453125 0.253125 0.228125
0 0.7046875 0.42109375 0.20625 0.2109375
0 0.803125 0.128125 0.225 0.25625
0 0.8484375 0.3609375 0.221875 0.265625
0 0.90234375 0.8625 0.1921875 0.2703125
0 0.4140625 0.11796875 0.228125 0.2359375
0 0.06015625 0.271875 0.1203125 0.25
0 0.7359375 0.875 0.2328125 0.246875
0 0.14765625 0.8 0.2859375 0.2953125
0 0.7125 0.65859375 0.203125 0.23125
0 0.934375 0.15078125 0.1265625 0.2484375
0 0.18984375 0.275 0.2828125 0.3109375
0 0.11640625 0.08984375 0.2265625 0.1796875
0 0.30078125 0.83984375 0.325 0.3171875
0 0.39921875 0.28515625 0.20625 0.2109375
0 0.51015625 0.5375 0.25 0.2546875