0 0.76171875 0.6671875 0.11875 0.1515625
0 0.79609375 0.56484375 0.1359375 0.1296875
0 0.6859375 0.73046875 0.0671875 0.0734375
0 0.690625 0.66171875 0.0765625 0.096875
0 0.19609375 0.47265625 0.19375 0.1890625
0 0.19453125 0.26015625 0.1703125 0.2015625
0 0.63203125 0.2453125 0.1109375 0.0828125
0 0.59140625 0.646875 0.128125 0.1265625
0 0.88125 0.6234375 0.1140625 0.1140625
0 0.85546875 0.22734375 0.121875 0.11875
0 0.1234375 0.95703125 0.134375 0.0859375
0 0.58984375 0.87421875 0.0703125 0.065625
0 0.478125 0.9578125 0.11875 0.084375
0 0.73203125 0.38125 0.0953125 0.103125
0 0.615625 0.78515625 0.153125 0.178125
0 0.06484375 0.16875 0.1296875 0.096875
0 0.35703125 0.540625 0.1546875 0.153125
0 0.034375 0.09921875 0.06875 0.059375
0 0.60390625 0.13515625 0.059375 0.0546875
0 0.64609375 0.04921875 0.053125 0.0640625
0 0.9 0.81484375 0.1375 0.165625
0 0.67421875 0.2140625 0.0796875 0.0734375
0 0.96015625 0.203125 0.078125 0.1015625
0 0.68515625 0.1546875 0.08125 0.078125
0 0.76171875 0.1390625 0.1140625 0.1234375
0 0.91953125 0.1125 0.1359375 0.1234375
0 0.51796875 0.71171875 0.128125 0.15
0 0.56484375 0.04140625 0.075 0.0828125
0 0.9515625 0.4515625 0.0953125 0.1109375
0 0.33828125 0.3625 0.1546875 0.1625
0 0.64765625 0.10390625 0.0578125 0.0640625
0 0.8359375 0.30078125 0.10625 0.0953125
0 0.125 0.2953125 0.2078125 0.1625
0 0.51953125 0.8265625 0.0640625 0.075
0 0.08671875 0.78046875 0.1734375 0.15625
0 0.42578125 0.784375 0.1390625 0.1671875
0 0.7203125 0.8171875 0.09375 0.134375
0 0.09140625 0.89921875 0.1125 0.0796875
0 0.55859375 0.959375 0.0640625 0.0796875
0 0.521875 0.35 0.1078125 0.1234375
0 0.31875 0.89453125 0.11875 0.1328125
0 0.903125 0.940625 0.1125 0.1046875
0 0.88984375 0.3359375 0.0890625 0.1109375
0 0.484375 0.20703125 0.0875 0.1078125
0 0.6625 0.3265625 0.0953125 0.103125
0 0.796875 0.92421875 0.0953125 0.0984375
0 0.57890625 0.32734375 0.0578125 0.0859375
0 0.83984375 0.69375 0.09375 0.1234375
0 0.35859375 0.678125 0.134375 0.1265625
0 0.790625 0.81953125 0.0828125 0.1125
0 0.4765625 0.0703125 0.1546875 0.1375
0 0.96796875 0.62265625 0.0609375 0.1046875
0 0.07265625 0.61484375 0.1453125 0.1671875
0 0.59296875 0.20390625 0.1 0.096875
0 0.22890625 0.16015625 0.090625 0.071875
0 0.128125 0.80859375 0.0984375 0.0984375
0 0.9484375 0.7296875 0.1015625 0.125
0 0.61875 0.95390625 0.0984375 0.0875
0 0.43203125 0.9078125 0.1015625 0.1
0 0.3484375 0.790625 0.090625 0.1375
0 0.66484375 0.93203125 0.0953125 0.1125
0 0.11640625 0.05234375 0.1625 0.1046875
0 0.2265625 0.8671875 0.1453125 0.165625
0 0.8125 0.103125 0.0796875 0.0953125
0 0.16875 0.12890625 0.09375 0.090625
0 0.95078125 0.26796875 0.084375 0.103125
0 0.4390625 0.1390625 0.0765625 0.071875
0 0.2515625 0.06328125 0.1453125 0.1265625
0 0.7328125 0.07109375 0.103125 0.10625