0 0.0671875 0.4546875 0.0484375 0.04375
0 0.65078125 0.73046875 0.071875 0.078125
0 0.64765625 0.3890625 0.0875 0.0890625
0 0.53671875 0.8359375 0.10625 0.115625
0 0.14609375 0.2734375 0.125 0.1328125
0 0.746875 0.34140625 0.0796875 0.090625
0 0.15234375 0.63984375 0.075 0.053125
0 0.23125 0.8296875 0.0875 0.0625
0 0.89375 0.33984375 0.078125 0.0640625
0 0.10859375 0.73203125 0.1109375 0.0859375
0 0.88359375 0.8671875 0.0953125 0.0859375
0 0.1671875 0.0734375 0.0984375 0.08125
0 0.59765625 0.3234375 0.078125 0.0984375
0 0.875 0.46796875 0.096875 0.103125
0 0.5390625 0.271875 0.11875 0.0765625
0 0.7828125 0.42109375 0.11875 0.0859375
0 0.109375 0.82421875 0.1046875 0.1125
0 0.7515625 0.67578125 0.1296875 0.11875
0 0.7578125 0.603125 0.0796875 0.090625
0 0.828125 0.665625 0.0796875 0.09375
0 0.68359375 0.8265625 0.06875 0.0890625
0 0.10703125 0.540625 0.1390625 0.1328125
0 0.725 0.46484375 0.10625 0.103125
0 0.1140625 0.19140625 0.0609375 0.0625
0 0.81640625 0.05546875 0.1234375 0.1109375
0 0.07890625 0.16640625 0.0765625 0.0796875
0 0.51171875 0.56796875 0.1078125 0.065625
0 0.83984375 0.15625 0.1109375 0.0875
0 0.29765625 0.29609375 0.1265625 0.1109375
0 0.553125 0.91328125 0.075 0.071875
0 0.915625 0.93984375 0.1453125 0.11875
0 0.03671875 0.83984375 0.0734375 0.1421875
0 0.58828125 0.2234375 0.0953125 0.05625
0 0.9140625 0.4125 0.0953125 0.0734375
0 0.27734375 0.09296875 0.1 0.0734375
0 0.9265625 0.125 0.1234375 0.1765625
0 0.540625 0.45546875 0.090625 0.09375
0 0.93984375 0.80546875 0.11875 0.1234375
0 0.621875 0.5625 0.1234375 0.0875
0 0.6296875 0.64375 0.1296875 0.1109375
0 0.81171875 0.4828125 0.078125 0.0765625
0 0.62578125 0.053125 0.0953125 0.1
0 0.7984375 0.928125 0.1125 0.1078125
0 0.03828125 0.95390625 0.0765625 0.0921875
0 0.8921875 0.665625 0.0828125 0.0859375
0 0.778125 0.88671875 0.0875 0.078125
0 0.6234375 0.83125 0.0921875 0.1140625
0 0.61328125 0.15078125 0.121875 0.11875
0 0.271875 0.1578125 0.1265625 0.1296875
0 0.70703125 0.146875 0.078125 0.096875
0 0.615625 0.92109375 0.10625 0.109375
0 0.14453125 0.5921875 0.115625 0.0828125
0 0.82109375 0.58515625 0.0703125 0.0765625
0 0.88828125 0.26328125 0.1 0.096875
0 0.6046875 0.7125 0.053125 0.0671875
0 0.6234375 0.4484375 0.1015625 0.1109375
0 0.4703125 0.9328125 0.1125 0.13125
0 0.278125 0.6796875 0.146875 0.1234375
0 0.89375 0.58359375 0.1 0.0875
0 0.6796875 0.95625 0.0515625 0.0765625
0 0.5234375 0.3515625 0.0953125 0.1125
0 0.7125 0.3125 0.1015625 0.0921875
0 0.953125 0.49609375 0.09375 0.1078125
0 0.80234375 0.72890625 0.08125 0.084375
0 0.48046875 0.840625 0.1 0.134375
0 0.66015625 0.50546875 0.103125 0.0984375
0 0.2234375 0.890625 0.15 0.1125
0 0.28828125 0.58984375 0.084375 0.075
0 0.95859375 0.6078125 0.0828125 0.1109375
0 0.959375 0.2265625 0.071875 0.0640625
0 0.634375 0.26953125 0.0703125 0.0734375
0 0.75625 0.5390625 0.1015625 0.084375
0 0.8625 0.7171875 0.053125 0.0484375
0 0.2859375 0.371875 0.0953125 0.090625
0 0.10703125 0.67578125 0.0828125 0.0703125
0 0.2875 0.42421875 0.071875 0.053125
0 0.7359375 0.04765625 0.0671875 0.0953125
0 0.68203125 0.20859375 0.0828125 0.090625
0 0.83203125 0.234375 0.1109375 0.0984375
0 0.203125 0.47109375 0.1375 0.134375
0 0.0734375 0.890625 0.1234375 0.109375
0 0.07265625 0.31328125 0.0921875 0.1078125
0 0.953125 0.2953125 0.0921875 0.1140625
0 0.29375 0.515625 0.1046875 0.1109375
0 0.6859375 0.06875 0.1046875 0.11875
0 0.8140625 0.33125 0.08125 0.115625
0 0.75390625 0.8140625 0.1203125 0.1171875
0 0.525 0.7265625 0.1671875 0.134375
0 0.11640625 0.4625 0.078125 0.075
0 0.26953125 0.778125 0.109375 0.0890625
0 0.18671875 0.7671875 0.109375 0.1046875
0 0.50625 0.62890625 0.1109375 0.090625
0 0.5125 0.50390625 0.1171875 0.09375