0 0.428125 0.11640625 0.146875 0.1640625
0 0.90859375 0.07734375 0.06875 0.0578125
0 0.44921875 0.7828125 0.0703125 0.075
0 0.8671875 0.55234375 0.0671875 0.0734375
0 0.4140625 0.86796875 0.08125 0.0921875
0 0.6109375 0.78359375 0.0578125 0.0515625
0 0.87890625 0.1828125 0.059375 0.0484375
0 0.5921875 0.2203125 0.125 0.1203125
0 0.21953125 0.609375 0.096875 0.0875
0 0.47265625 0.878125 0.0484375 0.0546875
0 0.26953125 0.25859375 0.11875 0.1125
0 0.1546875 0.79921875 0.0640625 0.05625
0 0.565625 0.05546875 0.121875 0.1109375
0 0.7265625 0.665625 0.0671875 0.0515625
0 0.76875 0.39453125 0.06875 0.1
0 0.73125 0.15625 0.0640625 0.071875
0 0.28984375 0.3625 0.134375 0.1265625
0 0.91796875 0.659375 0.04375 0.0359375
0 0.7578125 0.10078125 0.0734375 0.0546875
0 0.465625 0.68359375 0.0890625 0.1015625
0 0.23828125 0.1703125 0.08125 0.0984375
0 0.82421875 0.7703125 0.046875 0.0484375
0 0.64375 0.0875 0.06875 0.0984375
0 0.74375 0.603125 0.0609375 0.0609375
0 0.38515625 0.63359375 0.0984375 0.090625
0 0.84296875 0.8421875 0.0703125 0.0796875
0 0.43984375 0.3515625 0.0921875 0.0765625
0 0.36328125 0.56875 0.1 0.0828125
0 0.1546875 0.846875 0.059375 0.053125
0 0.77890625 0.49453125 0.0859375 0.0859375
0 0.65703125 0.36640625 0.0953125 0.103125
0 0.5578125 0.95625 0.0515625 0.0609375
0 0.0625 0.6 0.06875 0.0515625
0 0.05546875 0.09375 0.1109375 0.121875
0 0.384375 0.78515625 0.059375 0.05625
0 0.17578125 0.38046875 0.146875 0.059375
0 0.31171875 0.4515625 0.13125 0.10625
0 0.45625 0.275 0.1484375 0.10625
0 0.821875 0.4546875 0.075 0.0640625
0 0.7953125 0.16953125 0.0765625 0.0703125
0 0.96015625 0.57421875 0.046875 0.05
0 0.7203125 0.4546875 0.0703125 0.0828125
0 0.90703125 0.603125 0.0640625 0.0671875
0 0.078125 0.5390625 0.0796875 0.0734375
0 0.9578125 0.81328125 0.0796875 0.0953125
0 0.31875 0.81171875 0.06875 0.0640625
0 0.8109375 0.63125 0.090625 0.0640625
0 0.9078125 0.9328125 0.1796875 0.13125
0 0.80703125 0.7 0.0453125 0.0390625
0 0.66953125 0.1734375 0.0609375 0.078125
0 0.50703125 0.83984375 0.0359375 0.0359375
0 0.67890625 0.94453125 0.0609375 0.05
0 0.625 0.68515625 0.065625 0.0578125
0 0.39296875 0.41015625 0.1234375 0.09375
0 0.59765625 0.3171875 0.065625 0.0671875
0 0.365625 0.7171875 0.1 0.090625
0 0.909375 0.73046875 0.071875 0.059375
0 0.21640625 0.8515625 0.0625 0.05625
0 0.15625 0.7515625 0.06875 0.0453125