0 0.87109375 0.31640625 0.1859375 0.2046875
0 0.1375 0.2109375 0.275 0.278125
0 0.4375 0.16484375 0.178125 0.2484375
0 0.7828125 0.790625 0.2515625 0.2828125
0 0.79765625 0.2046875 0.1609375 0.190625
0 0.7484375 0.059375 0.234375 0.11875
0 0.6078125 0.7984375 0.2 0.2328125
0 0.24453125 0.703125 0.2671875 0.28125
0 0.65234375 0.35078125 0.275 0.275
0 0.915625 0.1578125 0.14375 0.1734375
0 0.80390625 0.534375 0.190625 0.19375
0 0.1328125 0.4453125 0.265625 0.2984375
0 0.6953125 0.1484375 0.1375 0.1859375
0 0.53828125 0.91015625 0.19375 0.178125
0 0.403125 0.84765625 0.2015625 0.259375
0 0.8609375 0.6765625 0.20625 0.19375
0 0.50546875 0.5265625 0.2796875 0.3125
0 0.57265625 0.12890625 0.1828125 0.2578125
0 0.334375 0.10078125 0.128125 0.2015625