0 0.44453125 0.2296875 0.0546875 0.05625
0 0.38359375 0.334375 0.04375 0.053125
0 0.675 0.34453125 0.05 0.0546875
0 0.440625 0.10546875 0.046875 0.05625
0 0.54296875 0.92109375 0.1234375 0.1078125
0 0.5171875 0.525 0.08125 0.0875
0 0.87890625 0.3140625 0.0703125 0.0640625
0 0.13515625 0.2515625 0.06875 0.05
0 0.0796875 0.31640625 0.065625 0.059375
0 0.3734375 0.603125 0.046875 0.0609375
0 0.48046875 0.55078125 0.059375 0.0578125
0 0.07109375 0.65234375 0.053125 0.0484375
0 0.8828125 0.25390625 0.0546875 0.0625
0 0.2125 0.11875 0.05625 0.0671875
0 0.23984375 0.7609375 0.0890625 0.0703125
0 0.09296875 0.6171875 0.0625 0.0484375
0 0.31015625 0.58203125 0.0453125 0.04375
0 0.30546875 0.1046875 0.046875 0.0484375
0 0.06015625 0.74609375 0.084375 0.0640625
0 0.4078125 0.19296875 0.0671875 0.05
0 0.08203125 0.08125 0.0453125 0.0515625
0 0.71171875 0.7484375 0.1109375 0.121875
0 0.959375 0.1484375 0.078125 0.0703125
0 0.50546875 0.36796875 0.0609375 0.0625
0 0.12890625 0.2890625 0.0609375 0.040625
0 0.46484375 0.31796875 0.06875 0.071875
0 0.90859375 0.9375 0.071875 0.1203125
0 0.62265625 0.69140625 0.0296875 0.0390625
0 0.78359375 0.2890625 0.0640625 0.071875
0 0.203125 0.44921875 0.040625 0.0453125
0 0.07265625 0.3609375 0.0484375 0.0515625
0 0.1921875 0.19296875 0.11875 0.0859375
0 0.10546875 0.384375 0.059375 0.0484375
0 0.51796875 0.19375 0.0578125 0.05625
0 0.8375 0.24765625 0.05 0.05625
0 0.1890625 0.2453125 0.046875 0.04375
0 0.4046875 0.109375 0.0421875 0.0484375
0 0.43671875 0.7421875 0.1015625 0.1234375
0 0.7421875 0.33203125 0.0453125 0.0453125
0 0.378125 0.26484375 0.06875 0.059375
0 0.6328125 0.0421875 0.0625 0.084375
0 0.3359375 0.6078125 0.04375 0.0453125
0 0.1328125 0.5890625 0.0796875 0.08125
0 0.29296875 0.3578125 0.0546875 0.053125
0 0.41796875 0.1578125 0.0484375 0.04375
0 0.6 0.75234375 0.0640625 0.0875
0 0.4109375 0.40078125 0.0703125 0.0734375
0 0.03046875 0.13984375 0.0609375 0.0640625
0 0.4703125 0.65 0.0515625 0.0671875
0 0.83984375 0.4140625 0.046875 0.0609375
0 0.31640625 0.18515625 0.04375 0.059375
0 0.58203125 0.54609375 0.1140625 0.221875
0 0.09140625 0.1625 0.0484375 0.0484375
0 0.33671875 0.23828125 0.078125 0.0640625
0 0.65 0.5859375 0.0890625 0.1859375
0 0.79375 0.6703125 0.05625 0.084375
0 0.23203125 0.08125 0.0484375 0.0546875
0 0.84921875 0.92734375 0.0765625 0.1296875
0 0.7125 0.40625 0.071875 0.0609375
0 0.61953125 0.9453125 0.090625 0.0953125
0 0.828125 0.31796875 0.0484375 0.0609375
0 0.53359375 0.63515625 0.090625 0.0875
0 0.26171875 0.3140625 0.05625 0.0609375
0 0.20546875 0.05859375 0.0484375 0.0421875
0 0.46875 0.825 0.0640625 0.0796875
0 0.3125 0.7875 0.06875 0.0890625
0 0.42109375 0.334375 0.034375 0.053125
0 0.190625 0.3109375 0.090625 0.0875
0 0.840625 0.6703125 0.053125 0.0828125
0 0.275 0.6703125 0.0546875 0.0984375
0 0.146875 0.79921875 0.096875 0.1046875
0 0.83046875 0.79375 0.0546875 0.0578125
0 0.1796875 0.834375 0.05625 0.0921875
0 0.1625 0.08984375 0.05625 0.053125
0 0.19921875 0.5046875 0.1 0.075
0 0.31875 0.70859375 0.0609375 0.05625
0 0.14921875 0.94296875 0.1578125 0.1125
0 0.415625 0.65234375 0.071875 0.065625
0 0.21640625 0.59375 0.1296875 0.1265625
0 0.2875 0.94296875 0.121875 0.1125
0 0.03125 0.6484375 0.05625 0.0515625
0 0.4359375 0.5875 0.053125 0.0671875
0 0.1515625 0.0375 0.0515625 0.0515625
0 0.31328125 0.278125 0.046875 0.0515625
0 0.2234375 0.3796875 0.0453125 0.046875
0 0.878125 0.5890625 0.0671875 0.0703125
0 0.2453125 0.68359375 0.0734375 0.0796875
0 0.5765625 0.0359375 0.071875 0.071875
0 0.28203125 0.46875 0.0875 0.071875
0 0.03828125 0.48203125 0.05625 0.046875
0 0.4 0.80625 0.0359375 0.0640625
0 0.11484375 0.6984375 0.059375 0.0453125
0 0.125 0.65703125 0.06875 0.053125
0 0.5296875 0.76484375 0.084375 0.0796875
0 0.3015625 0.5328125 0.0921875 0.1046875
0 0.4125 0.29296875 0.0453125 0.040625
0 0.38203125 0.5234375 0.0859375 0.0921875
0 0.63671875 0.8734375 0.1046875 0.1109375
0 0.053125 0.4390625 0.053125 0.040625
0 0.37109375 0.82109375 0.0453125 0.053125