0 0.7427083333333333 0.29973958333333334 0.12291666666666666 0.12135416666666667
0 0.6169270833333333 0.42994791666666665 0.11927083333333334 0.1046875
0 0.0421875 0.47369791666666666 0.084375 0.1375
0 0.84453125 0.8294270833333334 0.11979166666666667 0.09479166666666666
0 0.8434895833333333 0.13854166666666667 0.17552083333333332 0.1359375
0 0.19375 0.6971354166666667 0.0640625 0.0703125
0 0.6078125 0.5096354166666667 0.07760416666666667 0.0625
0 0.33177083333333335 0.7080729166666667 0.08697916666666666 0.09322916666666667
0 0.14973958333333334 0.5984375 0.0375 0.04010416666666667
0 0.42682291666666666 0.8265625 0.059375 0.07135416666666666
0 0.94296875 0.09375 0.11302083333333333 0.10260416666666666
0 0.79765625 0.7294270833333333 0.06822916666666666 0.08229166666666667
0 0.9296875 0.5635416666666667 0.0734375 0.084375
0 0.95625 0.50546875 0.06302083333333333 0.05572916666666667
0 0.9302083333333333 0.023177083333333334 0.0421875 0.04635416666666667
0 0.86953125 0.030729166666666665 0.05520833333333333 0.058333333333333334
0 0.57109375 0.6432291666666666 0.07708333333333334 0.053125
0 0.7265625 0.7559895833333333 0.078125 0.0703125
0 0.8684895833333334 0.34479166666666666 0.1453125 0.12447916666666667
0 0.8135416666666667 0.0375 0.0625 0.07395833333333333
0 0.36171875 0.39453125 0.04479166666666667 0.04375
0 0.03359375 0.9640625 0.06614583333333333 0.06979166666666667
0 0.21927083333333333 0.7690104166666667 0.08177083333333333 0.08385416666666666
0 0.5731770833333333 0.5822916666666667 0.09791666666666667 0.0765625
0 0.8369791666666667 0.665625 0.090625 0.11302083333333333
0 0.78125 0.59296875 0.09635416666666667 0.0875
0 0.27682291666666664 0.39453125 0.044270833333333336 0.044270833333333336
0 0.8479166666666667 0.7611979166666667 0.05364583333333333 0.05520833333333333
0 0.9752604166666666 0.028125 0.04739583333333333 0.05364583333333333
0 0.9403645833333333 0.7403645833333333 0.11927083333333334 0.1046875
0 0.23229166666666667 0.27760416666666665 0.0765625 0.10208333333333333
0 0.50078125 0.5020833333333333 0.13229166666666667 0.08541666666666667
0 0.5416666666666666 0.29244791666666664 0.22864583333333333 0.20364583333333333
0 0.37083333333333335 0.36354166666666665 0.0265625 0.025520833333333333
0 0.4817708333333333 0.42682291666666666 0.07552083333333333 0.053125
0 0.95234375 0.6825520833333333 0.06302083333333333 0.0421875
0 0.7216145833333333 0.6364583333333333 0.07604166666666666 0.07708333333333334
0 0.4200520833333333 0.03802083333333333 0.10885416666666667 0.075
0 0.20963541666666666 0.534375 0.05 0.06510416666666667
0 0.32369791666666664 0.3846354166666667 0.04114583333333333 0.050520833333333334
0 0.16197916666666667 0.8049479166666667 0.07552083333333333 0.08177083333333333
0 0.3059895833333333 0.61171875 0.09270833333333334 0.10104166666666667
0 0.91953125 0.4513020833333333 0.07083333333333333 0.06822916666666666
0 0.9682291666666667 0.16875 0.06354166666666666 0.06822916666666666
0 0.14270833333333333 0.7401041666666667 0.05572916666666667 0.065625
0 0.7408854166666666 0.05364583333333333 0.09270833333333334 0.10625
0 0.940625 0.375 0.10885416666666667 0.09166666666666666
0 0.03984375 0.5736979166666667 0.0796875 0.05
0 0.028385416666666666 0.7044270833333334 0.05677083333333333 0.09947916666666666
0 0.04088541666666667 0.19401041666666666 0.08072916666666667 0.09427083333333333
0 0.38776041666666666 0.571875 0.08697916666666666 0.121875
0 0.7364583333333333 0.17161458333333332 0.0578125 0.0953125
0 0.7080729166666667 0.5263020833333333 0.13333333333333333 0.15
0 0.32473958333333336 0.37473958333333335 0.04010416666666667 0.030208333333333334
0 0.63203125 0.26458333333333334 0.027604166666666666 0.027083333333333334
0 0.6580729166666667 0.09401041666666667 0.12291666666666666 0.18645833333333334
0 0.13072916666666667 0.5697916666666667 0.03125 0.03333333333333333
0 0.396875 0.453125 0.08958333333333333 0.0765625
0 0.6552083333333333 0.65625 0.08645833333333333 0.12239583333333333
0 0.37213541666666666 0.2513020833333333 0.21041666666666667 0.23125
0 0.2752604166666667 0.7424479166666667 0.04479166666666667 0.052083333333333336
0 0.2640625 0.8309895833333333 0.090625 0.0875
0 0.5158854166666667 0.8247395833333333 0.128125 0.153125
0 0.9791666666666666 0.43645833333333334 0.041666666666666664 0.0890625
0 0.04140625 0.84921875 0.08229166666666667 0.14166666666666666
0 0.69453125 0.71796875 0.046875 0.042708333333333334
0 0.27734375 0.52265625 0.090625 0.0984375
0 0.033854166666666664 0.027604166666666666 0.06770833333333333 0.05520833333333333
0 0.9799479166666667 0.43802083333333336 0.04010416666666667 0.08541666666666667
0 0.7518229166666667 0.21067708333333332 0.036458333333333336 0.03177083333333333
0 0.50625 0.6244791666666667 0.052083333333333336 0.059375
0 0.2638020833333333 0.671875 0.07708333333333334 0.059375
0 0.7625 0.8606770833333334 0.09270833333333334 0.11927083333333334
0 0.34479166666666666 0.058333333333333334 0.11666666666666667 0.1109375
0 0.659375 0.7768229166666667 0.051041666666666666 0.09739583333333333
0 0.8377604166666667 0.9390625 0.1515625 0.121875
0 0.9927083333333333 0.06015625 0.014583333333333334 0.04010416666666667
0 0.23828125 0.43645833333333334 0.11302083333333333 0.10208333333333333
0 0.14322916666666666 0.9013020833333333 0.15 0.14635416666666667
0 0.6393229166666666 0.18880208333333334 0.059375 0.04583333333333333
0 0.07630208333333334 0.36484375 0.15208333333333332 0.14479166666666668
0 0.5263020833333333 0.5255208333333333 0.0828125 0.0984375
0 0.21744791666666666 0.6111979166666667 0.08541666666666667 0.08697916666666666
0 0.18151041666666667 0.9638020833333333 0.09947916666666666 0.07135416666666666
0 0.65859375 0.9778645833333334 0.11927083333333334 0.044270833333333336
0 0.07916666666666666 0.7096354166666666 0.059895833333333336 0.09791666666666667
0 0.44296875 0.7223958333333333 0.12604166666666666 0.13697916666666668
0 0.9338541666666667 0.9401041666666666 0.13229166666666667 0.11979166666666667
0 0.94609375 0.8346354166666666 0.10677083333333333 0.09166666666666666
0 0.8979166666666667 0.6731770833333334 0.04739583333333333 0.059895833333333336
0 0.8666666666666667 0.5341145833333333 0.08177083333333333 0.125
0 0.8375 0.4244791666666667 0.07760416666666667 0.07864583333333333
0 0.7984375 0.49296875 0.0609375 0.08125
0 0.7640625 0.4078125 0.07447916666666667 0.08385416666666666
0 0.6934895833333333 0.38645833333333335 0.0859375 0.06458333333333334
0 0.66796875 0.31666666666666665 0.08489583333333334 0.06145833333333333
0 0.5080729166666667 0.10494791666666667 0.184375 0.20989583333333334
0 0.2786458333333333 0.1609375 0.15416666666666667 0.12552083333333333
0 0.17057291666666666 0.32057291666666665 0.10625 0.14635416666666667
0 0.15859375 0.22369791666666666 0.09583333333333334 0.0734375
0 0.15598958333333332 0.49322916666666666 0.103125 0.1171875
0 0.10416666666666667 0.58828125 0.04479166666666667 0.042708333333333334
0 0.13203125 0.6763020833333333 0.04635416666666667 0.05520833333333333
0 0.09296875 0.6296875 0.041666666666666664 0.06302083333333333
0 0.67421875 0.86796875 0.09739583333333333 0.11770833333333333
0 0.34453125 0.7880208333333333 0.103125 0.07916666666666666
0 0.46171875 0.9268229166666667 0.14479166666666668 0.12916666666666668
0 0.3020833333333333 0.93359375 0.1859375 0.1328125
0 0.0359375 0.6221354166666667 0.0671875 0.0484375
0 0.052083333333333336 0.27838541666666666 0.103125 0.07395833333333333
0 0.9651041666666667 0.284375 0.06979166666666667 0.1
0 0.5869791666666667 0.7296875 0.09427083333333333 0.1421875
0 0.9325520833333333 0.24635416666666668 0.07708333333333334 0.10572916666666667
0 0.8143229166666667 0.2552083333333333 0.059895833333333336 0.07291666666666667
0 0.8658854166666666 0.24479166666666666 0.0546875 0.07604166666666666
0 0.684375 0.22994791666666667 0.051041666666666666 0.04895833333333333
0 0.6182291666666667 0.3572916666666667 0.06041666666666667 0.057291666666666664
0 0.5630208333333333 0.9513020833333333 0.07395833333333333 0.09010416666666667