0 0.055989583333333336 0.37838541666666664 0.10833333333333334 0.09010416666666667
0 0.790625 0.28619791666666666 0.11979166666666667 0.15520833333333334
0 0.6401041666666667 0.8078125 0.21458333333333332 0.20104166666666667
0 0.7880208333333333 0.9127604166666666 0.07864583333333333 0.06875
0 0.16875 0.49192708333333335 0.1625 0.14114583333333333
0 0.6559895833333333 0.528125 0.13333333333333333 0.12604166666666666
0 0.81328125 0.8341145833333333 0.050520833333333334 0.0703125
0 0.065625 0.47994791666666664 0.11666666666666667 0.1078125
0 0.8934895833333333 0.9359375 0.0625 0.05572916666666667
0 0.45755208333333336 0.9294270833333333 0.18645833333333334 0.14114583333333333
0 0.8536458333333333 0.95625 0.0453125 0.058854166666666666
0 0.93828125 0.33958333333333335 0.1234375 0.13802083333333334
0 0.1484375 0.628125 0.0546875 0.05260416666666667
0 0.46796875 0.06328125 0.115625 0.1265625
0 0.06692708333333333 0.6877604166666667 0.049479166666666664 0.05625
0 0.65625 0.09661458333333334 0.17604166666666668 0.14583333333333334
0 0.278125 0.8861979166666667 0.08697916666666666 0.0796875
0 0.9036458333333334 0.9794270833333333 0.0484375 0.040625
0 0.029947916666666668 0.903125 0.059895833333333336 0.07395833333333333
0 0.34270833333333334 0.2911458333333333 0.16041666666666668 0.14427083333333332
0 0.5640625 0.0390625 0.1 0.078125
0 0.684375 0.34661458333333334 0.10364583333333334 0.146875
0 0.08567708333333333 0.5690104166666666 0.06041666666666667 0.06145833333333333
0 0.9354166666666667 0.7833333333333333 0.05 0.044270833333333336
0 0.08203125 0.9778645833333334 0.06197916666666667 0.044270833333333336
0 0.09973958333333334 0.63828125 0.0421875 0.05
0 0.19192708333333333 0.3333333333333333 0.16041666666666668 0.15208333333333332
0 0.2942708333333333 0.9434895833333333 0.19166666666666668 0.11302083333333333
0 0.18776041666666668 0.6875 0.10416666666666667 0.08177083333333333
0 0.8994791666666667 0.7635416666666667 0.07552083333333333 0.07291666666666667
0 0.34869791666666666 0.10078125 0.171875 0.2015625
0 0.8033854166666666 0.70078125 0.06770833333333333 0.06979166666666667
0 0.5505208333333333 0.440625 0.0765625 0.07083333333333333
0 0.7184895833333333 0.9260416666666667 0.0625 0.0703125
0 0.03567708333333333 0.6192708333333333 0.07135416666666666 0.17552083333333332
0 0.8682291666666667 0.84921875 0.07760416666666667 0.10833333333333334
0 0.8838541666666667 0.48098958333333336 0.0546875 0.06614583333333333
0 0.9276041666666667 0.51484375 0.08697916666666666 0.08229166666666667
0 0.484375 0.253125 0.10989583333333333 0.09322916666666667
0 0.6080729166666666 0.4083333333333333 0.07760416666666667 0.084375
0 0.18359375 0.04010416666666667 0.10885416666666667 0.08020833333333334
0 0.55234375 0.5296875 0.05677083333333333 0.09427083333333333
0 0.13046875 0.40546875 0.06354166666666666 0.08541666666666667
0 0.9489583333333333 0.8255208333333334 0.07760416666666667 0.046875
0 0.60390625 0.95234375 0.08802083333333334 0.0953125
0 0.478125 0.40130208333333334 0.1515625 0.103125
0 0.6848958333333334 0.22291666666666668 0.125 0.10208333333333333
0 0.4830729166666667 0.40130208333333334 0.14166666666666666 0.10208333333333333
0 0.68515625 0.22213541666666667 0.12447916666666667 0.1015625
0 0.7015625 0.58125 0.06145833333333333 0.07395833333333333
0 0.76328125 0.16927083333333334 0.08177083333333333 0.06875
0 0.98046875 0.5671875 0.0390625 0.115625
0 0.9473958333333333 0.8958333333333334 0.10520833333333333 0.09739583333333333
0 0.043229166666666666 0.8059895833333334 0.08333333333333333 0.18072916666666666
0 0.11536458333333334 0.9255208333333333 0.06770833333333333 0.058333333333333334
0 0.30807291666666664 0.4197916666666667 0.14114583333333333 0.115625
0 0.86953125 0.8489583333333334 0.0765625 0.10729166666666666
0 0.37447916666666664 0.76640625 0.10833333333333334 0.10729166666666666
0 0.45416666666666666 0.31328125 0.08385416666666666 0.06875
0 0.740625 0.9734375 0.18177083333333333 0.053125
0 0.03046875 0.20989583333333334 0.059375 0.17760416666666667
0 0.0828125 0.27708333333333335 0.10833333333333334 0.12447916666666667
0 0.06328125 0.042708333333333334 0.10364583333333334 0.07604166666666666
0 0.03984375 0.09348958333333333 0.0796875 0.059895833333333336
0 0.4856770833333333 0.16276041666666666 0.1234375 0.11927083333333334
0 0.5828125 0.22942708333333334 0.0765625 0.07916666666666666
0 0.5653645833333333 0.3098958333333333 0.1140625 0.09947916666666666
0 0.878125 0.17239583333333333 0.15625 0.13854166666666667
0 0.9705729166666667 0.21822916666666667 0.058854166666666666 0.090625
0 0.9 0.27005208333333336 0.10572916666666667 0.103125
0 0.8393229166666667 0.4015625 0.15208333333333332 0.13645833333333332
0 0.9619791666666667 0.45703125 0.07604166666666666 0.09895833333333333
0 0.7979166666666667 0.46458333333333335 0.10520833333333333 0.10052083333333334
0 0.8947916666666667 0.5669270833333333 0.11354166666666667 0.0921875
0 0.93828125 0.6580729166666667 0.0609375 0.06822916666666666
0 0.7859375 0.62578125 0.1015625 0.08802083333333334
0 0.86484375 0.6697916666666667 0.075 0.109375
0 0.9856770833333334 0.6567708333333333 0.028645833333333332 0.065625
0 0.9684895833333333 0.7268229166666667 0.06302083333333333 0.09479166666666666
0 0.14895833333333333 0.9736979166666667 0.06770833333333333 0.05260416666666667
0 0.115625 0.6875 0.05 0.053125
0 0.21588541666666666 0.6109375 0.08958333333333333 0.08177083333333333
0 0.38515625 0.57421875 0.2630208333333333 0.2609375
0 0.32786458333333335 0.675 0.08958333333333333 0.07604166666666666
0 0.10651041666666666 0.8057291666666667 0.06875 0.13229166666666667
0 0.2552083333333333 0.765625 0.13125 0.12239583333333333
0 0.41015625 0.8260416666666667 0.11875 0.0984375
0 0.5588541666666667 0.6731770833333334 0.1953125 0.1859375
0 0.12864583333333332 0.16328125 0.14114583333333333 0.1609375
0 0.2669270833333333 0.16276041666666666 0.14270833333333333 0.18385416666666668
0 0.6880208333333333 0.6861979166666666 0.06354166666666666 0.06927083333333334
0 0.94609375 0.0859375 0.1078125 0.171875
0 0.03463541666666667 0.6908854166666667 0.033854166666666664 0.03333333333333333