0 0.73671875 0.28359375 0.090625 0.1390625
0 0.46796875 0.7984375 0.0625 0.071875
0 0.41953125 0.8359375 0.10625 0.1171875
0 0.33046875 0.75 0.1265625 0.121875
0 0.10078125 0.196875 0.0953125 0.10625
0 0.43984375 0.16796875 0.0640625 0.0921875
0 0.30234375 0.85703125 0.090625 0.11875
0 0.165625 0.23984375 0.1265625 0.1203125
0 0.890625 0.5125 0.0859375 0.096875
0 0.94921875 0.06171875 0.1 0.1203125
0 0.9546875 0.3765625 0.0890625 0.10625
0 0.94609375 0.16015625 0.1078125 0.1109375
0 0.39375 0.05390625 0.084375 0.1078125
0 0.2953125 0.2640625 0.1375 0.0953125
0 0.359375 0.15 0.1140625 0.1421875
0 0.565625 0.38828125 0.1484375 0.153125
0 0.3890625 0.94453125 0.1640625 0.109375
0 0.5203125 0.79921875 0.0953125 0.08125
0 0.28515625 0.0671875 0.109375 0.134375
0 0.2046875 0.50859375 0.10625 0.115625
0 0.315625 0.63515625 0.1390625 0.1234375
0 0.134375 0.571875 0.11875 0.0984375
0 0.72890625 0.13671875 0.0921875 0.1109375
0 0.04765625 0.61328125 0.0953125 0.1203125
0 0.115625 0.4234375 0.0953125 0.1
0 0.2390625 0.11796875 0.0921875 0.109375
0 0.48125 0.9109375 0.09375 0.134375
0 0.4015625 0.39453125 0.0734375 0.071875
0 0.93125 0.55234375 0.1296875 0.1015625
0 0.41796875 0.4921875 0.1203125 0.1265625
0 0.78515625 0.60234375 0.0640625 0.084375
0 0.7125 0.5984375 0.0984375 0.1
0 0.15859375 0.75 0.165625 0.115625
0 0.3015625 0.5203125 0.11875 0.1171875
0 0.18046875 0.39140625 0.1109375 0.1265625
0 0.14375 0.03984375 0.128125 0.0796875
0 0.62265625 0.84296875 0.109375 0.125
0 0.65703125 0.2453125 0.0890625 0.0890625
0 0.7234375 0.0515625 0.1265625 0.103125
0 0.8140625 0.515625 0.109375 0.1265625
0 0.6140625 0.0875 0.05625 0.0828125
0 0.49609375 0.43359375 0.0765625 0.1421875
0 0.11796875 0.30859375 0.0859375 0.071875
0 0.21484375 0.61328125 0.0859375 0.075
0 0.309375 0.35078125 0.1265625 0.121875
0 0.85390625 0.61875 0.0796875 0.08125
0 0.90234375 0.63984375 0.1453125 0.115625
0 0.5046875 0.20546875 0.1046875 0.1265625
0 0.6734375 0.8859375 0.1171875 0.1328125
0 0.54453125 0.06328125 0.0953125 0.1265625
0 0.7171875 0.7375 0.15625 0.1578125
0 0.82890625 0.21953125 0.1203125 0.134375
0 0.08671875 0.515625 0.115625 0.0953125
0 0.69609375 0.4625 0.1421875 0.1546875
0 0.92578125 0.7375 0.134375 0.1015625
0 0.46171875 0.06171875 0.0828125 0.1234375
0 0.3515625 0.46953125 0.0640625 0.0671875
0 0.10390625 0.08671875 0.14375 0.146875
0 0.33125 0.18984375 0.10625 0.1109375
0 0.53671875 0.6546875 0.1375 0.140625
0 0.584375 0.203125 0.0875 0.1578125
0 0.946875 0.2484375 0.10625 0.1265625
0 0.6515625 0.296875 0.090625 0.0890625
0 0.675 0.1546875 0.1078125 0.1109375
0 0.7984375 0.05390625 0.090625 0.1078125
0 0.453125 0.6984375 0.1046875 0.1390625
0 0.35625 0.32421875 0.0703125 0.0921875
0 0.27890625 0.384375 0.13125 0.103125
0 0.56796875 0.49609375 0.1375 0.134375
0 0.20078125 0.8140625 0.1203125 0.134375
0 0.1703125 0.671875 0.134375 0.1296875
0 0.646875 0.53359375 0.0859375 0.0828125
0 0.5484375 0.896875 0.0859375 0.115625
0 0.2390625 0.19453125 0.0890625 0.0828125
0 0.70703125 0.3609375 0.146875 0.0796875
0 0.846875 0.096875 0.1046875 0.1125