0 0.0796875 0.23203125 0.1328125 0.1375
0 0.80390625 0.71328125 0.0625 0.1046875
0 0.34140625 0.0984375 0.078125 0.0875
0 0.85390625 0.1734375 0.1296875 0.13125
0 0.21796875 0.27890625 0.1078125 0.115625
0 0.1484375 0.1859375 0.11875 0.0953125
0 0.64609375 0.17578125 0.0984375 0.11875
0 0.51328125 0.37734375 0.075 0.06875
0 0.46171875 0.7609375 0.0703125 0.071875
0 0.69140625 0.46171875 0.109375 0.0953125
0 0.6859375 0.2890625 0.0953125 0.109375
0 0.0921875 0.11953125 0.1109375 0.084375
0 0.5609375 0.3359375 0.14375 0.15
0 0.09140625 0.346875 0.1453125 0.1453125
0 0.31875 0.25078125 0.146875 0.1703125
0 0.53828125 0.4859375 0.1296875 0.1328125
0 0.8015625 0.5546875 0.11875 0.134375
0 0.96328125 0.1296875 0.071875 0.06875
0 0.13359375 0.953125 0.134375 0.09375
0 0.17265625 0.64765625 0.1671875 0.1359375
0 0.596875 0.28125 0.1078125 0.140625
0 0.80078125 0.34453125 0.08125 0.10625
0 0.65234375 0.6734375 0.1234375 0.1
0 0.12734375 0.49609375 0.134375 0.1421875
0 0.73046875 0.17109375 0.0765625 0.0703125
0 0.93359375 0.3234375 0.1328125 0.09375
0 0.63671875 0.58125 0.1828125 0.1171875
0 0.225 0.478125 0.121875 0.134375
0 0.5984375 0.940625 0.053125 0.0671875
0 0.3109375 0.68203125 0.1609375 0.15
0 0.17890625 0.77109375 0.096875 0.096875
0 0.65859375 0.91796875 0.04375 0.053125
0 0.3765625 0.47421875 0.1734375 0.2078125
0 0.44609375 0.15546875 0.059375 0.1
0 0.42578125 0.290625 0.115625 0.1734375
0 0.57109375 0.87578125 0.0328125 0.05625
0 0.4859375 0.596875 0.1046875 0.115625
0 0.33828125 0.765625 0.090625 0.08125
0 0.3796875 0.5890625 0.1078125 0.096875
0 0.925 0.45390625 0.084375 0.109375
0 0.8578125 0.08203125 0.06875 0.0703125
0 0.50625 0.2125 0.0921875 0.103125
0 0.5234375 0.775 0.065625 0.053125
0 0.859375 0.36015625 0.0609375 0.0515625
0 0.04296875 0.59453125 0.0859375 0.0921875
0 0.9671875 0.52578125 0.0640625 0.065625
0 0.94296875 0.18359375 0.0640625 0.05
0 0.84609375 0.45078125 0.1109375 0.125
0 0.25625 0.16015625 0.0765625 0.071875
0 0.7515625 0.06875 0.1265625 0.1328125
0 0.92109375 0.7125 0.15625 0.25