0 0.82734375 0.234375 0.09375 0.0515625
0 0.33828125 0.0765625 0.0765625 0.0796875
0 0.44296875 0.5984375 0.090625 0.078125
0 0.821875 0.8546875 0.0890625 0.0953125
0 0.496875 0.80390625 0.090625 0.1
0 0.4703125 0.92890625 0.1546875 0.1390625
0 0.7546875 0.6984375 0.0796875 0.0765625
0 0.83828125 0.6703125 0.071875 0.0671875
0 0.58671875 0.553125 0.084375 0.0671875
0 0.8796875 0.93125 0.1234375 0.1015625
0 0.7625 0.06796875 0.0640625 0.0828125
0 0.4359375 0.259375 0.0796875 0.0828125
0 0.49609375 0.61484375 0.0796875 0.071875
0 0.26328125 0.2890625 0.1109375 0.0953125
0 0.79609375 0.29609375 0.08125 0.0859375
0 0.9015625 0.06171875 0.0875 0.1171875
0 0.24140625 0.05234375 0.09375 0.1046875
0 0.1125 0.109375 0.115625 0.11875
0 0.4765625 0.509375 0.1625 0.134375
0 0.921875 0.84296875 0.103125 0.128125
0 0.24375 0.21484375 0.1078125 0.096875
0 0.690625 0.825 0.1078125 0.1078125
0 0.603125 0.328125 0.121875 0.1265625
0 0.57265625 0.8703125 0.1140625 0.13125
0 0.5640625 0.60703125 0.075 0.09375
0 0.8125 0.1875 0.103125 0.0890625
0 0.05625 0.2234375 0.1125 0.1625
0 0.90390625 0.6328125 0.109375 0.1171875
0 0.6890625 0.91015625 0.0921875 0.0984375
0 0.4390625 0.18671875 0.075 0.071875
0 0.7171875 0.040625 0.0703125 0.08125
0 0.19140625 0.6015625 0.075 0.0703125
0 0.83046875 0.109375 0.0921875 0.0796875
0 0.33515625 0.47109375 0.1421875 0.1234375
0 0.696875 0.21796875 0.0671875 0.0609375
0 0.4140625 0.7359375 0.109375 0.1125
0 0.55546875 0.19921875 0.1640625 0.115625
0 0.5484375 0.38671875 0.0859375 0.1
0 0.91875 0.46171875 0.103125 0.10625
0 0.89375 0.53671875 0.075 0.0671875
0 0.48359375 0.3171875 0.0859375 0.10625
0 0.1078125 0.68125 0.134375 0.1203125
0 0.7265625 0.40625 0.1125 0.11875
0 0.3953125 0.05625 0.0609375 0.0625
0 0.359375 0.20078125 0.0953125 0.0734375
0 0.64296875 0.05234375 0.0984375 0.1046875
0 0.30078125 0.35625 0.11875 0.1046875
0 0.74140625 0.75546875 0.084375 0.0734375
0 0.47109375 0.665625 0.0671875 0.05
0 0.1859375 0.8484375 0.121875 0.1203125
0 0.9203125 0.16796875 0.115625 0.1109375
0 0.1703125 0.5015625 0.14375 0.128125
0 0.11484375 0.41640625 0.14375 0.146875
0 0.4 0.12265625 0.0640625 0.0796875
0 0.23984375 0.759375 0.078125 0.1015625
0 0.62578125 0.46328125 0.1421875 0.1546875
0 0.7375 0.625 0.1 0.1046875
0 0.4640625 0.11484375 0.0875 0.09375
0 0.39609375 0.865625 0.0953125 0.115625
0 0.94375 0.27578125 0.1109375 0.1609375
0 0.65078125 0.24140625 0.0609375 0.0796875
0 0.75703125 0.80625 0.078125 0.0765625
0 0.16171875 0.0765625 0.103125 0.1296875
0 0.553125 0.69765625 0.0984375 0.10625
0 0.88203125 0.71875 0.1 0.0703125
0 0.3140625 0.678125 0.1515625 0.1265625
0 0.45859375 0.05390625 0.0828125 0.075
0 0.4796875 0.725 0.075 0.0828125
0 0.3453125 0.2609375 0.0921875 0.06875
0 0.25 0.42265625 0.0890625 0.1125
0 0.68125 0.14921875 0.096875 0.0984375
0 0.32265625 0.13125 0.0765625 0.084375
0 0.2 0.9203125 0.1265625 0.1578125
0 0.759375 0.5375 0.075 0.1
0 0.3375 0.57734375 0.1328125 0.103125
0 0.56640625 0.1046875 0.1578125 0.0921875
0 0.8 0.5109375 0.0828125 0.0875
0 0.834375 0.48671875 0.090625 0.084375
0 0.359375 0.79375 0.065625 0.1015625
0 0.834375 0.3953125 0.13125 0.1265625
0 0.20703125 0.72109375 0.1046875 0.1390625
0 0.06484375 0.90625 0.128125 0.140625
0 0.6765625 0.54296875 0.0875 0.1109375
0 0.07109375 0.58203125 0.1421875 0.1390625
0 0.81484375 0.04921875 0.0890625 0.090625
0 0.75703125 0.93125 0.0609375 0.134375
0 0.88515625 0.3296875 0.103125 0.13125
0 0.63828125 0.6484375 0.1015625 0.0953125
0 0.109375 0.79609375 0.128125 0.128125
0 0.54140625 0.0453125 0.1015625 0.090625
0 0.7640625 0.1234375 0.0484375 0.05625