0 0.34609375 0.31328125 0.0859375 0.1140625
0 0.54765625 0.2703125 0.0796875 0.065625
0 0.62265625 0.43828125 0.04375 0.053125
0 0.428125 0.30390625 0.046875 0.0546875
0 0.19296875 0.790625 0.1765625 0.1921875
0 0.259375 0.64765625 0.103125 0.0859375
0 0.5734375 0.3625 0.103125 0.1171875
0 0.1046875 0.3171875 0.078125 0.0703125
0 0.12109375 0.71015625 0.0796875 0.090625
0 0.26484375 0.5890625 0.0609375 0.0484375
0 0.91015625 0.95390625 0.0875 0.0921875
0 0.203125 0.03515625 0.0875 0.0703125
0 0.66796875 0.4578125 0.0546875 0.0578125
0 0.65078125 0.9328125 0.1609375 0.1328125
0 0.78671875 0.28125 0.09375 0.0859375
0 0.4375 0.478125 0.0671875 0.0765625
0 0.21328125 0.2609375 0.0953125 0.09375
0 0.80546875 0.73125 0.1078125 0.1109375
0 0.784375 0.2078125 0.0609375 0.0640625
0 0.846875 0.87265625 0.096875 0.0796875
0 0.41171875 0.66171875 0.1234375 0.15625
0 0.05625 0.94140625 0.090625 0.10625
0 0.6796875 0.6265625 0.0515625 0.0578125
0 0.90703125 0.39140625 0.0640625 0.0578125
0 0.85546875 0.45078125 0.0640625 0.046875
0 0.51015625 0.48359375 0.075 0.0953125
0 0.034375 0.18671875 0.06875 0.0796875
0 0.0859375 0.6171875 0.1078125 0.1125
0 0.30078125 0.4125 0.0765625 0.0765625
0 0.40859375 0.4125 0.0609375 0.0546875
0 0.1609375 0.48359375 0.06875 0.0765625
0 0.54609375 0.46875 0.0796875 0.090625
0 0.60078125 0.25625 0.075 0.0796875
0 0.1828125 0.425 0.046875 0.046875
0 0.34765625 0.51484375 0.08125 0.0703125
0 0.425 0.37734375 0.0828125 0.09375
0 0.284375 0.4734375 0.046875 0.046875
0 0.88828125 0.83125 0.0921875 0.0984375
0 0.665625 0.07734375 0.08125 0.0875
0 0.65 0.70703125 0.146875 0.1296875
0 0.6203125 0.5984375 0.09375 0.06875
0 0.0421875 0.2578125 0.0640625 0.0546875
0 0.30078125 0.7515625 0.0796875 0.1015625
0 0.5890625 0.43359375 0.0578125 0.05625
0 0.54609375 0.54921875 0.1046875 0.0671875
0 0.1421875 0.603125 0.071875 0.065625
0 0.7921875 0.94375 0.1140625 0.1109375
0 0.64375 0.39921875 0.0671875 0.078125
0 0.3875 0.08203125 0.0703125 0.0984375
0 0.96484375 0.790625 0.06875 0.0890625
0 0.55078125 0.6890625 0.0953125 0.1359375
0 0.1078125 0.065625 0.071875 0.0609375
0 0.32578125 0.1140625 0.06875 0.0828125
0 0.796875 0.35 0.084375 0.0875
0 0.80703125 0.0890625 0.103125 0.0921875
0 0.48125 0.94921875 0.09375 0.090625
0 0.70546875 0.35703125 0.103125 0.071875
0 0.17265625 0.54296875 0.0953125 0.0875
0 0.33515625 0.584375 0.065625 0.075
0 0.3984375 0.93203125 0.0765625 0.0953125
0 0.709375 0.42734375 0.0484375 0.0625
0 0.13203125 0.03515625 0.053125 0.0703125
0 0.57578125 0.07734375 0.0546875 0.0640625
0 0.72421875 0.07421875 0.0625 0.071875
0 0.909375 0.3359375 0.0640625 0.0625
0 0.890625 0.7 0.0921875 0.0765625
0 0.41875 0.54375 0.090625 0.0765625
0 0.12578125 0.4 0.0875 0.0921875
0 0.49375 0.35390625 0.0671875 0.0875
0 0.73671875 0.609375 0.10625 0.1
0 0.47265625 0.1921875 0.084375 0.103125
0 0.675 0.28515625 0.0671875 0.0609375
0 0.2234375 0.11484375 0.1 0.075
0 0.8140625 0.53125 0.078125 0.05625
0 0.9125 0.75703125 0.071875 0.05625
0 0.63671875 0.54140625 0.0828125 0.0609375
0 0.946875 0.30703125 0.0546875 0.071875
0 0.72265625 0.24140625 0.0515625 0.0421875
0 0.09921875 0.45703125 0.053125 0.0375
0 0.39140625 0.1671875 0.1 0.0703125
0 0.921875 0.1265625 0.121875 0.10625
0 0.04765625 0.08671875 0.084375 0.1015625
0 0.38828125 0.23828125 0.090625 0.0828125
0 0.32421875 0.95703125 0.0765625 0.0703125
0 0.46484375 0.85625 0.103125 0.1390625
0 0.25 0.51875 0.0765625 0.071875
0 0.7625 0.40625 0.071875 0.0609375
0 0.10703125 0.22890625 0.090625 0.0796875
0 0.3171875 0.34296875 0.075 0.090625
0 0.48828125 0.6453125 0.065625 0.0796875
0 0.2171875 0.1859375 0.090625 0.090625
0 0.08203125 0.80625 0.0953125 0.1359375
0 0.64609375 0.034375 0.0953125 0.06875
0 0.184375 0.29140625 0.0703125 0.0609375
0 0.2171875 0.4515625 0.0640625 0.0640625
0 0.90546875 0.28125 0.0703125 0.071875
0 0.65703125 0.2125 0.084375 0.0859375
0 0.859375 0.59375 0.090625 0.0625
0 0.35625 0.4296875 0.0546875 0.0796875
0 0.0375 0.40390625 0.075 0.075
0 0.15078125 0.9375 0.1390625 0.125
0 0.12734375 0.1421875 0.084375 0.0828125
0 0.59609375 0.51015625 0.0453125 0.0453125
0 0.53671875 0.2140625 0.0578125 0.06875
0 0.84140625 0.490625 0.0609375 0.0484375
0 0.46015625 0.10078125 0.0828125 0.0953125