0 0.18984375 0.7359375 0.121875 0.09375
0 0.6578125 0.7640625 0.1875 0.271875
0 0.07109375 0.2609375 0.1421875 0.159375
0 0.37265625 0.73671875 0.1921875 0.2015625
0 0.56953125 0.0859375 0.1703125 0.11875
0 0.071875 0.77421875 0.0921875 0.1234375
0 0.7875 0.19296875 0.253125 0.3046875
0 0.11328125 0.40859375 0.1328125 0.13125
0 0.17890625 0.34296875 0.125 0.1015625
0 0.70859375 0.89453125 0.159375 0.125
0 0.45234375 0.80859375 0.1578125 0.1953125
0 0.46171875 0.3078125 0.1296875 0.146875
0 0.44921875 0.16875 0.1515625 0.159375
0 0.28671875 0.86328125 0.103125 0.1328125
0 0.83671875 0.56796875 0.175 0.184375
0 0.1453125 0.18515625 0.128125 0.1625
0 0.20859375 0.55 0.109375 0.09375
0 0.3328125 0.33515625 0.1515625 0.1203125
0 0.60625 0.315625 0.1734375 0.1828125
0 0.146875 0.8046875 0.1203125 0.1015625
0 0.6046875 0.17890625 0.16875 0.125
0 0.2640625 0.9421875 0.1390625 0.1125
0 0.06640625 0.53828125 0.1328125 0.1359375
0 0.365625 0.88671875 0.1046875 0.109375
0 0.765625 0.71953125 0.1984375 0.25625
0 0.92421875 0.49453125 0.15 0.1703125
0 0.290625 0.4859375 0.2359375 0.184375
0 0.1453125 0.89453125 0.14375 0.1171875
0 0.9375 0.63984375 0.1234375 0.1296875
0 0.2359375 0.80078125 0.1046875 0.0828125
0 0.76171875 0.95078125 0.0703125 0.059375
0 0.9359375 0.90546875 0.1265625 0.1875
0 0.359375 0.10390625 0.1765625 0.1546875
0 0.296875 0.64921875 0.1578125 0.1578125
0 0.18671875 0.65703125 0.08125 0.1109375
0 0.28359375 0.2078125 0.1796875 0.2421875
0 0.10859375 0.6828125 0.0890625 0.09375
0 0.92890625 0.2265625 0.1390625 0.171875