0 0.715625 0.13203125 0.0765625 0.06875
0 0.2421875 0.78125 0.121875 0.1
0 0.3046875 0.32265625 0.078125 0.0765625
0 0.03671875 0.2484375 0.0734375 0.0578125
0 0.08359375 0.77890625 0.0828125 0.0828125
0 0.953125 0.21484375 0.0875 0.078125
0 0.43125 0.5875 0.084375 0.1015625
0 0.640625 0.19765625 0.0671875 0.0875
0 0.25 0.57109375 0.065625 0.06875
0 0.60703125 0.87109375 0.0921875 0.1078125
0 0.26875 0.08359375 0.0921875 0.096875
0 0.55625 0.19921875 0.059375 0.071875
0 0.4234375 0.84453125 0.1015625 0.1109375
0 0.2875 0.37890625 0.0609375 0.05
0 0.34765625 0.46171875 0.0546875 0.05625
0 0.46875 0.109375 0.0640625 0.090625
0 0.13515625 0.9640625 0.05625 0.0703125
0 0.490625 0.8828125 0.065625 0.10625
0 0.0375 0.42109375 0.053125 0.059375
0 0.7609375 0.40859375 0.078125 0.065625
0 0.3859375 0.07421875 0.065625 0.0703125
0 0.146875 0.1015625 0.075 0.090625
0 0.55703125 0.44140625 0.05 0.0609375
0 0.93515625 0.06015625 0.078125 0.0796875
0 0.603125 0.95625 0.0875 0.0828125
0 0.7984375 0.45234375 0.078125 0.075
0 0.6015625 0.07734375 0.059375 0.0890625
0 0.24296875 0.6296875 0.0796875 0.0859375
0 0.3046875 0.03125 0.1046875 0.0625
0 0.92109375 0.77890625 0.084375 0.09375
0 0.5875 0.30625 0.075 0.071875
0 0.15390625 0.3765625 0.0515625 0.071875
0 0.1671875 0.82109375 0.0875 0.0875
0 0.584375 0.49375 0.0578125 0.05
0 0.165625 0.67109375 0.0703125 0.0796875
0 0.34296875 0.59375 0.11875 0.1203125
0 0.0859375 0.6828125 0.0890625 0.075
0 0.965625 0.390625 0.0640625 0.0921875
0 0.6125 0.56875 0.06875 0.06875
0 0.27109375 0.271875 0.0640625 0.059375
0 0.05546875 0.315625 0.06875 0.05
0 0.9125 0.4109375 0.09375 0.0984375
0 0.6078125 0.77734375 0.06875 0.0875
0 0.26796875 0.421875 0.0921875 0.075
0 0.9046875 0.6875 0.078125 0.0765625
0 0.340625 0.41484375 0.046875 0.04375
0 0.2265625 0.47421875 0.1 0.0984375
0 0.221875 0.034375 0.0796875 0.06875
0 0.225 0.1359375 0.121875 0.128125
0 0.76015625 0.815625 0.0765625 0.0859375
0 0.07578125 0.36875 0.0890625 0.084375
0 0.74453125 0.321875 0.1015625 0.1015625
0 0.67578125 0.4140625 0.0921875 0.096875
0 0.54375 0.903125 0.0828125 0.109375
0 0.6703125 0.759375 0.06875 0.0765625
0 0.34765625 0.0921875 0.0484375 0.0609375
0 0.459375 0.24609375 0.0875 0.078125
0 0.32578125 0.65703125 0.040625 0.046875
0 0.91796875 0.6078125 0.0765625 0.078125
0 0.6640625 0.52890625 0.0640625 0.075
0 0.2421875 0.3328125 0.0546875 0.046875
0 0.8890625 0.2328125 0.059375 0.0515625
0 0.71484375 0.66875 0.1015625 0.096875
0 0.70703125 0.575 0.0640625 0.065625
0 0.4546875 0.9390625 0.0734375 0.08125
0 0.53984375 0.075 0.0734375 0.103125
0 0.16171875 0.2859375 0.071875 0.0796875
0 0.515625 0.4375 0.0546875 0.0625
0 0.5203125 0.3921875 0.0453125 0.0546875
0 0.18203125 0.2265625 0.0796875 0.0640625
0 0.696875 0.8640625 0.0765625 0.075
0 0.1625 0.47890625 0.0546875 0.0515625
0 0.73203125 0.1953125 0.0625 0.0703125
0 0.09296875 0.1390625 0.0859375 0.071875
0 0.06484375 0.18671875 0.0875 0.08125
0 0.16875 0.57890625 0.096875 0.0921875
0 0.5296875 0.64140625 0.0875 0.125
0 0.3609375 0.13828125 0.059375 0.05625
0 0.41171875 0.125 0.06875 0.0890625
0 0.1125 0.30234375 0.0625 0.0640625
0 0.52421875 0.82109375 0.0828125 0.0703125
0 0.18828125 0.1796875 0.0875 0.06875
0 0.41171875 0.4796875 0.084375 0.0671875
0 0.48359375 0.7078125 0.0953125 0.0921875
0 0.41328125 0.334375 0.078125 0.0828125
0 0.0453125 0.8328125 0.071875 0.0734375
0 0.40234375 0.7203125 0.0828125 0.084375
0 0.2375 0.2421875 0.0546875 0.05
0 0.86484375 0.63984375 0.071875 0.0640625
0 0.67265625 0.47578125 0.0578125 0.0609375
0 0.8390625 0.44296875 0.05 0.059375
0 0.1109375 0.48515625 0.0703125 0.0765625
0 0.79453125 0.2015625 0.0546875 0.0515625
0 0.79609375 0.5640625 0.109375 0.090625
0 0.10390625 0.26953125 0.05625 0.0453125
0 0.3109375 0.521875 0.0625 0.059375
0 0.2171875 0.30078125 0.0609375 0.0703125
0 0.67890625 0.1015625 0.0609375 0.0671875
0 0.44765625 0.51953125 0.059375 0.0625
0 0.26484375 0.70703125 0.1 0.0921875
0 0.7375 0.9578125 0.06875 0.0609375
0 0.08125 0.08984375 0.0796875 0.06875
0 0.71875 0.49609375 0.05 0.0625
0 0.38203125 0.9125 0.0765625 0.084375
0 0.8359375 0.840625 0.096875 0.1265625
0 0.81015625 0.68359375 0.0671875 0.0640625
0 0.30078125 0.94375 0.071875 0.075
0 0.3203125 0.203125 0.0765625 0.0609375
0 0.4703125 0.40546875 0.0640625 0.078125
0 0.56171875 0.15078125 0.065625 0.0609375
0 0.9390625 0.9359375 0.0796875 0.084375
0 0.8171875 0.2671875 0.09375 0.071875
0 0.42890625 0.6640625 0.0671875 0.0640625
0 0.8890625 0.03203125 0.0765625 0.0640625
0 0.5015625 0.4921875 0.0609375 0.0640625
0 0.54921875 0.796875 0.071875 0.08125
0 0.55703125 0.53125 0.0953125 0.0859375
0 0.6078125 0.37265625 0.0734375 0.0921875
0 0.89375 0.9546875 0.0640625 0.0765625
0 0.66171875 0.15 0.0625 0.05625
0 0.12578125 0.04453125 0.0796875 0.0640625
0 0.234375 0.8796875 0.109375 0.11875
0 0.49140625 0.1921875 0.075 0.0765625
0 0.853125 0.57890625 0.0578125 0.1046875
0 0.3890625 0.21328125 0.0859375 0.0984375
0 0.1 0.8875 0.0640625 0.0796875
0 0.34453125 0.503125 0.0484375 0.05
0 0.19375 0.39609375 0.0671875 0.06875
0 0.159375 0.89375 0.090625 0.090625
0 0.6375 0.28046875 0.0484375 0.053125
0 0.66328125 0.80625 0.0671875 0.0640625
0 0.828125 0.05703125 0.09375 0.1
0 0.3125 0.84140625 0.0796875 0.1046875
0 0.771875 0.93125 0.0640625 0.0828125
0 0.59765625 0.69921875 0.0640625 0.0890625
0 0.7203125 0.53671875 0.0734375 0.05
0 0.703125 0.90703125 0.0953125 0.08125
0 0.46484375 0.78359375 0.084375 0.0859375
0 0.1015625 0.63671875 0.0734375 0.0640625
0 0.07109375 0.58984375 0.1078125 0.065625
0 0.48046875 0.30625 0.0859375 0.084375