0 0.4765625 0.61875 0.134375 0.1453125
0 0.76953125 0.9296875 0.075 0.09375
0 0.55 0.79609375 0.0875 0.121875
0 0.0421875 0.49296875 0.084375 0.1328125
0 0.61171875 0.16640625 0.10625 0.1390625
0 0.5484375 0.30625 0.146875 0.1625
0 0.70390625 0.15078125 0.0953125 0.146875
0 0.48515625 0.07421875 0.1125 0.1421875
0 0.4859375 0.40234375 0.1578125 0.196875
0 0.57109375 0.70078125 0.0921875 0.1
0 0.165625 0.084375 0.115625 0.11875
0 0.38671875 0.865625 0.1109375 0.1265625
0 0.7046875 0.92578125 0.128125 0.1484375
0 0.740625 0.275 0.171875 0.1890625
0 0.42109375 0.48671875 0.096875 0.1390625
0 0.82421875 0.58984375 0.090625 0.1359375
0 0.3359375 0.471875 0.11875 0.178125
0 0.9390625 0.23046875 0.1171875 0.121875
0 0.84453125 0.115625 0.165625 0.1625
0 0.32109375 0.28671875 0.1546875 0.196875
0 0.0453125 0.60390625 0.090625 0.0984375
0 0.63671875 0.740625 0.1125 0.11875
0 0.8875 0.4140625 0.0640625 0.0609375
0 0.86796875 0.47734375 0.071875 0.0796875
0 0.603125 0.0453125 0.11875 0.0859375
0 0.384375 0.1 0.1578125 0.19375
0 0.9140625 0.60625 0.1109375 0.1109375
0 0.91171875 0.93125 0.1375 0.1296875
0 0.178125 0.29375 0.15 0.1703125
0 0.9015625 0.37265625 0.13125 0.1109375
0 0.721875 0.04609375 0.115625 0.0921875
0 0.71953125 0.6625 0.11875 0.115625
0 0.10625 0.86875 0.14375 0.128125
0 0.2125 0.125 0.153125 0.140625
0 0.06875 0.2984375 0.1328125 0.184375
0 0.04609375 0.8140625 0.0921875 0.0859375
0 0.60859375 0.86640625 0.1078125 0.109375
0 0.70625 0.7640625 0.04375 0.090625
0 0.88125 0.7359375 0.1375 0.1375
0 0.2234375 0.04296875 0.1421875 0.0828125
0 0.78125 0.85 0.1171875 0.103125
0 0.946875 0.846875 0.1046875 0.1234375
0 0.2328125 0.4203125 0.1453125 0.1625
0 0.94921875 0.09453125 0.1 0.165625
0 0.9484375 0.5296875 0.09375 0.065625
0 0.6484375 0.50390625 0.0984375 0.11875
0 0.8734375 0.8421875 0.1 0.0828125
0 0.7515625 0.55390625 0.09375 0.075
0 0.16953125 0.55625 0.1890625 0.2015625
0 0.765625 0.64609375 0.09375 0.10625
0 0.10546875 0.45 0.109375 0.1046875
0 0.9390625 0.46171875 0.1046875 0.10625
0 0.45703125 0.2171875 0.1375 0.140625
0 0.45703125 0.78984375 0.0640625 0.1
0 0.49140625 0.8609375 0.128125 0.184375
0 0.62109375 0.621875 0.134375 0.121875
0 0.33203125 0.78125 0.1546875 0.2015625
0 0.26640625 0.6 0.0953125 0.0796875
0 0.2296875 0.86328125 0.1078125 0.0875