0 0.23203125 0.33984375 0.121875 0.0984375
0 0.7015625 0.8328125 0.0984375 0.1375
0 0.1734375 0.3828125 0.0734375 0.0703125
0 0.1515625 0.7953125 0.1328125 0.15625
0 0.39453125 0.44296875 0.1078125 0.1015625
0 0.43203125 0.95 0.1109375 0.1
0 0.540625 0.41640625 0.096875 0.10625
0 0.46484375 0.65625 0.1125 0.1125
0 0.15703125 0.0828125 0.0953125 0.1078125
0 0.70234375 0.71875 0.0703125 0.09375
0 0.60234375 0.2125 0.1109375 0.11875
0 0.30859375 0.9375 0.06875 0.11875
0 0.67578125 0.59765625 0.1046875 0.1234375
0 0.4984375 0.8890625 0.0890625 0.1578125
0 0.75 0.1921875 0.159375 0.1578125
0 0.465625 0.56953125 0.0796875 0.06875
0 0.21484375 0.24453125 0.115625 0.103125
0 0.48203125 0.48046875 0.0828125 0.0921875
0 0.29921875 0.09375 0.1421875 0.1515625
0 0.578125 0.8921875 0.0765625 0.1265625
0 0.165625 0.6328125 0.1265625 0.1828125
0 0.87890625 0.38515625 0.1953125 0.1234375
0 0.5671875 0.55078125 0.1015625 0.1078125
0 0.24375 0.771875 0.1171875 0.1359375
0 0.48125 0.33828125 0.096875 0.1078125
0 0.6203125 0.47265625 0.090625 0.13125
0 0.8125 0.5875 0.109375 0.0984375
0 0.63828125 0.7859375 0.078125 0.1140625
0 0.40703125 0.21796875 0.175 0.1359375
0 0.34453125 0.79296875 0.121875 0.1171875
0 0.49609375 0.1421875 0.115625 0.1234375
0 0.40625 0.86875 0.1421875 0.1640625
0 0.878125 0.134375 0.1 0.1046875
0 0.13203125 0.94375 0.1 0.1109375
0 0.784375 0.74765625 0.1109375 0.14375
0 0.56015625 0.6234375 0.075 0.0546875
0 0.89296875 0.61875 0.1109375 0.121875
0 0.378125 0.33828125 0.1109375 0.1109375