0 0.69375 0.16484375 0.0984375 0.10625
0 0.89453125 0.23359375 0.0671875 0.053125
0 0.2703125 0.71015625 0.13125 0.103125
0 0.121875 0.3421875 0.09375 0.0921875
0 0.584375 0.8171875 0.1375 0.18125
0 0.53671875 0.66328125 0.090625 0.0765625
0 0.76484375 0.12734375 0.075 0.071875
0 0.54765625 0.15078125 0.096875 0.103125
0 0.4765625 0.26328125 0.1390625 0.1078125
0 0.77109375 0.05234375 0.0953125 0.1
0 0.11875 0.7265625 0.1859375 0.1296875
0 0.65625 0.31328125 0.0859375 0.084375
0 0.7859375 0.7578125 0.0890625 0.1453125
0 0.80625 0.4765625 0.121875 0.1
0 0.4359375 0.17734375 0.1234375 0.10625
0 0.19765625 0.85859375 0.1421875 0.128125
0 0.0578125 0.93125 0.115625 0.121875
0 0.72890625 0.2609375 0.115625 0.121875
0 0.1796875 0.56171875 0.109375 0.1125
0 0.334375 0.79453125 0.1234375 0.134375
0 0.7765625 0.1890625 0.0671875 0.0734375
0 0.69453125 0.75546875 0.109375 0.1171875
0 0.9328125 0.69765625 0.134375 0.115625
0 0.33046875 0.60625 0.115625 0.11875
0 0.140625 0.9578125 0.1125 0.08125
0 0.3109375 0.3484375 0.09375 0.1125
0 0.6640625 0.690625 0.103125 0.1109375
0 0.8734375 0.28515625 0.053125 0.053125
0 0.96328125 0.21484375 0.0703125 0.0796875
0 0.0671875 0.48984375 0.134375 0.1421875
0 0.728125 0.8875 0.1671875 0.15
0 0.54140625 0.4609375 0.1 0.0921875
0 0.9703125 0.5796875 0.0578125 0.08125
0 0.4453125 0.0875 0.11875 0.1171875
0 0.83203125 0.2375 0.0671875 0.0640625
0 0.86015625 0.17265625 0.078125 0.0796875
0 0.625 0.18828125 0.075 0.1109375
0 0.16796875 0.43125 0.0875 0.103125
0 0.815625 0.34453125 0.1015625 0.09375
0 0.5765625 0.56328125 0.0671875 0.0796875
0 0.08828125 0.27578125 0.0875 0.065625
0 0.48046875 0.771875 0.128125 0.1765625
0 0.921875 0.79296875 0.0890625 0.0671875
0 0.2515625 0.40546875 0.071875 0.0984375
0 0.8546875 0.7671875 0.090625 0.053125
0 0.29296875 0.91171875 0.1203125 0.128125
0 0.82265625 0.2875 0.0671875 0.05625
0 0.58203125 0.946875 0.10625 0.103125
0 0.24375 0.5765625 0.1359375 0.1484375
0 0.49140625 0.92265625 0.109375 0.1546875
0 0.5953125 0.3640625 0.1375 0.1203125
0 0.065625 0.83046875 0.1171875 0.1015625
0 0.04140625 0.33203125 0.0734375 0.071875
0 0.803125 0.60234375 0.1359375 0.1
0 0.4125 0.4375 0.128125 0.125
0 0.925 0.4 0.115625 0.11875
0 0.79453125 0.54765625 0.128125 0.0640625
0 0.403125 0.9234375 0.09375 0.1515625