0 0.8 0.24375 0.165625 0.23125
0 0.94609375 0.0921875 0.1078125 0.184375
0 0.6234375 0.08203125 0.146875 0.1625
0 0.53125 0.7171875 0.19375 0.2421875
0 0.47109375 0.86171875 0.1890625 0.2109375
0 0.7921875 0.91796875 0.2171875 0.159375
0 0.26875 0.07265625 0.1375 0.1453125
0 0.1 0.36484375 0.2 0.2796875
0 0.9078125 0.26875 0.18125 0.2375
0 0.1734375 0.62734375 0.2703125 0.2921875
0 0.7078125 0.70625 0.2234375 0.278125
0 0.8234375 0.59609375 0.246875 0.203125
0 0.846875 0.0796875 0.1609375 0.1578125
0 0.1421875 0.8890625 0.2828125 0.21875
0 0.3328125 0.78984375 0.2140625 0.25625
0 0.73203125 0.45859375 0.18125 0.171875
0 0.51171875 0.0953125 0.1609375 0.190625
0 0.91953125 0.5078125 0.1515625 0.2203125
0 0.44765625 0.446875 0.25 0.3109375
0 0.10703125 0.1375 0.2140625 0.275
0 0.5859375 0.2796875 0.2578125 0.2875
0 0.38125 0.11484375 0.184375 0.2296875
0 0.73515625 0.1390625 0.1484375 0.21875