0 0.4703125 0.5703125 0.10625 0.1171875
0 0.42421875 0.64609375 0.1125 0.10625
0 0.5890625 0.22578125 0.090625 0.06875
0 0.4765625 0.1390625 0.11875 0.1921875
0 0.3234375 0.1859375 0.0859375 0.0828125
0 0.634375 0.603125 0.065625 0.0890625
0 0.475 0.2984375 0.128125 0.1671875
0 0.39765625 0.34296875 0.1265625 0.115625
0 0.80078125 0.940625 0.103125 0.1171875
0 0.85 0.7703125 0.1390625 0.178125
0 0.7 0.50390625 0.1390625 0.1265625
0 0.390625 0.25390625 0.071875 0.0953125
0 0.2328125 0.55625 0.1265625 0.13125
0 0.9453125 0.765625 0.10625 0.11875
0 0.04609375 0.35625 0.0921875 0.1421875
0 0.33203125 0.68515625 0.128125 0.1484375
0 0.64296875 0.1015625 0.146875 0.2
0 0.10546875 0.4359375 0.1484375 0.128125
0 0.77734375 0.225 0.1140625 0.103125
0 0.6484375 0.2703125 0.078125 0.0875
0 0.33359375 0.59765625 0.0828125 0.05625
0 0.4390625 0.43046875 0.115625 0.1
0 0.17265625 0.80078125 0.178125 0.1453125
0 0.8375 0.1890625 0.1296875 0.1234375
0 0.4171875 0.73671875 0.1015625 0.0984375
0 0.6171875 0.78984375 0.0640625 0.0703125
0 0.2921875 0.39453125 0.1625 0.15
0 0.75546875 0.5953125 0.1875 0.1390625
0 0.065625 0.7796875 0.109375 0.078125
0 0.13828125 0.9390625 0.121875 0.1203125
0 0.57734375 0.8546875 0.1125 0.15625
0 0.9140625 0.09296875 0.16875 0.1328125
0 0.3578125 0.07421875 0.0703125 0.071875
0 0.2734375 0.05859375 0.1109375 0.1046875
0 0.15 0.0765625 0.10625 0.1375
0 0.9453125 0.66328125 0.10625 0.109375
0 0.78984375 0.4390625 0.103125 0.0859375
0 0.10703125 0.353125 0.090625 0.1
0 0.2625 0.5546875 0.06875 0.13125
0 0.43125 0.93359375 0.0296875 0.071875
0 0.48046875 0.8828125 0.1390625 0.165625
0 0.71484375 0.35859375 0.1484375 0.1703125
0 0.2578125 0.16015625 0.0765625 0.065625
0 0.85 0.3203125 0.121875 0.0875
0 0.13671875 0.1734375 0.0828125 0.0890625
0 0.39921875 0.1484375 0.0890625 0.1265625
0 0.9140625 0.5265625 0.1453125 0.121875
0 0.3109375 0.534375 0.0765625 0.090625
0 0.93125 0.2421875 0.134375 0.11875
0 0.52421875 0.76796875 0.075 0.1078125
0 0.69765625 0.8453125 0.090625 0.1203125
0 0.5234375 0.5078125 0.090625 0.103125
0 0.7203125 0.94765625 0.1046875 0.103125
0 0.2640625 0.11171875 0.0796875 0.0796875
0 0.1046875 0.26328125 0.103125 0.0875
0 0.56328125 0.71171875 0.103125 0.134375
0 0.35703125 0.45625 0.06875 0.0671875
0 0.05 0.865625 0.1 0.13125
0 0.7828125 0.065625 0.14375 0.13125
0 0.5609375 0.571875 0.1234375 0.1453125
0 0.7390625 0.75390625 0.0828125 0.0875
0 0.05390625 0.12109375 0.103125 0.115625
0 0.403125 0.046875 0.0671875 0.0859375
0 0.3984375 0.82890625 0.11875 0.146875
0 0.53359375 0.95625 0.1125 0.0859375
0 0.2640625 0.259375 0.1296875 0.1390625
0 0.1125 0.62890625 0.1140625 0.1140625
0 0.6296875 0.48671875 0.0640625 0.1078125
0 0.6640625 0.6890625 0.0828125 0.1328125
0 0.93515625 0.39765625 0.128125 0.153125
0 0.29765625 0.86015625 0.1390625 0.1734375
0 0.35234375 0.93828125 0.09375 0.11875
0 0.2078125 0.48203125 0.115625 0.0953125
0 0.73359375 0.6796875 0.08125 0.0796875
0 0.71015625 0.1859375 0.1 0.10625
0 0.85546875 0.4546875 0.071875 0.053125