0 0.1765625 0.11953125 0.1609375 0.196875
0 0.409375 0.43125 0.184375 0.2515625
0 0.05390625 0.80703125 0.1078125 0.1421875
0 0.05625 0.08515625 0.103125 0.084375
0 0.66484375 0.07421875 0.15625 0.1390625
0 0.94921875 0.53203125 0.1 0.140625
0 0.6140625 0.9234375 0.2078125 0.1515625
0 0.36171875 0.109375 0.13125 0.1484375
0 0.58671875 0.58359375 0.1609375 0.1296875
0 0.284375 0.91171875 0.18125 0.175
0 0.81640625 0.740625 0.20625 0.2109375
0 0.596875 0.753125 0.2265625 0.228125
0 0.35546875 0.278125 0.196875 0.2125
0 0.81328125 0.2546875 0.2171875 0.2859375
0 0.10859375 0.4921875 0.2171875 0.209375
0 0.2953125 0.62109375 0.3484375 0.3453125
0 0.1953125 0.79921875 0.1296875 0.1359375
0 0.5109375 0.1625 0.1625 0.1703125
0 0.10234375 0.2734375 0.2046875 0.3125
0 0.46640625 0.9 0.1546875 0.2
0 0.240625 0.3234375 0.153125 0.240625
0 0.73671875 0.50546875 0.225 0.1671875
0 0.55546875 0.37421875 0.21875 0.26875
0 0.75546875 0.3609375 0.20625 0.19375
0 0.2484375 0.1 0.13125 0.2
0 0.615625 0.19375 0.146875 0.19375
0 0.76875 0.61015625 0.1140625 0.1015625
0 0.69140625 0.2203125 0.1375 0.1890625
0 0.47734375 0.734375 0.1171875 0.15