0 0.74765625 0.85 0.1046875 0.0984375
0 0.0828125 0.4 0.0796875 0.0796875
0 0.24765625 0.1203125 0.1390625 0.1375
0 0.03671875 0.90546875 0.0734375 0.1421875
0 0.7609375 0.621875 0.1328125 0.13125
0 0.5921875 0.84140625 0.1359375 0.140625
0 0.090625 0.89375 0.0953125 0.1265625
0 0.8 0.7046875 0.0625 0.053125
0 0.26328125 0.29375 0.1515625 0.140625
0 0.78671875 0.228125 0.1203125 0.1109375
0 0.6734375 0.6875 0.096875 0.1171875
0 0.50625 0.06953125 0.1546875 0.1390625
0 0.0625 0.66875 0.125 0.1265625
0 0.05390625 0.6109375 0.1078125 0.1125
0 0.63828125 0.1578125 0.14375 0.125
0 0.1546875 0.6640625 0.11875 0.1390625
0 0.4234375 0.2625 0.10625 0.146875
0 0.8984375 0.9 0.103125 0.1265625
0 0.21875 0.9171875 0.1140625 0.1640625
0 0.78984375 0.91953125 0.071875 0.0859375
0 0.890625 0.6484375 0.1109375 0.11875
0 0.15625 0.3921875 0.103125 0.084375
0 0.55078125 0.48203125 0.1125 0.121875
0 0.62109375 0.5578125 0.13125 0.103125
0 0.52578125 0.30234375 0.13125 0.1375
0 0.6828125 0.95546875 0.0984375 0.0875
0 0.946875 0.86875 0.1046875 0.0703125
0 0.69140625 0.0875 0.0828125 0.0890625
0 0.35546875 0.09140625 0.0921875 0.0953125
0 0.2109375 0.58203125 0.1703125 0.19375
0 0.6 0.653125 0.1234375 0.0953125
0 0.93046875 0.790625 0.1234375 0.1515625
0 0.18125 0.05390625 0.128125 0.1078125
0 0.1171875 0.76328125 0.0953125 0.09375
0 0.61953125 0.42890625 0.121875 0.1140625
0 0.33671875 0.22265625 0.1234375 0.1734375
0 0.165625 0.91171875 0.115625 0.14375
0 0.296875 0.6078125 0.1375 0.134375
0 0.73515625 0.95078125 0.0640625 0.096875
0 0.2484375 0.40390625 0.1375 0.090625
0 0.5765625 0.11328125 0.0671875 0.134375
0 0.3421875 0.50546875 0.1375 0.1578125
0 0.953125 0.66171875 0.090625 0.1046875
0 0.0375 0.7890625 0.075 0.11875
0 0.8265625 0.7671875 0.103125 0.125
0 0.04453125 0.3375 0.0890625 0.1
0 0.93125 0.14140625 0.1203125 0.1375
0 0.834375 0.94140625 0.09375 0.1046875
0 0.453125 0.53203125 0.146875 0.146875
0 0.91484375 0.534375 0.165625 0.15625
0 0.575 0.69921875 0.1015625 0.096875
0 0.0640625 0.11015625 0.1109375 0.13125
0 0.24765625 0.21484375 0.0765625 0.09375
0 0.16328125 0.52421875 0.09375 0.09375
0 0.37734375 0.734375 0.11875 0.1421875
0 0.05703125 0.21875 0.1140625 0.115625
0 0.66171875 0.053125 0.165625 0.10625
0 0.178125 0.30078125 0.10625 0.103125
0 0.30625 0.0453125 0.1078125 0.090625
0 0.9453125 0.9375 0.1078125 0.115625
0 0.3203125 0.43359375 0.0890625 0.0734375
0 0.5640625 0.37265625 0.125 0.09375
0 0.3484375 0.9328125 0.16875 0.13125
0 0.22265625 0.346875 0.1 0.09375
0 0.1578125 0.184375 0.0953125 0.0921875
0 0.196875 0.73046875 0.096875 0.0828125
0 0.275 0.7421875 0.121875 0.11875
0 0.30078125 0.89296875 0.1265625 0.15
0 0.240625 0.4671875 0.06875 0.065625
0 0.70625 0.76875 0.1625 0.1359375
0 0.66328125 0.24375 0.0984375 0.09375
0 0.50703125 0.1671875 0.096875 0.1140625
0 0.740625 0.4109375 0.0859375 0.08125
0 0.9359375 0.3796875 0.1265625 0.1140625
0 0.196875 0.80546875 0.10625 0.0796875
0 0.09609375 0.30703125 0.0640625 0.0828125
0 0.1328125 0.26953125 0.059375 0.059375
0 0.42578125 0.39765625 0.15 0.1390625
0 0.44296875 0.78359375 0.1015625 0.1359375
0 0.5484375 0.91875 0.090625 0.078125
0 0.653125 0.9046875 0.11875 0.13125
0 0.7125 0.31953125 0.1828125 0.1703125
0 0.471875 0.59765625 0.1453125 0.125
0 0.29140625 0.671875 0.0828125 0.0703125
0 0.4046875 0.03828125 0.0625 0.0765625
0 0.4046875 0.12890625 0.1078125 0.121875
0 0.715625 0.1859375 0.090625 0.0875
0 0.53828125 0.771875 0.0859375 0.1
0 0.83515625 0.8609375 0.1234375 0.11875
0 0.06640625 0.5234375 0.1140625 0.1125