0 0.5265625 0.1984375 0.0828125 0.0859375
0 0.8875 0.05 0.1 0.1
0 0.5734375 0.4859375 0.109375 0.115625
0 0.9390625 0.19140625 0.0859375 0.0875
0 0.94453125 0.33828125 0.109375 0.103125
0 0.5546875 0.1609375 0.071875 0.05625
0 0.325 0.77421875 0.15 0.1734375
0 0.8796875 0.43984375 0.103125 0.115625
0 0.45078125 0.6359375 0.09375 0.096875
0 0.28359375 0.0734375 0.1765625 0.146875
0 0.8046875 0.26875 0.078125 0.0765625
0 0.3671875 0.30625 0.1 0.109375
0 0.853125 0.32265625 0.078125 0.0984375
0 0.72109375 0.528125 0.0671875 0.1515625
0 0.70625 0.90078125 0.1375 0.165625
0 0.65546875 0.51875 0.0875 0.10625
0 0.3265625 0.3765625 0.0828125 0.075
0 0.725 0.14375 0.078125 0.0890625
0 0.28046875 0.61640625 0.175 0.1734375
0 0.86171875 0.2140625 0.0921875 0.1171875
0 0.165625 0.60703125 0.1171875 0.125
0 0.6875 0.0453125 0.103125 0.090625
0 0.7203125 0.29375 0.0859375 0.0921875
0 0.4375 0.5171875 0.1546875 0.1515625
0 0.95234375 0.7625 0.0921875 0.1015625
0 0.853125 0.13828125 0.090625 0.075
0 0.74375 0.47890625 0.0921875 0.0921875
0 0.60703125 0.23125 0.103125 0.0921875
0 0.503125 0.8609375 0.16875 0.228125
0 0.446875 0.2859375 0.06875 0.1078125
0 0.7171875 0.3984375 0.078125 0.0921875
0 0.525 0.45078125 0.1140625 0.13125
0 0.85390625 0.9046875 0.19375 0.1890625
0 0.44140625 0.38046875 0.11875 0.1015625
0 0.14765625 0.28203125 0.075 0.1265625
0 0.82890625 0.67109375 0.11875 0.1015625
0 0.69609375 0.78203125 0.1140625 0.1125
0 0.88046875 0.440625 0.1046875 0.1125
0 0.51875 0.2875 0.0859375 0.1234375
0 0.0796875 0.3359375 0.15625 0.11875
0 0.0703125 0.90078125 0.084375 0.0875
0 0.88359375 0.625 0.1046875 0.0859375
0 0.92109375 0.68671875 0.084375 0.0859375
0 0.12890625 0.659375 0.1421875 0.13125
0 0.7875 0.7390625 0.0953125 0.1265625
0 0.4546875 0.19453125 0.0765625 0.0796875
0 0.14375 0.41640625 0.121875 0.071875
0 0.0984375 0.77890625 0.115625 0.1
0 0.7921875 0.096875 0.090625 0.1140625
0 0.44140625 0.09765625 0.1546875 0.1421875
0 0.21796875 0.79140625 0.0796875 0.10625
0 0.77578125 0.38359375 0.0640625 0.065625
0 0.36875 0.44765625 0.1078125 0.0984375
0 0.2546875 0.8609375 0.13125 0.1109375
0 0.9484375 0.859375 0.1 0.1046875
0 0.7015625 0.21171875 0.09375 0.1078125
0 0.35625 0.86015625 0.1140625 0.1078125
0 0.0765625 0.50859375 0.0890625 0.0859375
0 0.14453125 0.18359375 0.071875 0.0953125
0 0.39765625 0.18359375 0.0828125 0.1109375
0 0.93984375 0.5640625 0.11875 0.1421875
0 0.7578125 0.1140625 0.08125 0.0875
0 0.78359375 0.5921875 0.0953125 0.1140625
0 0.87421875 0.778125 0.1015625 0.1109375
0 0.31640625 0.946875 0.128125 0.1015625
0 0.0625 0.5796875 0.11875 0.1296875
0 0.421875 0.709375 0.103125 0.1265625
0 0.640625 0.13984375 0.08125 0.1015625
0 0.54609375 0.60703125 0.121875 0.14375
0 0.22109375 0.93984375 0.1109375 0.1015625
0 0.16171875 0.49765625 0.1546875 0.1328125
0 0.05703125 0.74296875 0.0890625 0.0703125
0 0.69453125 0.35 0.090625 0.05625
0 0.6453125 0.640625 0.11875 0.15625
0 0.61640625 0.9 0.1234375 0.1578125
0 0.58828125 0.07890625 0.121875 0.15
0 0.725 0.68203125 0.071875 0.1109375
0 0.20234375 0.3203125 0.08125 0.1265625
0 0.65 0.4140625 0.1046875 0.13125
0 0.146875 0.91640625 0.1203125 0.1234375
0 0.8359375 0.52734375 0.13125 0.121875
0 0.140625 0.8109375 0.1328125 0.1375
0 0.78984375 0.45703125 0.08125 0.090625
0 0.57734375 0.73828125 0.1359375 0.121875
0 0.1328125 0.0875 0.146875 0.1625
0 0.48203125 0.72265625 0.0671875 0.10625
0 0.28515625 0.209375 0.1578125 0.1984375