0 0.6578125 0.77109375 0.0578125 0.0515625
0 0.2671875 0.05625 0.0484375 0.046875
0 0.46484375 0.625 0.0484375 0.05625
0 0.84609375 0.9125 0.084375 0.0953125
0 0.0265625 0.7328125 0.053125 0.059375
0 0.05625 0.11328125 0.0640625 0.059375
0 0.96015625 0.8796875 0.078125 0.1078125
0 0.50625 0.17890625 0.065625 0.06875
0 0.1875 0.38515625 0.046875 0.04375
0 0.465625 0.5 0.0484375 0.0484375
0 0.17734375 0.21484375 0.04375 0.0609375
0 0.853125 0.49609375 0.059375 0.0390625
0 0.8515625 0.1703125 0.0421875 0.04375
0 0.28671875 0.6765625 0.0453125 0.0546875
0 0.13046875 0.61875 0.0484375 0.05
0 0.10390625 0.378125 0.05 0.053125
0 0.5390625 0.42109375 0.0484375 0.05625
0 0.821875 0.24375 0.05 0.04375
0 0.26640625 0.33828125 0.053125 0.0515625
0 0.6078125 0.38203125 0.05625 0.078125
0 0.22578125 0.3421875 0.034375 0.0484375
0 0.909375 0.37421875 0.0265625 0.0328125
0 0.33671875 0.89921875 0.05625 0.053125
0 0.19375 0.5015625 0.0765625 0.071875
0 0.9453125 0.9609375 0.059375 0.0625
0 0.7578125 0.52890625 0.0703125 0.0625
0 0.8109375 0.38671875 0.059375 0.0453125
0 0.11953125 0.21796875 0.0515625 0.05625
0 0.80859375 0.42421875 0.046875 0.0453125
0 0.19609375 0.0890625 0.0609375 0.046875
0 0.71484375 0.5859375 0.0609375 0.0515625
0 0.1515625 0.69921875 0.0296875 0.0328125
0 0.6 0.2578125 0.040625 0.04375
0 0.11171875 0.4265625 0.028125 0.028125
0 0.23828125 0.5453125 0.053125 0.0515625
0 0.028125 0.14140625 0.053125 0.0515625
0 0.1484375 0.875 0.1015625 0.0953125
0 0.33984375 0.17734375 0.0625 0.0515625
0 0.115625 0.72109375 0.046875 0.034375
0 0.83671875 0.728125 0.06875 0.05625
0 0.32109375 0.696875 0.03125 0.034375
0 0.4921875 0.2953125 0.0359375 0.04375
0 0.8828125 0.04375 0.0828125 0.0875
0 0.90859375 0.7015625 0.0359375 0.0484375
0 0.4171875 0.47265625 0.0703125 0.0609375
0 0.77890625 0.78515625 0.034375 0.040625
0 0.4984375 0.79921875 0.053125 0.053125
0 0.76015625 0.4359375 0.0640625 0.05625
0 0.290625 0.28203125 0.05625 0.05
0 0.7078125 0.6390625 0.0421875 0.0484375
0 0.503125 0.259375 0.046875 0.0484375
0 0.13203125 0.0734375 0.05625 0.0671875
0 0.5609375 0.2921875 0.0515625 0.059375
0 0.32734375 0.51796875 0.0484375 0.0609375
0 0.9703125 0.6765625 0.04375 0.0484375
0 0.659375 0.0328125 0.0609375 0.065625
0 0.196875 0.5390625 0.034375 0.0265625
0 0.953125 0.634375 0.0453125 0.0609375
0 0.21875 0.640625 0.0671875 0.0625
0 0.89765625 0.52421875 0.0734375 0.0546875
0 0.69921875 0.7875 0.0390625 0.0515625
0 0.765625 0.9296875 0.065625 0.0796875
0 0.42734375 0.57734375 0.06875 0.0484375
0 0.73984375 0.228125 0.0515625 0.059375
0 0.1875 0.7265625 0.0484375 0.040625
0 0.93671875 0.39765625 0.0609375 0.0625
0 0.071875 0.26640625 0.05 0.0484375
0 0.5046875 0.48359375 0.059375 0.0640625
0 0.5890625 0.6265625 0.0453125 0.0421875
0 0.21875 0.19765625 0.046875 0.0484375
0 0.52734375 0.74375 0.0484375 0.0578125
0 0.36328125 0.11484375 0.05625 0.0796875
0 0.3984375 0.83203125 0.046875 0.0546875
0 0.915625 0.81796875 0.04375 0.053125
0 0.41875 0.25703125 0.05 0.0609375
0 0.64765625 0.46640625 0.046875 0.05625
0 0.4390625 0.5265625 0.053125 0.0453125
0 0.55546875 0.5609375 0.0484375 0.0484375
0 0.9 0.20078125 0.046875 0.0578125
0 0.6203125 0.90546875 0.0859375 0.0890625
0 0.075 0.51484375 0.0578125 0.046875
0 0.89296875 0.28359375 0.040625 0.0453125
0 0.65703125 0.71328125 0.0484375 0.0578125
0 0.36171875 0.68359375 0.05 0.025
0 0.86953125 0.85 0.0484375 0.053125
0 0.84609375 0.80859375 0.034375 0.0328125
0 0.93515625 0.57109375 0.040625 0.0390625
0 0.67265625 0.3609375 0.0671875 0.0703125
0 0.9125 0.6421875 0.04375 0.0328125
0 0.2546875 0.49921875 0.0453125 0.0453125
0 0.7859375 0.1875 0.05625 0.05625
0 0.125 0.35234375 0.05 0.0390625
0 0.04375 0.3859375 0.05 0.034375
0 0.83671875 0.53515625 0.0484375 0.0421875
0 0.41796875 0.78515625 0.0796875 0.071875
0 0.4546875 0.6703125 0.0296875 0.0421875
0 0.76640625 0.74921875 0.046875 0.0484375
0 0.24296875 0.12578125 0.0421875 0.05625
0 0.70546875 0.19375 0.040625 0.046875
0 0.19921875 0.76640625 0.0765625 0.0578125
0 0.34140625 0.34609375 0.046875 0.0359375
0 0.6421875 0.27265625 0.0640625 0.05
0 0.396875 0.2875 0.053125 0.0640625
0 0.70390625 0.30234375 0.071875 0.071875
0 0.57421875 0.11328125 0.040625 0.04375
0 0.6046875 0.7828125 0.0453125 0.05
0 0.634375 0.525 0.046875 0.0515625
0 0.28984375 0.20234375 0.0703125 0.0828125
0 0.33046875 0.7953125 0.05 0.0609375
0 0.5734375 0.86328125 0.0359375 0.0359375
0 0.61328125 0.43359375 0.0484375 0.0328125
0 0.79765625 0.640625 0.0875 0.0546875
0 0.53671875 0.8921875 0.0609375 0.0625
0 0.5828125 0.46875 0.0484375 0.0515625
0 0.3578125 0.85 0.040625 0.0625
0 0.096875 0.83203125 0.0515625 0.0625
0 0.034375 0.4375 0.06875 0.078125
0 0.2828125 0.9453125 0.04375 0.0890625
0 0.1796875 0.6671875 0.0390625 0.04375
0 0.6828125 0.21484375 0.0375 0.0375
0 0.3390625 0.64765625 0.0671875 0.05625
0 0.87578125 0.61328125 0.0609375 0.059375
0 0.83984375 0.66640625 0.0421875 0.0453125
0 0.4265625 0.18203125 0.0515625 0.0671875
0 0.13125 0.18125 0.0390625 0.0375
0 0.74921875 0.85546875 0.0375 0.040625
0 0.7953125 0.05078125 0.071875 0.06875
0 0.2890625 0.440625 0.0484375 0.046875
0 0.59921875 0.675 0.0359375 0.034375
0 0.625 0.57421875 0.0625 0.05625
0 0.25 0.8484375 0.05625 0.0765625
0 0.2265625 0.4171875 0.03125 0.0359375
0 0.68046875 0.42890625 0.0421875 0.0390625
0 0.32578125 0.02734375 0.0515625 0.053125
0 0.371875 0.5984375 0.034375 0.040625
0 0.5390625 0.375 0.040625 0.0484375
0 0.45546875 0.3796875 0.0421875 0.034375
0 0.3671875 0.2265625 0.0453125 0.059375
0 0.65546875 0.97109375 0.06875 0.05625
0 0.4984375 0.68359375 0.05 0.04375
0 0.71484375 0.921875 0.0484375 0.05625
0 0.809375 0.15078125 0.0390625 0.0359375
0 0.4515625 0.7453125 0.059375 0.0578125
0 0.37578125 0.0390625 0.0375 0.0453125
0 0.23828125 0.38515625 0.059375 0.05
0 0.85859375 0.77578125 0.0328125 0.0359375
0 0.3890625 0.91796875 0.053125 0.053125
0 0.24296875 0.27109375 0.03125 0.0234375
0 0.053125 0.7546875 0.0671875 0.059375
0 0.40859375 0.14453125 0.034375 0.0375
0 0.8671875 0.70078125 0.0546875 0.05625
0 0.21640625 0.5796875 0.034375 0.0328125
0 0.53828125 0.84921875 0.0453125 0.0375
0 0.9296875 0.1078125 0.0546875 0.06875
0 0.5875 0.54375 0.0375 0.0359375
0 0.6328125 0.2203125 0.0390625 0.034375
0 0.7375 0.4015625 0.0453125 0.0359375
0 0.2671875 0.5828125 0.046875 0.040625
0 0.846875 0.2125 0.0484375 0.0484375
0 0.8 0.8265625 0.0453125 0.040625
0 0.4328125 0.41953125 0.0453125 0.046875
0 0.4828125 0.55078125 0.0578125 0.05625
0 0.71484375 0.13671875 0.0375 0.0375
0 0.8 0.34453125 0.0421875 0.0421875
0 0.134375 0.1234375 0.0359375 0.0453125
0 0.5359375 0.209375 0.040625 0.0484375
0 0.6078125 0.14765625 0.05 0.05
0 0.35546875 0.56484375 0.046875 0.0359375
0 0.50625 0.3875 0.0421875 0.0421875
0 0.53125 0.11171875 0.0359375 0.040625
0 0.15234375 0.4453125 0.0515625 0.0453125
0 0.540625 0.8046875 0.0390625 0.0453125
0 0.121875 0.46953125 0.05 0.05
0 0.36015625 0.71328125 0.0625 0.04375
0 0.2921875 0.83828125 0.0515625 0.0609375
0 0.5703125 0.765625 0.046875 0.0578125
0 0.48828125 0.428125 0.040625 0.0515625
0 0.87109375 0.43203125 0.0328125 0.034375
0 0.7203125 0.4375 0.040625 0.04375
0 0.44375 0.89375 0.06875 0.0859375
0 0.7859375 0.2625 0.040625 0.0453125
0 0.50234375 0.603125 0.03125 0.0375
0 0.61875 0.6953125 0.040625 0.0390625
0 0.04765625 0.31171875 0.06875 0.0546875
0 0.0703125 0.421875 0.0625 0.0625
0 0.97109375 0.43125 0.0515625 0.0359375
0 0.5953125 0.828125 0.0453125 0.0453125
0 0.328125 0.3859375 0.06875 0.0765625
0 0.7015625 0.7390625 0.0390625 0.0359375
0 0.9078125 0.47890625 0.059375 0.053125
0 0.0296875 0.56328125 0.0375 0.0359375
0 0.0875 0.30859375 0.0484375 0.0484375
0 0.565625 0.1640625 0.053125 0.0484375
0 0.4859375 0.8453125 0.0328125 0.046875
0 0.2421875 0.3046875 0.0609375 0.053125
0 0.0953125 0.1390625 0.0546875 0.0578125
0 0.75859375 0.025 0.0359375 0.046875
0 0.95546875 0.32578125 0.05625 0.05
0 0.06953125 0.59375 0.0421875 0.0546875
0 0.3 0.134375 0.0484375 0.0453125