0 0.27265625 0.3515625 0.071875 0.0625
0 0.7171875 0.32109375 0.0546875 0.0578125
0 0.5984375 0.3765625 0.0859375 0.06875
0 0.6703125 0.490625 0.0625 0.0671875
0 0.8359375 0.5171875 0.06875 0.0546875
0 0.1625 0.6125 0.084375 0.059375
0 0.3765625 0.159375 0.0453125 0.0390625
0 0.11640625 0.240625 0.053125 0.0390625
0 0.92265625 0.2046875 0.0875 0.06875
0 0.253125 0.63359375 0.0671875 0.0578125
0 0.03984375 0.90546875 0.0796875 0.109375
0 0.71875 0.91015625 0.0671875 0.0859375
0 0.51015625 0.19375 0.053125 0.046875
0 0.178125 0.24375 0.075 0.0703125
0 0.3078125 0.9515625 0.05625 0.0765625
0 0.28515625 0.28828125 0.071875 0.0625
0 0.6859375 0.70703125 0.0640625 0.0671875
0 0.4484375 0.540625 0.071875 0.0765625
0 0.1265625 0.8203125 0.084375 0.090625
0 0.2203125 0.6984375 0.084375 0.0703125
0 0.290625 0.76953125 0.040625 0.0640625
0 0.5859375 0.66796875 0.0796875 0.0921875
0 0.49609375 0.79375 0.1078125 0.096875
0 0.69375 0.1015625 0.046875 0.05625
0 0.54296875 0.16640625 0.040625 0.0625
0 0.25 0.1125 0.06875 0.0765625
0 0.53359375 0.51640625 0.0671875 0.0609375
0 0.09609375 0.784375 0.0984375 0.090625
0 0.29765625 0.67265625 0.0890625 0.1
0 0.0890625 0.1203125 0.065625 0.0703125
0 0.19140625 0.7890625 0.0640625 0.0640625
0 0.2984375 0.19140625 0.0484375 0.05625
0 0.959375 0.884375 0.0796875 0.096875
0 0.8078125 0.8046875 0.1046875 0.0953125
0 0.15 0.16640625 0.053125 0.0484375
0 0.8015625 0.4671875 0.04375 0.053125
0 0.365625 0.6125 0.096875 0.0984375
0 0.140625 0.5125 0.0359375 0.040625
0 0.26953125 0.50625 0.0875 0.090625
0 0.640625 0.94140625 0.078125 0.084375
0 0.84375 0.55546875 0.0765625 0.0453125
0 0.734375 0.65078125 0.06875 0.065625
0 0.68203125 0.37109375 0.05625 0.0578125
0 0.0515625 0.67421875 0.0921875 0.05625
0 0.75625 0.1796875 0.0765625 0.0703125
0 0.09765625 0.08828125 0.071875 0.0609375
0 0.734375 0.84765625 0.0921875 0.084375
0 0.890625 0.44453125 0.1015625 0.05625
0 0.55078125 0.8921875 0.115625 0.1265625
0 0.71953125 0.09765625 0.053125 0.0546875
0 0.4609375 0.17578125 0.053125 0.059375
0 0.6359375 0.59765625 0.0984375 0.0765625
0 0.09609375 0.58203125 0.09375 0.053125
0 0.36171875 0.28828125 0.0625 0.0484375
0 0.31171875 0.065625 0.0484375 0.0765625
0 0.21875 0.84453125 0.1 0.1109375
0 0.078125 0.05859375 0.05 0.0546875
0 0.771875 0.3703125 0.046875 0.0421875
0 0.5296875 0.0484375 0.0640625 0.078125
0 0.20546875 0.5421875 0.10625 0.084375
0 0.8265625 0.11328125 0.084375 0.0671875
0 0.76640625 0.43125 0.053125 0.04375
0 0.33046875 0.41171875 0.0640625 0.0703125
0 0.74609375 0.5125 0.0734375 0.0703125
0 0.6125 0.8515625 0.0828125 0.09375
0 0.1921875 0.3125 0.0921875 0.06875
0 0.953125 0.35703125 0.0921875 0.0578125
0 0.35625 0.21484375 0.078125 0.0890625
0 0.09609375 0.9390625 0.0890625 0.109375
0 0.09765625 0.37109375 0.0859375 0.071875
0 0.084375 0.15703125 0.0875 0.0671875
0 0.18984375 0.41875 0.0890625 0.0890625
0 0.6359375 0.115625 0.05 0.0640625
0 0.18359375 0.0984375 0.053125 0.0578125
0 0.94765625 0.29296875 0.0796875 0.05
0 0.9296875 0.06328125 0.084375 0.0921875
0 0.37578125 0.8 0.046875 0.053125
0 0.61015625 0.18125 0.05 0.0765625
0 0.1734375 0.8796875 0.053125 0.0640625
0 0.48828125 0.0921875 0.0875 0.0625
0 0.1703125 0.0421875 0.065625 0.084375
0 0.371875 0.909375 0.1125 0.1359375
0 0.4421875 0.078125 0.09375 0.090625
0 0.25 0.91796875 0.06875 0.103125
0 0.88125 0.8828125 0.08125 0.0953125
0 0.92578125 0.54140625 0.059375 0.053125
0 0.75234375 0.05390625 0.0609375 0.0515625
0 0.3921875 0.546875 0.0484375 0.0609375
0 0.628125 0.23984375 0.0453125 0.0515625
0 0.06953125 0.6359375 0.0859375 0.028125
0 0.671875 0.16328125 0.05 0.0640625
0 0.5640625 0.3078125 0.0625 0.0578125
0 0.88359375 0.2578125 0.0953125 0.0703125
0 0.0828125 0.45078125 0.09375 0.071875
0 0.34609375 0.4859375 0.0703125 0.06875
0 0.88671875 0.3140625 0.0953125 0.0546875