0 0.2796875 0.85546875 0.0703125 0.084375
0 0.55703125 0.4984375 0.0828125 0.0703125
0 0.7109375 0.3046875 0.0734375 0.071875
0 0.3953125 0.23984375 0.05625 0.05625
0 0.815625 0.16015625 0.10625 0.103125
0 0.40546875 0.8375 0.0828125 0.1125
0 0.72265625 0.69375 0.10625 0.0875
0 0.4296875 0.7078125 0.078125 0.0890625
0 0.94609375 0.86484375 0.09375 0.096875
0 0.4984375 0.8859375 0.0890625 0.109375
0 0.11796875 0.93671875 0.1015625 0.109375
0 0.63515625 0.18125 0.090625 0.0984375
0 0.09609375 0.76796875 0.08125 0.071875
0 0.7734375 0.8265625 0.065625 0.071875
0 0.440625 0.103125 0.0640625 0.078125
0 0.6171875 0.334375 0.065625 0.0703125
0 0.81640625 0.9390625 0.075 0.1015625
0 0.2453125 0.79140625 0.0875 0.10625
0 0.80546875 0.28125 0.1046875 0.0828125
0 0.125 0.65234375 0.0921875 0.059375
0 0.9171875 0.6 0.1234375 0.0796875
0 0.94296875 0.10390625 0.1140625 0.121875
0 0.8953125 0.43125 0.1 0.0859375
0 0.45234375 0.209375 0.09375 0.09375
0 0.56953125 0.79921875 0.0671875 0.1078125
0 0.5078125 0.7109375 0.0734375 0.0734375
0 0.4140625 0.4484375 0.078125 0.0765625
0 0.8734375 0.7828125 0.1 0.090625
0 0.2328125 0.70078125 0.096875 0.096875
0 0.83125 0.89296875 0.0765625 0.0953125
0 0.9109375 0.509375 0.115625 0.0921875
0 0.83359375 0.56328125 0.1078125 0.06875
0 0.74296875 0.08671875 0.090625 0.125
0 0.91875 0.93359375 0.1109375 0.1109375
0 0.346875 0.21875 0.08125 0.0765625
0 0.16328125 0.73828125 0.078125 0.0703125
0 0.3234375 0.146875 0.1171875 0.0984375
0 0.6609375 0.80859375 0.0765625 0.103125
0 0.67734375 0.103125 0.071875 0.090625
0 0.7359375 0.7703125 0.090625 0.103125
0 0.440625 0.365625 0.0671875 0.0625
0 0.81875 0.4375 0.0546875 0.05625
0 0.4859375 0.13203125 0.0671875 0.0875
0 0.57265625 0.39609375 0.0734375 0.0625
0 0.83984375 0.371875 0.0515625 0.0625
0 0.18984375 0.16953125 0.096875 0.0921875
0 0.81171875 0.68359375 0.0765625 0.075
0 0.53125 0.659375 0.075 0.078125
0 0.75546875 0.4515625 0.0828125 0.075
0 0.071875 0.734375 0.1234375 0.0859375
0 0.71484375 0.946875 0.071875 0.096875
0 0.375 0.09140625 0.0734375 0.0890625
0 0.30859375 0.515625 0.0734375 0.0671875
0 0.55234375 0.115625 0.090625 0.128125
0 0.553125 0.2890625 0.0984375 0.1109375
0 0.06484375 0.22421875 0.1265625 0.08125
0 0.3421875 0.65625 0.0734375 0.090625
0 0.76953125 0.7359375 0.06875 0.071875
0 0.51640625 0.4234375 0.0546875 0.0625
0 0.928125 0.65 0.084375 0.0671875
0 0.48671875 0.953125 0.0828125 0.0640625
0 0.60625 0.72578125 0.0625 0.075
0 0.4546875 0.584375 0.0640625 0.075
0 0.33671875 0.784375 0.1015625 0.1078125
0 0.03984375 0.0625 0.0796875 0.071875
0 0.7625 0.35546875 0.084375 0.0796875
0 0.6421875 0.90078125 0.090625 0.1
0 0.26328125 0.0953125 0.1109375 0.1046875
0 0.24609375 0.39609375 0.096875 0.0984375
0 0.89609375 0.31484375 0.140625 0.071875
0 0.51640625 0.52734375 0.0625 0.05625
0 0.16171875 0.2359375 0.0921875 0.0703125
0 0.6859375 0.62109375 0.11875 0.084375
0 0.11484375 0.1625 0.0828125 0.09375
0 0.71796875 0.2359375 0.1140625 0.0875
0 0.378125 0.57734375 0.0671875 0.06875
0 0.603125 0.61328125 0.0734375 0.0765625
0 0.87265625 0.6859375 0.05625 0.0640625
0 0.88359375 0.24375 0.0921875 0.0703125
0 0.18828125 0.43984375 0.0765625 0.0703125
0 0.33984375 0.48046875 0.0640625 0.0640625
0 0.72109375 0.8625 0.0546875 0.075
0 0.54296875 0.58125 0.065625 0.0703125
0 0.078125 0.30703125 0.1171875 0.0796875
0 0.29453125 0.90078125 0.08125 0.10625
0 0.65546875 0.43828125 0.096875 0.0703125
0 0.23203125 0.26796875 0.10625 0.0859375
0 0.30390625 0.3265625 0.0765625 0.0765625
0 0.1796875 0.31953125 0.075 0.0546875
0 0.7703125 0.62421875 0.1078125 0.084375
0 0.1453125 0.53515625 0.115625 0.075
0 0.2203125 0.9515625 0.0875 0.09375
0 0.1234375 0.0671875 0.115625 0.109375
0 0.6453125 0.5421875 0.065625 0.0921875
0 0.35234375 0.3984375 0.0640625 0.0609375