0 0.684375 0.865625 0.071875 0.0890625
0 0.6140625 0.84140625 0.0828125 0.065625
0 0.88125 0.709375 0.0875 0.0984375
0 0.453125 0.0484375 0.115625 0.0953125
0 0.78359375 0.26640625 0.11875 0.1078125
0 0.54453125 0.70234375 0.0859375 0.0859375
0 0.69609375 0.065625 0.0609375 0.0765625
0 0.31953125 0.75625 0.0828125 0.075
0 0.3703125 0.159375 0.0671875 0.06875
0 0.84609375 0.35 0.0984375 0.103125
0 0.44375 0.16015625 0.0859375 0.103125
0 0.5546875 0.89140625 0.115625 0.1
0 0.40625 0.2375 0.071875 0.084375
0 0.79765625 0.48828125 0.115625 0.1
0 0.0515625 0.56796875 0.103125 0.0984375
0 0.49375 0.3265625 0.065625 0.0578125
0 0.353125 0.43359375 0.071875 0.0640625
0 0.65703125 0.4875 0.103125 0.1140625
0 0.1171875 0.52734375 0.0875 0.0796875
0 0.52734375 0.290625 0.0765625 0.06875
0 0.4859375 0.72109375 0.0546875 0.0609375
0 0.2328125 0.56796875 0.103125 0.0890625
0 0.2109375 0.390625 0.0859375 0.06875
0 0.4859375 0.39921875 0.071875 0.09375
0 0.2625 0.2796875 0.084375 0.071875
0 0.19140625 0.6546875 0.0703125 0.090625
0 0.7921875 0.07890625 0.0703125 0.0640625
0 0.875 0.925 0.090625 0.10625
0 0.7640625 0.8953125 0.103125 0.1078125
0 0.45546875 0.66015625 0.0734375 0.084375
0 0.6046875 0.79375 0.084375 0.065625
0 0.328125 0.91953125 0.1046875 0.1046875
0 0.88828125 0.39765625 0.071875 0.0921875
0 0.5375 0.96328125 0.0953125 0.071875
0 0.17890625 0.503125 0.05 0.0625
0 0.275 0.4671875 0.0859375 0.078125
0 0.34375 0.24140625 0.06875 0.0734375
0 0.9484375 0.78984375 0.1 0.134375
0 0.603125 0.73125 0.0765625 0.075
0 0.5359375 0.48828125 0.05625 0.0640625
0 0.9546875 0.165625 0.0890625 0.1015625
0 0.10078125 0.17734375 0.0625 0.04375
0 0.69453125 0.25234375 0.06875 0.084375
0 0.91875 0.8546875 0.1078125 0.109375
0 0.5015625 0.0921875 0.0671875 0.0828125
0 0.625 0.36015625 0.13125 0.1171875
0 0.58671875 0.04296875 0.065625 0.0671875
0 0.44375 0.54921875 0.1265625 0.1390625
0 0.94140625 0.4390625 0.115625 0.0953125
0 0.0578125 0.31640625 0.0859375 0.0765625
0 0.47109375 0.83203125 0.0703125 0.0703125
0 0.43671875 0.3515625 0.0765625 0.084375
0 0.3765625 0.83046875 0.0796875 0.0875
0 0.7578125 0.12421875 0.059375 0.0671875
0 0.1546875 0.4453125 0.04375 0.046875
0 0.3328125 0.14375 0.0453125 0.0828125
0 0.415625 0.90625 0.09375 0.109375
0 0.271875 0.6640625 0.071875 0.109375
0 0.8359375 0.02890625 0.08125 0.0578125
0 0.15390625 0.65859375 0.0484375 0.0953125
0 0.85625 0.17109375 0.1 0.0953125
0 0.03984375 0.2078125 0.0796875 0.0875
0 0.590625 0.44609375 0.0796875 0.0734375
0 0.21953125 0.73984375 0.0921875 0.0671875
0 0.73671875 0.77734375 0.0640625 0.0796875
0 0.38828125 0.68828125 0.0671875 0.071875
0 0.63125 0.24921875 0.06875 0.084375
0 0.56484375 0.1875 0.0671875 0.090625
0 0.75390625 0.61640625 0.1109375 0.0765625
0 0.80859375 0.425 0.065625 0.0609375
0 0.303125 0.58984375 0.071875 0.06875
0 0.29609375 0.11875 0.071875 0.084375
0 0.1734375 0.103125 0.0734375 0.1109375
0 0.19375 0.25546875 0.0671875 0.06875
0 0.0359375 0.3921875 0.071875 0.084375
0 0.8375 0.5625 0.090625 0.0921875
0 0.1890625 0.44765625 0.0421875 0.0453125
0 0.46640625 0.11015625 0.0609375 0.0578125
0 0.60625 0.56796875 0.0640625 0.08125
0 0.6890625 0.5765625 0.065625 0.075
0 0.9 0.5390625 0.0984375 0.1
0 0.65 0.684375 0.0796875 0.08125
0 0.10859375 0.89140625 0.1234375 0.128125
0 0.553125 0.56640625 0.0796875 0.1015625
0 0.1140625 0.1 0.05 0.0578125
0 0.23828125 0.1546875 0.0546875 0.053125
0 0.06484375 0.82109375 0.0875 0.0796875
0 0.71953125 0.040625 0.078125 0.08125
0 0.6578125 0.925 0.0546875 0.075
0 0.73671875 0.39453125 0.1140625 0.1046875
0 0.265625 0.8140625 0.0921875 0.103125
0 0.78828125 0.73046875 0.06875 0.0703125
0 0.403125 0.75390625 0.096875 0.0859375
0 0.17890625 0.7984375 0.05625 0.075
0 0.21875 0.46875 0.0015625 0.0015625
0 0.909375 0.28203125 0.0875 0.0765625
0 0.1015625 0.646875 0.11875 0.1296875
0 0.321875 0.50703125 0.0921875 0.0859375
0 0.1734375 0.33046875 0.078125 0.06875
0 0.5984375 0.11171875 0.0984375 0.0875
0 0.69921875 0.725 0.1 0.10625
0 0.0796875 0.05 0.109375 0.1
0 0.096875 0.22265625 0.103125 0.0953125
0 0.6796875 0.178125 0.071875 0.0671875
0 0.9296875 0.34453125 0.103125 0.09375
0 0.51015625 0.61953125 0.059375 0.0671875
0 0.8125 0.8046875 0.1109375 0.103125
0 0.2890625 0.04140625 0.1 0.0828125
0 0.834375 0.64921875 0.0796875 0.06875
0 0.7515625 0.5453125 0.0625 0.0484375
0 0.709375 0.83203125 0.0796875 0.059375