0 0.46640625 0.9 0.1875 0.16875
0 0.1515625 0.07734375 0.165625 0.1546875
0 0.73984375 0.80546875 0.1640625 0.1734375
0 0.09453125 0.1015625 0.1390625 0.1734375
0 0.775 0.93359375 0.1828125 0.1296875
0 0.7640625 0.42421875 0.1828125 0.1703125
0 0.92734375 0.83203125 0.121875 0.165625
0 0.19453125 0.20078125 0.128125 0.1109375
0 0.2625 0.74765625 0.1 0.1453125
0 0.0765625 0.34375 0.153125 0.1984375
0 0.7515625 0.6546875 0.159375 0.134375
0 0.7125 0.2171875 0.1453125 0.2140625
0 0.075 0.26015625 0.15 0.1453125
0 0.48515625 0.32265625 0.1859375 0.225
0 0.35625 0.95546875 0.1359375 0.0875
0 0.334375 0.2859375 0.1578125 0.2046875
0 0.853125 0.21015625 0.1921875 0.24375
0 0.46796875 0.109375 0.1203125 0.153125
0 0.06015625 0.578125 0.1203125 0.13125
0 0.3015625 0.84296875 0.1078125 0.1171875
0 0.17109375 0.5125 0.21875 0.234375
0 0.7421875 0.5625 0.1703125 0.1203125
0 0.375 0.73671875 0.1890625 0.2046875
0 0.30546875 0.53203125 0.1265625 0.125
0 0.5796875 0.67734375 0.1453125 0.153125
0 0.571875 0.2953125 0.1359375 0.1578125
0 0.83125 0.8046875 0.1046875 0.1328125
0 0.92265625 0.9515625 0.1375 0.0953125
0 0.16875 0.896875 0.259375 0.2015625
0 0.2875 0.40390625 0.109375 0.10625
0 0.88203125 0.63125 0.14375 0.15
0 0.90703125 0.34296875 0.1859375 0.1734375
0 0.65546875 0.08515625 0.1609375 0.159375
0 0.56328125 0.14140625 0.11875 0.1703125
0 0.61484375 0.8328125 0.115625 0.159375
0 0.64921875 0.95625 0.1453125 0.0859375
0 0.11640625 0.75 0.209375 0.2265625