0 0.26171875 0.33125 0.0984375 0.109375
0 0.95703125 0.55234375 0.084375 0.1
0 0.92578125 0.76875 0.146875 0.2734375
0 0.05703125 0.8015625 0.1140625 0.18125
0 0.34921875 0.0875 0.121875 0.1171875
0 0.40234375 0.228125 0.19375 0.2046875
0 0.0484375 0.18984375 0.096875 0.1265625
0 0.1140625 0.56484375 0.228125 0.2703125
0 0.88671875 0.60546875 0.1625 0.19375
0 0.83203125 0.384375 0.296875 0.278125
0 0.728125 0.59140625 0.1734375 0.1671875
0 0.790625 0.7109375 0.1296875 0.1265625
0 0.41875 0.83203125 0.1171875 0.121875
0 0.3890625 0.7265625 0.246875 0.16875
0 0.7890625 0.196875 0.1296875 0.128125
0 0.37734375 0.47890625 0.1609375 0.1640625
0 0.13125 0.19453125 0.1109375 0.103125
0 0.60546875 0.4984375 0.2 0.146875
0 0.83046875 0.9 0.259375 0.196875
0 0.5953125 0.87109375 0.2125 0.2265625
0 0.5296875 0.3875 0.1234375 0.1171875
0 0.490625 0.08671875 0.19375 0.1734375
0 0.58125 0.1890625 0.215625 0.2640625
0 0.25078125 0.92890625 0.2015625 0.1390625
0 0.26953125 0.2 0.1765625 0.1625
0 0.13359375 0.8625 0.1328125 0.1171875
0 0.64921875 0.7125 0.1359375 0.134375
0 0.11796875 0.340625 0.2359375 0.215625
0 0.703125 0.17265625 0.10625 0.1078125