0 0.059375 0.52265625 0.0921875 0.0609375
0 0.26328125 0.525 0.0953125 0.0875
0 0.3421875 0.64140625 0.084375 0.0640625
0 0.27265625 0.65 0.08125 0.0625
0 0.85 0.41171875 0.11875 0.125
0 0.1625 0.91484375 0.1234375 0.13125
0 0.1375 0.675 0.084375 0.0859375
0 0.59609375 0.28046875 0.0796875 0.071875
0 0.71796875 0.5046875 0.0875 0.06875
0 0.48671875 0.571875 0.08125 0.08125
0 0.146875 0.3828125 0.134375 0.1203125
0 0.328125 0.33359375 0.09375 0.075
0 0.6640625 0.6484375 0.0859375 0.0984375
0 0.17890625 0.50625 0.065625 0.075
0 0.25859375 0.20625 0.0796875 0.0890625
0 0.5484375 0.5 0.059375 0.053125
0 0.92265625 0.71953125 0.10625 0.1109375
0 0.81171875 0.63046875 0.065625 0.065625
0 0.17265625 0.803125 0.10625 0.1109375
0 0.821875 0.540625 0.121875 0.115625
0 0.48984375 0.34765625 0.0796875 0.0953125
0 0.453125 0.4734375 0.0890625 0.0859375
0 0.7 0.25390625 0.103125 0.109375
0 0.396875 0.55625 0.078125 0.109375
0 0.075 0.94453125 0.0796875 0.1
0 0.50546875 0.51328125 0.0515625 0.046875
0 0.85078125 0.87578125 0.084375 0.0890625
0 0.071875 0.58984375 0.1 0.0875
0 0.109375 0.12421875 0.0640625 0.075
0 0.078125 0.66953125 0.0859375 0.1046875
0 0.303125 0.16875 0.0640625 0.0765625
0 0.571875 0.22421875 0.11875 0.1078125
0 0.7046875 0.45 0.1015625 0.1203125
0 0.24375 0.46875 0.10625 0.0921875
0 0.925 0.646875 0.0734375 0.059375
0 0.20859375 0.66640625 0.0921875 0.0828125
0 0.1453125 0.5953125 0.115625 0.103125
0 0.12578125 0.51015625 0.0609375 0.075
0 0.7453125 0.82421875 0.1109375 0.1265625
0 0.25625 0.5921875 0.1140625 0.084375
0 0.44140625 0.94765625 0.1125 0.096875
0 0.146875 0.27734375 0.1375 0.11875
0 0.62265625 0.46484375 0.096875 0.090625
0 0.75390625 0.34765625 0.09375 0.0953125
0 0.50625 0.46171875 0.046875 0.059375
0 0.4234375 0.2453125 0.134375 0.128125
0 0.8359375 0.66796875 0.115625 0.0984375
0 0.66640625 0.540625 0.0484375 0.0546875
0 0.603125 0.53515625 0.0859375 0.1015625
0 0.71953125 0.89765625 0.090625 0.11875
0 0.43515625 0.83046875 0.0828125 0.0953125
0 0.34921875 0.26953125 0.0984375 0.09375
0 0.20078125 0.1890625 0.059375 0.071875
0 0.83125 0.73125 0.0859375 0.059375
0 0.28046875 0.10390625 0.128125 0.128125
0 0.5453125 0.56171875 0.0765625 0.08125
0 0.33671875 0.58671875 0.0828125 0.0796875
0 0.2890625 0.89296875 0.0640625 0.0640625
0 0.440625 0.38515625 0.084375 0.0828125
0 0.42421875 0.9 0.09375 0.0828125
0 0.05546875 0.2625 0.0921875 0.096875
0 0.4765625 0.18203125 0.115625 0.103125
0 0.5640625 0.8640625 0.15 0.1421875
0 0.3453125 0.4484375 0.0984375 0.109375
0 0.11640625 0.7734375 0.1171875 0.1296875
0 0.703125 0.60625 0.096875 0.0984375
0 0.56796875 0.12421875 0.1140625 0.10625
0 0.2859375 0.9421875 0.11875 0.1109375
0 0.67578125 0.796875 0.10625 0.1359375
0 0.50625 0.79453125 0.08125 0.1015625
0 0.81875 0.80390625 0.06875 0.075
0 0.821875 0.93046875 0.0671875 0.053125
0 0.76015625 0.43359375 0.075 0.096875
0 0.40625 0.3265625 0.0796875 0.0765625
0 0.3625 0.8265625 0.10625 0.1328125
0 0.24921875 0.80859375 0.0921875 0.109375
0 0.48203125 0.69375 0.0796875 0.10625
0 0.6796875 0.34765625 0.103125 0.1171875
0 0.45703125 0.7703125 0.0765625 0.071875
0 0.075 0.4484375 0.134375 0.1015625
0 0.8703125 0.7921875 0.0609375 0.0609375
0 0.53828125 0.4265625 0.0984375 0.1
0 0.8953125 0.58828125 0.084375 0.0703125
0 0.5828125 0.36328125 0.1015625 0.103125
0 0.446875 0.55390625 0.0765625 0.0828125
0 0.23359375 0.3375 0.0921875 0.084375
0 0.528125 0.32265625 0.05 0.0625
0 0.88671875 0.946875 0.078125 0.06875
0 0.4765625 0.0828125 0.115625 0.103125
0 0.6375 0.90078125 0.0875 0.096875
0 0.75078125 0.70546875 0.0734375 0.0828125
0 0.378125 0.17109375 0.09375 0.09375
0 0.7515625 0.62890625 0.0765625 0.0875
0 0.94140625 0.878125 0.1140625 0.14375
0 0.32578125 0.5171875 0.0890625 0.0859375
0 0.80546875 0.453125 0.0734375 0.084375
0 0.6078125 0.778125 0.0625 0.0765625
0 0.4125 0.74140625 0.0921875 0.103125
0 0.575 0.69921875 0.1265625 0.121875
0 0.1734375 0.134375 0.0984375 0.121875
0 0.37421875 0.0890625 0.1015625 0.1
0 0.88359375 0.08125 0.2015625 0.1625
0 0.22890625 0.26875 0.08125 0.06875
0 0.27734375 0.3859375 0.103125 0.0859375
0 0.7828125 0.8875 0.0671875 0.0734375
0 0.178125 0.453125 0.0640625 0.0578125
0 0.04921875 0.06328125 0.0984375 0.1265625