0 0.11953125 0.05859375 0.1109375 0.1171875
0 0.58671875 0.49609375 0.0796875 0.1
0 0.5921875 0.18515625 0.1375 0.1421875
0 0.79609375 0.58515625 0.171875 0.1875
0 0.603125 0.31875 0.0984375 0.13125
0 0.45390625 0.20078125 0.096875 0.1109375
0 0.34609375 0.2421875 0.096875 0.0890625
0 0.203125 0.103125 0.1203125 0.1390625
0 0.70078125 0.1375 0.1140625 0.109375
0 0.3328125 0.68203125 0.096875 0.10625
0 0.8078125 0.3625 0.1609375 0.125
0 0.67734375 0.63671875 0.1515625 0.16875
0 0.95546875 0.35625 0.0875 0.1125
0 0.13671875 0.70859375 0.1578125 0.159375
0 0.14375 0.34609375 0.1203125 0.121875
0 0.27265625 0.84140625 0.1578125 0.1828125
0 0.79140625 0.74140625 0.1703125 0.14375
0 0.15703125 0.84296875 0.115625 0.084375
0 0.446875 0.58828125 0.1 0.08125
0 0.88125 0.6984375 0.0875 0.090625
0 0.546875 0.578125 0.1015625 0.0859375
0 0.38125 0.925 0.125 0.146875
0 0.61328125 0.85 0.128125 0.1390625
0 0.3515625 0.15 0.1265625 0.1109375
0 0.47109375 0.71953125 0.146875 0.1171875
0 0.0859375 0.9328125 0.1453125 0.13125
0 0.728125 0.259375 0.10625 0.1203125
0 0.546875 0.06484375 0.14375 0.1296875
0 0.0625 0.46953125 0.1109375 0.140625
0 0.34453125 0.7859375 0.1171875 0.10625
0 0.1578125 0.91953125 0.115625 0.1171875
0 0.5921875 0.73515625 0.0984375 0.13125
0 0.6515625 0.0796875 0.0859375 0.0765625
0 0.5296875 0.240625 0.0953125 0.103125
0 0.03984375 0.16171875 0.0796875 0.109375
0 0.0390625 0.35 0.078125 0.1
0 0.5 0.803125 0.1046875 0.1015625
0 0.35625 0.35390625 0.078125 0.1078125
0 0.4046875 0.07265625 0.15625 0.1453125
0 0.80234375 0.8421875 0.1390625 0.09375
0 0.675 0.4625 0.0953125 0.0921875
0 0.2546875 0.51953125 0.15 0.13125
0 0.3765625 0.496875 0.153125 0.1671875
0 0.89765625 0.48359375 0.1453125 0.1484375
0 0.5 0.48984375 0.084375 0.125
0 0.8296875 0.22265625 0.1296875 0.1609375
0 0.76953125 0.925 0.134375 0.146875
0 0.9609375 0.25625 0.075 0.0984375
0 0.9171875 0.875 0.10625 0.1328125
0 0.9 0.6359375 0.1015625 0.0734375
0 0.3109375 0.06796875 0.0609375 0.0859375
0 0.2609375 0.24453125 0.1140625 0.13125
0 0.16484375 0.484375 0.096875 0.103125
0 0.44921875 0.3453125 0.1390625 0.1640625
0 0.04375 0.57734375 0.0875 0.1015625
0 0.26953125 0.94921875 0.103125 0.0984375
0 0.2578125 0.665625 0.1078125 0.146875
0 0.4203125 0.64921875 0.071875 0.0640625
0 0.1328125 0.2046875 0.1171875 0.134375