0 0.71875 0.453125 0.1140625 0.1859375
0 0.85 0.63359375 0.15 0.146875
0 0.584375 0.1078125 0.11875 0.190625
0 0.603125 0.3515625 0.1265625 0.1390625
0 0.9390625 0.73984375 0.121875 0.1828125
0 0.15234375 0.32421875 0.2859375 0.2703125
0 0.06796875 0.82421875 0.1359375 0.2265625
0 0.87734375 0.9203125 0.2171875 0.15625
0 0.834375 0.31015625 0.2109375 0.2515625
0 0.60859375 0.75703125 0.25 0.1984375
0 0.2078125 0.10078125 0.1734375 0.16875
0 0.70859375 0.07265625 0.1109375 0.1171875
0 0.36171875 0.0546875 0.134375 0.109375
0 0.2390625 0.9171875 0.2015625 0.1625
0 0.82421875 0.109375 0.1578125 0.21875
0 0.66796875 0.2234375 0.2046875 0.2796875
0 0.39296875 0.453125 0.25625 0.2671875
0 0.603125 0.59609375 0.2609375 0.19375
0 0.4203125 0.134375 0.1546875 0.2203125
0 0.4953125 0.10234375 0.10625 0.2046875
0 0.4203125 0.80625 0.1234375 0.1078125
0 0.10078125 0.66796875 0.2015625 0.1359375
0 0.69765625 0.92421875 0.16875 0.15
0 0.22109375 0.75 0.2328125 0.2203125
0 0.33359375 0.2265625 0.1328125 0.2578125
0 0.390625 0.67109375 0.2015625 0.2015625
0 0.49140625 0.29921875 0.215625 0.2046875
0 0.1515625 0.5484375 0.265625 0.1921875
0 0.22265625 0.228125 0.1734375 0.24375
0 0.59921875 0.46484375 0.1734375 0.134375