0 0.32421875 0.328125 0.071875 0.071875
0 0.246875 0.70625 0.1109375 0.1046875
0 0.8171875 0.75546875 0.1265625 0.1078125
0 0.49765625 0.83671875 0.075 0.0875
0 0.43828125 0.3921875 0.1171875 0.1140625
0 0.25859375 0.57265625 0.0765625 0.0796875
0 0.87421875 0.06640625 0.0609375 0.075
0 0.7171875 0.1625 0.084375 0.096875
0 0.26484375 0.8390625 0.06875 0.09375
0 0.3765625 0.7359375 0.084375 0.0828125
0 0.56015625 0.81875 0.0890625 0.1140625
0 0.421875 0.23359375 0.0875 0.0765625
0 0.621875 0.47265625 0.109375 0.0890625
0 0.88203125 0.16953125 0.0609375 0.065625
0 0.50859375 0.9453125 0.065625 0.084375
0 0.434375 0.29921875 0.0703125 0.065625
0 0.2609375 0.1515625 0.0890625 0.1109375
0 0.9078125 0.49296875 0.1421875 0.153125
0 0.8265625 0.29296875 0.1859375 0.21875
0 0.27109375 0.0546875 0.0765625 0.1
0 0.31953125 0.58984375 0.0546875 0.06875
0 0.13125 0.44140625 0.121875 0.1265625
0 0.11484375 0.2828125 0.09375 0.0859375
0 0.0875 0.06875 0.121875 0.13125
0 0.2109375 0.63359375 0.0609375 0.0484375
0 0.9359375 0.67890625 0.1265625 0.13125
0 0.31640625 0.64453125 0.0796875 0.0703125
0 0.615625 0.03671875 0.0765625 0.0734375
0 0.4109375 0.6640625 0.0765625 0.0625
0 0.5953125 0.37109375 0.0625 0.0640625
0 0.3875 0.553125 0.1328125 0.0984375
0 0.2046875 0.1078125 0.0734375 0.0578125
0 0.64453125 0.1421875 0.090625 0.0953125
0 0.1796875 0.50546875 0.0515625 0.0515625
0 0.35546875 0.48203125 0.1375 0.109375
0 0.940625 0.80078125 0.1171875 0.140625
0 0.96171875 0.39453125 0.0765625 0.1015625
0 0.771875 0.12109375 0.0546875 0.0953125
0 0.17265625 0.21796875 0.1703125 0.1640625
0 0.140625 0.74375 0.0921875 0.090625
0 0.35859375 0.0921875 0.11875 0.1734375
0 0.38125 0.2765625 0.046875 0.0609375
0 0.11328125 0.3640625 0.0953125 0.0859375
0 0.32734375 0.225 0.0625 0.059375
0 0.3359375 0.896875 0.0578125 0.0453125
0 0.959375 0.18671875 0.0796875 0.125
0 0.6609375 0.28515625 0.1421875 0.1484375
0 0.21796875 0.7890625 0.0703125 0.090625
0 0.6484375 0.5546875 0.1171875 0.08125
0 0.53671875 0.61484375 0.0796875 0.084375
0 0.8265625 0.84375 0.090625 0.0859375
0 0.9515625 0.0484375 0.0953125 0.096875
0 0.84140625 0.65703125 0.065625 0.090625
0 0.93046875 0.5765625 0.1390625 0.096875
0 0.96640625 0.30625 0.065625 0.0921875
0 0.82578125 0.9515625 0.078125 0.0953125
0 0.76875 0.478125 0.1234375 0.1328125
0 0.75390625 0.59375 0.1359375 0.1140625
0 0.45859375 0.77265625 0.0875 0.1015625
0 0.34140625 0.828125 0.0671875 0.071875
0 0.7109375 0.0671875 0.075 0.0859375
0 0.24765625 0.31171875 0.1109375 0.1015625
0 0.4375 0.9546875 0.08125 0.090625
0 0.33125 0.28203125 0.06875 0.071875
0 0.753125 0.9375 0.1140625 0.1234375
0 0.1375 0.0328125 0.08125 0.065625
0 0.596875 0.1046875 0.078125 0.075
0 0.54453125 0.525 0.0921875 0.1
0 0.828125 0.1328125 0.0640625 0.0765625
0 0.246875 0.46953125 0.1 0.0953125
0 0.69609375 0.41015625 0.078125 0.0796875
0 0.71796875 0.75 0.090625 0.10625
0 0.52734375 0.0515625 0.121875 0.103125
0 0.1671875 0.30859375 0.0625 0.0484375
0 0.7390625 0.08359375 0.040625 0.0515625
0 0.6703125 0.8453125 0.0640625 0.0703125
0 0.34921875 0.375 0.0875 0.0828125
0 0.54765625 0.20703125 0.1203125 0.1296875
0 0.3109375 0.75234375 0.0765625 0.0921875
0 0.7578125 0.67578125 0.09375 0.084375
0 0.81640625 0.0640625 0.071875 0.084375
0 0.8859375 0.11328125 0.0578125 0.0515625
0 0.634375 0.73515625 0.0828125 0.0578125
0 0.63984375 0.671875 0.075 0.08125
0 0.9140625 0.93515625 0.125 0.128125