0 0.94921875 0.4390625 0.1 0.134375
0 0.76328125 0.8078125 0.128125 0.165625
0 0.715625 0.4265625 0.21875 0.2140625
0 0.42265625 0.89296875 0.209375 0.2109375
0 0.34140625 0.315625 0.1390625 0.1078125
0 0.42109375 0.43203125 0.2015625 0.2
0 0.14140625 0.40546875 0.16875 0.1890625
0 0.2109375 0.0953125 0.221875 0.190625
0 0.54765625 0.56484375 0.1703125 0.19375
0 0.8671875 0.46875 0.125 0.1046875
0 0.07890625 0.34609375 0.1578125 0.2140625
0 0.3046875 0.57578125 0.3375 0.3375
0 0.65234375 0.68359375 0.2078125 0.1765625
0 0.05703125 0.73671875 0.1140625 0.2015625
0 0.6015625 0.08515625 0.2984375 0.1703125
0 0.85078125 0.21328125 0.2390625 0.2359375
0 0.88984375 0.91484375 0.20625 0.1703125
0 0.53671875 0.16953125 0.184375 0.209375
0 0.72734375 0.9375 0.14375 0.1203125
0 0.21484375 0.87890625 0.25 0.2359375
0 0.84765625 0.34375 0.1109375 0.153125
0 0.59140625 0.9046875 0.1875 0.1875
0 0.371875 0.1609375 0.1859375 0.2203125
0 0.7390625 0.57265625 0.1328125 0.1265625