0 0.63203125 0.56171875 0.0875 0.0734375
0 0.06796875 0.7015625 0.1046875 0.1046875
0 0.809375 0.93046875 0.1078125 0.1171875
0 0.9546875 0.3078125 0.0796875 0.0828125
0 0.0640625 0.9546875 0.0796875 0.078125
0 0.696875 0.40078125 0.1046875 0.08125
0 0.44921875 0.5109375 0.125 0.1234375
0 0.11875 0.48046875 0.0796875 0.071875
0 0.209375 0.96328125 0.0546875 0.059375
0 0.21953125 0.8546875 0.053125 0.0625
0 0.203125 0.7703125 0.0609375 0.0640625
0 0.81328125 0.55625 0.078125 0.078125
0 0.89453125 0.32734375 0.090625 0.0828125
0 0.75703125 0.78046875 0.0640625 0.0859375
0 0.68671875 0.12109375 0.084375 0.0765625
0 0.63046875 0.4734375 0.0484375 0.0484375
0 0.32109375 0.19375 0.059375 0.071875
0 0.2203125 0.71875 0.0484375 0.0390625
0 0.55234375 0.49765625 0.0578125 0.053125
0 0.334375 0.75390625 0.0546875 0.0625
0 0.72734375 0.55546875 0.084375 0.05625
0 0.2265625 0.5265625 0.06875 0.0671875
0 0.7828125 0.28125 0.090625 0.0703125
0 0.903125 0.04921875 0.0796875 0.0875
0 0.928125 0.5765625 0.059375 0.0828125
0 0.4625 0.8171875 0.0765625 0.0953125
0 0.953125 0.70625 0.0796875 0.0953125
0 0.03046875 0.18828125 0.0609375 0.0578125
0 0.82421875 0.1359375 0.1421875 0.0953125
0 0.88984375 0.671875 0.096875 0.0875
0 0.69921875 0.8109375 0.0859375 0.078125
0 0.06953125 0.5015625 0.0578125 0.0453125
0 0.88515625 0.5671875 0.0921875 0.0921875
0 0.19765625 0.63828125 0.0671875 0.0671875
0 0.83125 0.72109375 0.0640625 0.0703125
0 0.803125 0.3609375 0.1015625 0.1
0 0.72578125 0.24140625 0.10625 0.0921875
0 0.42265625 0.2859375 0.071875 0.065625
0 0.3375 0.25625 0.071875 0.0609375
0 0.1171875 0.7125 0.0828125 0.0734375
0 0.1171875 0.94921875 0.053125 0.0796875
0 0.78046875 0.73359375 0.0890625 0.0859375
0 0.70078125 0.7640625 0.0828125 0.065625
0 0.859375 0.271875 0.0890625 0.0953125
0 0.609375 0.721875 0.0640625 0.0578125
0 0.275 0.815625 0.053125 0.075
0 0.890625 0.4671875 0.1421875 0.1328125
0 0.40625 0.63671875 0.0640625 0.0671875
0 0.54921875 0.16171875 0.071875 0.0765625
0 0.315625 0.89140625 0.084375 0.0921875
0 0.86875 0.7578125 0.0984375 0.0703125
0 0.5671875 0.0359375 0.090625 0.071875
0 0.784375 0.18203125 0.0578125 0.0640625
0 0.43046875 0.17578125 0.090625 0.1015625
0 0.69375 0.509375 0.059375 0.0515625
0 0.0796875 0.12734375 0.059375 0.0734375
0 0.61484375 0.6671875 0.053125 0.059375
0 0.88203125 0.8390625 0.0953125 0.0609375
0 0.953125 0.77890625 0.078125 0.0875
0 0.3765625 0.2875 0.0609375 0.075
0 0.52421875 0.24140625 0.0796875 0.0734375
0 0.6515625 0.70078125 0.0484375 0.0515625
0 0.10390625 0.5734375 0.0515625 0.0625
0 0.334375 0.7078125 0.05 0.05625
0 0.14453125 0.81015625 0.0734375 0.0703125
0 0.240625 0.7296875 0.046875 0.059375
0 0.596875 0.2859375 0.053125 0.053125
0 0.13359375 0.89296875 0.0640625 0.06875
0 0.41015625 0.3515625 0.0890625 0.0890625
0 0.20390625 0.37421875 0.09375 0.1125
0 0.82109375 0.21484375 0.0578125 0.0640625
0 0.64296875 0.3140625 0.065625 0.0609375
0 0.44765625 0.2515625 0.05 0.0640625
0 0.91953125 0.38671875 0.0859375 0.0703125
0 0.4796875 0.12734375 0.05625 0.0609375
0 0.5640625 0.5484375 0.0734375 0.06875
0 0.2515625 0.13359375 0.1 0.1046875
0 0.75625 0.321875 0.0421875 0.0453125
0 0.12734375 0.1484375 0.0671875 0.0578125
0 0.3953125 0.1140625 0.1203125 0.0875
0 0.09375 0.796875 0.0921875 0.0859375
0 0.62109375 0.07109375 0.0859375 0.0921875
0 0.2671875 0.34609375 0.1109375 0.1125
0 0.60859375 0.3625 0.0625 0.0734375
0 0.7328125 0.18203125 0.059375 0.05625
0 0.5328125 0.8125 0.0578125 0.059375
0 0.51640625 0.31484375 0.0875 0.090625
0 0.4078125 0.77421875 0.078125 0.0828125
0 0.3921875 0.39375 0.0640625 0.05625
0 0.83203125 0.046875 0.1125 0.09375
0 0.33515625 0.64296875 0.0546875 0.0640625
0 0.3421875 0.3046875 0.0703125 0.0671875
0 0.19140625 0.06953125 0.078125 0.0828125
0 0.6359375 0.86875 0.0890625 0.1
0 0.046875 0.896875 0.0796875 0.0875
0 0.040625 0.28671875 0.08125 0.1109375