0 0.71875 0.24609375 0.103125 0.103125
0 0.08203125 0.5703125 0.075 0.0703125
0 0.30234375 0.65078125 0.0671875 0.0796875
0 0.2703125 0.44375 0.0390625 0.05
0 0.634375 0.71640625 0.06875 0.05
0 0.03203125 0.53828125 0.0640625 0.0859375
0 0.73203125 0.86953125 0.053125 0.0609375
0 0.15 0.12578125 0.0984375 0.0765625
0 0.2921875 0.26484375 0.0546875 0.059375
0 0.86953125 0.646875 0.05625 0.0640625
0 0.615625 0.46484375 0.0640625 0.0625
0 0.334375 0.49296875 0.0609375 0.065625
0 0.28515625 0.4765625 0.040625 0.040625
0 0.3671875 0.84296875 0.0640625 0.0921875
0 0.23828125 0.0765625 0.0671875 0.0625
0 0.35390625 0.1015625 0.0859375 0.0796875
0 0.50703125 0.365625 0.0453125 0.053125
0 0.53125 0.10078125 0.0734375 0.0671875
0 0.37265625 0.7375 0.078125 0.071875
0 0.6265625 0.95234375 0.090625 0.09375
0 0.2484375 0.5234375 0.0453125 0.0453125
0 0.24140625 0.40625 0.0828125 0.084375
0 0.3578125 0.68125 0.05625 0.075
0 0.3859375 0.3140625 0.0515625 0.04375
0 0.52578125 0.42109375 0.065625 0.0625
0 0.24921875 0.26640625 0.0609375 0.0640625
0 0.0890625 0.628125 0.078125 0.0703125
0 0.8078125 0.43046875 0.0734375 0.0921875
0 0.9 0.81484375 0.10625 0.0953125
0 0.19296875 0.428125 0.0703125 0.065625
0 0.771875 0.2890625 0.0640625 0.0640625
0 0.11171875 0.534375 0.06875 0.059375
0 0.8421875 0.1640625 0.125 0.1203125
0 0.365625 0.42734375 0.0375 0.04375
0 0.81875 0.91484375 0.0640625 0.0578125
0 0.08125 0.4296875 0.0859375 0.0734375
0 0.1859375 0.20859375 0.103125 0.0875
0 0.2328125 0.03203125 0.0484375 0.0453125
0 0.6515625 0.12734375 0.065625 0.0859375
0 0.13359375 0.46015625 0.0515625 0.0515625
0 0.44375 0.87265625 0.084375 0.090625
0 0.49609375 0.55859375 0.08125 0.0796875
0 0.284375 0.740625 0.0484375 0.0515625
0 0.05390625 0.37109375 0.0984375 0.0921875
0 0.06484375 0.05078125 0.0859375 0.084375
0 0.19921875 0.075 0.059375 0.08125
0 0.23671875 0.4828125 0.0609375 0.059375
0 0.759375 0.5140625 0.08125 0.06875
0 0.52890625 0.7484375 0.078125 0.090625
0 0.3703125 0.365625 0.04375 0.05625
0 0.90703125 0.19765625 0.0875 0.0890625
0 0.7421875 0.43125 0.1015625 0.0953125
0 0.3234375 0.0515625 0.0703125 0.0546875
0 0.64453125 0.821875 0.071875 0.08125
0 0.2328125 0.734375 0.071875 0.0625
0 0.3859375 0.59296875 0.0546875 0.0453125
0 0.2640625 0.80546875 0.0640625 0.103125
0 0.28984375 0.32734375 0.0546875 0.0375
0 0.46796875 0.7421875 0.0515625 0.0546875
0 0.353125 0.55625 0.059375 0.0625
0 0.090625 0.146875 0.0515625 0.0640625
0 0.7515625 0.80703125 0.096875 0.0875
0 0.48046875 0.68046875 0.0640625 0.071875
0 0.328125 0.378125 0.071875 0.09375
0 0.09765625 0.30234375 0.071875 0.0875
0 0.653125 0.5171875 0.0828125 0.06875
0 0.43828125 0.71484375 0.0859375 0.06875
0 0.44375 0.334375 0.0578125 0.0640625
0 0.771875 0.0625 0.0984375 0.06875
0 0.38125 0.625 0.0609375 0.0546875
0 0.86640625 0.584375 0.1046875 0.0875
0 0.69140625 0.6421875 0.1 0.1078125
0 0.4546875 0.50859375 0.065625 0.0703125
0 0.340625 0.325 0.0515625 0.0421875
0 0.31484375 0.2109375 0.059375 0.05625
0 0.05390625 0.834375 0.1078125 0.15625
0 0.0703125 0.50078125 0.0546875 0.0390625
0 0.0484375 0.21328125 0.096875 0.1109375
0 0.2515625 0.5734375 0.0578125 0.059375
0 0.85 0.4375 0.075 0.0953125
0 0.8703125 0.84375 0.0875 0.0796875
0 0.4515625 0.27734375 0.0671875 0.071875
0 0.1328125 0.16953125 0.071875 0.109375
0 0.5859375 0.4 0.059375 0.0609375
0 0.525 0.3015625 0.0921875 0.0859375
0 0.5671875 0.76953125 0.0609375 0.0546875
0 0.68125 0.7171875 0.03125 0.053125
0 0.21875 0.1328125 0.0671875 0.071875
0 0.17734375 0.7125 0.071875 0.075
0 0.25625 0.6234375 0.0375 0.05
0 0.92421875 0.9359375 0.1453125 0.1265625
0 0.13125 0.890625 0.090625 0.08125
0 0.3953125 0.5578125 0.034375 0.034375
0 0.8515625 0.49296875 0.134375 0.1171875
0 0.1484375 0.60546875 0.071875 0.0953125
0 0.50625 0.47890625 0.0890625 0.0828125
0 0.5609375 0.87109375 0.0578125 0.071875
0 0.44140625 0.4453125 0.0375 0.0515625
0 0.5703125 0.4484375 0.04375 0.0453125
0 0.65 0.02578125 0.075 0.0515625
0 0.42109375 0.75390625 0.05 0.04375
0 0.47421875 0.0625 0.0796875 0.0765625
0 0.53828125 0.93125 0.0984375 0.1
0 0.43671875 0.58203125 0.0625 0.0703125
0 0.25390625 0.9546875 0.0625 0.08125
0 0.034375 0.30859375 0.05625 0.05625
0 0.0546875 0.13125 0.0609375 0.0734375
0 0.1390625 0.92578125 0.10625 0.09375
0 0.41328125 0.3828125 0.0625 0.06875
0 0.94921875 0.48828125 0.09375 0.0875
0 0.93125 0.77109375 0.0828125 0.0859375
0 0.678125 0.875 0.075 0.0734375
0 0.31796875 0.8109375 0.0671875 0.1
0 0.30390625 0.92890625 0.1203125 0.140625
0 0.31953125 0.44609375 0.0703125 0.05
0 0.73828125 0.14296875 0.0578125 0.0609375
0 0.40625 0.4390625 0.0453125 0.05625
0 0.39765625 0.9234375 0.0875 0.0703125
0 0.2765625 0.1640625 0.1078125 0.1078125
0 0.10546875 0.834375 0.08125 0.065625
0 0.50625 0.20234375 0.0640625 0.0921875
0 0.26328125 0.678125 0.0703125 0.0671875
0 0.5859375 0.1265625 0.08125 0.10625
0 0.5765625 0.4984375 0.0640625 0.071875
0 0.1984375 0.5375 0.0796875 0.0765625
0 0.28984375 0.09296875 0.0546875 0.06875
0 0.13671875 0.771875 0.103125 0.115625
0 0.90625 0.4078125 0.071875 0.0796875
0 0.7921875 0.69765625 0.0921875 0.0875
0 0.4734375 0.41796875 0.0671875 0.0703125
0 0.29453125 0.2984375 0.0640625 0.03125
0 0.8265625 0.8515625 0.071875 0.071875
0 0.6359375 0.2390625 0.09375 0.09375
0 0.515625 0.82109375 0.0921875 0.071875
0 0.81484375 0.78359375 0.0796875 0.0796875
0 0.753125 0.925 0.0953125 0.09375
0 0.38125 0.26328125 0.0890625 0.075
0 0.4859375 0.33671875 0.04375 0.05
0 0.05703125 0.46484375 0.0484375 0.0375
0 0.9578125 0.346875 0.084375 0.10625
0 0.665625 0.3125 0.1328125 0.0875
0 0.31796875 0.72109375 0.046875 0.0359375
0 0.55859375 0.36328125 0.06875 0.06875
0 0.4046875 0.11953125 0.0421875 0.06875
0 0.45546875 0.12109375 0.0875 0.103125
0 0.0640625 0.29609375 0.03125 0.0390625
0 0.33203125 0.25234375 0.0375 0.0375
0 0.39296875 0.49140625 0.078125 0.0984375
0 0.58515625 0.8109375 0.0671875 0.0671875
0 0.53828125 0.03203125 0.084375 0.0640625
0 0.7125 0.540625 0.065625 0.0625
0 0.834375 0.2703125 0.1078125 0.121875
0 0.66640625 0.453125 0.065625 0.0953125
0 0.4640625 0.63359375 0.0546875 0.0515625
0 0.36640625 0.03203125 0.0484375 0.0640625
0 0.784375 0.2234375 0.0609375 0.0625
0 0.33359375 0.6234375 0.0515625 0.0515625
0 0.21015625 0.35625 0.0734375 0.075
0 0.29453125 0.6 0.05625 0.0546875
0 0.146875 0.30859375 0.0640625 0.0734375
0 0.31640625 0.75 0.0328125 0.034375
0 0.42890625 0.6453125 0.059375 0.0671875
0 0.68203125 0.925 0.0484375 0.0546875
0 0.440625 0.2109375 0.0828125 0.071875
0 0.30078125 0.5171875 0.059375 0.059375
0 0.2140625 0.60078125 0.075 0.0734375
0 0.21484375 0.6671875 0.0546875 0.0578125
0 0.91484375 0.690625 0.0546875 0.0578125
0 0.5765625 0.71328125 0.0609375 0.071875
0 0.878125 0.0578125 0.128125 0.115625
0 0.36875 0.18359375 0.0953125 0.0921875
0 0.13515625 0.38671875 0.06875 0.05625
0 0.66328125 0.56640625 0.065625 0.06875
0 0.52890625 0.6421875 0.103125 0.090625
0 0.14375 0.0421875 0.121875 0.084375
0 0.9421875 0.5828125 0.1125 0.1375
0 0.2765625 0.36328125 0.053125 0.0609375
0 0.17578125 0.4734375 0.0921875 0.0765625
0 0.70859375 0.3671875 0.1515625 0.115625