0 0.90859375 0.890625 0.078125 0.0625
0 0.590625 0.67578125 0.125 0.146875
0 0.76015625 0.615625 0.103125 0.125
0 0.30234375 0.178125 0.11875 0.134375
0 0.35703125 0.27734375 0.1265625 0.1234375
0 0.734375 0.865625 0.0953125 0.103125
0 0.04296875 0.12890625 0.0859375 0.115625
0 0.64375 0.34375 0.090625 0.0875
0 0.9 0.5265625 0.1234375 0.140625
0 0.58515625 0.2671875 0.1 0.0921875
0 0.81875 0.85625 0.103125 0.09375
0 0.84140625 0.7609375 0.153125 0.11875
0 0.05390625 0.91953125 0.1078125 0.1515625
0 0.50390625 0.79296875 0.1328125 0.16875
0 0.78046875 0.48046875 0.1234375 0.1390625
0 0.065625 0.5703125 0.13125 0.128125
0 0.43984375 0.0671875 0.103125 0.115625
0 0.28203125 0.76171875 0.2078125 0.1921875
0 0.83359375 0.65703125 0.1078125 0.1109375
0 0.27265625 0.41796875 0.08125 0.0765625
0 0.18515625 0.4109375 0.1046875 0.09375
0 0.85234375 0.246875 0.1046875 0.1234375
0 0.0578125 0.76875 0.115625 0.103125
0 0.68515625 0.625 0.109375 0.109375
0 0.86875 0.3875 0.134375 0.1078125
0 0.378125 0.8578125 0.128125 0.1453125
0 0.95703125 0.41796875 0.084375 0.1015625
0 0.428125 0.5 0.1203125 0.0765625
0 0.5421875 0.92421875 0.06875 0.10625
0 0.74453125 0.22421875 0.115625 0.140625
0 0.53828125 0.45390625 0.1328125 0.1515625
0 0.240625 0.2484375 0.0765625 0.0875
0 0.19921875 0.615625 0.1140625 0.1296875
0 0.83046875 0.94921875 0.11875 0.1015625
0 0.05546875 0.2203125 0.1109375 0.103125
0 0.2625 0.51953125 0.1265625 0.1078125
0 0.16015625 0.178125 0.1078125 0.10625
0 0.653125 0.934375 0.1109375 0.13125
0 0.7015625 0.5171875 0.1234375 0.0984375
0 0.46015625 0.90078125 0.1015625 0.134375
0 0.38828125 0.42109375 0.09375 0.0859375
0 0.1828125 0.29609375 0.1328125 0.1203125
0 0.94375 0.1421875 0.1109375 0.115625
0 0.59453125 0.18359375 0.084375 0.075
0 0.1015625 0.6859375 0.1109375 0.0828125
0 0.33359375 0.04375 0.071875 0.0875
0 0.7203125 0.78046875 0.1171875 0.08125
0 0.46953125 0.59296875 0.1140625 0.11875
0 0.4609375 0.2703125 0.1 0.0859375
0 0.940625 0.80703125 0.06875 0.0609375
0 0.71796875 0.709375 0.103125 0.090625
0 0.2515625 0.94453125 0.1078125 0.109375
0 0.08046875 0.071875 0.1109375 0.1171875
0 0.47109375 0.3609375 0.0875 0.0921875
0 0.34140625 0.60234375 0.1265625 0.134375
0 0.4640625 0.171875 0.09375 0.1078125
0 0.84921875 0.1375 0.1375 0.1140625
0 0.21015625 0.85234375 0.128125 0.15
0 0.3359375 0.96484375 0.084375 0.06875
0 0.31875 0.35703125 0.11875 0.1078125
0 0.61640625 0.86015625 0.0921875 0.11875
0 0.95078125 0.6578125 0.0984375 0.153125
0 0.08828125 0.3765625 0.103125 0.11875
0 0.89921875 0.94453125 0.0875 0.0921875
0 0.6421875 0.11484375 0.11875 0.1
0 0.734375 0.334375 0.121875 0.1484375