0 0.5609375 0.2828125 0.1171875 0.1546875
0 0.309375 0.06953125 0.134375 0.1390625
0 0.0703125 0.83203125 0.140625 0.1265625
0 0.2328125 0.81875 0.1453125 0.11875
0 0.61875 0.84453125 0.1015625 0.1109375
0 0.94453125 0.68828125 0.109375 0.11875
0 0.9234375 0.7890625 0.090625 0.1046875
0 0.8296875 0.81875 0.1671875 0.18125
0 0.36796875 0.76015625 0.075 0.0609375
0 0.696875 0.29765625 0.1671875 0.11875
0 0.134375 0.2734375 0.16875 0.2546875
0 0.5109375 0.875 0.078125 0.1046875
0 0.4265625 0.11328125 0.1265625 0.1125
0 0.43984375 0.40078125 0.13125 0.1328125
0 0.1140625 0.43515625 0.128125 0.09375
0 0.36484375 0.440625 0.1234375 0.115625
0 0.134375 0.07109375 0.153125 0.1421875
0 0.42890625 0.9078125 0.096875 0.0859375
0 0.93125 0.39609375 0.1328125 0.15
0 0.740625 0.39296875 0.1234375 0.140625
0 0.3296875 0.95234375 0.09375 0.09375
0 0.85625 0.71875 0.0796875 0.0734375
0 0.92109375 0.190625 0.1546875 0.21875
0 0.44921875 0.83203125 0.1125 0.084375
0 0.55078125 0.7046875 0.0765625 0.08125
0 0.36875 0.23359375 0.1140625 0.13125
0 0.43828125 0.76015625 0.1125 0.1109375
0 0.7203125 0.75 0.1875 0.1484375
0 0.24609375 0.93046875 0.125 0.11875
0 0.66484375 0.134375 0.2171875 0.26875
0 0.534375 0.76328125 0.0984375 0.09375
0 0.24765625 0.0859375 0.1375 0.1703125
0 0.63125 0.45546875 0.196875 0.2375
0 0.34609375 0.84375 0.1171875 0.1328125
0 0.14765625 0.9234375 0.0921875 0.1203125