0 0.84296875 0.34140625 0.1921875 0.1890625
0 0.05234375 0.6703125 0.1046875 0.2296875
0 0.29140625 0.50390625 0.178125 0.1234375
0 0.36328125 0.265625 0.1265625 0.1125
0 0.93984375 0.259375 0.115625 0.175
0 0.88125 0.62265625 0.171875 0.115625
0 0.58046875 0.86875 0.1328125 0.1453125
0 0.2359375 0.3765625 0.153125 0.1609375
0 0.86484375 0.52734375 0.2296875 0.20625
0 0.41796875 0.23046875 0.0890625 0.121875
0 0.815625 0.1953125 0.153125 0.1421875
0 0.278125 0.18984375 0.2359375 0.24375
0 0.8515625 0.73671875 0.20625 0.1609375
0 0.9234375 0.13359375 0.15 0.146875
0 0.14453125 0.084375 0.2046875 0.16875
0 0.315625 0.6390625 0.1890625 0.196875
0 0.6671875 0.6265625 0.19375 0.1796875
0 0.6796875 0.4484375 0.228125 0.2578125
0 0.69921875 0.784375 0.1546875 0.1609375
0 0.4734375 0.15234375 0.1328125 0.159375
0 0.17890625 0.659375 0.19375 0.2546875
0 0.621875 0.2015625 0.240625 0.25625
0 0.49765625 0.5421875 0.11875 0.13125
0 0.42890625 0.3890625 0.2234375 0.2234375
0 0.5375 0.72734375 0.1671875 0.178125
0 0.74609375 0.1171875 0.140625 0.18125
0 0.5609375 0.38125 0.1578125 0.2125
0 0.421875 0.79765625 0.1109375 0.1078125
0 0.096875 0.43359375 0.19375 0.2140625