0 0.13671875 0.084375 0.0875 0.103125
0 0.66640625 0.4375 0.0796875 0.0875
0 0.35 0.48125 0.05625 0.0625
0 0.56640625 0.5796875 0.05625 0.0703125
0 0.4 0.2484375 0.0625 0.0703125
0 0.35 0.24375 0.05625 0.06875
0 0.54296875 0.73125 0.0921875 0.08125
0 0.61484375 0.3109375 0.0734375 0.090625
0 0.2953125 0.62578125 0.10625 0.075
0 0.6765625 0.11328125 0.078125 0.1203125
0 0.51640625 0.15234375 0.0625 0.0875
0 0.1265625 0.496875 0.0703125 0.0515625
0 0.0765625 0.6953125 0.071875 0.0640625
0 0.71875 0.753125 0.0703125 0.0703125
0 0.6859375 0.18046875 0.0765625 0.0921875
0 0.8671875 0.66640625 0.103125 0.103125
0 0.33046875 0.78828125 0.0578125 0.084375
0 0.4375 0.38359375 0.0546875 0.0625
0 0.22578125 0.41953125 0.0734375 0.071875
0 0.2578125 0.30625 0.071875 0.065625
0 0.2359375 0.51484375 0.0640625 0.059375
0 0.4296875 0.1640625 0.065625 0.1015625
0 0.59453125 0.109375 0.090625 0.0984375
0 0.93203125 0.61171875 0.1203125 0.103125
0 0.46953125 0.240625 0.065625 0.0734375
0 0.3734375 0.771875 0.046875 0.0703125
0 0.15234375 0.196875 0.10625 0.0890625
0 0.05625 0.0765625 0.0796875 0.08125
0 0.51875 0.61796875 0.084375 0.0671875
0 0.7765625 0.21953125 0.0921875 0.103125
0 0.2875 0.4015625 0.0625 0.05625
0 0.27734375 0.26171875 0.08125 0.065625
0 0.9359375 0.1171875 0.125 0.1546875
0 0.6796875 0.0609375 0.0796875 0.10625
0 0.44375 0.67578125 0.071875 0.078125
0 0.57265625 0.67265625 0.0640625 0.06875
0 0.2828125 0.7046875 0.0625 0.071875
0 0.31640625 0.1203125 0.0953125 0.0734375
0 0.7046875 0.5671875 0.1046875 0.071875
0 0.1171875 0.45625 0.1078125 0.05625
0 0.41796875 0.6109375 0.0640625 0.06875
0 0.41640625 0.0875 0.0890625 0.084375
0 0.1375 0.76328125 0.1015625 0.0875
0 0.35078125 0.43046875 0.0546875 0.0578125
0 0.64765625 0.634375 0.0640625 0.0765625
0 0.4203125 0.778125 0.0640625 0.0875
0 0.05625 0.7578125 0.071875 0.0609375
0 0.85078125 0.5125 0.1015625 0.071875
0 0.46640625 0.78515625 0.0546875 0.0734375
0 0.36015625 0.70859375 0.0578125 0.0640625
0 0.19765625 0.69375 0.075 0.071875
0 0.92578125 0.23125 0.078125 0.103125
0 0.11015625 0.41875 0.0890625 0.0453125
0 0.453125 0.4453125 0.078125 0.0703125
0 0.6828125 0.240625 0.078125 0.0859375