0 0.5015625 0.075 0.0953125 0.0796875
0 0.4515625 0.71953125 0.159375 0.15625
0 0.06171875 0.84375 0.1234375 0.134375
0 0.8125 0.2765625 0.1140625 0.146875
0 0.19453125 0.04296875 0.109375 0.084375
0 0.771875 0.12578125 0.0640625 0.06875
0 0.62109375 0.25234375 0.1375 0.1625
0 0.79921875 0.94453125 0.1546875 0.109375
0 0.521875 0.42578125 0.121875 0.1390625
0 0.26640625 0.0875 0.115625 0.128125
0 0.08984375 0.55390625 0.1609375 0.121875
0 0.71953125 0.17421875 0.1109375 0.115625
0 0.91953125 0.37109375 0.159375 0.1046875
0 0.56328125 0.79921875 0.1484375 0.1359375
0 0.07578125 0.30078125 0.13125 0.1171875
0 0.40078125 0.3203125 0.0984375 0.1234375
0 0.865625 0.509375 0.1 0.0984375
0 0.76953125 0.49453125 0.1046875 0.0984375
0 0.87578125 0.62265625 0.1578125 0.1609375
0 0.23515625 0.334375 0.1859375 0.1546875
0 0.140625 0.3921875 0.134375 0.1234375
0 0.57890625 0.65703125 0.190625 0.1671875
0 0.3625 0.66796875 0.1375 0.1421875
0 0.84140625 0.86015625 0.13125 0.146875
0 0.1109375 0.47734375 0.125 0.0890625
0 0.784375 0.0578125 0.10625 0.1015625
0 0.9109375 0.4484375 0.1578125 0.0859375
0 0.7046875 0.29765625 0.0984375 0.109375
0 0.65390625 0.53203125 0.084375 0.084375
0 0.73359375 0.8015625 0.1109375 0.103125
0 0.396875 0.09375 0.11875 0.14375
0 0.9515625 0.54140625 0.0953125 0.1078125
0 0.10625 0.12734375 0.1203125 0.153125
0 0.81328125 0.790625 0.0859375 0.078125
0 0.559375 0.21875 0.0875 0.0828125
0 0.7671875 0.240625 0.109375 0.103125
0 0.23671875 0.54609375 0.10625 0.1078125
0 0.95390625 0.64296875 0.0484375 0.05625
0 0.1875 0.20078125 0.090625 0.1046875
0 0.92734375 0.93828125 0.14375 0.1234375
0 0.2203125 0.12890625 0.1453125 0.115625
0 0.4703125 0.55 0.1109375 0.1328125
0 0.35078125 0.54921875 0.1265625 0.1
0 0.50078125 0.28828125 0.109375 0.115625
0 0.7375 0.7453125 0.1203125 0.1015625
0 0.27265625 0.71796875 0.1796875 0.215625
0 0.703125 0.4609375 0.09375 0.09375
0 0.81640625 0.7046875 0.115625 0.1109375
0 0.0515625 0.10078125 0.0703125 0.1015625
0 0.27421875 0.89609375 0.146875 0.171875
0 0.09609375 0.70234375 0.1921875 0.1859375
0 0.5375 0.04921875 0.08125 0.0984375
0 0.1828125 0.934375 0.1515625 0.13125
0 0.925 0.31015625 0.14375 0.1015625
0 0.3109375 0.43984375 0.19375 0.1625
0 0.615625 0.88359375 0.1890625 0.1796875
0 0.67421875 0.40390625 0.1 0.10625
0 0.69375 0.62109375 0.1015625 0.109375
0 0.3109375 0.240625 0.1484375 0.134375
0 0.59296875 0.384375 0.0734375 0.0640625
0 0.7796875 0.4046875 0.1140625 0.090625
0 0.88125 0.2046875 0.115625 0.109375
0 0.4578125 0.3671875 0.1078125 0.1046875
0 0.78671875 0.5484375 0.1234375 0.090625
0 0.7578125 0.6546875 0.1140625 0.1265625
0 0.62109375 0.06875 0.1015625 0.11875
0 0.59609375 0.48828125 0.1109375 0.1125
0 0.4140625 0.84375 0.18125 0.15625
0 0.57421875 0.1484375 0.0890625 0.0984375
0 0.46796875 0.14140625 0.1265625 0.1296875