0 0.8625 0.56640625 0.2125 0.16875
0 0.87265625 0.05546875 0.16875 0.1109375
0 0.87890625 0.20859375 0.215625 0.225
0 0.278125 0.5765625 0.2515625 0.2640625
0 0.93125 0.7453125 0.1328125 0.14375
0 0.515625 0.84375 0.1671875 0.140625
0 0.04140625 0.73125 0.0765625 0.1296875
0 0.12421875 0.92890625 0.2484375 0.1390625
0 0.14140625 0.09296875 0.2296875 0.1859375
0 0.60234375 0.9203125 0.178125 0.15625
0 0.140625 0.76171875 0.1421875 0.196875
0 0.56953125 0.5421875 0.2140625 0.2828125
0 0.80703125 0.74609375 0.1546875 0.1234375
0 0.4859375 0.6453125 0.2671875 0.3359375
0 0.62734375 0.29375 0.23125 0.2453125
0 0.33359375 0.91796875 0.2 0.1609375
0 0.13671875 0.25390625 0.2734375 0.271875
0 0.30625 0.775 0.2046875 0.2
0 0.83984375 0.40546875 0.203125 0.1875
0 0.92421875 0.4296875 0.15 0.2125
0 0.82734375 0.93125 0.196875 0.1328125
0 0.79296875 0.621875 0.2 0.159375
0 0.7515625 0.128125 0.16875 0.21875
0 0.7125 0.83203125 0.2078125 0.1953125