0 0.52734375 0.90390625 0.1484375 0.190625
0 0.4125 0.94140625 0.153125 0.1171875
0 0.89140625 0.53203125 0.1640625 0.1515625
0 0.96484375 0.5140625 0.0703125 0.1234375
0 0.778125 0.84765625 0.1421875 0.1875
0 0.74453125 0.378125 0.13125 0.1421875
0 0.51953125 0.29921875 0.19375 0.1921875
0 0.12890625 0.7390625 0.06875 0.06875
0 0.9390625 0.6625 0.1203125 0.184375
0 0.571875 0.15546875 0.115625 0.1140625
0 0.76328125 0.5390625 0.1078125 0.115625
0 0.40703125 0.5453125 0.165625 0.19375
0 0.8296875 0.60390625 0.1171875 0.11875
0 0.634375 0.73046875 0.2265625 0.246875
0 0.384375 0.83984375 0.23125 0.2
0 0.6 0.44375 0.153125 0.2046875
0 0.87421875 0.29765625 0.1078125 0.1078125
0 0.6375 0.1796875 0.0859375 0.09375
0 0.1234375 0.17109375 0.246875 0.340625
0 0.7015625 0.915625 0.1546875 0.15625
0 0.80625 0.2296875 0.10625 0.13125
0 0.6859375 0.409375 0.1109375 0.115625
0 0.51953125 0.6859375 0.1546875 0.1734375
0 0.38984375 0.70390625 0.1515625 0.159375
0 0.94375 0.38203125 0.1109375 0.128125
0 0.94296875 0.26484375 0.1125 0.134375
0 0.69375 0.24453125 0.1546875 0.16875
0 0.8515625 0.40234375 0.109375 0.1
0 0.8546875 0.72109375 0.2328125 0.1625
0 0.45390625 0.040625 0.1171875 0.08125
0 0.56015625 0.55625 0.1171875 0.1296875
0 0.859375 0.91640625 0.103125 0.134375