0 0.4203125 0.31484375 0.0875 0.1
0 0.9484375 0.06875 0.1 0.1078125
0 0.725 0.78203125 0.0671875 0.05
0 0.303125 0.25390625 0.0953125 0.103125
0 0.64375 0.5734375 0.09375 0.1
0 0.4546875 0.92890625 0.146875 0.1390625
0 0.58984375 0.2171875 0.0640625 0.05625
0 0.146875 0.93203125 0.090625 0.1125
0 0.16953125 0.13515625 0.084375 0.10625
0 0.55 0.81953125 0.08125 0.0734375
0 0.77890625 0.459375 0.08125 0.1234375
0 0.81875 0.24375 0.1375 0.1078125
0 0.1953125 0.86328125 0.1375 0.171875
0 0.40546875 0.2078125 0.09375 0.0953125
0 0.35703125 0.11015625 0.0625 0.065625
0 0.665625 0.3453125 0.090625 0.06875
0 0.95078125 0.47578125 0.084375 0.078125
0 0.36328125 0.95625 0.0953125 0.0859375
0 0.5875 0.259375 0.065625 0.0671875
0 0.44375 0.10234375 0.13125 0.11875
0 0.9484375 0.5765625 0.1 0.1140625
0 0.925 0.278125 0.078125 0.0859375
0 0.1578125 0.2515625 0.1546875 0.1875
0 0.384375 0.59375 0.146875 0.115625
0 0.0546875 0.18984375 0.109375 0.1234375
0 0.9328125 0.77734375 0.13125 0.196875
0 0.840625 0.13359375 0.1109375 0.1140625
0 0.3421875 0.1484375 0.08125 0.1
0 0.184375 0.42421875 0.1359375 0.13125
0 0.5484375 0.16171875 0.0671875 0.103125
0 0.91171875 0.4484375 0.075 0.059375
0 0.2375 0.16796875 0.0609375 0.08125
0 0.11328125 0.778125 0.103125 0.10625
0 0.2359375 0.60703125 0.1390625 0.1375
0 0.7078125 0.8484375 0.11875 0.1234375
0 0.37578125 0.7125 0.1515625 0.109375
0 0.54296875 0.571875 0.0859375 0.0671875
0 0.928125 0.928125 0.1421875 0.140625
0 0.66328125 0.9421875 0.0921875 0.1125
0 0.809375 0.834375 0.115625 0.1296875
0 0.8109375 0.95390625 0.1078125 0.0875
0 0.1421875 0.7421875 0.0890625 0.0765625
0 0.26953125 0.07890625 0.1234375 0.109375
0 0.35 0.803125 0.134375 0.109375
0 0.3625 0.50625 0.096875 0.1140625
0 0.31015625 0.9 0.103125 0.103125
0 0.7140625 0.11484375 0.1234375 0.128125
0 0.5515625 0.30859375 0.0984375 0.103125
0 0.11875 0.3734375 0.0984375 0.1078125
0 0.06796875 0.584375 0.0921875 0.0796875
0 0.71640625 0.721875 0.1296875 0.0796875
0 0.56953125 0.94140625 0.1171875 0.10625
0 0.5078125 0.4203125 0.06875 0.0765625
0 0.53515625 0.71171875 0.1359375 0.159375
0 0.2890625 0.165625 0.075 0.090625
0 0.9265625 0.1984375 0.0609375 0.065625
0 0.7703125 0.63359375 0.115625 0.0984375
0 0.846875 0.51796875 0.11875 0.140625
0 0.44609375 0.4703125 0.1015625 0.103125
0 0.05546875 0.496875 0.1109375 0.1140625
0 0.109375 0.84609375 0.0796875 0.071875
0 0.53828125 0.86484375 0.0859375 0.078125
0 0.26953125 0.503125 0.0921875 0.075
0 0.68828125 0.2109375 0.071875 0.0875
0 0.30625 0.36171875 0.09375 0.1140625
0 0.596875 0.3875 0.09375 0.090625
0 0.69765625 0.49921875 0.11875 0.125
0 0.578125 0.484375 0.1375 0.103125
0 0.7125 0.39453125 0.0734375 0.0640625
0 0.609375 0.14609375 0.09375 0.090625
0 0.87734375 0.63203125 0.0875 0.0890625