0 0.2796875 0.56171875 0.084375 0.0859375
0 0.9203125 0.3625 0.0609375 0.0625
0 0.33359375 0.92265625 0.0640625 0.0796875
0 0.5375 0.834375 0.115625 0.1265625
0 0.3125 0.3703125 0.0515625 0.078125
0 0.17578125 0.471875 0.0828125 0.1015625
0 0.4234375 0.9546875 0.084375 0.0875
0 0.3046875 0.4359375 0.0578125 0.0453125
0 0.59921875 0.43203125 0.059375 0.065625
0 0.3453125 0.290625 0.0921875 0.115625
0 0.25390625 0.3546875 0.0796875 0.1015625
0 0.08359375 0.5578125 0.0796875 0.090625
0 0.80390625 0.93125 0.065625 0.0734375
0 0.23828125 0.21171875 0.06875 0.0640625
0 0.7984375 0.4265625 0.1140625 0.08125
0 0.12578125 0.30859375 0.1 0.0796875
0 0.61953125 0.89375 0.103125 0.090625
0 0.64375 0.365625 0.0734375 0.0703125
0 0.71953125 0.371875 0.0609375 0.08125
0 0.2078125 0.45703125 0.0609375 0.078125
0 0.25859375 0.525 0.0578125 0.05625
0 0.9296875 0.928125 0.0765625 0.1078125
0 0.77734375 0.3515625 0.0875 0.1
0 0.6375 0.0734375 0.0703125 0.065625
0 0.90625 0.14296875 0.0875 0.0921875
0 0.33984375 0.534375 0.0640625 0.0734375
0 0.275 0.6625 0.090625 0.103125
0 0.86796875 0.08203125 0.09375 0.1125
0 0.10078125 0.371875 0.1453125 0.153125
0 0.54453125 0.44453125 0.0578125 0.075
0 0.90078125 0.678125 0.103125 0.10625
0 0.4453125 0.69296875 0.0875 0.10625
0 0.32734375 0.58828125 0.059375 0.059375
0 0.4328125 0.4828125 0.109375 0.0890625
0 0.06171875 0.6171875 0.09375 0.1
0 0.184375 0.37734375 0.0734375 0.065625
0 0.4484375 0.1046875 0.0796875 0.1171875
0 0.77578125 0.54140625 0.0484375 0.0515625
0 0.43828125 0.88984375 0.0578125 0.0828125
0 0.078125 0.7640625 0.090625 0.071875
0 0.0734375 0.9453125 0.0796875 0.0953125
0 0.578125 0.40703125 0.0546875 0.05
0 0.8609375 0.22109375 0.06875 0.0734375
0 0.4078125 0.2046875 0.05625 0.075
0 0.61640625 0.834375 0.05625 0.0390625
0 0.2015625 0.184375 0.1046875 0.1078125
0 0.478125 0.871875 0.05625 0.06875
0 0.7 0.62109375 0.0578125 0.06875
0 0.8625 0.16875 0.075 0.084375
0 0.17421875 0.5765625 0.0921875 0.084375
0 0.47265625 0.55859375 0.071875 0.075
0 0.08984375 0.859375 0.075 0.0890625
0 0.2734375 0.86328125 0.0671875 0.0640625
0 0.6734375 0.45625 0.09375 0.1078125
0 0.09296875 0.46796875 0.078125 0.0703125
0 0.7390625 0.61328125 0.05 0.0640625
0 0.3953125 0.9046875 0.065625 0.0640625
0 0.60546875 0.95078125 0.0796875 0.0890625
0 0.20625 0.28984375 0.115625 0.0953125
0 0.50234375 0.0484375 0.075 0.09375
0 0.88359375 0.9125 0.0875 0.1375
0 0.5015625 0.4453125 0.04375 0.05625
0 0.24921875 0.43984375 0.078125 0.0734375
0 0.359375 0.878125 0.078125 0.0703125
0 0.45859375 0.28125 0.071875 0.0609375
0 0.65859375 0.2484375 0.071875 0.040625
0 0.73359375 0.2953125 0.075 0.0859375
0 0.71796875 0.86328125 0.096875 0.1140625
0 0.59609375 0.1484375 0.090625 0.0953125
0 0.940625 0.053125 0.109375 0.10625
0 0.41796875 0.51640625 0.075 0.078125
0 0.37421875 0.2359375 0.0546875 0.071875
0 0.5765625 0.32265625 0.075 0.0703125
0 0.5296875 0.36953125 0.059375 0.0609375
0 0.9078125 0.8 0.0984375 0.1203125
0 0.334375 0.19765625 0.05625 0.06875
0 0.21875 0.871875 0.0421875 0.05625
0 0.48828125 0.3640625 0.0875 0.1171875
0 0.57421875 0.509375 0.103125 0.0953125
0 0.71015625 0.03984375 0.084375 0.0796875
0 0.22421875 0.73984375 0.1421875 0.10625
0 0.36328125 0.4140625 0.0890625 0.06875
0 0.31796875 0.4828125 0.0671875 0.0640625
0 0.51484375 0.23671875 0.1296875 0.1421875
0 0.128125 0.80078125 0.0828125 0.05625
0 0.3890625 0.6484375 0.0890625 0.0875
0 0.9484375 0.2671875 0.1 0.103125
0 0.86328125 0.375 0.0953125 0.0921875
0 0.16328125 0.2296875 0.05625 0.053125
0 0.66484375 0.3 0.0921875 0.0734375
0 0.25859375 0.25 0.071875 0.059375
0 0.80390625 0.7640625 0.084375 0.0875
0 0.61328125 0.2359375 0.0921875 0.0875
0 0.2390625 0.821875 0.0546875 0.065625
0 0.2046875 0.6671875 0.0546875 0.0609375
0 0.8375 0.5171875 0.065625 0.0609375
0 0.9390625 0.5640625 0.11875 0.1421875
0 0.81328125 0.67109375 0.053125 0.05625
0 0.1359375 0.84375 0.0625 0.075
0 0.5296875 0.928125 0.0953125 0.0921875
0 0.77265625 0.7265625 0.0734375 0.09375