0 0.5453125 0.359375 0.1015625 0.0921875
0 0.83203125 0.1765625 0.103125 0.1125
0 0.8078125 0.8453125 0.1140625 0.1078125
0 0.8609375 0.55390625 0.14375 0.1453125
0 0.15625 0.74375 0.0921875 0.0828125
0 0.67734375 0.23671875 0.1375 0.128125
0 0.709375 0.8734375 0.0984375 0.0796875
0 0.42265625 0.69921875 0.140625 0.1578125
0 0.059375 0.890625 0.11875 0.1453125
0 0.6 0.3 0.09375 0.1015625
0 0.6953125 0.81328125 0.1078125 0.0953125
0 0.228125 0.43984375 0.1453125 0.1484375
0 0.29375 0.9 0.1 0.1046875
0 0.18203125 0.0578125 0.1109375 0.090625
0 0.8125 0.275 0.1109375 0.0796875
0 0.6640625 0.7453125 0.0859375 0.0921875
0 0.11328125 0.584375 0.1 0.11875
0 0.07890625 0.28125 0.1546875 0.140625
0 0.74921875 0.784375 0.08125 0.0828125
0 0.62109375 0.93359375 0.103125 0.13125
0 0.93984375 0.0984375 0.11875 0.134375
0 0.37734375 0.34609375 0.10625 0.0921875
0 0.35546875 0.4359375 0.1109375 0.1203125
0 0.140625 0.6828125 0.103125 0.0953125
0 0.853125 0.6859375 0.1375 0.1171875
0 0.7796875 0.43359375 0.1171875 0.103125
0 0.7203125 0.3109375 0.0859375 0.08125
0 0.78671875 0.60234375 0.08125 0.0671875
0 0.121875 0.3921875 0.0875 0.09375
0 0.56875 0.659375 0.0953125 0.0984375
0 0.34765625 0.703125 0.078125 0.109375
0 0.5703125 0.21484375 0.075 0.0734375
0 0.2765625 0.73125 0.0921875 0.0953125
0 0.81015625 0.05546875 0.109375 0.1015625
0 0.50625 0.2359375 0.1046875 0.1015625
0 0.9296875 0.33046875 0.140625 0.1625
0 0.2046875 0.28203125 0.1296875 0.1390625
0 0.58828125 0.72734375 0.11875 0.0734375
0 0.73359375 0.07734375 0.0765625 0.125
0 0.78515625 0.50078125 0.10625 0.0890625
0 0.67890625 0.65625 0.09375 0.0828125
0 0.678125 0.10859375 0.090625 0.1
0 0.4453125 0.57734375 0.10625 0.0875
0 0.67578125 0.49453125 0.0796875 0.08125
0 0.796875 0.321875 0.090625 0.071875
0 0.4125 0.4984375 0.0625 0.0578125
0 0.5484375 0.94921875 0.0859375 0.1015625
0 0.12265625 0.21796875 0.0546875 0.0875
0 0.4859375 0.3921875 0.05625 0.084375
0 0.93828125 0.4765625 0.11875 0.1203125
0 0.57890625 0.4875 0.109375 0.09375
0 0.20703125 0.6 0.0953125 0.1359375
0 0.0640625 0.46640625 0.0984375 0.125
0 0.7390625 0.70390625 0.1015625 0.0984375
0 0.36328125 0.19609375 0.146875 0.134375
0 0.18359375 0.84765625 0.134375 0.15
0 0.81875 0.759375 0.09375 0.0984375
0 0.05703125 0.18046875 0.1140625 0.1203125
0 0.05390625 0.65703125 0.084375 0.1078125
0 0.84609375 0.40390625 0.103125 0.10625
0 0.3296875 0.06328125 0.121875 0.1265625
0 0.578125 0.57109375 0.0859375 0.0921875
0 0.3 0.5703125 0.128125 0.109375
0 0.92578125 0.68046875 0.05625 0.090625
0 0.40546875 0.9578125 0.09375 0.084375
0 0.671875 0.5921875 0.0984375 0.1015625
0 0.9 0.859375 0.10625 0.171875
0 0.4296875 0.4109375 0.0453125 0.0546875
0 0.13359375 0.49453125 0.0953125 0.0734375
0 0.678125 0.3890625 0.084375 0.1
0 0.075 0.7875 0.1015625 0.0828125
0 0.3265625 0.275 0.1109375 0.09375
0 0.434375 0.2875 0.0859375 0.1296875
0 0.5703125 0.07421875 0.1265625 0.1484375
0 0.89765625 0.19921875 0.1109375 0.11875
0 0.27734375 0.8203125 0.1046875 0.1078125
0 0.21640625 0.1640625 0.1375 0.1421875
0 0.596875 0.41953125 0.1015625 0.1
0 0.08203125 0.08984375 0.1578125 0.14375
0 0.92421875 0.75703125 0.0796875 0.0921875
0 0.48046875 0.89609375 0.134375 0.14375
0 0.39140625 0.834375 0.1640625 0.165625
0 0.74921875 0.94375 0.1203125 0.1109375
0 0.290625 0.64375 0.1328125 0.11875
0 0.22265625 0.7015625 0.0546875 0.090625
0 0.47109375 0.08828125 0.1078125 0.0953125
0 0.47890625 0.49453125 0.0984375 0.134375
0 0.0390625 0.3640625 0.078125 0.109375
0 0.7734375 0.14453125 0.0703125 0.0875
0 0.896875 0.94921875 0.121875 0.0828125