0 0.5794270833333334 0.7140625 0.06614583333333333 0.05520833333333333
0 0.60546875 0.062239583333333334 0.14114583333333333 0.121875
0 0.3450520833333333 0.2890625 0.10989583333333333 0.13333333333333333
0 0.5114583333333333 0.7325520833333333 0.09583333333333334 0.10052083333333334
0 0.3734375 0.9778645833333334 0.05625 0.044270833333333336
0 0.22291666666666668 0.3528645833333333 0.12864583333333332 0.12916666666666668
0 0.51328125 0.8145833333333333 0.06875 0.06145833333333333
0 0.46171875 0.04375 0.11875 0.0859375
0 0.4549479166666667 0.61796875 0.09635416666666667 0.12239583333333333
0 0.6580729166666667 0.9479166666666666 0.12708333333333333 0.10416666666666667
0 0.20833333333333334 0.8518229166666667 0.04479166666666667 0.06145833333333333
0 0.3125 0.45598958333333334 0.0796875 0.08177083333333333
0 0.1890625 0.13854166666666667 0.15416666666666667 0.15104166666666666
0 0.2359375 0.58046875 0.159375 0.15208333333333332
0 0.55859375 0.85 0.06666666666666667 0.07395833333333333
0 0.11145833333333334 0.5614583333333333 0.09010416666666667 0.08125
0 0.9580729166666667 0.5328125 0.08333333333333333 0.11614583333333334
0 0.5455729166666666 0.5041666666666667 0.0515625 0.06770833333333333
0 0.34869791666666666 0.390625 0.05260416666666667 0.052083333333333336
0 0.4588541666666667 0.4890625 0.05520833333333333 0.0421875
0 0.6125 0.8940104166666667 0.059375 0.053125
0 0.26145833333333335 0.5075520833333333 0.044270833333333336 0.04010416666666667
0 0.11119791666666666 0.23203125 0.07708333333333334 0.08020833333333334
0 0.7833333333333333 0.8328125 0.05625 0.05625
0 0.1703125 0.871875 0.043229166666666666 0.04583333333333333
0 0.40598958333333335 0.4171875 0.06510416666666667 0.0671875
0 0.1421875 0.4747395833333333 0.11510416666666666 0.09479166666666666
0 0.7356770833333334 0.8830729166666667 0.07291666666666667 0.0609375
0 0.17057291666666666 0.6442708333333333 0.13072916666666667 0.10104166666666667
0 0.89296875 0.5088541666666667 0.04479166666666667 0.04635416666666667
0 0.6502604166666667 0.6598958333333333 0.05416666666666667 0.05520833333333333
0 0.3138020833333333 0.17864583333333334 0.09322916666666667 0.13125
0 0.34921875 0.5325520833333334 0.06041666666666667 0.044270833333333336
0 0.37604166666666666 0.5802083333333333 0.12395833333333334 0.08125
0 0.22291666666666668 0.24114583333333334 0.12135416666666667 0.1078125
0 0.5338541666666666 0.6161458333333333 0.06614583333333333 0.05
0 0.6986979166666667 0.7122395833333334 0.071875 0.06302083333333333
0 0.22838541666666667 0.48411458333333335 0.035416666666666666 0.0296875
0 0.48541666666666666 0.14114583333333333 0.17916666666666667 0.20104166666666667
0 0.12734375 0.7645833333333333 0.2203125 0.171875
0 0.5130208333333334 0.41848958333333336 0.15885416666666666 0.1359375
0 0.14479166666666668 0.27239583333333334 0.025 0.028125
0 0.2981770833333333 0.9640625 0.07395833333333333 0.071875
0 0.39557291666666666 0.69140625 0.08177083333333333 0.071875
0 0.5950520833333334 0.6559895833333333 0.052083333333333336 0.04479166666666667
0 0.3802083333333333 0.20911458333333333 0.042708333333333334 0.034375
0 0.8302083333333333 0.7619791666666667 0.17135416666666667 0.19010416666666666
0 0.98359375 0.8809895833333333 0.0328125 0.04895833333333333
0 0.7729166666666667 0.97265625 0.07447916666666667 0.05416666666666667
0 0.0546875 0.2453125 0.10885416666666667 0.16510416666666666
0 0.0328125 0.965625 0.021354166666666667 0.0234375
0 0.90859375 0.6697916666666667 0.1703125 0.1484375
0 0.05625 0.3809895833333333 0.10885416666666667 0.13489583333333333
0 0.2947916666666667 0.8088541666666667 0.1328125 0.13385416666666666
0 0.08333333333333333 0.16119791666666666 0.0875 0.071875
0 0.08854166666666667 0.6403645833333333 0.0546875 0.08177083333333333
0 0.9442708333333333 0.8611979166666667 0.03125 0.030208333333333334
0 0.8302083333333333 0.8822916666666667 0.04895833333333333 0.05364583333333333
0 0.73828125 0.92578125 0.05260416666666667 0.03802083333333333
0 0.5463541666666667 0.9286458333333333 0.0703125 0.11614583333333334
0 0.7028645833333333 0.07291666666666667 0.0625 0.059895833333333336
0 0.84453125 0.984375 0.04739583333333333 0.03125
0 0.5997395833333333 0.57421875 0.15416666666666667 0.125
0 0.9877604166666667 0.97734375 0.0234375 0.044270833333333336
0 0.6216145833333333 0.46432291666666664 0.14114583333333333 0.1203125
0 0.73828125 0.2682291666666667 0.1640625 0.19739583333333333
0 0.321875 0.5231770833333333 0.016666666666666666 0.025
0 0.6333333333333333 0.8395833333333333 0.06979166666666667 0.04791666666666667
0 0.9536458333333333 0.7942708333333334 0.08541666666666667 0.11458333333333333
0 0.04869791666666667 0.5083333333333333 0.05 0.051041666666666666
0 0.9513020833333333 0.925 0.07291666666666667 0.059375
0 0.79453125 0.6330729166666667 0.049479166666666664 0.0515625
0 0.68515625 0.13307291666666668 0.07552083333333333 0.06822916666666666
0 0.428125 0.92421875 0.0890625 0.08125
0 0.014322916666666666 0.46979166666666666 0.028645833333333332 0.12552083333333333
0 0.24739583333333334 0.7177083333333333 0.07239583333333334 0.058854166666666666
0 0.3736979166666667 0.16067708333333333 0.049479166666666664 0.06197916666666667
0 0.5635416666666667 0.32578125 0.21875 0.16041666666666668
0 0.60859375 0.7630208333333334 0.058854166666666666 0.05364583333333333
0 0.8658854166666666 0.9403645833333333 0.06510416666666667 0.05
0 0.6643229166666667 0.75703125 0.059375 0.053125
0 0.3645833333333333 0.91171875 0.034895833333333334 0.08697916666666666
0 0.21223958333333334 0.9348958333333334 0.07760416666666667 0.09583333333333334
0 0.68046875 0.8234375 0.034375 0.03854166666666667
0 0.8981770833333333 0.26067708333333334 0.18802083333333333 0.22083333333333333
0 0.7385416666666667 0.5375 0.13489583333333333 0.19114583333333332
0 0.9552083333333333 0.98671875 0.06302083333333333 0.0265625
0 0.33359375 0.5875 0.042708333333333334 0.07135416666666666
0 0.27760416666666665 0.28489583333333335 0.0265625 0.03802083333333333
0 0.1421875 0.038802083333333334 0.1875 0.07760416666666667
0 0.9020833333333333 0.8760416666666667 0.0515625 0.05520833333333333
0 0.36484375 0.4765625 0.06458333333333334 0.0703125
0 0.8036458333333333 0.10963541666666667 0.1640625 0.08697916666666666
0 0.94765625 0.40963541666666664 0.10416666666666667 0.13645833333333332
0 0.3268229166666667 0.7130208333333333 0.05520833333333333 0.06041666666666667
0 0.7471354166666667 0.66875 0.0578125 0.05364583333333333
0 0.4395833333333333 0.4518229166666667 0.04479166666666667 0.030729166666666665
0 0.33671875 0.9028645833333333 0.042708333333333334 0.07708333333333334
0 0.058854166666666666 0.07734375 0.11770833333333333 0.12760416666666666
0 0.9255208333333333 0.0640625 0.14791666666666667 0.128125
0 0.7869791666666667 0.03697916666666667 0.14166666666666666 0.07395833333333333
0 0.8393229166666667 0.1703125 0.10208333333333333 0.053125
0 0.5388020833333333 0.22786458333333334 0.14375 0.07708333333333334
0 0.8067708333333333 0.39739583333333334 0.0953125 0.08854166666666667
0 0.8596354166666667 0.4265625 0.0703125 0.096875
0 0.68984375 0.64375 0.027604166666666666 0.03229166666666667
0 0.8486979166666667 0.5104166666666666 0.09427083333333333 0.12239583333333333
0 0.4908854166666667 0.5625 0.050520833333333334 0.05520833333333333
0 0.5515625 0.6611979166666667 0.04583333333333333 0.0453125
0 0.5026041666666666 0.6739583333333333 0.046875 0.028125
0 0.43671875 0.2950520833333333 0.07552083333333333 0.0796875
0 0.7143229166666667 0.40390625 0.090625 0.0875
0 0.66796875 0.8841145833333334 0.05260416666666667 0.0359375
0 0.7231770833333333 0.828125 0.05364583333333333 0.05364583333333333
0 0.6979166666666666 0.7822916666666667 0.0625 0.05364583333333333
0 0.4200520833333333 0.8348958333333333 0.115625 0.09010416666666667
0 0.4205729166666667 0.7638020833333333 0.13020833333333334 0.08802083333333334
0 0.38046875 0.64609375 0.06822916666666666 0.057291666666666664
0 0.32057291666666665 0.6544270833333333 0.05260416666666667 0.05572916666666667
0 0.034375 0.6875 0.06875 0.10625
0 0.27369791666666665 0.9049479166666666 0.07447916666666667 0.059375
0 0.49114583333333334 0.9299479166666667 0.0359375 0.0484375
0 0.44817708333333334 0.5393229166666667 0.041666666666666664 0.0453125
0 0.4083333333333333 0.5309895833333333 0.0453125 0.040625
0 0.49166666666666664 0.5200520833333333 0.044270833333333336 0.034375
0 0.075 0.9106770833333333 0.15 0.11666666666666667
0 0.47578125 0.9809895833333333 0.14427083333333332 0.03802083333333333
0 0.06666666666666667 0.9869791666666666 0.1109375 0.026041666666666668
0 0.4083333333333333 0.47890625 0.04010416666666667 0.043229166666666666