0 0.4205729166666667 0.2859375 0.06614583333333333 0.05520833333333333
0 0.39453125 0.9377604166666667 0.14114583333333333 0.121875
0 0.6549479166666666 0.7109375 0.10989583333333333 0.13333333333333333
0 0.48854166666666665 0.2674479166666667 0.09583333333333334 0.10052083333333334
0 0.6265625 0.022135416666666668 0.05625 0.044270833333333336
0 0.7770833333333333 0.6471354166666666 0.12864583333333332 0.12916666666666668
0 0.48671875 0.18541666666666667 0.06875 0.06145833333333333
0 0.53828125 0.95625 0.11875 0.0859375
0 0.5450520833333333 0.38203125 0.09635416666666667 0.12239583333333333
0 0.3419270833333333 0.052083333333333336 0.12708333333333333 0.10416666666666667
0 0.7916666666666666 0.14817708333333332 0.04479166666666667 0.06145833333333333
0 0.6875 0.5440104166666667 0.0796875 0.08177083333333333
0 0.8109375 0.8614583333333333 0.15416666666666667 0.15104166666666666
0 0.7640625 0.41953125 0.159375 0.15208333333333332
0 0.44140625 0.15 0.06666666666666667 0.07395833333333333
0 0.8885416666666667 0.43854166666666666 0.09010416666666667 0.08125
0 0.04192708333333333 0.4671875 0.08333333333333333 0.11614583333333334
0 0.4544270833333333 0.49583333333333335 0.0515625 0.06770833333333333
0 0.6513020833333333 0.609375 0.05260416666666667 0.052083333333333336
0 0.5411458333333333 0.5109375 0.05520833333333333 0.0421875
0 0.3875 0.10598958333333333 0.059375 0.053125
0 0.7385416666666667 0.49244791666666665 0.044270833333333336 0.04010416666666667
0 0.8888020833333333 0.76796875 0.07708333333333334 0.08020833333333334
0 0.21666666666666667 0.1671875 0.05625 0.05625
0 0.8296875 0.128125 0.043229166666666666 0.04583333333333333
0 0.5940104166666667 0.5828125 0.06510416666666667 0.0671875
0 0.8578125 0.5252604166666667 0.11510416666666666 0.09479166666666666
0 0.2643229166666667 0.11692708333333333 0.07291666666666667 0.0609375
0 0.8294270833333334 0.35572916666666665 0.13072916666666667 0.10104166666666667
0 0.10703125 0.49114583333333334 0.04479166666666667 0.04635416666666667
0 0.3497395833333333 0.34010416666666665 0.05416666666666667 0.05520833333333333
0 0.6861979166666666 0.8213541666666667 0.09322916666666667 0.13125
0 0.65078125 0.4674479166666667 0.06041666666666667 0.044270833333333336
0 0.6239583333333333 0.4197916666666667 0.12395833333333334 0.08125
0 0.7770833333333333 0.7588541666666667 0.12135416666666667 0.1078125
0 0.4661458333333333 0.38385416666666666 0.06614583333333333 0.05
0 0.30130208333333336 0.2877604166666667 0.071875 0.06302083333333333
0 0.7716145833333333 0.5158854166666667 0.035416666666666666 0.0296875
0 0.5145833333333333 0.8588541666666667 0.17916666666666667 0.20104166666666667
0 0.87265625 0.23541666666666666 0.2203125 0.171875
0 0.4869791666666667 0.5815104166666667 0.15885416666666666 0.1359375
0 0.8552083333333333 0.7276041666666667 0.025 0.028125
0 0.7018229166666666 0.0359375 0.07395833333333333 0.071875
0 0.6044270833333333 0.30859375 0.08177083333333333 0.071875
0 0.4049479166666667 0.34401041666666665 0.052083333333333336 0.04479166666666667
0 0.6197916666666666 0.7908854166666667 0.042708333333333334 0.034375
0 0.16979166666666667 0.23802083333333332 0.17135416666666667 0.19010416666666666
0 0.01640625 0.11901041666666666 0.0328125 0.04895833333333333
0 0.22708333333333333 0.02734375 0.07447916666666667 0.05416666666666667
0 0.9453125 0.7546875 0.10885416666666667 0.16510416666666666
0 0.9671875 0.034375 0.021354166666666667 0.0234375
0 0.09140625 0.3302083333333333 0.1703125 0.1484375
0 0.94375 0.6190104166666667 0.10885416666666667 0.13489583333333333
0 0.7052083333333333 0.19114583333333332 0.1328125 0.13385416666666666
0 0.9166666666666666 0.8388020833333333 0.0875 0.071875
0 0.9114583333333334 0.35963541666666665 0.0546875 0.08177083333333333
0 0.05572916666666667 0.13880208333333333 0.03125 0.030208333333333334
0 0.16979166666666667 0.11770833333333333 0.04895833333333333 0.05364583333333333
0 0.26171875 0.07421875 0.05260416666666667 0.03802083333333333
0 0.45364583333333336 0.07135416666666666 0.0703125 0.11614583333333334
0 0.29713541666666665 0.9270833333333334 0.0625 0.059895833333333336
0 0.15546875 0.015625 0.04739583333333333 0.03125
0 0.4002604166666667 0.42578125 0.15416666666666667 0.125
0 0.012239583333333333 0.02265625 0.0234375 0.044270833333333336
0 0.37838541666666664 0.5356770833333333 0.14114583333333333 0.1203125
0 0.26171875 0.7317708333333334 0.1640625 0.19739583333333333
0 0.678125 0.47682291666666665 0.016666666666666666 0.025
0 0.36666666666666664 0.16041666666666668 0.06979166666666667 0.04791666666666667
0 0.04635416666666667 0.20572916666666666 0.08541666666666667 0.11458333333333333
0 0.9513020833333333 0.49166666666666664 0.05 0.051041666666666666
0 0.04869791666666667 0.075 0.07291666666666667 0.059375
0 0.20546875 0.36692708333333335 0.049479166666666664 0.0515625
0 0.31484375 0.8669270833333333 0.07552083333333333 0.06822916666666666
0 0.571875 0.07578125 0.0890625 0.08125
0 0.9856770833333334 0.5302083333333333 0.028645833333333332 0.12552083333333333
0 0.7526041666666666 0.28229166666666666 0.07239583333333334 0.058854166666666666
0 0.6263020833333334 0.8393229166666667 0.049479166666666664 0.06197916666666667
0 0.43645833333333334 0.67421875 0.21875 0.16041666666666668
0 0.39140625 0.23697916666666666 0.058854166666666666 0.05364583333333333
0 0.13411458333333334 0.05963541666666667 0.06510416666666667 0.05
0 0.33567708333333335 0.24296875 0.059375 0.053125
0 0.6354166666666666 0.08828125 0.034895833333333334 0.08697916666666666
0 0.7877604166666666 0.06510416666666667 0.07760416666666667 0.09583333333333334
0 0.31953125 0.1765625 0.034375 0.03854166666666667
0 0.10182291666666667 0.7393229166666667 0.18802083333333333 0.22083333333333333
0 0.26145833333333335 0.4625 0.13489583333333333 0.19114583333333332
0 0.04479166666666667 0.01328125 0.06302083333333333 0.0265625
0 0.66640625 0.4125 0.042708333333333334 0.07135416666666666
0 0.7223958333333333 0.7151041666666667 0.0265625 0.03802083333333333
0 0.8578125 0.9611979166666667 0.1875 0.07760416666666667
0 0.09791666666666667 0.12395833333333334 0.0515625 0.05520833333333333
0 0.63515625 0.5234375 0.06458333333333334 0.0703125
0 0.19635416666666666 0.8903645833333333 0.1640625 0.08697916666666666
0 0.05234375 0.5903645833333333 0.10416666666666667 0.13645833333333332
0 0.6731770833333334 0.2869791666666667 0.05520833333333333 0.06041666666666667
0 0.25286458333333334 0.33125 0.0578125 0.05364583333333333
0 0.5604166666666667 0.5481770833333334 0.04479166666666667 0.030729166666666665
0 0.66328125 0.09713541666666667 0.042708333333333334 0.07708333333333334
0 0.9411458333333333 0.92265625 0.11770833333333333 0.12760416666666666
0 0.07447916666666667 0.9359375 0.14791666666666667 0.128125
0 0.21302083333333333 0.9630208333333333 0.14166666666666666 0.07395833333333333
0 0.16067708333333333 0.8296875 0.10208333333333333 0.053125
0 0.46119791666666665 0.7721354166666666 0.14375 0.07708333333333334
0 0.19322916666666667 0.6026041666666667 0.0953125 0.08854166666666667
0 0.14036458333333332 0.5734375 0.0703125 0.096875
0 0.31015625 0.35625 0.027604166666666666 0.03229166666666667
0 0.15130208333333334 0.4895833333333333 0.09427083333333333 0.12239583333333333
0 0.5091145833333334 0.4375 0.050520833333333334 0.05520833333333333
0 0.4484375 0.33880208333333334 0.04583333333333333 0.0453125
0 0.4973958333333333 0.3260416666666667 0.046875 0.028125
0 0.56328125 0.7049479166666667 0.07552083333333333 0.0796875
0 0.28567708333333336 0.59609375 0.090625 0.0875
0 0.33203125 0.11588541666666667 0.05260416666666667 0.0359375
0 0.27682291666666664 0.171875 0.05364583333333333 0.05364583333333333
0 0.3020833333333333 0.21770833333333334 0.0625 0.05364583333333333
0 0.5799479166666667 0.16510416666666666 0.115625 0.09010416666666667
0 0.5794270833333334 0.23619791666666667 0.13020833333333334 0.08802083333333334
0 0.61953125 0.35390625 0.06822916666666666 0.057291666666666664
0 0.6794270833333333 0.3455729166666667 0.05260416666666667 0.05572916666666667
0 0.965625 0.3125 0.06875 0.10625
0 0.7263020833333333 0.09505208333333333 0.07447916666666667 0.059375
0 0.5088541666666667 0.07005208333333333 0.0359375 0.0484375
0 0.5518229166666667 0.46067708333333335 0.041666666666666664 0.0453125
0 0.5916666666666667 0.46901041666666665 0.0453125 0.040625
0 0.5083333333333333 0.47994791666666664 0.044270833333333336 0.034375
0 0.925 0.08932291666666667 0.15 0.11666666666666667
0 0.52421875 0.019010416666666665 0.14427083333333332 0.03802083333333333
0 0.9333333333333333 0.013020833333333334 0.1109375 0.026041666666666668
0 0.5916666666666667 0.52109375 0.04010416666666667 0.043229166666666666