0 0.42421875 0.60546875 0.128125 0.159375
0 0.1046875 0.5875 0.14114583333333333 0.13489583333333333
0 0.06276041666666667 0.2635416666666667 0.12552083333333333 0.1421875
0 0.3489583333333333 0.4981770833333333 0.07135416666666666 0.0671875
0 0.2833333333333333 0.9763020833333333 0.050520833333333334 0.0453125
0 0.5760416666666667 0.6497395833333334 0.18697916666666667 0.17083333333333334
0 0.5440104166666667 0.51015625 0.10989583333333333 0.1234375
0 0.3533854166666667 0.9768229166666667 0.07708333333333334 0.04635416666666667
0 0.43776041666666665 0.49453125 0.06927083333333334 0.06041666666666667
0 0.37552083333333336 0.69609375 0.0359375 0.030208333333333334
0 0.41692708333333334 0.22317708333333333 0.12864583333333332 0.15416666666666667
0 0.30520833333333336 0.9044270833333333 0.08645833333333333 0.10677083333333333
0 0.44088541666666664 0.81953125 0.18697916666666667 0.2234375
0 0.19895833333333332 0.16015625 0.11770833333333333 0.11197916666666667
0 0.4453125 0.6986979166666667 0.0546875 0.03125
0 0.509375 0.6020833333333333 0.035416666666666666 0.0375
0 0.29270833333333335 0.6338541666666667 0.11510416666666666 0.121875
0 0.34036458333333336 0.5677083333333334 0.05260416666666667 0.057291666666666664
0 0.93203125 0.8895833333333333 0.1359375 0.14739583333333334
0 0.041666666666666664 0.49713541666666666 0.07916666666666666 0.1515625
0 0.18880208333333334 0.31614583333333335 0.0609375 0.07291666666666667
0 0.5270833333333333 0.9598958333333333 0.1265625 0.07864583333333333
0 0.378125 0.9325520833333333 0.06041666666666667 0.050520833333333334
0 0.7361979166666667 0.84609375 0.13645833333333332 0.13125
0 0.6356770833333333 0.9106770833333333 0.15625 0.1578125
0 0.35234375 0.621875 0.01875 0.04114583333333333
0 0.38046875 0.5447916666666667 0.025520833333333333 0.027083333333333334
0 0.9497395833333333 0.6096354166666667 0.10052083333333334 0.19739583333333333
0 0.85078125 0.98671875 0.1015625 0.0265625
0 0.17552083333333332 0.022135416666666668 0.09479166666666666 0.044270833333333336
0 0.6453125 0.12291666666666666 0.1078125 0.14635416666666667
0 0.9072916666666667 0.74609375 0.13333333333333333 0.171875
0 0.9346354166666667 0.44505208333333335 0.125 0.1296875
0 0.8734375 0.3653645833333333 0.10416666666666667 0.10677083333333333
0 0.065625 0.9677083333333333 0.09895833333333333 0.0640625
0 0.7859375 0.9239583333333333 0.15260416666666668 0.15104166666666666
0 0.3372395833333333 0.13307291666666668 0.18958333333333333 0.16979166666666667
0 0.6856770833333333 0.690625 0.0703125 0.13854166666666667
0 0.6778645833333333 0.4390625 0.171875 0.1640625
0 0.04140625 0.659375 0.0328125 0.029166666666666667
0 0.31197916666666664 0.38385416666666666 0.0671875 0.12604166666666666
0 0.2565104166666667 0.4546875 0.1171875 0.08333333333333333
0 0.23802083333333332 0.3497395833333333 0.0984375 0.09375
0 0.41796875 0.9677083333333333 0.06510416666666667 0.06458333333333334
0 0.8096354166666667 0.7627604166666667 0.07447916666666667 0.13802083333333334
0 0.4661458333333333 0.03828125 0.17395833333333333 0.0765625
0 0.03515625 0.6184895833333334 0.065625 0.06979166666666667
0 0.11145833333333334 0.4393229166666667 0.12083333333333333 0.16614583333333333
0 0.7041666666666667 0.23072916666666668 0.14635416666666667 0.08020833333333334
0 0.9169270833333333 0.10572916666666667 0.16614583333333333 0.21145833333333333
0 0.96875 0.9752604166666666 0.0625 0.049479166666666664
0 0.7528645833333333 0.06927083333333334 0.16302083333333334 0.13697916666666668
0 0.028125 0.8661458333333333 0.05625 0.15052083333333333
0 0.12447916666666667 0.7565104166666666 0.10520833333333333 0.1140625
0 0.15546875 0.8486979166666667 0.1234375 0.08802083333333334
0 0.33645833333333336 0.7731770833333333 0.11510416666666666 0.14479166666666668
0 0.0703125 0.7432291666666667 0.03125 0.027083333333333334
0 0.58515625 0.01640625 0.07083333333333333 0.0328125
0 0.3763020833333333 0.3078125 0.08645833333333333 0.11354166666666667
0 0.4354166666666667 0.74140625 0.08697916666666666 0.07760416666666667
0 0.13046875 0.32473958333333336 0.07291666666666667 0.096875
0 0.6270833333333333 0.31276041666666665 0.14739583333333334 0.134375
0 0.20104166666666667 0.72421875 0.17291666666666666 0.1640625
0 0.8346354166666666 0.2518229166666667 0.10625 0.12291666666666666
0 0.06953125 0.8526041666666667 0.05 0.0671875
0 0.058333333333333334 0.12682291666666667 0.11197916666666667 0.13958333333333334
0 0.06302083333333333 0.03125 0.12135416666666667 0.0625
0 0.39765625 0.415625 0.13177083333333334 0.10989583333333333
0 0.48098958333333336 0.1296875 0.096875 0.09895833333333333
0 0.5614583333333333 0.06796875 0.0859375 0.07552083333333333
0 0.18020833333333333 0.22447916666666667 0.10677083333333333 0.11927083333333334
0 0.27890625 0.25729166666666664 0.09375 0.08072916666666667
0 0.4984375 0.35859375 0.14791666666666667 0.15833333333333333
0 0.234375 0.57890625 0.11770833333333333 0.109375
0 0.1796875 0.48411458333333335 0.05572916666666667 0.052083333333333336
0 0.028645833333333332 0.7057291666666666 0.057291666666666664 0.12864583333333332
0 0.6265625 0.7841145833333333 0.14583333333333334 0.12239583333333333
0 0.22578125 0.8486979166666667 0.084375 0.08802083333333334
0 0.16015625 0.94453125 0.1515625 0.1109375
0 0.7588541666666667 0.3171875 0.10364583333333334 0.10989583333333333
0 0.8026041666666667 0.36640625 0.06979166666666667 0.08385416666666666
0 0.8153645833333333 0.43072916666666666 0.053125 0.06302083333333333
0 0.85859375 0.5315104166666667 0.10364583333333334 0.15104166666666666
0 0.7515625 0.7239583333333334 0.0921875 0.11510416666666666
0 0.7880208333333333 0.6221354166666667 0.19114583333333332 0.1015625
0 0.7424479166666667 0.5388020833333333 0.12395833333333334 0.084375
0 0.7463541666666667 0.1734375 0.10989583333333333 0.07239583333333334
0 0.94140625 0.28802083333333334 0.1171875 0.18020833333333333
0 0.5671875 0.13828125 0.08125 0.07916666666666666