0 0.42421875 0.39453125 0.128125 0.159375
0 0.1046875 0.4125 0.14114583333333333 0.13489583333333333
0 0.06276041666666667 0.7364583333333333 0.12552083333333333 0.1421875
0 0.3489583333333333 0.5018229166666667 0.07135416666666666 0.0671875
0 0.2833333333333333 0.023697916666666666 0.050520833333333334 0.0453125
0 0.5760416666666667 0.3502604166666667 0.18697916666666667 0.17083333333333334
0 0.5440104166666667 0.48984375 0.10989583333333333 0.1234375
0 0.3533854166666667 0.023177083333333334 0.07708333333333334 0.04635416666666667
0 0.43776041666666665 0.50546875 0.06927083333333334 0.06041666666666667
0 0.37552083333333336 0.30390625 0.0359375 0.030208333333333334
0 0.41692708333333334 0.7768229166666667 0.12864583333333332 0.15416666666666667
0 0.30520833333333336 0.09557291666666666 0.08645833333333333 0.10677083333333333
0 0.44088541666666664 0.18046875 0.18697916666666667 0.2234375
0 0.19895833333333332 0.83984375 0.11770833333333333 0.11197916666666667
0 0.4453125 0.30130208333333336 0.0546875 0.03125
0 0.509375 0.39791666666666664 0.035416666666666666 0.0375
0 0.29270833333333335 0.36614583333333334 0.11510416666666666 0.121875
0 0.34036458333333336 0.4322916666666667 0.05260416666666667 0.057291666666666664
0 0.93203125 0.11041666666666666 0.1359375 0.14739583333333334
0 0.041666666666666664 0.5028645833333333 0.07916666666666666 0.1515625
0 0.18880208333333334 0.6838541666666667 0.0609375 0.07291666666666667
0 0.5270833333333333 0.04010416666666667 0.1265625 0.07864583333333333
0 0.378125 0.06744791666666666 0.06041666666666667 0.050520833333333334
0 0.7361979166666667 0.15390625 0.13645833333333332 0.13125
0 0.6356770833333333 0.08932291666666667 0.15625 0.1578125
0 0.35234375 0.378125 0.01875 0.04114583333333333
0 0.38046875 0.4552083333333333 0.025520833333333333 0.027083333333333334
0 0.9497395833333333 0.39036458333333335 0.10052083333333334 0.19739583333333333
0 0.85078125 0.01328125 0.1015625 0.0265625
0 0.17552083333333332 0.9778645833333334 0.09479166666666666 0.044270833333333336
0 0.6453125 0.8770833333333333 0.1078125 0.14635416666666667
0 0.9072916666666667 0.25390625 0.13333333333333333 0.171875
0 0.9346354166666667 0.5549479166666667 0.125 0.1296875
0 0.8734375 0.6346354166666667 0.10416666666666667 0.10677083333333333
0 0.065625 0.03229166666666667 0.09895833333333333 0.0640625
0 0.7859375 0.07604166666666666 0.15260416666666668 0.15104166666666666
0 0.3372395833333333 0.8669270833333333 0.18958333333333333 0.16979166666666667
0 0.6856770833333333 0.309375 0.0703125 0.13854166666666667
0 0.6778645833333333 0.5609375 0.171875 0.1640625
0 0.04140625 0.340625 0.0328125 0.029166666666666667
0 0.31197916666666664 0.6161458333333333 0.0671875 0.12604166666666666
0 0.2565104166666667 0.5453125 0.1171875 0.08333333333333333
0 0.23802083333333332 0.6502604166666667 0.0984375 0.09375
0 0.41796875 0.03229166666666667 0.06510416666666667 0.06458333333333334
0 0.8096354166666667 0.23723958333333334 0.07447916666666667 0.13802083333333334
0 0.4661458333333333 0.96171875 0.17395833333333333 0.0765625
0 0.03515625 0.3815104166666667 0.065625 0.06979166666666667
0 0.11145833333333334 0.5606770833333333 0.12083333333333333 0.16614583333333333
0 0.7041666666666667 0.7692708333333333 0.14635416666666667 0.08020833333333334
0 0.9169270833333333 0.8942708333333333 0.16614583333333333 0.21145833333333333
0 0.96875 0.024739583333333332 0.0625 0.049479166666666664
0 0.7528645833333333 0.9307291666666667 0.16302083333333334 0.13697916666666668
0 0.028125 0.13385416666666666 0.05625 0.15052083333333333
0 0.12447916666666667 0.24348958333333334 0.10520833333333333 0.1140625
0 0.15546875 0.15130208333333334 0.1234375 0.08802083333333334
0 0.33645833333333336 0.22682291666666668 0.11510416666666666 0.14479166666666668
0 0.0703125 0.25677083333333334 0.03125 0.027083333333333334
0 0.58515625 0.98359375 0.07083333333333333 0.0328125
0 0.3763020833333333 0.6921875 0.08645833333333333 0.11354166666666667
0 0.4354166666666667 0.25859375 0.08697916666666666 0.07760416666666667
0 0.13046875 0.6752604166666667 0.07291666666666667 0.096875
0 0.6270833333333333 0.6872395833333333 0.14739583333333334 0.134375
0 0.20104166666666667 0.27578125 0.17291666666666666 0.1640625
0 0.8346354166666666 0.7481770833333333 0.10625 0.12291666666666666
0 0.06953125 0.14739583333333334 0.05 0.0671875
0 0.058333333333333334 0.8731770833333333 0.11197916666666667 0.13958333333333334
0 0.06302083333333333 0.96875 0.12135416666666667 0.0625
0 0.39765625 0.584375 0.13177083333333334 0.10989583333333333
0 0.48098958333333336 0.8703125 0.096875 0.09895833333333333
0 0.5614583333333333 0.93203125 0.0859375 0.07552083333333333
0 0.18020833333333333 0.7755208333333333 0.10677083333333333 0.11927083333333334
0 0.27890625 0.7427083333333333 0.09375 0.08072916666666667
0 0.4984375 0.64140625 0.14791666666666667 0.15833333333333333
0 0.234375 0.42109375 0.11770833333333333 0.109375
0 0.1796875 0.5158854166666667 0.05572916666666667 0.052083333333333336
0 0.028645833333333332 0.2942708333333333 0.057291666666666664 0.12864583333333332
0 0.6265625 0.21588541666666666 0.14583333333333334 0.12239583333333333
0 0.22578125 0.15130208333333334 0.084375 0.08802083333333334
0 0.16015625 0.05546875 0.1515625 0.1109375
0 0.7588541666666667 0.6828125 0.10364583333333334 0.10989583333333333
0 0.8026041666666667 0.63359375 0.06979166666666667 0.08385416666666666
0 0.8153645833333333 0.5692708333333333 0.053125 0.06302083333333333
0 0.85859375 0.46848958333333335 0.10364583333333334 0.15104166666666666
0 0.7515625 0.2760416666666667 0.0921875 0.11510416666666666
0 0.7880208333333333 0.37786458333333334 0.19114583333333332 0.1015625
0 0.7424479166666667 0.46119791666666665 0.12395833333333334 0.084375
0 0.7463541666666667 0.8265625 0.10989583333333333 0.07239583333333334
0 0.94140625 0.7119791666666667 0.1171875 0.18020833333333333
0 0.5671875 0.86171875 0.08125 0.07916666666666666