0 0.7130208333333333 0.04973958333333333 0.1515625 0.09166666666666666
0 0.32760416666666664 0.5966145833333333 0.20416666666666666 0.1890625
0 0.9252604166666667 0.25885416666666666 0.09375 0.13697916666666668
0 0.5122395833333333 0.7440104166666667 0.07916666666666666 0.09635416666666667
0 0.12005208333333334 0.3145833333333333 0.10885416666666667 0.10885416666666667
0 0.5111979166666667 0.5903645833333333 0.18697916666666667 0.22291666666666668
0 0.6684895833333333 0.13255208333333332 0.051041666666666666 0.040625
0 0.8596354166666667 0.26640625 0.057291666666666664 0.07447916666666667
0 0.7125 0.4703125 0.07708333333333334 0.07239583333333334
0 0.39296875 0.3963541666666667 0.0953125 0.08541666666666667
0 0.32317708333333334 0.0390625 0.09739583333333333 0.078125
0 0.68515625 0.21223958333333334 0.07708333333333334 0.10989583333333333
0 0.7317708333333334 0.38125 0.1359375 0.103125
0 0.7986979166666667 0.30494791666666665 0.071875 0.0640625
0 0.77421875 0.46640625 0.059895833333333336 0.08645833333333333
0 0.9380208333333333 0.05755208333333333 0.065625 0.0375
0 0.43984375 0.16588541666666667 0.03802083333333333 0.04479166666666667
0 0.8885416666666667 0.09036458333333333 0.049479166666666664 0.0609375
0 0.61328125 0.23307291666666666 0.09479166666666666 0.096875
0 0.35234375 0.13463541666666667 0.15989583333333332 0.14791666666666667
0 0.03802083333333333 0.50859375 0.07604166666666666 0.1015625
0 0.32786458333333335 0.28854166666666664 0.16197916666666667 0.1796875
0 0.17005208333333333 0.26119791666666664 0.15208333333333332 0.140625
0 0.684375 0.33828125 0.04895833333333333 0.0515625
0 0.49270833333333336 0.3734375 0.10052083333333334 0.10989583333333333
0 0.58203125 0.49375 0.03697916666666667 0.034895833333333334
0 0.6497395833333334 0.5393229166666667 0.096875 0.084375
0 0.04296875 0.38125 0.0859375 0.16041666666666668
0 0.18619791666666666 0.8192708333333333 0.15416666666666667 0.14166666666666666
0 0.3802083333333333 0.3377604166666667 0.059375 0.04739583333333333
0 0.5026041666666666 0.04375 0.11875 0.08645833333333333
0 0.7203125 0.28359375 0.06666666666666667 0.059375
0 0.8 0.1703125 0.19947916666666668 0.21458333333333332
0 0.6049479166666667 0.4354166666666667 0.13177083333333334 0.09010416666666667
0 0.9395833333333333 0.11041666666666666 0.0578125 0.0734375
0 0.4328125 0.26640625 0.06927083333333334 0.06979166666666667
0 0.8630208333333333 0.029166666666666667 0.050520833333333334 0.04583333333333333
0 0.8807291666666667 0.4127604166666667 0.16354166666666667 0.209375
0 0.6997395833333333 0.10078125 0.030729166666666665 0.0265625
0 0.7002604166666667 0.69609375 0.19635416666666666 0.1640625
0 0.534375 0.28802083333333334 0.08385416666666666 0.07135416666666666
0 0.60859375 0.34036458333333336 0.11822916666666666 0.11041666666666666
0 0.6588541666666666 0.09895833333333333 0.046875 0.03854166666666667
0 0.98203125 0.29348958333333336 0.0328125 0.07864583333333333
0 0.6518229166666667 0.27682291666666664 0.03802083333333333 0.034375
0 0.178125 0.3932291666666667 0.16510416666666666 0.128125
0 0.1171875 0.4752604166666667 0.12864583333333332 0.11041666666666666
0 0.15442708333333333 0.9817708333333334 0.08854166666666667 0.026041666666666668
0 0.5786458333333333 0.0234375 0.10989583333333333 0.0453125
0 0.6083333333333333 0.34088541666666666 0.11770833333333333 0.109375
0 0.24244791666666668 0.1578125 0.13229166666666667 0.0890625
0 0.9833333333333333 0.38515625 0.029166666666666667 0.0734375
0 0.21197916666666666 0.10026041666666667 0.052083333333333336 0.04739583333333333
0 0.8041666666666667 0.565625 0.14947916666666666 0.10416666666666667
0 0.98125 0.20182291666666666 0.035416666666666666 0.10677083333333333
0 0.9744791666666667 0.57578125 0.044270833333333336 0.11770833333333333
0 0.12760416666666666 0.9208333333333333 0.0984375 0.08489583333333334
0 0.05260416666666667 0.8484375 0.10520833333333333 0.28958333333333336
0 0.4171875 0.48854166666666665 0.0984375 0.10833333333333334
0 0.04583333333333333 0.24192708333333332 0.08645833333333333 0.08489583333333334
0 0.3265625 0.4630208333333333 0.15677083333333333 0.12916666666666668
0 0.12604166666666666 0.08463541666666667 0.11979166666666667 0.16927083333333334
0 0.73125 0.53984375 0.07135416666666666 0.08802083333333334
0 0.9072916666666667 0.5908854166666667 0.10416666666666667 0.11666666666666667
0 0.9434895833333333 0.023697916666666666 0.1125 0.0328125
0 0.82421875 0.03046875 0.0828125 0.050520833333333334
0 0.6049479166666667 0.0625 0.08229166666666667 0.04791666666666667
0 0.453125 0.3065104166666667 0.0796875 0.058854166666666666
0 0.5986979166666667 0.13697916666666668 0.084375 0.0953125
0 0.50703125 0.21927083333333333 0.12447916666666667 0.10625
0 0.5122395833333333 0.14921875 0.11770833333333333 0.09895833333333333
0 0.40963541666666664 0.030989583333333334 0.07083333333333333 0.06197916666666667
0 0.07005208333333333 0.15286458333333333 0.12708333333333333 0.12291666666666666
0 0.05677083333333333 0.0328125 0.09895833333333333 0.065625
0 0.10729166666666666 0.759375 0.10885416666666667 0.10520833333333333
0 0.20416666666666666 0.6151041666666667 0.115625 0.10104166666666667
0 0.40572916666666664 0.7588541666666667 0.1546875 0.11302083333333333
0 0.26875 0.7377604166666667 0.17447916666666666 0.14479166666666668
0 0.07421875 0.61953125 0.1484375 0.17135416666666667