0 0.7434895833333334 0.17161458333333332 0.10364583333333334 0.1359375
0 0.8875 0.8830729166666667 0.14375 0.16927083333333334
0 0.29192708333333334 0.8338541666666667 0.21302083333333333 0.18229166666666666
0 0.61953125 0.7536458333333333 0.1390625 0.109375
0 0.39088541666666665 0.3885416666666667 0.1953125 0.16979166666666667
0 0.20104166666666667 0.06171875 0.14791666666666667 0.1234375
0 0.9018229166666667 0.61328125 0.0953125 0.12760416666666666
0 0.721875 0.91328125 0.20520833333333333 0.17239583333333333
0 0.7622395833333333 0.8171875 0.1421875 0.14895833333333333
0 0.609375 0.5700520833333333 0.228125 0.25052083333333336
0 0.3971354166666667 0.69375 0.1703125 0.13020833333333334
0 0.45677083333333335 0.30104166666666665 0.11145833333333334 0.14479166666666668
0 0.2799479166666667 0.4552083333333333 0.09739583333333333 0.115625
0 0.865625 0.42239583333333336 0.17083333333333334 0.2625
0 0.3333333333333333 0.26875 0.14375 0.12708333333333333
0 0.51640625 0.9151041666666667 0.2671875 0.16875
0 0.684375 0.25052083333333336 0.084375 0.11041666666666666
0 0.6041666666666666 0.8169270833333333 0.090625 0.07239583333333334
0 0.5856770833333333 0.16510416666666666 0.1828125 0.253125
0 0.47421875 0.6091145833333333 0.12864583333333332 0.15052083333333333
0 0.7114583333333333 0.36041666666666666 0.10833333333333334 0.1
0 0.36041666666666666 0.6041666666666666 0.1 0.12604166666666666
0 0.2669270833333333 0.6463541666666667 0.10572916666666667 0.12395833333333334
0 0.6080729166666666 0.32838541666666665 0.09010416666666667 0.08802083333333334
0 0.8661458333333333 0.7580729166666667 0.05625 0.059895833333333336
0 0.38984375 0.13098958333333333 0.17864583333333334 0.18177083333333333
0 0.77421875 0.528125 0.043229166666666666 0.07604166666666666
0 0.2947916666666667 0.55859375 0.071875 0.059895833333333336
0 0.6833333333333333 0.43020833333333336 0.07083333333333333 0.08229166666666667
0 0.9700520833333334 0.7213541666666666 0.0546875 0.06041666666666667
0 0.80546875 0.5653645833333333 0.0390625 0.05677083333333333
0 0.7067708333333333 0.040364583333333336 0.06354166666666666 0.07239583333333334
0 0.62578125 0.3768229166666667 0.0578125 0.043229166666666666
0 0.7330729166666666 0.6473958333333333 0.0890625 0.11770833333333333
0 0.9518229166666666 0.7919270833333333 0.09322916666666667 0.08385416666666666
0 0.6143229166666667 0.42864583333333334 0.06614583333333333 0.071875
0 0.8130208333333333 0.2682291666666667 0.057291666666666664 0.05
0 0.30807291666666664 0.9489583333333333 0.11614583333333334 0.10104166666666667
0 0.5151041666666667 0.7278645833333334 0.07395833333333333 0.08697916666666666
0 0.9703125 0.6572916666666667 0.058333333333333334 0.09583333333333334
0 0.49921875 0.81328125 0.05677083333333333 0.0796875
0 0.7104166666666667 0.5083333333333333 0.075 0.07604166666666666
0 0.75546875 0.2677083333333333 0.0609375 0.0625
0 0.5424479166666667 0.80390625 0.03802083333333333 0.0484375
0 0.8026041666666667 0.71640625 0.06145833333333333 0.0640625
0 0.47213541666666664 0.47994791666666664 0.06927083333333334 0.08385416666666666
0 0.7872395833333333 0.6067708333333334 0.043229166666666666 0.04375
0 0.41848958333333336 0.5263020833333333 0.09322916666666667 0.06822916666666666
0 0.4440104166666667 0.8216145833333334 0.06822916666666666 0.0890625
0 0.8643229166666667 0.7059895833333333 0.049479166666666664 0.0515625
0 0.8440104166666667 0.5645833333333333 0.04114583333333333 0.036458333333333336
0 0.55625 0.4393229166666667 0.046875 0.07447916666666667
0 0.86875 0.2984375 0.042708333333333334 0.034375
0 0.9838541666666667 0.3580729166666667 0.03125 0.0546875
0 0.7294270833333333 0.2989583333333333 0.0328125 0.03125
0 0.5080729166666667 0.4354166666666667 0.05677083333333333 0.08958333333333333
0 0.8348958333333333 0.63828125 0.04583333333333333 0.06822916666666666
0 0.74296875 0.42994791666666665 0.04635416666666667 0.0640625
0 0.95859375 0.85859375 0.0421875 0.04635416666666667
0 0.7625 0.46145833333333336 0.046875 0.051041666666666666
0 0.9705729166666667 0.56328125 0.05677083333333333 0.0921875
0 0.690625 0.11484375 0.028125 0.028645833333333332
0 0.9809895833333333 0.9393229166666667 0.03697916666666667 0.1203125
0 0.69453125 0.0890625 0.033854166666666664 0.026041666666666668
0 0.97578125 0.89140625 0.033854166666666664 0.03697916666666667
0 0.8236979166666667 0.18776041666666668 0.059895833333333336 0.06614583333333333
0 0.9276041666666667 0.71875 0.052083333333333336 0.06875
0 0.2359375 0.1765625 0.15729166666666666 0.17291666666666666
0 0.3619791666666667 0.48359375 0.09375 0.1046875
0 0.5598958333333334 0.02421875 0.109375 0.0484375
0 0.3138020833333333 0.06901041666666667 0.06510416666666667 0.0734375
0 0.9283854166666666 0.13776041666666666 0.1421875 0.2755208333333333
0 0.8127604166666667 0.09427083333333333 0.09739583333333333 0.10208333333333333
0 0.8348958333333333 0.027864583333333335 0.14270833333333333 0.05572916666666667
0 0.7453125 0.72578125 0.05572916666666667 0.04010416666666667
0 0.7763020833333333 0.6809895833333334 0.030729166666666665 0.04739583333333333
0 0.7872395833333333 0.6408854166666667 0.030729166666666665 0.030729166666666665
0 0.04609375 0.25807291666666665 0.0921875 0.1296875
0 0.042708333333333334 0.11822916666666666 0.08541666666666667 0.15
0 0.03307291666666667 0.503125 0.06614583333333333 0.09791666666666667
0 0.02734375 0.4197916666666667 0.0546875 0.06666666666666667
0 0.015885416666666666 0.6325520833333333 0.03177083333333333 0.12291666666666666
0 0.38203125 0.01953125 0.215625 0.0390625