0 0.8268229166666666 0.2515625 0.13645833333333332 0.1046875
0 0.11614583333333334 0.11171875 0.1703125 0.14479166666666668
0 0.16197916666666667 0.70703125 0.18333333333333332 0.2140625
0 0.24427083333333333 0.37890625 0.11041666666666666 0.13958333333333334
0 0.6078125 0.60546875 0.17083333333333334 0.19635416666666666
0 0.93359375 0.7934895833333333 0.12447916666666667 0.1484375
0 0.38619791666666664 0.09583333333333334 0.128125 0.09583333333333334
0 0.0859375 0.27760416666666665 0.171875 0.20625
0 0.18151041666666667 0.23671875 0.15 0.14322916666666666
0 0.4276041666666667 0.3880208333333333 0.2520833333333333 0.2296875
0 0.3028645833333333 0.6010416666666667 0.13125 0.17083333333333334
0 0.6958333333333333 0.5390625 0.1453125 0.1125
0 0.540625 0.7169270833333333 0.11614583333333334 0.09791666666666667
0 0.5768229166666666 0.13098958333333333 0.2635416666666667 0.17239583333333333
0 0.72734375 0.6625 0.128125 0.14427083333333332
0 0.08359375 0.4830729166666667 0.1671875 0.2682291666666667
0 0.74765625 0.3111979166666667 0.1109375 0.08489583333333334
0 0.18072916666666666 0.39479166666666665 0.07291666666666667 0.09114583333333333
0 0.8325520833333333 0.409375 0.25416666666666665 0.184375
0 0.38776041666666666 0.5234375 0.15104166666666666 0.1296875
0 0.6380208333333334 0.28489583333333335 0.10052083333333334 0.10885416666666667
0 0.3921875 0.6372395833333333 0.1265625 0.10052083333333334
0 0.3494791666666667 0.7309895833333333 0.12447916666666667 0.10625
0 0.6692708333333334 0.3880208333333333 0.08854166666666667 0.090625
0 0.24114583333333334 0.13255208333333332 0.06041666666666667 0.05677083333333333
0 0.8653645833333333 0.6052083333333333 0.1828125 0.1796875
0 0.4705729166666667 0.22291666666666668 0.07604166666666666 0.04375
0 0.43723958333333335 0.7026041666666667 0.06041666666666667 0.07239583333333334
0 0.56796875 0.31328125 0.0828125 0.07135416666666666
0 0.27838541666666666 0.028385416666666666 0.0609375 0.05520833333333333
0 0.43359375 0.19192708333333333 0.05677083333333333 0.03958333333333333
0 0.9578125 0.2877604166666667 0.07291666666666667 0.0640625
0 0.62109375 0.37057291666666664 0.04375 0.0578125
0 0.35104166666666664 0.26484375 0.11822916666666666 0.08958333333333333
0 0.2078125 0.046875 0.084375 0.09375
0 0.5690104166666666 0.38229166666666664 0.07239583333333334 0.06666666666666667
0 0.7307291666666667 0.1828125 0.050520833333333334 0.0578125
0 0.04895833333333333 0.6916666666666667 0.09791666666666667 0.11666666666666667
0 0.26927083333333335 0.48333333333333334 0.0875 0.07447916666666667
0 0.3424479166666667 0.028645833333333332 0.09635416666666667 0.057291666666666664
0 0.18385416666666668 0.49973958333333335 0.08020833333333334 0.057291666666666664
0 0.4901041666666667 0.28671875 0.0765625 0.07552083333333333
0 0.7309895833333333 0.24036458333333333 0.06302083333333333 0.06145833333333333
0 0.19348958333333333 0.45651041666666664 0.0484375 0.03854166666666667
0 0.2825520833333333 0.19583333333333333 0.06458333333333334 0.06197916666666667
0 0.5169270833333334 0.5247395833333334 0.084375 0.06979166666666667
0 0.3919270833333333 0.21041666666666667 0.04375 0.043229166666666666
0 0.4703125 0.5786458333333333 0.06875 0.09375
0 0.17526041666666667 0.5549479166666667 0.08958333333333333 0.06875
0 0.29322916666666665 0.13385416666666666 0.052083333333333336 0.05
0 0.43463541666666666 0.15338541666666666 0.036458333333333336 0.04114583333333333
0 0.5580729166666667 0.44036458333333334 0.075 0.04739583333333333
0 0.70078125 0.12708333333333333 0.034375 0.042708333333333334
0 0.6419270833333334 0.0140625 0.0546875 0.028125
0 0.6994791666666667 0.26640625 0.03125 0.0328125
0 0.56171875 0.48854166666666665 0.09010416666666667 0.057291666666666664
0 0.3606770833333333 0.16302083333333334 0.06875 0.04635416666666667
0 0.5684895833333333 0.25364583333333335 0.06458333333333334 0.046875
0 0.14114583333333333 0.040625 0.04635416666666667 0.042708333333333334
0 0.5372395833333333 0.234375 0.0515625 0.04739583333333333
0 0.43645833333333334 0.027864583333333335 0.09270833333333334 0.05572916666666667
0 0.8833333333333333 0.30416666666666664 0.028645833333333332 0.028125
0 0.06067708333333333 0.01875 0.1203125 0.0375
0 0.9091145833333333 0.30026041666666664 0.026041666666666668 0.033854166666666664
0 0.10833333333333334 0.023697916666666666 0.03697916666666667 0.033854166666666664
0 0.8111979166666666 0.17161458333333332 0.06666666666666667 0.06041666666666667
0 0.28072916666666664 0.07083333333333333 0.06927083333333334 0.05260416666666667
0 0.8190104166666666 0.759375 0.17395833333333333 0.15833333333333333
0 0.5127604166666667 0.6348958333333333 0.10520833333333333 0.09427083333333333
0 0.9731770833333333 0.434375 0.04895833333333333 0.10989583333333333
0 0.9270833333333334 0.6807291666666667 0.07395833333333333 0.065625
0 0.86171875 0.06927083333333334 0.2765625 0.13854166666666667
0 0.9046875 0.18203125 0.10260416666666666 0.09791666666666667
0 0.97109375 0.159375 0.05677083333333333 0.14322916666666666
0 0.27265625 0.253125 0.040625 0.05572916666666667
0 0.3177083333333333 0.221875 0.04739583333333333 0.03125
0 0.3578125 0.21067708333333332 0.030729166666666665 0.030729166666666665
0 0.7364583333333333 0.9494791666666667 0.13020833333333334 0.09270833333333334
0 0.8763020833333334 0.9520833333333333 0.15052083333333333 0.08645833333333333
0 0.49114583333333334 0.9640625 0.0984375 0.06666666666666667
0 0.5744791666666667 0.9692708333333333 0.0671875 0.05520833333333333
0 0.36171875 0.98203125 0.12291666666666666 0.03229166666666667
0 0.9768229166666667 0.6122395833333333 0.04010416666666667 0.215625