0 0.74921875 0.17604166666666668 0.10625 0.1375
0 0.8807291666666667 0.88984375 0.146875 0.171875
0 0.28619791666666666 0.8302083333333333 0.21614583333333334 0.1859375
0 0.6151041666666667 0.7557291666666667 0.14114583333333333 0.11197916666666667
0 0.39296875 0.38671875 0.1984375 0.17291666666666666
0 0.20885416666666667 0.05963541666666667 0.15 0.11927083333333334
0 0.8997395833333334 0.6203125 0.09739583333333333 0.12916666666666668
0 0.7145833333333333 0.9145833333333333 0.20833333333333334 0.17083333333333334
0 0.7567708333333333 0.8216145833333334 0.14479166666666668 0.1515625
0 0.6080729166666666 0.571875 0.23229166666666667 0.2546875
0 0.39375 0.6919270833333333 0.17239583333333333 0.13333333333333333
0 0.46015625 0.30026041666666664 0.1140625 0.146875
0 0.28072916666666664 0.4513020833333333 0.09947916666666666 0.1171875
0 0.8669270833333333 0.42890625 0.17552083333333332 0.265625
0 0.3375 0.26588541666666665 0.14583333333333334 0.1296875
0 0.5091145833333334 0.9143229166666667 0.2703125 0.17135416666666667
0 0.6888020833333334 0.25390625 0.08645833333333333 0.11197916666666667
0 0.5986979166666667 0.81875 0.09166666666666666 0.07395833333333333
0 0.59140625 0.16666666666666666 0.18697916666666667 0.25625
0 0.47239583333333335 0.60859375 0.13125 0.15260416666666668
0 0.7138020833333333 0.3640625 0.10989583333333333 0.10208333333333333
0 0.35859375 0.6018229166666667 0.10208333333333333 0.12760416666666666
0 0.2643229166666667 0.6421875 0.1078125 0.12604166666666666
0 0.6109375 0.3302083333333333 0.09166666666666666 0.08958333333333333
0 0.8614583333333333 0.7643229166666666 0.057291666666666664 0.0609375
0 0.3963541666666667 0.12916666666666668 0.18177083333333333 0.18489583333333334
0 0.7736979166666667 0.5328125 0.04479166666666667 0.0765625
0 0.29375 0.5549479166666667 0.07291666666666667 0.0609375
0 0.6846354166666667 0.43333333333333335 0.07239583333333334 0.08333333333333333
0 0.9661458333333334 0.7294270833333333 0.05572916666666667 0.06145833333333333
0 0.8041666666666667 0.5705729166666667 0.04010416666666667 0.057291666666666664
0 0.71484375 0.04401041666666667 0.06458333333333334 0.0734375
0 0.6278645833333333 0.37916666666666665 0.058333333333333334 0.044270833333333336
0 0.73046875 0.6515625 0.09114583333333333 0.11927083333333334
0 0.9466145833333334 0.7997395833333333 0.09479166666666666 0.08541666666666667
0 0.615625 0.43072916666666666 0.0671875 0.07291666666666667
0 0.8169270833333333 0.27369791666666665 0.058333333333333334 0.051041666666666666
0 0.30026041666666664 0.9455729166666667 0.11770833333333333 0.103125
0 0.5111979166666667 0.728125 0.07552083333333333 0.08802083333333334
0 0.9674479166666666 0.6653645833333334 0.059895833333333336 0.096875
0 0.49375 0.81328125 0.058333333333333334 0.08072916666666667
0 0.71015625 0.5119791666666667 0.0765625 0.07708333333333334
0 0.759375 0.2721354166666667 0.06197916666666667 0.06354166666666666
0 0.5372395833333333 0.8046875 0.0390625 0.04895833333333333
0 0.7986979166666667 0.7216145833333333 0.0625 0.06510416666666667
0 0.47239583333333335 0.47942708333333334 0.07083333333333333 0.08489583333333334
0 0.7854166666666667 0.61171875 0.04375 0.044270833333333336
0 0.41796875 0.525 0.09427083333333333 0.06979166666666667
0 0.43828125 0.8205729166666667 0.06979166666666667 0.09010416666666667
0 0.8606770833333334 0.7122395833333334 0.050520833333333334 0.05260416666666667
0 0.8427083333333333 0.5705729166666667 0.041666666666666664 0.03697916666666667
0 0.5572916666666666 0.44036458333333334 0.04791666666666667 0.07552083333333333
0 0.8721354166666667 0.30494791666666665 0.043229166666666666 0.034895833333333334
0 0.9848958333333333 0.36666666666666664 0.030208333333333334 0.05520833333333333
0 0.7328125 0.3028645833333333 0.03333333333333333 0.03177083333333333
0 0.5091145833333334 0.4356770833333333 0.058333333333333334 0.090625
0 0.8325520833333333 0.6440104166666667 0.046875 0.06927083333333334
0 0.7442708333333333 0.43411458333333336 0.04739583333333333 0.06510416666666667
0 0.95234375 0.8666666666666667 0.043229166666666666 0.046875
0 0.7630208333333334 0.4661458333333333 0.04791666666666667 0.052083333333333336
0 0.9692708333333333 0.5713541666666667 0.058333333333333334 0.09322916666666667
0 0.6973958333333333 0.11822916666666666 0.028645833333333332 0.029166666666666667
0 0.9731770833333333 0.9434895833333333 0.0390625 0.11302083333333333
0 0.7015625 0.09244791666666667 0.034375 0.0265625
0 0.96875 0.8997395833333334 0.034375 0.0375
0 0.8291666666666667 0.19348958333333333 0.0609375 0.0671875
0 0.9236979166666667 0.7263020833333333 0.053125 0.06979166666666667
0 0.24166666666666667 0.171875 0.16041666666666668 0.17552083333333332
0 0.36223958333333334 0.48125 0.0953125 0.10625
0 0.5682291666666667 0.025260416666666667 0.11041666666666666 0.050520833333333334
0 0.32135416666666666 0.06588541666666667 0.06614583333333333 0.07447916666666667
0 0.93046875 0.1453125 0.1390625 0.278125
0 0.8197916666666667 0.09973958333333334 0.09895833333333333 0.10364583333333334
0 0.84296875 0.033854166666666664 0.14375 0.058333333333333334
0 0.74140625 0.7299479166666667 0.05625 0.04114583333333333
0 0.7731770833333333 0.6856770833333333 0.03177083333333333 0.04791666666666667
0 0.7846354166666667 0.6458333333333334 0.03125 0.03125
0 0.05026041666666667 0.25026041666666665 0.09427083333333333 0.13125
0 0.049479166666666664 0.11041666666666666 0.08802083333333334 0.1515625
0 0.03333333333333333 0.4947916666666667 0.06666666666666667 0.09895833333333333
0 0.02890625 0.4114583333333333 0.05572916666666667 0.06770833333333333
0 0.015104166666666667 0.6236979166666666 0.030208333333333334 0.1234375
0 0.39036458333333335 0.019270833333333334 0.21614583333333334 0.03854166666666667