0 0.19765625 0.5390625 0.1515625 0.10364583333333334
0 0.5505208333333333 0.3072916666666667 0.23020833333333332 0.20885416666666667
0 0.5265625 0.75390625 0.18072916666666666 0.18072916666666666
0 0.42682291666666666 0.38229166666666664 0.13854166666666667 0.16041666666666668
0 0.9049479166666666 0.7653645833333333 0.109375 0.14791666666666667
0 0.06171875 0.7622395833333333 0.1234375 0.1421875
0 0.5286458333333334 0.5729166666666666 0.12083333333333333 0.21770833333333334
0 0.93203125 0.5911458333333334 0.134375 0.15885416666666666
0 0.8190104166666666 0.6776041666666667 0.2171875 0.16979166666666667
0 0.7333333333333333 0.5174479166666667 0.13229166666666667 0.1046875
0 0.3528645833333333 0.48880208333333336 0.14479166666666668 0.13125
0 0.20182291666666666 0.6348958333333333 0.16302083333333334 0.1015625
0 0.62109375 0.3734375 0.15572916666666667 0.14114583333333333
0 0.6348958333333333 0.58125 0.13489583333333333 0.1140625
0 0.91640625 0.40234375 0.1671875 0.22552083333333334
0 0.0625 0.45703125 0.125 0.10208333333333333
0 0.6567708333333333 0.4765625 0.10364583333333334 0.08489583333333334
0 0.2869791666666667 0.8307291666666666 0.18177083333333333 0.165625
0 0.5763020833333333 0.47291666666666665 0.06510416666666667 0.06927083333333334
0 0.062239583333333334 0.6106770833333334 0.12447916666666667 0.1640625
0 0.61484375 0.934375 0.11770833333333333 0.12708333333333333
0 0.0375 0.91171875 0.075 0.1609375
0 0.19895833333333332 0.7359375 0.14791666666666667 0.1296875
0 0.2833333333333333 0.9447916666666667 0.1703125 0.10520833333333333
0 0.37838541666666664 0.6822916666666666 0.23072916666666668 0.25416666666666665
0 0.7565104166666666 0.3640625 0.16458333333333333 0.19583333333333333
0 0.71171875 0.75390625 0.26666666666666666 0.23958333333333334
0 0.69296875 0.2630208333333333 0.0921875 0.07291666666666667
0 0.5046875 0.8755208333333333 0.20364583333333333 0.125
0 0.9682291666666667 0.22760416666666666 0.06354166666666666 0.14375
0 0.8588541666666667 0.5666666666666667 0.041666666666666664 0.05677083333333333
0 0.9708333333333333 0.6875 0.0515625 0.04583333333333333
0 0.39869791666666665 0.83671875 0.04583333333333333 0.0609375
0 0.11276041666666667 0.8755208333333333 0.071875 0.06041666666666667
0 0.43776041666666665 0.9408854166666667 0.0515625 0.0546875
0 0.11692708333333333 0.81796875 0.04739583333333333 0.052083333333333336
0 0.9315104166666667 0.27239583333333334 0.043229166666666666 0.05625
0 0.14583333333333334 0.9372395833333333 0.084375 0.06302083333333333
0 0.18958333333333333 0.9151041666666667 0.03854166666666667 0.046875
0 0.48828125 0.98203125 0.017708333333333333 0.0203125
0 0.15833333333333333 0.9817708333333334 0.0640625 0.024479166666666666
0 0.10677083333333333 0.9833333333333333 0.04479166666666667 0.019270833333333334
0 0.2 0.45078125 0.15833333333333333 0.09583333333333334