0 0.1953125 0.5453125 0.15052083333333333 0.10208333333333333
0 0.5453125 0.30963541666666666 0.22760416666666666 0.20625
0 0.5265625 0.7565104166666666 0.17864583333333334 0.17864583333333334
0 0.42239583333333336 0.3859375 0.13697916666666668 0.15885416666666666
0 0.9052083333333333 0.7635416666666667 0.1078125 0.14635416666666667
0 0.06145833333333333 0.7703125 0.12291666666666666 0.140625
0 0.5265625 0.5755208333333334 0.11822916666666666 0.21614583333333334
0 0.9302083333333333 0.5890625 0.1328125 0.15729166666666666
0 0.8182291666666667 0.6768229166666667 0.21510416666666668 0.1671875
0 0.7307291666666667 0.5174479166666667 0.13125 0.103125
0 0.3497395833333333 0.4934895833333333 0.14322916666666666 0.1296875
0 0.20052083333333334 0.64140625 0.16197916666666667 0.1
0 0.6166666666666667 0.375 0.15416666666666667 0.13958333333333334
0 0.6328125 0.5825520833333333 0.13333333333333333 0.1125
0 0.9138020833333333 0.4002604166666667 0.16770833333333332 0.2234375
0 0.06041666666666667 0.46484375 0.12083333333333333 0.10052083333333334
0 0.6533854166666667 0.4778645833333333 0.10260416666666666 0.08385416666666666
0 0.2877604166666667 0.8361979166666667 0.18020833333333333 0.16354166666666667
0 0.5729166666666666 0.475 0.06458333333333334 0.06875
0 0.061197916666666664 0.61875 0.12239583333333333 0.1625
0 0.6169270833333333 0.9359375 0.11614583333333334 0.12552083333333333
0 0.03828125 0.9200520833333333 0.0765625 0.15989583333333332
0 0.19869791666666667 0.7424479166666667 0.14635416666666667 0.128125
0 0.28567708333333336 0.94921875 0.16927083333333334 0.1015625
0 0.3776041666666667 0.68671875 0.228125 0.2515625
0 0.7520833333333333 0.3640625 0.1625 0.19427083333333334
0 0.71171875 0.7544270833333333 0.2640625 0.23645833333333333
0 0.6872395833333333 0.2635416666666667 0.09166666666666666 0.071875
0 0.5059895833333333 0.878125 0.20208333333333334 0.12239583333333333
0 0.96484375 0.22552083333333334 0.06770833333333333 0.14322916666666666
0 0.8565104166666667 0.5653645833333333 0.04114583333333333 0.05625
0 0.9700520833333334 0.6848958333333334 0.0515625 0.0453125
0 0.3997395833333333 0.8408854166666667 0.0453125 0.0609375
0 0.1140625 0.8830729166666667 0.07135416666666666 0.059895833333333336
0 0.4401041666666667 0.94453125 0.051041666666666666 0.05416666666666667
0 0.11796875 0.8252604166666667 0.046875 0.0515625
0 0.92578125 0.2703125 0.042708333333333334 0.05572916666666667
0 0.14817708333333332 0.9440104166666666 0.08385416666666666 0.06197916666666667
0 0.19140625 0.9216145833333333 0.03802083333333333 0.04635416666666667
0 0.4908854166666667 0.98515625 0.0171875 0.019791666666666666
0 0.1609375 0.9885416666666667 0.06354166666666666 0.022916666666666665
0 0.10963541666666667 0.990625 0.044270833333333336 0.01875
0 0.19661458333333334 0.45703125 0.15729166666666666 0.09427083333333333