0 0.5395833333333333 0.8046875 0.10208333333333333 0.15052083333333333
0 0.30390625 0.4546875 0.20625 0.22760416666666666
0 0.75078125 0.4734375 0.17864583333333334 0.17864583333333334
0 0.3802083333333333 0.5776041666666667 0.15885416666666666 0.13697916666666668
0 0.7578125 0.09479166666666666 0.14635416666666667 0.1078125
0 0.7645833333333333 0.9385416666666667 0.140625 0.12291666666666666
0 0.56953125 0.4734375 0.21614583333333334 0.11822916666666666
0 0.5833333333333334 0.06979166666666667 0.15729166666666666 0.1328125
0 0.67109375 0.18177083333333333 0.1671875 0.21510416666666668
0 0.51171875 0.26927083333333335 0.103125 0.13125
0 0.48776041666666664 0.6502604166666667 0.1296875 0.14322916666666666
0 0.6354166666666666 0.7994791666666666 0.1 0.16197916666666667
0 0.3690104166666667 0.38333333333333336 0.13958333333333334 0.15416666666666667
0 0.5768229166666666 0.3671875 0.1125 0.13333333333333333
0 0.39453125 0.08619791666666667 0.2234375 0.16770833333333332
0 0.4591145833333333 0.9395833333333333 0.10052083333333334 0.12083333333333333
0 0.471875 0.34661458333333334 0.08385416666666666 0.10260416666666666
0 0.8302083333333333 0.7122395833333334 0.16354166666666667 0.18020833333333333
0 0.46927083333333336 0.4270833333333333 0.06875 0.06458333333333334
0 0.6130208333333333 0.9388020833333334 0.1625 0.12239583333333333
0 0.9302083333333333 0.38307291666666665 0.12552083333333333 0.11614583333333334
0 0.9143229166666667 0.96171875 0.15989583333333332 0.0765625
0 0.7364583333333333 0.8013020833333333 0.128125 0.14635416666666667
0 0.9442708333333333 0.7143229166666667 0.103125 0.16927083333333334
0 0.6807291666666667 0.6223958333333334 0.2515625 0.228125
0 0.35833333333333334 0.24791666666666667 0.19427083333333334 0.1625
0 0.7486979166666666 0.28828125 0.23645833333333333 0.2640625
0 0.2578125 0.31276041666666665 0.071875 0.09166666666666666
0 0.8723958333333334 0.4940104166666667 0.12239583333333333 0.20208333333333334
0 0.21953125 0.03515625 0.14322916666666666 0.06770833333333333
0 0.5596354166666667 0.14348958333333334 0.05625 0.04114583333333333
0 0.67890625 0.029947916666666668 0.0453125 0.0515625
0 0.83515625 0.6002604166666666 0.0609375 0.0453125
0 0.8770833333333333 0.8859375 0.059895833333333336 0.07135416666666666
0 0.9388020833333334 0.5598958333333334 0.05416666666666667 0.051041666666666666
0 0.8192708333333333 0.88203125 0.0515625 0.046875
0 0.2643229166666667 0.07421875 0.05572916666666667 0.042708333333333334
0 0.93828125 0.8518229166666667 0.06197916666666667 0.08385416666666666
0 0.9158854166666667 0.80859375 0.04635416666666667 0.03802083333333333
0 0.9794270833333333 0.5091145833333334 0.019791666666666666 0.0171875
0 0.9828125 0.8390625 0.023958333333333335 0.06354166666666666
0 0.9848958333333333 0.8903645833333333 0.01875 0.044270833333333336
0 0.4513020833333333 0.8033854166666666 0.09427083333333333 0.15729166666666666