0 0.4557291666666667 0.1984375 0.10104166666666667 0.15
0 0.6934895833333333 0.5471354166666667 0.2046875 0.2265625
0 0.24661458333333333 0.5309895833333333 0.17760416666666667 0.17760416666666667
0 0.61640625 0.42473958333333334 0.1578125 0.1359375
0 0.24166666666666667 0.9096354166666667 0.14583333333333334 0.10677083333333333
0 0.22994791666666667 0.06354166666666666 0.14010416666666667 0.12708333333333333
0 0.4276041666666667 0.5299479166666666 0.215625 0.1171875
0 0.41640625 0.93359375 0.15677083333333333 0.13177083333333334
0 0.32786458333333335 0.8221354166666667 0.16614583333333333 0.2140625
0 0.48671875 0.73359375 0.10260416666666666 0.13072916666666667
0 0.50859375 0.35260416666666666 0.12864583333333332 0.14270833333333333
0 0.35989583333333336 0.20416666666666666 0.09895833333333333 0.16145833333333334
0 0.6286458333333333 0.61875 0.13854166666666667 0.153125
0 0.42109375 0.6361979166666667 0.11197916666666667 0.1328125
0 0.6049479166666667 0.9161458333333333 0.22239583333333332 0.16666666666666666
0 0.5354166666666667 0.06171875 0.1 0.1234375
0 0.5260416666666666 0.65625 0.08333333333333333 0.10208333333333333
0 0.165625 0.29270833333333335 0.1625 0.17916666666666667
0 0.5283854166666667 0.57578125 0.06822916666666666 0.0640625
0 0.3815104166666667 0.06276041666666667 0.16197916666666667 0.12552083333333333
0 0.06770833333333333 0.6223958333333334 0.125 0.115625
0 0.08020833333333334 0.040625 0.159375 0.08125
0 0.25885416666666666 0.203125 0.12708333333333333 0.14583333333333334
0 0.0515625 0.2911458333333333 0.10208333333333333 0.16875
0 0.315625 0.3815104166666667 0.25 0.2265625
0 0.6403645833333333 0.7541666666666667 0.19322916666666667 0.16145833333333334
0 0.24973958333333332 0.7161458333333334 0.23489583333333333 0.2625
0 0.7403645833333333 0.6888020833333334 0.07135416666666666 0.09114583333333333
0 0.12473958333333333 0.5111979166666667 0.12135416666666667 0.2015625
0 0.7802083333333333 0.9661458333333334 0.14270833333333333 0.06666666666666667
0 0.4395833333333333 0.8598958333333333 0.05625 0.040625
0 0.32083333333333336 0.9739583333333334 0.04479166666666667 0.051041666666666666
0 0.16145833333333334 0.4046875 0.06041666666666667 0.04479166666666667
0 0.11770833333333333 0.11927083333333334 0.059375 0.07083333333333333
0 0.05807291666666667 0.44557291666666665 0.05364583333333333 0.050520833333333334
0 0.17552083333333332 0.12265625 0.051041666666666666 0.04635416666666667
0 0.73515625 0.92734375 0.05572916666666667 0.0421875
0 0.05677083333333333 0.15364583333333334 0.06145833333333333 0.08333333333333333
0 0.07942708333333333 0.196875 0.04635416666666667 0.0375
0 0.017708333333333333 0.49661458333333336 0.019791666666666666 0.0171875
0 0.012239583333333333 0.16666666666666666 0.0234375 0.06354166666666666
0 0.009895833333333333 0.11536458333333334 0.01875 0.044270833333333336
0 0.5440104166666667 0.19921875 0.09322916666666667 0.15677083333333333