0 0.8041666666666667 0.4557291666666667 0.15052083333333333 0.10104166666666667
0 0.45677083333333335 0.6934895833333333 0.22760416666666666 0.2046875
0 0.4705729166666667 0.24661458333333333 0.17864583333333334 0.17760416666666667
0 0.57890625 0.61640625 0.13697916666666668 0.1578125
0 0.09166666666666666 0.24166666666666667 0.1078125 0.14583333333333334
0 0.9369791666666667 0.22994791666666667 0.12604166666666666 0.14010416666666667
0 0.47265625 0.4276041666666667 0.11822916666666666 0.215625
0 0.06875 0.41640625 0.1328125 0.15677083333333333
0 0.1796875 0.32786458333333335 0.21510416666666668 0.16614583333333333
0 0.26927083333333335 0.48671875 0.13125 0.10260416666666666
0 0.6502604166666667 0.50859375 0.14322916666666666 0.12864583333333332
0 0.7979166666666667 0.35989583333333336 0.16197916666666667 0.09895833333333333
0 0.3848958333333333 0.6286458333333333 0.15416666666666667 0.13854166666666667
0 0.36614583333333334 0.42109375 0.13333333333333333 0.11197916666666667
0 0.0875 0.6049479166666667 0.16770833333333332 0.22239583333333332
0 0.9395833333333333 0.5354166666666667 0.12083333333333333 0.1
0 0.346875 0.5260416666666666 0.10260416666666666 0.08333333333333333
0 0.7083333333333334 0.165625 0.18020833333333333 0.1625
0 0.42734375 0.5283854166666667 0.06458333333333334 0.06822916666666666
0 0.9380208333333333 0.3815104166666667 0.12395833333333334 0.16197916666666667
0 0.378125 0.06770833333333333 0.11614583333333334 0.125
0 0.959375 0.08020833333333334 0.08125 0.159375
0 0.7984375 0.25885416666666666 0.14635416666666667 0.12708333333333333
0 0.7091145833333333 0.0515625 0.16927083333333334 0.10208333333333333
0 0.6203125 0.315625 0.228125 0.25
0 0.24947916666666667 0.6403645833333333 0.1625 0.19322916666666667
0 0.28541666666666665 0.24973958333333332 0.2640625 0.23489583333333333
0 0.315625 0.7403645833333333 0.09166666666666666 0.07135416666666666
0 0.4895833333333333 0.12473958333333333 0.20208333333333334 0.12135416666666667
0 0.03828125 0.7802083333333333 0.06770833333333333 0.14270833333333333
0 0.14270833333333333 0.4395833333333333 0.04114583333333333 0.05625
0 0.027864583333333335 0.32083333333333336 0.0515625 0.04479166666666667
0 0.5963541666666666 0.16145833333333334 0.0453125 0.06041666666666667
0 0.8815104166666666 0.11770833333333333 0.07135416666666666 0.059375
0 0.5546875 0.05807291666666667 0.051041666666666666 0.05364583333333333
0 0.8783854166666667 0.17552083333333332 0.046875 0.051041666666666666
0 0.07682291666666667 0.73515625 0.042708333333333334 0.05572916666666667
0 0.8466145833333333 0.05677083333333333 0.08385416666666666 0.06145833333333333
0 0.8036458333333333 0.07942708333333333 0.03802083333333333 0.04635416666666667
0 0.5033854166666667 0.017708333333333333 0.0171875 0.019791666666666666
0 0.8333333333333334 0.012239583333333333 0.06354166666666666 0.0234375
0 0.8846354166666667 0.009895833333333333 0.044270833333333336 0.01875
0 0.80390625 0.5440104166666667 0.15729166666666666 0.09322916666666667