0 0.2015625 0.6046875 0.10625 0.09375
0 0.875 0.6203125 0.1421875 0.1609375
0 0.35546875 0.4125 0.0984375 0.109375
0 0.646875 0.375 0.103125 0.1078125
0 0.4140625 0.91484375 0.0859375 0.096875
0 0.7125 0.63984375 0.1171875 0.10625
0 0.28203125 0.2421875 0.1 0.0921875
0 0.07109375 0.0875 0.1046875 0.10625
0 0.23671875 0.3375 0.115625 0.1015625
0 0.60546875 0.7671875 0.071875 0.04375
0 0.271875 0.675 0.090625 0.0796875
0 0.16015625 0.47265625 0.115625 0.075
0 0.64453125 0.07578125 0.15 0.1515625
0 0.078125 0.39296875 0.0921875 0.065625
0 0.1734375 0.3890625 0.1109375 0.096875
0 0.2390625 0.13125 0.0703125 0.1109375
0 0.73828125 0.7796875 0.0671875 0.0859375
0 0.421875 0.30546875 0.103125 0.1
0 0.475 0.53125 0.0953125 0.0875
0 0.68671875 0.821875 0.090625 0.096875
0 0.296875 0.93671875 0.121875 0.1234375
0 0.109375 0.23515625 0.1015625 0.115625
0 0.6109375 0.6640625 0.1375 0.125
0 0.7328125 0.9296875 0.0984375 0.103125
0 0.49609375 0.4546875 0.0875 0.071875
0 0.59453125 0.1640625 0.128125 0.115625
0 0.4625 0.8140625 0.121875 0.146875
0 0.42578125 0.21484375 0.0953125 0.0984375
0 0.315625 0.1578125 0.0546875 0.06875
0 0.30859375 0.04921875 0.06875 0.0890625
0 0.853125 0.76953125 0.125 0.1265625
0 0.6234375 0.9234375 0.1375 0.128125
0 0.8703125 0.31640625 0.1453125 0.1484375
0 0.1546875 0.8296875 0.1234375 0.1234375
0 0.2671875 0.46796875 0.109375 0.084375
0 0.4484375 0.6109375 0.109375 0.1046875
0 0.76171875 0.58515625 0.09375 0.11875
0 0.515625 0.37265625 0.0671875 0.0671875
0 0.12578125 0.94453125 0.134375 0.1078125
0 0.05546875 0.80546875 0.1109375 0.165625
0 0.12890625 0.55859375 0.115625 0.096875
0 0.5046875 0.88515625 0.075 0.0875
0 0.8578125 0.43671875 0.1453125 0.11875
0 0.925 0.0640625 0.146875 0.128125
0 0.56015625 0.56484375 0.1125 0.1234375
0 0.06640625 0.3015625 0.1171875 0.059375
0 0.65 0.46796875 0.0765625 0.075
0 0.5375 0.2953125 0.090625 0.0890625
0 0.39765625 0.69609375 0.0828125 0.103125
0 0.615625 0.51328125 0.0515625 0.05625
0 0.8765625 0.24140625 0.09375 0.084375
0 0.2921875 0.5609375 0.115625 0.096875
0 0.74375 0.45078125 0.0828125 0.071875
0 0.32421875 0.70546875 0.0703125 0.084375
0 0.16484375 0.121875 0.0984375 0.1390625
0 0.671875 0.228125 0.1109375 0.115625