0 0.125 0.14296875 0.0484375 0.05
0 0.16015625 0.5203125 0.0359375 0.040625
0 0.2765625 0.57109375 0.046875 0.0671875
0 0.61640625 0.07109375 0.071875 0.0453125
0 0.22421875 0.44296875 0.08125 0.0671875
0 0.72734375 0.08828125 0.0515625 0.05625
0 0.440625 0.278125 0.0734375 0.071875
0 0.59140625 0.11015625 0.075 0.0640625
0 0.32421875 0.55859375 0.0609375 0.090625
0 0.68125 0.025 0.0390625 0.03125
0 0.17734375 0.796875 0.1078125 0.0609375
0 0.19375 0.48046875 0.0609375 0.0484375
0 0.45859375 0.60625 0.046875 0.05
0 0.4203125 0.05859375 0.096875 0.1171875
0 0.225 0.55390625 0.0671875 0.075
0 0.478125 0.94453125 0.0484375 0.0625
0 0.09375 0.41015625 0.0453125 0.040625
0 0.2703125 0.1734375 0.05625 0.0828125
0 0.0390625 0.303125 0.078125 0.078125
0 0.215625 0.30234375 0.084375 0.0640625
0 0.16328125 0.91796875 0.0875 0.0765625
0 0.52890625 0.25546875 0.0578125 0.06875
0 0.3609375 0.725 0.053125 0.05625
0 0.8640625 0.08984375 0.084375 0.0796875
0 0.209375 0.24296875 0.0671875 0.0609375
0 0.65390625 0.1328125 0.05 0.059375
0 0.4015625 0.478125 0.0734375 0.0765625
0 0.50078125 0.1046875 0.09375 0.1125
0 0.378125 0.5328125 0.0578125 0.05
0 0.0359375 0.225 0.071875 0.0953125
0 0.67109375 0.065625 0.0609375 0.0625
0 0.38984375 0.7796875 0.0671875 0.0734375
0 0.115625 0.8 0.059375 0.0453125
0 0.18984375 0.7671875 0.05625 0.059375
0 0.44765625 0.36640625 0.06875 0.075
0 0.1125 0.5265625 0.0703125 0.0453125
0 0.24453125 0.83359375 0.04375 0.0421875
0 0.446875 0.546875 0.0890625 0.0796875
0 0.8296875 0.1484375 0.075 0.084375
0 0.49609375 0.59296875 0.040625 0.05
0 0.09765625 0.43984375 0.0484375 0.0453125
0 0.3953125 0.32890625 0.078125 0.0703125
0 0.6921875 0.1078125 0.04375 0.053125
0 0.60390625 0.3046875 0.0796875 0.0796875
0 0.3 0.4296875 0.09375 0.08125
0 0.1984375 0.16484375 0.109375 0.096875
0 0.11796875 0.48671875 0.0609375 0.0453125
0 0.33203125 0.18203125 0.0640625 0.0640625
0 0.34296875 0.2875 0.1125 0.109375
0 0.19453125 0.6875 0.0796875 0.075
0 0.70078125 0.14921875 0.0734375 0.06875
0 0.3046875 0.12890625 0.0640625 0.0640625
0 0.68046875 0.2265625 0.11875 0.1140625
0 0.41484375 0.621875 0.0546875 0.0640625
0 0.140625 0.20546875 0.0640625 0.0609375
0 0.375 0.1859375 0.05625 0.0625
0 0.62109375 0.4265625 0.0734375 0.078125
0 0.1953125 0.8734375 0.0640625 0.0703125
0 0.7171875 0.04296875 0.0328125 0.040625
0 0.48046875 0.2171875 0.0796875 0.0796875
0 0.27109375 0.2515625 0.0578125 0.075
0 0.14609375 0.8515625 0.090625 0.075
0 0.1625 0.34609375 0.115625 0.0953125
0 0.2890625 0.3625 0.0640625 0.0640625
0 0.36875 0.1140625 0.040625 0.05
0 0.16796875 0.55703125 0.0640625 0.059375
0 0.51875 0.95 0.0375 0.0484375
0 0.7890625 0.08203125 0.0515625 0.0578125
0 0.59140625 0.19375 0.1015625 0.0921875