0 0.5140625 0.29140625 0.0515625 0.0515625
0 0.45390625 0.30078125 0.0984375 0.0921875
0 0.1171875 0.63125 0.11875 0.1296875
0 0.54140625 0.16875 0.0609375 0.1
0 0.94375 0.8453125 0.1109375 0.128125
0 0.1046875 0.9390625 0.1078125 0.1203125
0 0.62734375 0.69375 0.1265625 0.1578125
0 0.85390625 0.8984375 0.1578125 0.1609375
0 0.15703125 0.33984375 0.13125 0.1265625
0 0.30078125 0.228125 0.0875 0.109375
0 0.82578125 0.59375 0.065625 0.0828125
0 0.6703125 0.090625 0.0796875 0.1109375
0 0.5375 0.659375 0.1 0.1171875
0 0.534375 0.9421875 0.109375 0.115625
0 0.725 0.7859375 0.1796875 0.1734375
0 0.740625 0.52265625 0.0546875 0.0625
0 0.3609375 0.66015625 0.1328125 0.1328125
0 0.4859375 0.10390625 0.0796875 0.0828125
0 0.8671875 0.29765625 0.1796875 0.15
0 0.75859375 0.6578125 0.11875 0.15625
0 0.7046875 0.95390625 0.1140625 0.0921875
0 0.70625 0.29375 0.0796875 0.0578125
0 0.60546875 0.32734375 0.134375 0.1390625
0 0.4609375 0.225 0.103125 0.10625
0 0.17890625 0.1765625 0.125 0.1265625
0 0.86796875 0.41953125 0.1 0.1015625
0 0.94140625 0.6234375 0.05625 0.0484375
0 0.459375 0.734375 0.090625 0.10625
0 0.2609375 0.38046875 0.05 0.0625
0 0.34140625 0.84609375 0.0921875 0.0953125
0 0.91484375 0.53984375 0.0984375 0.1
0 0.59375 0.153125 0.10625 0.1296875
0 0.7359375 0.5734375 0.0515625 0.0578125
0 0.74921875 0.04609375 0.0890625 0.0921875
0 0.17421875 0.678125 0.146875 0.1265625
0 0.1359375 0.11484375 0.059375 0.05625
0 0.0578125 0.27890625 0.115625 0.1171875
0 0.42890625 0.85 0.1171875 0.128125
0 0.671875 0.57421875 0.14375 0.1421875
0 0.890625 0.6375 0.065625 0.0640625
0 0.4734375 0.04375 0.121875 0.0875
0 0.83515625 0.66640625 0.0796875 0.0671875
0 0.27734375 0.53984375 0.13125 0.109375
0 0.33984375 0.9515625 0.134375 0.0953125
0 0.3109375 0.45234375 0.0640625 0.059375
0 0.62578125 0.2125 0.08125 0.1
0 0.828125 0.209375 0.125 0.1140625
0 0.05390625 0.18671875 0.1078125 0.1046875
0 0.0484375 0.08125 0.096875 0.128125
0 0.46640625 0.4203125 0.0828125 0.0890625
0 0.2171875 0.05859375 0.10625 0.1
0 0.09375 0.04765625 0.1125 0.09375
0 0.321875 0.3828125 0.0796875 0.0828125
0 0.821875 0.5109375 0.0921875 0.09375
0 0.9375 0.459375 0.0984375 0.1265625
0 0.23359375 0.1171875 0.090625 0.10625
0 0.2625 0.62890625 0.08125 0.09375
0 0.546875 0.5640625 0.134375 0.121875
0 0.81171875 0.73203125 0.0859375 0.1078125
0 0.4515625 0.15234375 0.05625 0.0703125
0 0.9609375 0.13203125 0.0765625 0.1
0 0.275 0.3015625 0.1296875 0.1265625
0 0.409375 0.5703125 0.146875 0.1546875
0 0.42421875 0.08125 0.078125 0.0796875
0 0.6375 0.85703125 0.1453125 0.146875
0 0.2046875 0.771875 0.1203125 0.1140625
0 0.91875 0.671875 0.0578125 0.0453125
0 0.16875 0.26015625 0.0984375 0.0796875
0 0.29765625 0.15859375 0.084375 0.0953125
0 0.88984375 0.74609375 0.115625 0.125
0 0.5421875 0.44453125 0.08125 0.0828125
0 0.5578125 0.04296875 0.0671875 0.0859375
0 0.559375 0.25703125 0.0765625 0.0609375
0 0.84296875 0.1109375 0.1390625 0.1234375
0 0.3453125 0.7640625 0.15625 0.134375
0 0.44609375 0.95078125 0.075 0.096875
0 0.14296875 0.484375 0.159375 0.165625
0 0.7546875 0.8734375 0.075 0.0734375
0 0.7078125 0.38671875 0.1609375 0.16875