0 0.584375 0.7484375 0.0828125 0.078125
0 0.46796875 0.62578125 0.071875 0.0625
0 0.209375 0.76171875 0.0859375 0.084375
0 0.128125 0.5546875 0.059375 0.0890625
0 0.440625 0.9171875 0.075 0.084375
0 0.74140625 0.9578125 0.1 0.08125
0 0.07578125 0.47734375 0.1 0.0890625
0 0.85546875 0.4578125 0.071875 0.0578125
0 0.1703125 0.20390625 0.05625 0.0640625
0 0.1671875 0.9375 0.053125 0.05
0 0.1765625 0.5015625 0.0796875 0.075
0 0.6 0.86484375 0.0921875 0.1296875
0 0.5703125 0.27734375 0.059375 0.0609375
0 0.44453125 0.66875 0.09375 0.096875
0 0.12109375 0.784375 0.084375 0.0734375
0 0.609375 0.1625 0.075 0.0796875
0 0.68125 0.7734375 0.05625 0.075
0 0.04609375 0.915625 0.0921875 0.1265625
0 0.24296875 0.11796875 0.040625 0.046875
0 0.4828125 0.3109375 0.0640625 0.0609375
0 0.12109375 0.896875 0.0703125 0.103125
0 0.246875 0.40078125 0.1 0.0921875
0 0.20390625 0.68828125 0.0875 0.0640625
0 0.29140625 0.9203125 0.065625 0.0890625
0 0.32265625 0.628125 0.0765625 0.0703125
0 0.52890625 0.47109375 0.1 0.06875
0 0.26640625 0.071875 0.0796875 0.0703125
0 0.52578125 0.33125 0.053125 0.0625
0 0.48984375 0.51796875 0.1171875 0.1140625
0 0.26171875 0.8609375 0.0609375 0.0859375
0 0.3765625 0.76640625 0.0609375 0.078125
0 0.06875 0.19296875 0.0484375 0.0515625
0 0.8578125 0.0703125 0.0625 0.0578125
0 0.134375 0.409375 0.0515625 0.0703125
0 0.4140625 0.48125 0.1078125 0.1171875
0 0.296875 0.67421875 0.084375 0.075
0 0.08984375 0.40546875 0.071875 0.075
0 0.33046875 0.7203125 0.075 0.0671875
0 0.8375 0.61640625 0.090625 0.090625
0 0.30625 0.4640625 0.090625 0.0890625
0 0.94140625 0.19296875 0.046875 0.059375
0 0.575 0.62890625 0.071875 0.0546875
0 0.57578125 0.0859375 0.071875 0.0828125
0 0.3453125 0.871875 0.075 0.1109375
0 0.88671875 0.56875 0.065625 0.059375
0 0.3765625 0.43828125 0.0375 0.0453125
0 0.7265625 0.33671875 0.0390625 0.0734375
0 0.30625 0.1203125 0.053125 0.0515625
0 0.253125 0.35859375 0.053125 0.046875
0 0.228125 0.62578125 0.0765625 0.084375
0 0.93515625 0.03125 0.06875 0.04375
0 0.27578125 0.55625 0.1140625 0.090625
0 0.27890625 0.128125 0.0328125 0.0375
0 0.084375 0.15546875 0.05625 0.0515625
0 0.85546875 0.4234375 0.059375 0.04375
0 0.446875 0.35859375 0.084375 0.08125
0 0.6265625 0.3203125 0.040625 0.05625
0 0.52265625 0.88828125 0.0921875 0.09375
0 0.0796875 0.58046875 0.0828125 0.0796875
0 0.5609375 0.2 0.090625 0.0765625
0 0.51640625 0.26328125 0.0421875 0.053125
0 0.77578125 0.56640625 0.04375 0.05
0 0.03359375 0.17890625 0.0671875 0.0640625
0 0.1859375 0.29453125 0.0578125 0.0515625
0 0.753125 0.0640625 0.05 0.071875
0 0.13515625 0.08046875 0.075 0.0765625
0 0.47109375 0.26171875 0.046875 0.040625
0 0.31015625 0.83125 0.0640625 0.0921875
0 0.921875 0.53125 0.109375 0.0953125
0 0.4015625 0.4109375 0.0609375 0.0546875
0 0.49609375 0.22890625 0.0453125 0.0375
0 0.8109375 0.06484375 0.0625 0.0640625
0 0.40703125 0.16640625 0.15 0.1515625
0 0.7671875 0.6203125 0.0765625 0.071875
0 0.640625 0.78828125 0.0671875 0.0859375
0 0.1953125 0.05 0.0859375 0.1
0 0.2109375 0.2203125 0.059375 0.053125
0 0.6625 0.3296875 0.075 0.1078125
0 0.9296875 0.09375 0.08125 0.084375
0 0.5890625 0.665625 0.065625 0.046875
0 0.14609375 0.3578125 0.0484375 0.0375
0 0.1734375 0.853125 0.08125 0.1015625
0 0.078125 0.8234375 0.0703125 0.0640625
0 0.10859375 0.19765625 0.053125 0.053125
0 0.81875 0.4921875 0.0609375 0.046875
0 0.46640625 0.8140625 0.059375 0.0828125
0 0.95625 0.61328125 0.078125 0.075
0 0.60234375 0.52421875 0.0875 0.0859375
0 0.07421875 0.0734375 0.0640625 0.0765625
0 0.64765625 0.5703125 0.0640625 0.05625
0 0.7203125 0.76171875 0.084375 0.08125
0 0.05703125 0.35625 0.071875 0.0625
0 0.38125 0.5671875 0.0953125 0.0921875
0 0.5296875 0.6640625 0.0734375 0.0984375
0 0.45703125 0.21796875 0.05625 0.065625
0 0.40234375 0.7 0.071875 0.071875
0 0.19375 0.2609375 0.0546875 0.053125
0 0.26875 0.20703125 0.11875 0.1390625
0 0.62890625 0.96171875 0.1015625 0.0734375
0 0.790625 0.315625 0.1125 0.121875
0 0.12421875 0.7125 0.096875 0.0984375
0 0.35703125 0.04140625 0.0546875 0.0640625
0 0.67578125 0.36875 0.046875 0.078125
0 0.17734375 0.403125 0.078125 0.0859375
0 0.83359375 0.3671875 0.0828125 0.0828125
0 0.71484375 0.5859375 0.0859375 0.10625
0 0.834375 0.7796875 0.1625 0.146875
0 0.57265625 0.32109375 0.0640625 0.0578125
0 0.7859375 0.4484375 0.05625 0.0609375
0 0.38359375 0.946875 0.06875 0.103125
0 0.6828125 0.87734375 0.078125 0.0984375
0 0.65 0.63515625 0.0796875 0.090625
0 0.728125 0.415625 0.090625 0.0953125
0 0.43359375 0.8421875 0.0484375 0.0765625
0 0.5140625 0.80078125 0.0921875 0.103125
0 0.5984375 0.375 0.075 0.0765625
0 0.9015625 0.9078125 0.1546875 0.153125
0 0.19140625 0.10234375 0.040625 0.0453125
0 0.721875 0.49609375 0.08125 0.1
0 0.09921875 0.259375 0.1421875 0.078125
0 0.5171875 0.26171875 0.0453125 0.05625
0 0.95 0.4515625 0.065625 0.06875
0 0.771875 0.8703125 0.103125 0.1203125
0 0.3640625 0.27265625 0.08125 0.0859375
0 0.33046875 0.39296875 0.0921875 0.0859375