0 0.1125 0.6953125 0.171875 0.2140625
0 0.19375 0.51640625 0.121875 0.1171875
0 0.7484375 0.93359375 0.2625 0.1296875
0 0.49296875 0.4328125 0.1828125 0.215625
0 0.91953125 0.14609375 0.159375 0.175
0 0.40625 0.56875 0.1359375 0.1546875
0 0.4171875 0.1359375 0.15 0.2171875
0 0.55625 0.3140625 0.1421875 0.1609375
0 0.64296875 0.07578125 0.18125 0.1515625
0 0.6359375 0.5953125 0.16875 0.1703125
0 0.3078125 0.06640625 0.1625 0.1328125
0 0.62109375 0.73046875 0.1046875 0.11875
0 0.928125 0.64453125 0.140625 0.16875
0 0.80546875 0.80625 0.2421875 0.225
0 0.25859375 0.92578125 0.1453125 0.146875
0 0.075 0.89296875 0.15 0.1796875
0 0.440625 0.715625 0.140625 0.15
0 0.28359375 0.18125 0.2015625 0.2171875
0 0.26953125 0.4125 0.209375 0.2265625
0 0.93046875 0.40703125 0.1390625 0.1515625
0 0.075 0.52890625 0.134375 0.1484375
0 0.83984375 0.3046875 0.1890625 0.196875
0 0.2640625 0.65 0.1296875 0.1265625
0 0.4953125 0.58984375 0.146875 0.13125