0 0.68359375 0.9265625 0.05625 0.05625
0 0.6765625 0.7125 0.084375 0.1078125
0 0.72421875 0.5609375 0.0953125 0.121875
0 0.65 0.91015625 0.0921875 0.084375
0 0.4453125 0.85625 0.0921875 0.0796875
0 0.7109375 0.2140625 0.0859375 0.109375
0 0.390625 0.440625 0.103125 0.09375
0 0.20703125 0.12421875 0.10625 0.10625
0 0.3734375 0.3640625 0.096875 0.0859375
0 0.59609375 0.65234375 0.1296875 0.0703125
0 0.83046875 0.66015625 0.0765625 0.09375
0 0.7015625 0.0765625 0.0984375 0.134375
0 0.209375 0.73515625 0.121875 0.1046875
0 0.82578125 0.5328125 0.1015625 0.084375
0 0.86328125 0.484375 0.11875 0.08125
0 0.9390625 0.21484375 0.109375 0.09375
0 0.93046875 0.74453125 0.1109375 0.10625
0 0.23359375 0.50234375 0.1453125 0.1625
0 0.06484375 0.4640625 0.1296875 0.15
0 0.80078125 0.228125 0.0984375 0.084375
0 0.5859375 0.8078125 0.071875 0.0765625
0 0.4140625 0.55234375 0.08125 0.103125
0 0.890625 0.884375 0.0828125 0.0640625
0 0.2421875 0.82734375 0.0984375 0.1
0 0.08515625 0.0890625 0.128125 0.128125
0 0.61171875 0.0765625 0.1078125 0.153125
0 0.70703125 0.35234375 0.0921875 0.128125
0 0.1390625 0.94453125 0.084375 0.1078125
0 0.9546875 0.4828125 0.0890625 0.0921875
0 0.76484375 0.634375 0.0953125 0.1296875
0 0.6 0.5921875 0.103125 0.075
0 0.43046875 0.1984375 0.090625 0.115625
0 0.346875 0.65625 0.09375 0.115625
0 0.534375 0.075 0.0796875 0.15
0 0.8984375 0.4015625 0.128125 0.1
0 0.37265625 0.7640625 0.0921875 0.0890625
0 0.6625 0.28984375 0.121875 0.1625
0 0.2921875 0.3140625 0.1234375 0.1
0 0.50625 0.5 0.0953125 0.1
0 0.88515625 0.5796875 0.134375 0.1015625
0 0.4859375 0.11484375 0.0796875 0.0859375
0 0.77265625 0.371875 0.1125 0.1453125
0 0.11328125 0.7359375 0.0796875 0.078125
0 0.13046875 0.19765625 0.090625 0.08125
0 0.475 0.40859375 0.121875 0.1203125
0 0.353125 0.521875 0.0953125 0.1265625
0 0.55390625 0.5296875 0.0765625 0.0890625
0 0.67109375 0.796875 0.0953125 0.0828125
0 0.146875 0.05859375 0.11875 0.0984375
0 0.03984375 0.74609375 0.0796875 0.0828125
0 0.696875 0.46015625 0.0984375 0.09375
0 0.51171875 0.740625 0.0921875 0.109375
0 0.4046875 0.10546875 0.096875 0.09375
0 0.8734375 0.0515625 0.109375 0.103125
0 0.2859375 0.61953125 0.0875 0.0828125
0 0.24296875 0.22734375 0.1421875 0.11875
0 0.76484375 0.0734375 0.078125 0.1046875
0 0.059375 0.575 0.11875 0.1078125
0 0.31015625 0.40234375 0.075 0.0859375
0 0.23671875 0.371875 0.090625 0.1046875
0 0.3671875 0.1953125 0.0828125 0.1109375
0 0.5296875 0.95546875 0.08125 0.0875
0 0.4578125 0.91484375 0.10625 0.0953125
0 0.58359375 0.71875 0.13125 0.1296875
0 0.6171875 0.46796875 0.096875 0.1015625
0 0.89296875 0.67578125 0.1234375 0.109375
0 0.8578125 0.76171875 0.103125 0.08125
0 0.4515625 0.73046875 0.0609375 0.0875
0 0.49765625 0.340625 0.0953125 0.109375
0 0.278125 0.07265625 0.15625 0.1453125
0 0.546875 0.8796875 0.084375 0.0875
0 0.9359375 0.84140625 0.1078125 0.09375
0 0.74609375 0.8046875 0.1140625 0.15
0 0.871875 0.29921875 0.1890625 0.1296875
0 0.2953125 0.5609375 0.0765625 0.090625
0 0.4125 0.65390625 0.0796875 0.08125
0 0.4859375 0.63515625 0.10625 0.11875
0 0.8546875 0.83203125 0.0453125 0.0484375
0 0.2875 0.91015625 0.10625 0.11875
0 0.66875 0.546875 0.0796875 0.0765625
0 0.80703125 0.8546875 0.084375 0.08125
0 0.19375 0.9640625 0.0875 0.06875
0 0.55703125 0.29765625 0.1296875 0.1671875
0 0.20625 0.87578125 0.0671875 0.05
0 0.140625 0.8171875 0.1 0.1078125
0 0.5234375 0.81328125 0.0734375 0.078125
0 0.43359375 0.04375 0.134375 0.0875
0 0.51484375 0.184375 0.0859375 0.0875