0 0.1359375 0.2765625 0.1140625 0.1140625
0 0.05625 0.23125 0.1125 0.18125
0 0.125 0.38671875 0.103125 0.1125
0 0.47890625 0.63671875 0.175 0.1390625
0 0.65625 0.1234375 0.11875 0.128125
0 0.85234375 0.928125 0.196875 0.1421875
0 0.390625 0.140625 0.240625 0.1390625
0 0.7484375 0.85703125 0.209375 0.2234375
0 0.4484375 0.75390625 0.153125 0.140625
0 0.8578125 0.75859375 0.13125 0.1546875
0 0.790625 0.115625 0.1140625 0.125
0 0.6375 0.515625 0.2234375 0.18125
0 0.73125 0.40859375 0.165625 0.146875
0 0.921875 0.109375 0.1546875 0.1890625
0 0.14296875 0.528125 0.184375 0.178125
0 0.26328125 0.6625 0.2140625 0.2390625
0 0.72421875 0.6640625 0.284375 0.2328125
0 0.26640625 0.35 0.1734375 0.1734375
0 0.84296875 0.2953125 0.259375 0.21875
0 0.9 0.46640625 0.196875 0.2
0 0.303125 0.890625 0.1421875 0.175
0 0.12578125 0.934375 0.2140625 0.128125
0 0.328125 0.515625 0.2265625 0.190625
0 0.428125 0.240625 0.11875 0.1046875
0 0.61875 0.2859375 0.2375 0.240625
0 0.5671875 0.88125 0.2 0.221875