0 0.10546875 0.1546875 0.1421875 0.16875
0 0.928125 0.6796875 0.1421875 0.2203125
0 0.50234375 0.20625 0.190625 0.1828125
0 0.075 0.83671875 0.15 0.2328125
0 0.778125 0.89296875 0.3 0.2125
0 0.14296875 0.84921875 0.11875 0.1765625
0 0.77421875 0.0359375 0.1578125 0.071875
0 0.43515625 0.4625 0.203125 0.2515625
0 0.24765625 0.73828125 0.1921875 0.2046875
0 0.8296875 0.271875 0.246875 0.1625
0 0.5796875 0.4921875 0.1546875 0.16875
0 0.509375 0.10078125 0.1578125 0.10625
0 0.46484375 0.8921875 0.1796875 0.1953125
0 0.3625 0.26796875 0.1328125 0.1421875
0 0.31953125 0.825 0.278125 0.290625
0 0.48046875 0.2984375 0.165625 0.13125
0 0.65859375 0.15625 0.1859375 0.246875
0 0.79921875 0.36015625 0.228125 0.19375
0 0.12890625 0.40390625 0.171875 0.1765625
0 0.82421875 0.51875 0.2546875 0.23125
0 0.5765625 0.35703125 0.115625 0.153125
0 0.36640625 0.18125 0.134375 0.1234375
0 0.6671875 0.41640625 0.18125 0.24375
0 0.2421875 0.10625 0.2125 0.153125
0 0.22890625 0.21484375 0.165625 0.1484375
0 0.8234375 0.15 0.2015625 0.209375
0 0.2796875 0.384375 0.19375 0.2359375
0 0.74140625 0.7125 0.2328125 0.1890625
0 0.0890625 0.234375 0.178125 0.2296875
0 0.50234375 0.60859375 0.2484375 0.234375
0 0.5203125 0.040625 0.1875 0.08125
0 0.384375 0.0703125 0.1421875 0.140625