0 0.88984375 0.36953125 0.215625 0.2234375
0 0.91640625 0.7390625 0.165625 0.165625
0 0.121875 0.584375 0.1734375 0.153125
0 0.81328125 0.8296875 0.15 0.1765625
0 0.72734375 0.22109375 0.18125 0.1890625
0 0.44453125 0.5875 0.165625 0.1890625
0 0.2484375 0.79453125 0.2234375 0.2328125
0 0.865625 0.53125 0.1390625 0.1859375
0 0.31875 0.18515625 0.2359375 0.225
0 0.87890625 0.95078125 0.1109375 0.096875
0 0.90078125 0.09453125 0.19375 0.1890625
0 0.48828125 0.25546875 0.146875 0.2125
0 0.096875 0.8109375 0.1421875 0.2203125
0 0.8796875 0.19296875 0.134375 0.1578125
0 0.378125 0.4859375 0.125 0.153125
0 0.25546875 0.29375 0.1296875 0.14375
0 0.61484375 0.3890625 0.21875 0.2109375
0 0.65234375 0.7671875 0.1375 0.1515625
0 0.796875 0.66953125 0.109375 0.1203125
0 0.73828125 0.5390625 0.1953125 0.19375
0 0.765625 0.09375 0.0890625 0.1015625
0 0.284375 0.6640625 0.1625 0.14375
0 0.12109375 0.315625 0.1765625 0.1265625
0 0.56953125 0.54296875 0.1484375 0.1390625
0 0.77734375 0.328125 0.1109375 0.1234375
0 0.4046875 0.79765625 0.1453125 0.2140625
0 0.6265625 0.64921875 0.146875 0.1359375
0 0.06171875 0.446875 0.1234375 0.178125
0 0.06640625 0.7140625 0.1296875 0.1671875
0 0.16796875 0.4234375 0.1625 0.1390625
0 0.30234375 0.4453125 0.1203125 0.1703125
0 0.9296875 0.58671875 0.1375 0.2140625
0 0.2171875 0.53984375 0.15625 0.1515625
0 0.51953125 0.78515625 0.1765625 0.2234375
0 0.14453125 0.21875 0.1296875 0.13125
0 0.9515625 0.87890625 0.0953125 0.1375
0 0.3140625 0.0671875 0.2625 0.134375
0 0.6421875 0.14921875 0.2 0.23125