0 0.6203125 0.84375 0.121875 0.1296875
0 0.365625 0.27734375 0.0984375 0.153125
0 0.51015625 0.91484375 0.1125 0.11875
0 0.584375 0.403125 0.15625 0.2015625
0 0.09375 0.88671875 0.178125 0.215625
0 0.25078125 0.803125 0.178125 0.2359375
0 0.2515625 0.19453125 0.1515625 0.1453125
0 0.91953125 0.9125 0.1296875 0.1625
0 0.4984375 0.54921875 0.2171875 0.175
0 0.47265625 0.7953125 0.1671875 0.1515625
0 0.73984375 0.1078125 0.1375 0.153125
0 0.11875 0.08828125 0.196875 0.175
0 0.8828125 0.13046875 0.134375 0.1375
0 0.2203125 0.60390625 0.16875 0.16875
0 0.43203125 0.66171875 0.1203125 0.11875
0 0.69765625 0.73828125 0.1390625 0.121875
0 0.8984375 0.66796875 0.184375 0.1796875
0 0.81484375 0.37890625 0.0953125 0.1375
0 0.4140625 0.41328125 0.15 0.140625
0 0.5515625 0.0578125 0.1296875 0.1140625
0 0.94765625 0.33203125 0.103125 0.1578125
0 0.46875 0.28203125 0.134375 0.178125
0 0.58515625 0.68359375 0.1453125 0.184375
0 0.0734375 0.6140625 0.140625 0.1859375
0 0.59921875 0.1828125 0.2265625 0.2078125
0 0.8703125 0.82734375 0.1109375 0.1375
0 0.7484375 0.59921875 0.165625 0.1703125
0 0.7984375 0.24375 0.121875 0.115625
0 0.8953125 0.39921875 0.128125 0.1515625
0 0.315625 0.46875 0.18125 0.190625
0 0.940625 0.49609375 0.1171875 0.1265625
0 0.825 0.53984375 0.11875 0.13125
0 0.8515625 0.0515625 0.125 0.103125
0 0.38515625 0.90703125 0.13125 0.165625
0 0.67578125 0.9359375 0.1453125 0.1265625
0 0.7 0.45703125 0.1265625 0.121875
0 0.6328125 0.12890625 0.1265625 0.128125
0 0.13984375 0.44140625 0.209375 0.190625
0 0.25625 0.31484375 0.146875 0.1390625
0 0.7578125 0.8765625 0.1390625 0.184375
0 0.3046875 0.1546875 0.103125 0.115625
0 0.7109375 0.31328125 0.1609375 0.175