0 0.7109375 0.646875 0.1609375 0.121875
0 0.0671875 0.29921875 0.134375 0.1203125
0 0.33203125 0.91875 0.184375 0.1578125
0 0.671875 0.41484375 0.1796875 0.2171875
0 0.1390625 0.9296875 0.1546875 0.1375
0 0.9328125 0.53359375 0.1328125 0.15
0 0.90859375 0.45546875 0.121875 0.09375
0 0.925 0.71171875 0.1484375 0.2171875
0 0.4265625 0.80234375 0.2375 0.2125
0 0.290625 0.7296875 0.1765625 0.21875
0 0.5515625 0.315625 0.109375 0.0875
0 0.93515625 0.89765625 0.128125 0.203125
0 0.06328125 0.10546875 0.1265625 0.1703125
0 0.50859375 0.43984375 0.1625 0.1828125
0 0.07421875 0.52734375 0.1484375 0.13125
0 0.946875 0.08984375 0.10625 0.153125
0 0.19140625 0.2390625 0.2328125 0.2765625
0 0.23984375 0.5625 0.175 0.1546875
0 0.79765625 0.31484375 0.1546875 0.18125
0 0.58125 0.884375 0.1515625 0.1515625
0 0.83203125 0.6609375 0.0828125 0.11875
0 0.85546875 0.14375 0.16875 0.1796875
0 0.32421875 0.41640625 0.1640625 0.1265625
0 0.49453125 0.59765625 0.1515625 0.128125
0 0.20703125 0.0671875 0.2234375 0.134375
0 0.74375 0.79765625 0.234375 0.2046875
0 0.703125 0.1296875 0.1828125 0.178125
0 0.70546875 0.9390625 0.13125 0.1203125
0 0.3875 0.23828125 0.2765625 0.30625
0 0.15234375 0.47109375 0.1296875 0.1078125
0 0.3203125 0.50234375 0.1046875 0.1046875
0 0.1390625 0.62421875 0.2078125 0.171875
0 0.790625 0.54609375 0.171875 0.1453125
0 0.65234375 0.225 0.1640625 0.1671875
0 0.3828125 0.05390625 0.171875 0.1078125
0 0.44921875 0.66875 0.21875 0.1796875
0 0.9453125 0.2859375 0.1 0.1375
0 0.15 0.77734375 0.1765625 0.175