0 0.078125 0.5453125 0.1109375 0.090625
0 0.440625 0.46484375 0.084375 0.0875
0 0.565625 0.7890625 0.1625 0.1921875
0 0.45546875 0.90234375 0.0609375 0.078125
0 0.28671875 0.06484375 0.0828125 0.0765625
0 0.45546875 0.1734375 0.1296875 0.1453125
0 0.88984375 0.34296875 0.1015625 0.109375
0 0.83984375 0.73046875 0.15 0.1515625
0 0.325 0.9 0.1390625 0.1484375
0 0.43203125 0.78046875 0.1234375 0.1734375
0 0.13671875 0.46875 0.084375 0.0796875
0 0.809375 0.1203125 0.096875 0.0828125
0 0.9328125 0.06875 0.13125 0.11875
0 0.0328125 0.61015625 0.065625 0.09375
0 0.8265625 0.20859375 0.1359375 0.1234375
0 0.17890625 0.546875 0.1125 0.103125
0 0.73828125 0.25078125 0.0984375 0.103125
0 0.81796875 0.45078125 0.14375 0.1375
0 0.18515625 0.32421875 0.1078125 0.0875
0 0.3734375 0.44296875 0.084375 0.1109375
0 0.36953125 0.34375 0.096875 0.08125
0 0.6625 0.62265625 0.1421875 0.1
0 0.59765625 0.57578125 0.1296875 0.1
0 0.75625 0.0609375 0.1046875 0.0984375
0 0.15234375 0.73046875 0.053125 0.0390625
0 0.6828125 0.39921875 0.1140625 0.096875
0 0.2734375 0.37734375 0.1140625 0.09375
0 0.17421875 0.834375 0.1078125 0.121875
0 0.93359375 0.15703125 0.1171875 0.0921875
0 0.70390625 0.8015625 0.11875 0.15
0 0.53125 0.03984375 0.075 0.0796875
0 0.33515625 0.25078125 0.1046875 0.1046875
0 0.93515625 0.6328125 0.1296875 0.0859375
0 0.74453125 0.51484375 0.0984375 0.1203125
0 0.2203125 0.11171875 0.1046875 0.103125
0 0.2890625 0.42421875 0.11875 0.0765625
0 0.2421875 0.22734375 0.0875 0.103125
0 0.4984375 0.25625 0.084375 0.0890625
0 0.1234375 0.64921875 0.11875 0.125
0 0.5953125 0.3890625 0.090625 0.1046875
0 0.3359375 0.1390625 0.11875 0.146875
0 0.58984375 0.4890625 0.0890625 0.0671875
0 0.11328125 0.34921875 0.1046875 0.1078125
0 0.5578125 0.93359375 0.1328125 0.11875
0 0.41953125 0.0734375 0.0953125 0.0671875
0 0.0609375 0.4109375 0.115625 0.0984375
0 0.9390625 0.8125 0.1125 0.1265625
0 0.6671875 0.71015625 0.0890625 0.0859375
0 0.1640625 0.1859375 0.0890625 0.1390625
0 0.13046875 0.08828125 0.109375 0.103125
0 0.62109375 0.2828125 0.125 0.11875
0 0.0359375 0.69140625 0.0359375 0.046875
0 0.6671875 0.4984375 0.0875 0.0921875
0 0.52265625 0.37109375 0.0859375 0.115625
0 0.04296875 0.778125 0.0859375 0.1078125
0 0.659375 0.1828125 0.1234375 0.1078125
0 0.88515625 0.23984375 0.1234375 0.109375
0 0.54296875 0.14921875 0.0796875 0.103125
0 0.26015625 0.68671875 0.0875 0.084375
0 0.80625 0.33125 0.078125 0.0859375