0 0.415625 0.334375 0.0765625 0.0765625
0 0.44921875 0.57109375 0.075 0.1
0 0.2390625 0.5296875 0.0921875 0.1109375
0 0.578125 0.71796875 0.1015625 0.1140625
0 0.88828125 0.51640625 0.08125 0.109375
0 0.3171875 0.15703125 0.0421875 0.0703125
0 0.09140625 0.34921875 0.0515625 0.071875
0 0.25 0.63828125 0.06875 0.1140625
0 0.55703125 0.5 0.0375 0.040625
0 0.81953125 0.57890625 0.1125 0.0796875
0 0.7625 0.93359375 0.1015625 0.1296875
0 0.25234375 0.7375 0.084375 0.115625
0 0.8859375 0.21015625 0.08125 0.0765625
0 0.953125 0.51875 0.0796875 0.075
0 0.378125 0.690625 0.06875 0.0703125
0 0.353125 0.209375 0.084375 0.121875
0 0.68671875 0.18203125 0.1 0.1078125
0 0.7125 0.68515625 0.0640625 0.06875
0 0.37890625 0.7953125 0.0953125 0.1203125
0 0.18046875 0.69296875 0.0734375 0.0875
0 0.846875 0.6546875 0.0921875 0.0734375
0 0.6890625 0.0421875 0.109375 0.084375
0 0.0703125 0.73984375 0.0953125 0.11875
0 0.7953125 0.66796875 0.0421875 0.0671875
0 0.859375 0.128125 0.0859375 0.0890625
0 0.88203125 0.425 0.078125 0.0734375
0 0.16796875 0.1953125 0.1171875 0.1203125
0 0.284375 0.4484375 0.059375 0.0953125
0 0.815625 0.28515625 0.125 0.13125
0 0.36328125 0.9234375 0.11875 0.1203125
0 0.3421875 0.74140625 0.078125 0.06875
0 0.07890625 0.565625 0.0984375 0.1
0 0.43203125 0.409375 0.084375 0.103125
0 0.5640625 0.36875 0.065625 0.0796875
0 0.56171875 0.43984375 0.0953125 0.0765625
0 0.5015625 0.35078125 0.0703125 0.1125
0 0.4359375 0.85078125 0.084375 0.1125
0 0.48046875 0.6265625 0.115625 0.0890625
0 0.94375 0.1734375 0.0515625 0.0515625
0 0.590625 0.08359375 0.1015625 0.1484375
0 0.6515625 0.8171875 0.053125 0.0625
0 0.96171875 0.62109375 0.0734375 0.1109375
0 0.36953125 0.36875 0.0765625 0.0765625
0 0.75078125 0.73984375 0.084375 0.08125
0 0.4921875 0.50078125 0.09375 0.08125
0 0.73203125 0.628125 0.1 0.0890625
0 0.23515625 0.0828125 0.0796875 0.0875
0 0.13203125 0.8203125 0.121875 0.140625
0 0.5015625 0.571875 0.0328125 0.0515625
0 0.84765625 0.06640625 0.121875 0.1328125
0 0.31171875 0.85859375 0.1140625 0.1125
0 0.7796875 0.17109375 0.0921875 0.1171875
0 0.6703125 0.75 0.078125 0.084375
0 0.115625 0.10859375 0.1 0.13125
0 0.8265625 0.8140625 0.121875 0.125
0 0.08359375 0.63125 0.0890625 0.071875
0 0.4546875 0.065625 0.115625 0.13125
0 0.89375 0.6703125 0.096875 0.1140625
0 0.4625 0.18515625 0.10625 0.109375
0 0.7953125 0.4828125 0.115625 0.0828125
0 0.8171875 0.91328125 0.1078125 0.1078125
0 0.07109375 0.4375 0.09375 0.0796875
0 0.48515625 0.9328125 0.109375 0.115625
0 0.14296875 0.53828125 0.0765625 0.0859375
0 0.51953125 0.1375 0.0796875 0.103125
0 0.3859375 0.5265625 0.0765625 0.1015625
0 0.70703125 0.34375 0.0921875 0.1109375
0 0.57421875 0.84375 0.0625 0.08125
0 0.1390625 0.415625 0.0609375 0.1
0 0.18046875 0.6234375 0.1 0.0734375
0 0.38046875 0.62890625 0.0640625 0.0671875
0 0.75625 0.08125 0.075 0.0765625
0 0.24296875 0.8859375 0.1078125 0.1171875
0 0.33515625 0.4921875 0.10625 0.1734375
0 0.5765625 0.22421875 0.0859375 0.1078125
0 0.4984375 0.4359375 0.0375 0.06875
0 0.1421875 0.3 0.0828125 0.06875
0 0.49140625 0.74296875 0.0984375 0.115625
0 0.05625 0.48828125 0.090625 0.06875
0 0.77734375 0.43046875 0.109375 0.0859375
0 0.634375 0.62421875 0.0953125 0.0796875
0 0.9296875 0.24609375 0.1375 0.103125
0 0.4015625 0.125 0.1078125 0.1234375
0 0.90625 0.7875 0.134375 0.1265625
0 0.18515625 0.7875 0.08125 0.1109375
0 0.96640625 0.12109375 0.065625 0.0640625
0 0.2046875 0.390625 0.1125 0.121875
0 0.09453125 0.90703125 0.1 0.0875
0 0.640625 0.5296875 0.1390625 0.1234375
0 0.05234375 0.27578125 0.075 0.0671875
0 0.678125 0.1015625 0.090625 0.1109375
0 0.91953125 0.1109375 0.0734375 0.084375
0 0.29609375 0.1125 0.0796875 0.1015625
0 0.70703125 0.828125 0.0609375 0.0953125
0 0.85 0.36953125 0.103125 0.096875
0 0.0734375 0.21484375 0.1171875 0.1265625