0 0.50625 0.209375 0.1734375 0.20625
0 0.6015625 0.265625 0.1203125 0.16875
0 0.428125 0.559375 0.1984375 0.1859375
0 0.27578125 0.55859375 0.15 0.16875
0 0.58984375 0.48671875 0.1375 0.13125
0 0.3734375 0.1609375 0.16875 0.225
0 0.703125 0.265625 0.125 0.1796875
0 0.08515625 0.08125 0.1703125 0.1625
0 0.896875 0.85859375 0.1859375 0.21875
0 0.9140625 0.38046875 0.171875 0.2125
0 0.38203125 0.7234375 0.0859375 0.1171875
0 0.1859375 0.6046875 0.1390625 0.178125
0 0.196875 0.271875 0.15 0.1234375
0 0.590625 0.61328125 0.121875 0.1828125
0 0.26171875 0.696875 0.15625 0.1421875
0 0.41875 0.884375 0.190625 0.2296875
0 0.47734375 0.66953125 0.178125 0.146875
0 0.13125 0.87109375 0.0921875 0.10625
0 0.7796875 0.3234375 0.18125 0.1625
0 0.8703125 0.503125 0.1296875 0.1953125
0 0.2375 0.08046875 0.15625 0.1609375
0 0.25859375 0.8984375 0.146875 0.184375
0 0.7109375 0.8109375 0.1625 0.1953125
0 0.79296875 0.934375 0.2515625 0.13125
0 0.578125 0.79375 0.15 0.190625
0 0.5734375 0.375 0.1484375 0.1625
0 0.60546875 0.93203125 0.1921875 0.134375
0 0.64140625 0.1171875 0.1734375 0.153125
0 0.46015625 0.40078125 0.1375 0.184375
0 0.74765625 0.50546875 0.15625 0.234375
0 0.8046875 0.11640625 0.1890625 0.2328125
0 0.275 0.2203125 0.1359375 0.1484375
0 0.70703125 0.6359375 0.1328125 0.178125
0 0.084375 0.23046875 0.115625 0.1484375
0 0.09765625 0.459375 0.1890625 0.2109375
0 0.25234375 0.39609375 0.19375 0.1875