0 0.2234375 0.71484375 0.1078125 0.0984375
0 0.80625 0.5390625 0.075 0.040625
0 0.11015625 0.24609375 0.0921875 0.0640625
0 0.146875 0.82578125 0.0640625 0.0640625
0 0.934375 0.5640625 0.0890625 0.059375
0 0.496875 0.65234375 0.0625 0.071875
0 0.28125 0.4375 0.1 0.059375
0 0.69921875 0.534375 0.071875 0.05
0 0.58828125 0.31328125 0.059375 0.0796875
0 0.9109375 0.51953125 0.096875 0.046875
0 0.0921875 0.3484375 0.103125 0.0796875
0 0.6421875 0.39375 0.0734375 0.0734375
0 0.9234375 0.9 0.103125 0.109375
0 0.54375 0.06640625 0.071875 0.0875
0 0.6265625 0.47109375 0.0921875 0.0765625
0 0.3859375 0.85859375 0.13125 0.125
0 0.83125 0.1234375 0.0828125 0.0875
0 0.8125 0.48046875 0.084375 0.059375
0 0.903125 0.8328125 0.1265625 0.1109375
0 0.515625 0.22265625 0.0640625 0.06875
0 0.76328125 0.32734375 0.0625 0.05625
0 0.38671875 0.440625 0.0828125 0.0765625
0 0.22265625 0.4109375 0.071875 0.0625
0 0.85390625 0.25390625 0.0625 0.065625
0 0.49921875 0.2828125 0.06875 0.059375
0 0.40703125 0.28671875 0.071875 0.084375
0 0.9078125 0.06328125 0.0953125 0.1046875
0 0.76015625 0.18828125 0.0921875 0.084375
0 0.28125 0.0953125 0.0734375 0.1078125
0 0.7890625 0.24921875 0.0890625 0.0703125
0 0.40234375 0.9265625 0.075 0.06875
0 0.82265625 0.7515625 0.1078125 0.0921875
0 0.71015625 0.353125 0.090625 0.0625
0 0.790625 0.596875 0.078125 0.0515625
0 0.39921875 0.63203125 0.0671875 0.0703125
0 0.55546875 0.390625 0.0671875 0.065625
0 0.4390625 0.1640625 0.05625 0.090625
0 0.33984375 0.9296875 0.0859375 0.0953125
0 0.7421875 0.8640625 0.0890625 0.1
0 0.5359375 0.8375 0.053125 0.1109375
0 0.66953125 0.85234375 0.0828125 0.0875
0 0.1609375 0.75546875 0.0859375 0.0875
0 0.47734375 0.53515625 0.0890625 0.0671875
0 0.884375 0.6890625 0.1203125 0.0859375
0 0.5921875 0.60859375 0.1046875 0.09375
0 0.17890625 0.6546875 0.084375 0.0921875
0 0.32578125 0.06171875 0.065625 0.1046875
0 0.528125 0.76171875 0.06875 0.0828125
0 0.9203125 0.62734375 0.1234375 0.075
0 0.90234375 0.16328125 0.125 0.10625
0 0.91640625 0.43828125 0.1265625 0.071875
0 0.27734375 0.4984375 0.0890625 0.0609375
0 0.2125 0.934375 0.1 0.09375
0 0.85390625 0.3515625 0.1078125 0.103125
0 0.2453125 0.60546875 0.078125 0.0640625
0 0.52734375 0.15234375 0.0640625 0.0796875
0 0.62734375 0.10859375 0.059375 0.0921875
0 0.20859375 0.559375 0.0953125 0.0765625
0 0.46953125 0.771875 0.090625 0.1109375
0 0.3203125 0.790625 0.09375 0.1296875
0 0.5921875 0.1875 0.0671875 0.0796875
0 0.0359375 0.31953125 0.071875 0.0828125
0 0.125 0.11875 0.1109375 0.1
0 0.2125 0.28671875 0.1046875 0.084375
0 0.253125 0.8828125 0.0859375 0.0984375
0 0.49375 0.4796875 0.090625 0.06875
0 0.30390625 0.60390625 0.078125 0.065625
0 0.915625 0.21796875 0.0921875 0.0703125
0 0.584375 0.86875 0.0875 0.1265625
0 0.7703125 0.6375 0.0671875 0.0625
0 0.10390625 0.54609375 0.1046875 0.071875
0 0.32421875 0.2328125 0.0859375 0.0734375
0 0.8703125 0.6484375 0.0921875 0.0671875
0 0.3609375 0.1546875 0.0703125 0.0828125
0 0.703125 0.4484375 0.0578125 0.05
0 0.35078125 0.62890625 0.059375 0.0640625
0 0.91640625 0.771875 0.1109375 0.09375
0 0.70546875 0.91875 0.0765625 0.09375
0 0.75078125 0.403125 0.0859375 0.0625
0 0.8734375 0.5546875 0.0671875 0.0484375
0 0.72265625 0.625 0.0640625 0.0546875
0 0.7328125 0.78984375 0.0859375 0.09375
0 0.4984375 0.09609375 0.0671875 0.08125
0 0.6765625 0.20078125 0.0828125 0.1078125
0 0.09609375 0.65625 0.096875 0.1109375
0 0.634375 0.765625 0.0796875 0.09375
0 0.15 0.31875 0.1 0.0703125
0 0.7046875 0.2546875 0.0921875 0.109375
0 0.3203125 0.371875 0.0890625 0.09375