0 0.70625 0.2484375 0.178125 0.2578125
0 0.48671875 0.60546875 0.184375 0.20625
0 0.3859375 0.89609375 0.2140625 0.2046875
0 0.6390625 0.9203125 0.2359375 0.15625
0 0.63515625 0.3421875 0.18125 0.1578125
0 0.4625 0.84140625 0.0859375 0.1015625
0 0.5 0.29140625 0.1796875 0.2125
0 0.24609375 0.6828125 0.121875 0.13125
0 0.91953125 0.490625 0.159375 0.165625
0 0.73828125 0.5140625 0.153125 0.1484375
0 0.834375 0.5515625 0.0921875 0.140625
0 0.590625 0.4859375 0.1671875 0.121875
0 0.58203125 0.19765625 0.1171875 0.178125
0 0.2125 0.184375 0.2875 0.31875
0 0.91328125 0.6921875 0.1703125 0.1796875
0 0.17578125 0.603125 0.1734375 0.2671875
0 0.59609375 0.41015625 0.1515625 0.0796875
0 0.084375 0.04765625 0.103125 0.0953125
0 0.85 0.8578125 0.1484375 0.115625
0 0.29765625 0.5328125 0.146875 0.1890625
0 0.93359375 0.94453125 0.1296875 0.1078125
0 0.08203125 0.4671875 0.1640625 0.209375
0 0.22265625 0.9296875 0.1359375 0.1375
0 0.62734375 0.79375 0.190625 0.175
0 0.83984375 0.746875 0.134375 0.1859375
0 0.8609375 0.13046875 0.2484375 0.2609375
0 0.12265625 0.38125 0.2109375 0.20625
0 0.703125 0.6203125 0.1375 0.134375
0 0.3421875 0.7625 0.1515625 0.1390625
0 0.94609375 0.83046875 0.1046875 0.1421875
0 0.44140625 0.10859375 0.2140625 0.2171875
0 0.2421875 0.79453125 0.171875 0.140625
0 0.48359375 0.75703125 0.090625 0.090625
0 0.40546875 0.671875 0.2 0.16875
0 0.36640625 0.3515625 0.25 0.2390625
0 0.40859375 0.50703125 0.1609375 0.14375
0 0.090625 0.83671875 0.18125 0.2234375
0 0.603125 0.690625 0.134375 0.1359375
0 0.60859375 0.571875 0.1390625 0.14375
0 0.7234375 0.75625 0.146875 0.1890625
0 0.11875 0.24140625 0.215625 0.2171875
0 0.71953125 0.0765625 0.225 0.153125