0 0.95078125 0.46328125 0.0765625 0.0578125
0 0.63671875 0.271875 0.078125 0.0640625
0 0.478125 0.61875 0.075 0.0703125
0 0.62890625 0.1734375 0.103125 0.103125
0 0.32578125 0.603125 0.121875 0.125
0 0.0984375 0.37890625 0.103125 0.0953125
0 0.44296875 0.95703125 0.13125 0.0859375
0 0.1078125 0.73828125 0.15625 0.1515625
0 0.6921875 0.2265625 0.1109375 0.1359375
0 0.5703125 0.8859375 0.0875 0.0640625
0 0.16015625 0.14375 0.11875 0.103125
0 0.875 0.81484375 0.0984375 0.0984375
0 0.48125 0.509375 0.090625 0.0921875
0 0.06796875 0.13828125 0.1 0.1
0 0.56796875 0.29609375 0.0828125 0.090625
0 0.43125 0.73828125 0.0703125 0.075
0 0.68515625 0.78046875 0.078125 0.078125
0 0.6046875 0.7640625 0.0984375 0.1
0 0.421875 0.4375 0.0921875 0.084375
0 0.05234375 0.45234375 0.1046875 0.1171875
0 0.31171875 0.14453125 0.10625 0.1078125
0 0.84296875 0.44453125 0.1078125 0.1109375
0 0.6828125 0.71328125 0.0921875 0.071875
0 0.66640625 0.94765625 0.075 0.103125
0 0.35546875 0.03828125 0.0859375 0.0765625
0 0.86484375 0.04921875 0.1046875 0.0875
0 0.77734375 0.58359375 0.1171875 0.1046875
0 0.26015625 0.65078125 0.0875 0.090625
0 0.34453125 0.83515625 0.1515625 0.121875
0 0.071875 0.06484375 0.10625 0.084375
0 0.6265625 0.8625 0.0734375 0.1125
0 0.7578125 0.959375 0.125 0.0796875
0 0.7671875 0.759375 0.1046875 0.1078125
0 0.3109375 0.23359375 0.0953125 0.0859375
0 0.7359375 0.81328125 0.0703125 0.0703125
0 0.42109375 0.67578125 0.09375 0.0828125
0 0.49609375 0.5640625 0.109375 0.0578125
0 0.54296875 0.20703125 0.1109375 0.125
0 0.17421875 0.05234375 0.096875 0.09375
0 0.640625 0.0421875 0.1296875 0.084375
0 0.92421875 0.3984375 0.15 0.115625
0 0.83359375 0.68203125 0.1046875 0.1140625
0 0.040625 0.9015625 0.08125 0.1015625
0 0.45703125 0.21328125 0.0609375 0.0921875
0 0.1296875 0.92421875 0.1625 0.15
0 0.409375 0.51015625 0.096875 0.1046875
0 0.321875 0.7234375 0.1421875 0.134375
0 0.896875 0.50625 0.1546875 0.09375
0 0.5921875 0.24609375 0.0828125 0.078125
0 0.26953125 0.04453125 0.1125 0.0890625
0 0.3640625 0.2875 0.0859375 0.0921875
0 0.27265625 0.409375 0.0921875 0.0984375
0 0.48203125 0.38359375 0.121875 0.1046875
0 0.5953125 0.4859375 0.0984375 0.1078125
0 0.72109375 0.38125 0.0828125 0.1
0 0.909375 0.14140625 0.109375 0.1125
0 0.79453125 0.21875 0.065625 0.05625
0 0.56953125 0.94375 0.125 0.1109375
0 0.2375 0.29453125 0.1 0.0703125
0 0.71484375 0.853125 0.0921875 0.0921875
0 0.7484375 0.665625 0.1078125 0.0984375
0 0.49609375 0.0921875 0.0796875 0.090625
0 0.50390625 0.45703125 0.0875 0.075
0 0.48203125 0.75 0.071875 0.0875
0 0.67734375 0.48125 0.109375 0.1140625
0 0.7984375 0.41640625 0.071875 0.0921875
0 0.20546875 0.4296875 0.0875 0.0875
0 0.23984375 0.23515625 0.0875 0.0921875
0 0.22734375 0.80703125 0.13125 0.178125
0 0.909375 0.5703125 0.115625 0.071875
0 0.57578125 0.08984375 0.1 0.1265625
0 0.1703125 0.6125 0.075 0.08125
0 0.24921875 0.17421875 0.075 0.0609375
0 0.73203125 0.125 0.10625 0.1328125
0 0.7578125 0.91796875 0.09375 0.0796875
0 0.8203125 0.91640625 0.0703125 0.0875
0 0.221875 0.353125 0.115625 0.09375
0 0.56640625 0.8421875 0.0859375 0.0640625
0 0.553125 0.63046875 0.0984375 0.10625
0 0.6328125 0.57265625 0.1109375 0.10625
0 0.15625 0.26875 0.0953125 0.1
0 0.41796875 0.60859375 0.084375 0.071875
0 0.0578125 0.21015625 0.115625 0.1078125
0 0.57421875 0.43125 0.090625 0.0984375
0 0.7984375 0.340625 0.0953125 0.090625
0 0.790625 0.834375 0.090625 0.084375
0 0.87578125 0.95546875 0.1 0.0875
0 0.07578125 0.2953125 0.10625 0.1078125
0 0.94296875 0.8625 0.09375 0.109375
0 0.159375 0.534375 0.1015625 0.0984375
0 0.27578125 0.49765625 0.115625 0.103125
0 0.890625 0.21328125 0.0828125 0.0640625
0 0.9328125 0.24921875 0.090625 0.103125
0 0.875 0.88984375 0.0625 0.06875
0 0.925 0.72265625 0.1109375 0.125
0 0.23828125 0.5640625 0.090625 0.1125
0 0.17578125 0.4671875 0.0984375 0.0671875
0 0.1234375 0.8375 0.103125 0.1046875
0 0.2953125 0.9375 0.15 0.1234375
0 0.09453125 0.4890625 0.096875 0.1125
0 0.81875 0.13203125 0.0953125 0.128125
0 0.4296875 0.3203125 0.0921875 0.103125
0 0.8421875 0.2890625 0.1359375 0.125
0 0.3828125 0.92734375 0.078125 0.0890625
0 0.346875 0.47265625 0.0703125 0.078125
0 0.66640625 0.0859375 0.0828125 0.0890625
0 0.34453125 0.37890625 0.1046875 0.1140625
0 0.54140625 0.77109375 0.075 0.109375
0 0.6421875 0.3296875 0.0765625 0.071875