0 0.88046875 0.78125 0.1046875 0.0890625
0 0.2734375 0.67578125 0.1875 0.1640625
0 0.4359375 0.17578125 0.103125 0.15
0 0.84609375 0.1359375 0.1375 0.1109375
0 0.75234375 0.91796875 0.0984375 0.0734375
0 0.878125 0.3234375 0.18125 0.178125
0 0.8484375 0.6109375 0.1828125 0.1078125
0 0.54140625 0.1484375 0.103125 0.1078125
0 0.878125 0.6859375 0.1515625 0.121875
0 0.44140625 0.31875 0.1515625 0.140625
0 0.16484375 0.215625 0.2484375 0.246875
0 0.65546875 0.6546875 0.159375 0.2015625
0 0.71875 0.34921875 0.1296875 0.1296875
0 0.8546875 0.91328125 0.190625 0.1703125
0 0.359375 0.51953125 0.2234375 0.2671875
0 0.140625 0.91171875 0.1765625 0.1734375
0 0.7609375 0.4546875 0.134375 0.1203125
0 0.8578125 0.45703125 0.0828125 0.0953125
0 0.49453125 0.396875 0.1484375 0.1703125
0 0.51875 0.76328125 0.259375 0.265625
0 0.86328125 0.05 0.1328125 0.1
0 0.11640625 0.77421875 0.115625 0.1359375
0 0.70859375 0.18203125 0.228125 0.215625
0 0.7421875 0.75234375 0.2 0.2671875
0 0.33671875 0.09140625 0.25625 0.1828125
0 0.946875 0.08359375 0.0796875 0.09375
0 0.21484375 0.80234375 0.1078125 0.109375
0 0.346875 0.94609375 0.1265625 0.10625
0 0.19296875 0.3703125 0.1125 0.0875
0 0.30234375 0.3140625 0.109375 0.1609375