0 0.23203125 0.0578125 0.1171875 0.115625
0 0.953125 0.3984375 0.0921875 0.1
0 0.7984375 0.63515625 0.1140625 0.0828125
0 0.821875 0.296875 0.0953125 0.078125
0 0.92734375 0.6875 0.1125 0.09375
0 0.07421875 0.1734375 0.0984375 0.0984375
0 0.08359375 0.90078125 0.15 0.1078125
0 0.88359375 0.33515625 0.1234375 0.1015625
0 0.0859375 0.71015625 0.090625 0.1234375
0 0.3265625 0.65 0.0875 0.0953125
0 0.853125 0.85078125 0.1109375 0.1078125
0 0.19609375 0.2046875 0.1453125 0.10625
0 0.59453125 0.83828125 0.096875 0.1265625
0 0.55546875 0.30703125 0.0640625 0.0484375
0 0.61953125 0.54453125 0.1109375 0.125
0 0.70703125 0.74296875 0.1296875 0.1328125
0 0.13046875 0.46953125 0.134375 0.103125
0 0.86640625 0.53125 0.0609375 0.1109375
0 0.18125 0.08359375 0.121875 0.1453125
0 0.63515625 0.171875 0.15 0.1703125
0 0.484375 0.115625 0.0859375 0.06875
0 0.93125 0.490625 0.1 0.0921875
0 0.084375 0.559375 0.121875 0.1203125
0 0.17890625 0.65859375 0.09375 0.075
0 0.58828125 0.64765625 0.0984375 0.075
0 0.20078125 0.57578125 0.1328125 0.1046875
0 0.06796875 0.3296875 0.1125 0.1546875
0 0.578125 0.70859375 0.0984375 0.10625
0 0.9453125 0.834375 0.09375 0.0953125
0 0.70859375 0.07265625 0.090625 0.09375
0 0.80859375 0.37890625 0.125 0.0921875
0 0.7109375 0.48984375 0.1203125 0.09375
0 0.34609375 0.58828125 0.103125 0.0953125
0 0.51640625 0.953125 0.125 0.09375
0 0.70625 0.57578125 0.0609375 0.0703125
0 0.42890625 0.659375 0.1203125 0.128125
0 0.55859375 0.4125 0.128125 0.15
0 0.53671875 0.075 0.0734375 0.1
0 0.2859375 0.16015625 0.0734375 0.0875
0 0.7484375 0.83671875 0.0953125 0.1
0 0.490625 0.75390625 0.0953125 0.121875
0 0.15 0.9515625 0.090625 0.09375
0 0.2609375 0.66953125 0.09375 0.0984375
0 0.6765625 0.90703125 0.0765625 0.0640625
0 0.728125 0.96171875 0.11875 0.0765625
0 0.24921875 0.95 0.0890625 0.0765625
0 0.5234375 0.18125 0.071875 0.075
0 0.88125 0.42734375 0.0859375 0.0828125
0 0.9328125 0.92578125 0.0921875 0.0875
0 0.94765625 0.271875 0.103125 0.1546875
0 0.64921875 0.0578125 0.0640625 0.0640625
0 0.36484375 0.8234375 0.0671875 0.0796875
0 0.3703125 0.4296875 0.11875 0.1109375
0 0.80390625 0.7171875 0.1015625 0.0828125
0 0.1390625 0.3515625 0.084375 0.134375
0 0.21875 0.8890625 0.11875 0.1390625
0 0.93671875 0.6078125 0.06875 0.0609375
0 0.1796875 0.74375 0.1109375 0.0984375
0 0.8640625 0.23203125 0.1265625 0.1125
0 0.20546875 0.30625 0.103125 0.1078125
0 0.8203125 0.95234375 0.1390625 0.0921875
0 0.6390625 0.76015625 0.0671875 0.0875
0 0.79921875 0.509375 0.084375 0.0703125
0 0.290625 0.81640625 0.0984375 0.1125
0 0.1171875 0.1625 0.06875 0.0859375
0 0.4359375 0.91796875 0.1203125 0.153125
0 0.3921875 0.75 0.0953125 0.10625
0 0.5015625 0.32109375 0.078125 0.0828125