0 0.8796875 0.13359375 0.040625 0.0375
0 0.559375 0.4546875 0.053125 0.053125
0 0.6296875 0.384375 0.0484375 0.05625
0 0.49921875 0.3796875 0.04375 0.0703125
0 0.834375 0.08125 0.053125 0.071875
0 0.071875 0.240625 0.0703125 0.0671875
0 0.66015625 0.375 0.0578125 0.071875
0 0.51640625 0.5828125 0.1046875 0.0796875
0 0.7359375 0.6421875 0.08125 0.0875
0 0.46328125 0.23671875 0.0765625 0.0796875
0 0.76484375 0.178125 0.065625 0.09375
0 0.28671875 0.40078125 0.0640625 0.06875
0 0.51171875 0.5046875 0.0453125 0.0734375
0 0.13828125 0.3 0.0609375 0.0703125
0 0.55390625 0.625 0.0578125 0.071875
0 0.33125 0.67890625 0.125 0.11875
0 0.396875 0.675 0.03125 0.0421875
0 0.82421875 0.1390625 0.0671875 0.08125
0 0.56640625 0.06015625 0.071875 0.090625
0 0.928125 0.52890625 0.1015625 0.090625
0 0.18984375 0.78125 0.0453125 0.0453125
0 0.47578125 0.4890625 0.090625 0.128125
0 0.4859375 0.6703125 0.0359375 0.0328125
0 0.5609375 0.21875 0.0296875 0.0546875
0 0.54296875 0.3765625 0.0703125 0.0796875
0 0.9546875 0.946875 0.090625 0.075
0 0.8125 0.2265625 0.059375 0.0625
0 0.5796875 0.69296875 0.05 0.06875
0 0.390625 0.1171875 0.0453125 0.0515625
0 0.05 0.08671875 0.0546875 0.0609375
0 0.71953125 0.40859375 0.0390625 0.0671875
0 0.30703125 0.79453125 0.0453125 0.0328125
0 0.1796875 0.10234375 0.0984375 0.115625
0 0.85546875 0.578125 0.078125 0.0625
0 0.203125 0.3734375 0.040625 0.0375
0 0.37578125 0.41171875 0.0390625 0.0453125
0 0.509375 0.9375 0.0453125 0.053125
0 0.1875 0.43359375 0.075 0.075
0 0.58515625 0.21875 0.0328125 0.0828125
0 0.38828125 0.93984375 0.0703125 0.05625
0 0.3578125 0.06875 0.1 0.1234375
0 0.69453125 0.44375 0.0609375 0.075
0 0.8875 0.2421875 0.065625 0.06875
0 0.3359375 0.41484375 0.0546875 0.0390625
0 0.33203125 0.91171875 0.025 0.028125
0 0.9453125 0.4484375 0.1078125 0.0578125
0 0.23515625 0.05625 0.053125 0.0671875
0 0.325 0.3203125 0.0578125 0.0859375
0 0.87734375 0.64765625 0.071875 0.078125
0 0.8484375 0.74765625 0.084375 0.065625
0 0.47109375 0.79375 0.034375 0.0375
0 0.7890625 0.31640625 0.0578125 0.0796875
0 0.57578125 0.953125 0.08125 0.0734375
0 0.1609375 0.203125 0.0640625 0.0640625
0 0.53984375 0.825 0.13125 0.11875
0 0.84296875 0.46484375 0.1 0.071875
0 0.4296875 0.17734375 0.071875 0.0890625
0 0.70234375 0.51171875 0.0609375 0.05625
0 0.48671875 0.42421875 0.05 0.0390625
0 0.77890625 0.5828125 0.0578125 0.071875
0 0.52265625 0.303125 0.08125 0.0875
0 0.69609375 0.259375 0.0640625 0.059375
0 0.34453125 0.20703125 0.075 0.0859375
0 0.12734375 0.1546875 0.0609375 0.053125
0 0.4203125 0.3015625 0.071875 0.11875
0 0.8515625 0.31171875 0.0625 0.0859375
0 0.78046875 0.1234375 0.053125 0.04375
0 0.82109375 0.27265625 0.0375 0.0328125
0 0.79296875 0.515625 0.0921875 0.078125
0 0.11796875 0.3609375 0.0640625 0.0515625
0 0.88046875 0.40234375 0.0984375 0.08125
0 0.58984375 0.12109375 0.0421875 0.0890625
0 0.7625 0.87421875 0.0921875 0.09375
0 0.790625 0.046875 0.0671875 0.09375
0 0.65546875 0.30703125 0.0640625 0.078125
0 0.2453125 0.17109375 0.0890625 0.1
0 0.48671875 0.88515625 0.059375 0.0640625
0 0.18984375 0.5515625 0.1109375 0.0875
0 0.72421875 0.571875 0.0609375 0.075
0 0.8125 0.675 0.0859375 0.1046875
0 0.37578125 0.3234375 0.0578125 0.0703125
0 0.13984375 0.78046875 0.0453125 0.0625
0 0.6484375 0.69375 0.0390625 0.0375
0 0.04140625 0.525 0.0828125 0.115625
0 0.23828125 0.3328125 0.0390625 0.0421875
0 0.5046875 0.6328125 0.0390625 0.0453125
0 0.4046875 0.49375 0.0890625 0.0921875
0 0.58515625 0.58046875 0.0375 0.040625
0 0.04296875 0.42734375 0.0859375 0.075
0 0.75078125 0.39765625 0.053125 0.1078125
0 0.11328125 0.85 0.0703125 0.0875
0 0.7015625 0.84375 0.0578125 0.0640625
0 0.609375 0.784375 0.0671875 0.1046875
0 0.1171875 0.1171875 0.0578125 0.040625
0 0.1765625 0.83828125 0.071875 0.071875
0 0.6359375 0.21953125 0.0859375 0.0953125
0 0.07109375 0.353125 0.05625 0.0640625
0 0.30078125 0.13515625 0.05625 0.0890625
0 0.04921875 0.30859375 0.05 0.0609375
0 0.64453125 0.121875 0.05625 0.096875
0 0.0875 0.309375 0.0328125 0.0390625
0 0.27421875 0.8140625 0.0765625 0.1015625
0 0.90859375 0.7609375 0.0515625 0.078125
0 0.25390625 0.24921875 0.0390625 0.040625
0 0.3625 0.48203125 0.028125 0.0375
0 0.90234375 0.33046875 0.040625 0.0515625
0 0.859375 0.17109375 0.0671875 0.0765625
0 0.62578125 0.91640625 0.08125 0.0796875
0 0.12109375 0.49140625 0.1140625 0.1015625
0 0.109375 0.0625 0.0640625 0.0640625
0 0.15546875 0.896875 0.0671875 0.065625
0 0.4375 0.7140625 0.0953125 0.0828125
0 0.615625 0.65234375 0.071875 0.0640625
0 0.28359375 0.25390625 0.0296875 0.0390625
0 0.4171875 0.1265625 0.03125 0.0296875
0 0.4484375 0.65390625 0.03125 0.0328125
0 0.253125 0.4375 0.053125 0.0546875
0 0.72421875 0.28046875 0.04375 0.059375
0 0.46328125 0.37578125 0.0453125 0.0890625
0 0.15390625 0.953125 0.0671875 0.04375
0 0.215625 0.2546875 0.0765625 0.0953125
0 0.34375 0.565625 0.1109375 0.1265625
0 0.9078125 0.10546875 0.0703125 0.0640625
0 0.20703125 0.7234375 0.1140625 0.103125
0 0.66875 0.8296875 0.0984375 0.109375
0 0.925 0.821875 0.071875 0.04375