0 0.175 0.515625 0.234375 0.3109375
0 0.934375 0.265625 0.128125 0.2234375
0 0.2640625 0.1453125 0.1625 0.209375
0 0.3671875 0.57421875 0.18125 0.2015625
0 0.33203125 0.2875 0.1875 0.2015625
0 0.8578125 0.05625 0.215625 0.1125
0 0.03984375 0.359375 0.0796875 0.128125
0 0.16796875 0.34453125 0.146875 0.1296875
0 0.328125 0.42421875 0.1984375 0.165625
0 0.4859375 0.43125 0.134375 0.1953125
0 0.55 0.46796875 0.0703125 0.109375
0 0.10390625 0.80078125 0.2078125 0.2109375
0 0.70546875 0.2875 0.15 0.2
0 0.4828125 0.878125 0.23125 0.2390625
0 0.9359375 0.8890625 0.1265625 0.21875
0 0.67265625 0.4734375 0.1828125 0.1921875
0 0.8265625 0.28515625 0.1828125 0.2140625
0 0.53125 0.06953125 0.209375 0.1390625
0 0.94375 0.1265625 0.1109375 0.15625
0 0.1078125 0.60234375 0.2125 0.234375
0 0.77578125 0.8671875 0.209375 0.2296875
0 0.09921875 0.25234375 0.165625 0.1609375
0 0.6265625 0.16796875 0.1359375 0.14375
0 0.0328125 0.0734375 0.065625 0.146875
0 0.82265625 0.80234375 0.184375 0.15
0 0.80078125 0.1453125 0.1453125 0.1359375
0 0.884375 0.5 0.2 0.1890625
0 0.6234375 0.95703125 0.165625 0.0828125
0 0.66796875 0.709375 0.06875 0.071875
0 0.51484375 0.240625 0.221875 0.2375
0 0.140625 0.07734375 0.1625 0.1546875
0 0.70390625 0.603125 0.209375 0.1953125
0 0.1 0.9234375 0.1375 0.121875