0 0.71796875 0.11640625 0.0265625 0.028125
0 0.76328125 0.94140625 0.034375 0.0640625
0 0.2671875 0.09453125 0.0390625 0.0421875
0 0.87109375 0.8734375 0.046875 0.0640625
0 0.115625 0.03984375 0.053125 0.05
0 0.93125 0.25546875 0.04375 0.0265625
0 0.56484375 0.340625 0.0375 0.034375
0 0.26484375 0.146875 0.0453125 0.0453125
0 0.06796875 0.36875 0.0421875 0.0328125
0 0.17734375 0.2828125 0.040625 0.0359375
0 0.1765625 0.21796875 0.0453125 0.0484375
0 0.6484375 0.91953125 0.065625 0.0578125
0 0.37578125 0.19453125 0.0453125 0.053125
0 0.8953125 0.559375 0.0921875 0.121875
0 0.73671875 0.3609375 0.04375 0.0375
0 0.5203125 0.22265625 0.053125 0.046875
0 0.49765625 0.796875 0.040625 0.0515625
0 0.19453125 0.17421875 0.06875 0.053125
0 0.5046875 0.7546875 0.05 0.0484375
0 0.4953125 0.95234375 0.0375 0.053125
0 0.09765625 0.09140625 0.0390625 0.0328125
0 0.371875 0.81640625 0.0546875 0.0671875
0 0.53359375 0.775 0.0359375 0.0390625
0 0.12890625 0.45859375 0.1265625 0.0953125
0 0.9484375 0.48203125 0.0453125 0.0359375
0 0.39921875 0.34921875 0.053125 0.04375
0 0.28125 0.2609375 0.053125 0.0515625
0 0.33125 0.80078125 0.0671875 0.0828125
0 0.1796875 0.4921875 0.0828125 0.0796875
0 0.0453125 0.10625 0.0390625 0.0390625
0 0.678125 0.96171875 0.059375 0.0578125
0 0.6890625 0.86953125 0.0453125 0.053125
0 0.2625 0.8765625 0.0765625 0.0859375
0 0.41484375 0.7921875 0.05 0.0796875
0 0.95546875 0.0328125 0.075 0.0578125
0 0.2875 0.94375 0.0984375 0.0640625
0 0.31171875 0.32734375 0.0453125 0.0390625
0 0.528125 0.95625 0.0359375 0.0453125
0 0.78515625 0.34375 0.028125 0.025
0 0.96640625 0.53671875 0.040625 0.0421875
0 0.43203125 0.22890625 0.0375 0.0375
0 0.20234375 0.95078125 0.090625 0.0734375
0 0.3328125 0.1265625 0.0265625 0.025
0 0.4375 0.27734375 0.071875 0.0609375
0 0.7171875 0.21640625 0.0328125 0.046875
0 0.34609375 0.09765625 0.0453125 0.0375
0 0.328125 0.26171875 0.0453125 0.0484375
0 0.23515625 0.2453125 0.0609375 0.059375
0 0.0625 0.0328125 0.04375 0.0484375
0 0.3046875 0.0578125 0.0375 0.034375
0 0.8515625 0.03671875 0.05625 0.0703125
0 0.37109375 0.240625 0.0328125 0.0296875
0 0.44921875 0.35625 0.0453125 0.05
0 0.67578125 0.31796875 0.0390625 0.0359375
0 0.4359375 0.10703125 0.0421875 0.059375
0 0.315625 0.0953125 0.0234375 0.0234375
0 0.696875 0.15 0.0546875 0.0421875
0 0.46875 0.69375 0.0609375 0.046875
0 0.9625 0.66796875 0.0734375 0.0765625
0 0.77734375 0.83984375 0.0359375 0.046875
0 0.13203125 0.16484375 0.0359375 0.0375
0 0.70078125 0.1890625 0.0234375 0.028125
0 0.91328125 0.89296875 0.0546875 0.0546875
0 0.78125 0.53671875 0.1421875 0.1296875
0 0.0390625 0.403125 0.0296875 0.0296875
0 0.08203125 0.41953125 0.071875 0.0515625
0 0.4046875 0.25625 0.034375 0.0375
0 0.56328125 0.56640625 0.1359375 0.125
0 0.80546875 0.8375 0.0609375 0.065625
0 0.32421875 0.203125 0.0609375 0.0515625
0 0.7265625 0.690625 0.0546875 0.0875
0 0.271875 0.196875 0.0328125 0.04375
0 0.675 0.62109375 0.084375 0.0703125
0 0.35703125 0.13359375 0.028125 0.0296875
0 0.61640625 0.11171875 0.0359375 0.0359375
0 0.8203125 0.22578125 0.0328125 0.040625
0 0.23828125 0.19375 0.03125 0.0296875
0 0.15 0.09375 0.05 0.04375
0 0.225 0.09140625 0.04375 0.0453125
0 0.0625 0.33203125 0.0390625 0.0375
0 0.30625 0.1640625 0.0375 0.046875
0 0.22421875 0.3484375 0.0421875 0.0453125
0 0.16640625 0.05078125 0.0515625 0.05
0 0.72109375 0.30546875 0.0359375 0.0390625
0 0.93125 0.22265625 0.0515625 0.03125
0 0.3859375 0.1109375 0.046875 0.053125
0 0.5328125 0.015625 0.0296875 0.03125
0 0.53515625 0.175 0.0328125 0.0296875
0 0.36640625 0.27890625 0.0359375 0.0359375
0 0.87890625 0.23203125 0.05625 0.0359375
0 0.9546875 0.90625 0.0578125 0.0671875
0 0.47421875 0.303125 0.04375 0.05
0 0.34765625 0.38984375 0.053125 0.0484375
0 0.59921875 0.925 0.053125 0.075
0 0.203125 0.12265625 0.05625 0.0453125
0 0.159375 0.13671875 0.0484375 0.0515625
0 0.478125 0.08359375 0.0375 0.0453125
0 0.54765625 0.93046875 0.040625 0.0453125
0 0.865625 0.28515625 0.0421875 0.040625
0 0.6546875 0.521875 0.1578125 0.1421875
0 0.27265625 0.328125 0.03125 0.0421875
0 0.24609375 0.059375 0.0359375 0.0375
0 0.11328125 0.12109375 0.04375 0.04375
0 0.38359375 0.30546875 0.0390625 0.0390625
0 0.4609375 0.78203125 0.046875 0.071875
0 0.62421875 0.29609375 0.034375 0.0296875
0 0.39296875 0.16171875 0.04375 0.0328125
0 0.39609375 0.221875 0.0359375 0.0328125
0 0.51953125 0.9078125 0.0453125 0.0515625
0 0.33515625 0.0640625 0.04375 0.034375
0 0.975 0.23515625 0.0484375 0.0484375
0 0.9171875 0.0875 0.0609375 0.0546875
0 0.346875 0.16171875 0.03125 0.0359375
0 0.35078125 0.446875 0.0625 0.0609375
0 0.64765625 0.84140625 0.025 0.0421875
0 0.2296875 0.3078125 0.0421875 0.0390625
0 0.6734375 0.221875 0.0375 0.0375
0 0.82578125 0.74375 0.08125 0.0625
0 0.28359375 0.4 0.053125 0.0484375
0 0.95078125 0.11640625 0.065625 0.0671875
0 0.515625 0.140625 0.0328125 0.04375
0 0.13046875 0.34765625 0.053125 0.040625
0 0.921875 0.1765625 0.0859375 0.0734375
0 0.51875 0.9109375 0.0375 0.0375
0 0.74921875 0.22265625 0.034375 0.0328125
0 0.259375 0.36796875 0.04375 0.04375
0 0.30703125 0.484375 0.034375 0.040625
0 0.9578125 0.95859375 0.0484375 0.05
0 0.78359375 0.24140625 0.0359375 0.0453125