0 0.81875 0.796875 0.0890625 0.065625
0 0.8921875 0.7609375 0.084375 0.0890625
0 0.91640625 0.4546875 0.0765625 0.0671875
0 0.6796875 0.80078125 0.0515625 0.0796875
0 0.8 0.37890625 0.0828125 0.0640625
0 0.69375 0.52734375 0.0375 0.0359375
0 0.39140625 0.4984375 0.065625 0.0640625
0 0.95390625 0.3921875 0.090625 0.0828125
0 0.8578125 0.04765625 0.08125 0.0828125
0 0.28671875 0.7 0.059375 0.0515625
0 0.15078125 0.6359375 0.078125 0.0515625
0 0.07265625 0.72421875 0.084375 0.059375
0 0.2109375 0.1203125 0.0625 0.08125
0 0.63359375 0.13046875 0.0453125 0.059375
0 0.128125 0.76171875 0.0734375 0.0625
0 0.221875 0.75 0.06875 0.0890625
0 0.88359375 0.68125 0.0921875 0.08125
0 0.2125 0.5421875 0.0671875 0.065625
0 0.8875 0.1859375 0.084375 0.0609375
0 0.25859375 0.12890625 0.0890625 0.084375
0 0.490625 0.42578125 0.0515625 0.053125
0 0.8140625 0.2046875 0.0578125 0.0734375
0 0.55625 0.89453125 0.05625 0.0625
0 0.459375 0.603125 0.0671875 0.059375
0 0.33984375 0.196875 0.1015625 0.0953125
0 0.584375 0.93046875 0.0453125 0.078125
0 0.92421875 0.12109375 0.071875 0.0625
0 0.75 0.428125 0.0484375 0.0453125
0 0.5484375 0.50546875 0.06875 0.0671875
0 0.76640625 0.29765625 0.05625 0.0765625
0 0.50703125 0.3515625 0.0796875 0.1078125
0 0.390625 0.26328125 0.0578125 0.05625
0 0.1390625 0.153125 0.090625 0.0765625
0 0.63984375 0.321875 0.0625 0.059375
0 0.2765625 0.059375 0.0765625 0.09375
0 0.4828125 0.83671875 0.090625 0.084375
0 0.328125 0.6078125 0.053125 0.046875
0 0.675 0.06953125 0.09375 0.0921875
0 0.24453125 0.37265625 0.08125 0.071875
0 0.16875 0.37734375 0.09375 0.0796875
0 0.38203125 0.39609375 0.075 0.065625
0 0.08515625 0.86875 0.08125 0.071875
0 0.0484375 0.5109375 0.084375 0.0625
0 0.584375 0.15625 0.0515625 0.0671875
0 0.409375 0.0734375 0.05625 0.0890625
0 0.9671875 0.584375 0.059375 0.0515625
0 0.7875 0.7296875 0.0953125 0.0953125
0 0.49921875 0.9328125 0.0609375 0.078125
0 0.91640625 0.3453125 0.0625 0.0484375
0 0.909375 0.26171875 0.090625 0.059375
0 0.5 0.14765625 0.0640625 0.071875
0 0.04765625 0.409375 0.0953125 0.071875
0 0.73671875 0.21484375 0.0640625 0.0640625
0 0.60703125 0.04375 0.0703125 0.0796875
0 0.32421875 0.31171875 0.0609375 0.065625
0 0.50390625 0.69765625 0.0796875 0.0734375
0 0.4203125 0.8125 0.0484375 0.04375
0 0.321875 0.9046875 0.078125 0.0671875
0 0.6109375 0.18671875 0.0546875 0.05625
0 0.82265625 0.3046875 0.08125 0.065625
0 0.16796875 0.2125 0.0703125 0.05625
0 0.8765625 0.946875 0.0921875 0.09375
0 0.27734375 0.6578125 0.065625 0.059375
0 0.82421875 0.64609375 0.08125 0.090625
0 0.05390625 0.67578125 0.0875 0.0703125
0 0.14609375 0.4765625 0.0671875 0.0453125
0 0.3671875 0.315625 0.065625 0.0578125
0 0.6 0.52890625 0.0359375 0.053125
0 0.140625 0.553125 0.0703125 0.0453125
0 0.86328125 0.13046875 0.05625 0.0765625
0 0.41484375 0.89765625 0.0625 0.084375
0 0.0515625 0.59140625 0.084375 0.059375
0 0.634375 0.965625 0.06875 0.06875
0 0.18203125 0.05390625 0.0625 0.071875
0 0.05234375 0.25546875 0.1046875 0.0796875
0 0.3078125 0.271875 0.05625 0.053125
0 0.54375 0.75546875 0.0625 0.065625
0 0.73671875 0.5625 0.075 0.071875
0 0.16796875 0.82578125 0.071875 0.0859375
0 0.4296875 0.46015625 0.05625 0.0671875
0 0.05 0.12890625 0.0953125 0.078125
0 0.56328125 0.3984375 0.0515625 0.05625
0 0.06640625 0.04765625 0.103125 0.090625
0 0.7234375 0.671875 0.090625 0.08125
0 0.3390625 0.128125 0.0546875 0.0796875
0 0.846875 0.23828125 0.078125 0.0578125
0 0.22265625 0.6453125 0.046875 0.046875
0 0.5390625 0.25 0.0671875 0.0578125
0 0.28125 0.540625 0.0703125 0.065625
0 0.6890625 0.90546875 0.0578125 0.065625
0 0.63359375 0.4796875 0.0625 0.059375
0 0.946875 0.5390625 0.0765625 0.071875
0 0.56171875 0.7875 0.05 0.046875
0 0.81328125 0.90859375 0.084375 0.065625
0 0.04609375 0.1984375 0.0921875 0.0625
0 0.91015625 0.04296875 0.0953125 0.078125
0 0.7265625 0.3171875 0.0796875 0.0765625
0 0.31171875 0.79140625 0.0859375 0.1
0 0.40546875 0.6859375 0.06875 0.0546875