0 0.0890625 0.35546875 0.178125 0.303125
0 0.178125 0.1609375 0.2046875 0.1859375
0 0.5515625 0.4171875 0.23125 0.2421875
0 0.92109375 0.21796875 0.1546875 0.159375
0 0.75 0.68359375 0.2703125 0.21875
0 0.39140625 0.4265625 0.1546875 0.1984375
0 0.54609375 0.24765625 0.1640625 0.171875
0 0.39296875 0.259375 0.178125 0.1890625
0 0.50625 0.76796875 0.196875 0.2234375
0 0.9171875 0.9203125 0.1625 0.1546875
0 0.66796875 0.29609375 0.1421875 0.234375
0 0.24375 0.5640625 0.375 0.31875
0 0.7578125 0.2328125 0.115625 0.184375
0 0.721875 0.51328125 0.171875 0.1640625
0 0.28984375 0.22265625 0.18125 0.1859375
0 0.47265625 0.11015625 0.26875 0.21875
0 0.92890625 0.8140625 0.1390625 0.1546875
0 0.6625 0.9078125 0.1890625 0.1734375
0 0.1671875 0.8640625 0.334375 0.26875
0 0.08984375 0.0671875 0.1796875 0.134375
0 0.7453125 0.090625 0.1484375 0.18125
0 0.0578125 0.17578125 0.10625 0.1109375
0 0.859375 0.0765625 0.0984375 0.153125
0 0.4359375 0.61328125 0.2265625 0.1890625
0 0.91875 0.4890625 0.1609375 0.171875
0 0.9296875 0.734375 0.1375 0.1109375
0 0.83046875 0.4515625 0.2015625 0.1984375
0 0.9 0.6125 0.196875 0.203125
0 0.746875 0.85703125 0.2875 0.2453125
0 0.65 0.08671875 0.159375 0.1734375
0 0.45234375 0.90390625 0.2359375 0.175
0 0.39375 0.7515625 0.1625 0.1734375
0 0.23515625 0.34140625 0.178125 0.1765625