0 0.19140625 0.84453125 0.0796875 0.0703125
0 0.07109375 0.55859375 0.09375 0.0875
0 0.72578125 0.321875 0.1015625 0.0890625
0 0.15625 0.6265625 0.065625 0.090625
0 0.659375 0.80703125 0.08125 0.1046875
0 0.87734375 0.92890625 0.0671875 0.0921875
0 0.303125 0.7625 0.06875 0.0796875
0 0.68515625 0.734375 0.0671875 0.0765625
0 0.58515625 0.2390625 0.046875 0.040625
0 0.21484375 0.615625 0.11875 0.10625
0 0.5390625 0.48046875 0.0640625 0.0640625
0 0.12890625 0.5859375 0.0578125 0.084375
0 0.96953125 0.4234375 0.059375 0.06875
0 0.35546875 0.5875 0.1 0.1015625
0 0.74296875 0.6953125 0.0890625 0.0984375
0 0.821875 0.484375 0.115625 0.103125
0 0.73515625 0.87421875 0.0796875 0.090625
0 0.41015625 0.7203125 0.0765625 0.0828125
0 0.90625 0.59296875 0.0765625 0.0828125
0 0.603125 0.6828125 0.05625 0.05625
0 0.84375 0.32109375 0.0859375 0.0859375
0 0.4578125 0.36171875 0.0828125 0.071875
0 0.175 0.5484375 0.06875 0.0734375
0 0.4734375 0.7265625 0.0875 0.0953125
0 0.28359375 0.4578125 0.0796875 0.0734375
0 0.73046875 0.62734375 0.0625 0.05625
0 0.2078125 0.72890625 0.05625 0.0734375
0 0.6328125 0.36953125 0.071875 0.0640625
0 0.92734375 0.371875 0.06875 0.0578125
0 0.3578125 0.48515625 0.084375 0.096875
0 0.61875 0.50078125 0.0828125 0.071875
0 0.56953125 0.80234375 0.0546875 0.0640625
0 0.79453125 0.61640625 0.08125 0.0765625
0 0.02265625 0.61875 0.0453125 0.09375
0 0.828125 0.93828125 0.08125 0.1
0 0.88203125 0.8515625 0.0625 0.05625
0 0.53359375 0.90234375 0.084375 0.084375
0 0.37109375 0.92109375 0.10625 0.103125
0 0.6171875 0.771875 0.0578125 0.06875
0 0.53046875 0.37265625 0.08125 0.0765625
0 0.259375 0.50546875 0.1125 0.0953125
0 0.75546875 0.56015625 0.0859375 0.0734375
0 0.84296875 0.596875 0.075 0.0640625
0 0.67265625 0.21640625 0.0421875 0.040625
0 0.12265625 0.5109375 0.0875 0.0921875
0 0.4390625 0.50625 0.115625 0.10625
0 0.5890625 0.43359375 0.090625 0.1109375
0 0.5859375 0.1765625 0.0640625 0.0640625
0 0.3609375 0.36015625 0.0765625 0.0671875
0 0.84765625 0.8109375 0.084375 0.090625
0 0.25078125 0.69921875 0.0765625 0.1109375
0 0.52109375 0.8265625 0.05625 0.059375
0 0.80546875 0.365625 0.09375 0.1015625
0 0.54140625 0.6296875 0.0609375 0.0609375
0 0.5015625 0.6171875 0.0453125 0.0640625
0 0.36171875 0.74453125 0.0515625 0.059375
0 0.2546875 0.7796875 0.0515625 0.0609375
0 0.39453125 0.803125 0.0765625 0.0890625
0 0.74921875 0.9703125 0.0515625 0.0578125
0 0.5296875 0.55078125 0.0625 0.075
0 0.12109375 0.69921875 0.0953125 0.0890625
0 0.08515625 0.16875 0.08125 0.06875
0 0.8890625 0.5265625 0.0828125 0.0765625
0 0.66796875 0.55859375 0.096875 0.0921875
0 0.9296875 0.8296875 0.0859375 0.103125
0 0.33203125 0.66328125 0.1109375 0.11875
0 0.41796875 0.6625 0.0765625 0.0734375
0 0.44609375 0.20390625 0.04375 0.046875
0 0.55703125 0.76484375 0.071875 0.075
0 0.7484375 0.41875 0.0828125 0.090625
0 0.52890625 0.7109375 0.0640625 0.0828125
0 0.934375 0.3203125 0.0828125 0.065625
0 0.478125 0.1984375 0.0453125 0.053125
0 0.6 0.88671875 0.0828125 0.1078125
0 0.7796875 0.73203125 0.0578125 0.0671875
0 0.2421875 0.88125 0.0734375 0.096875
0 0.55390625 0.8546875 0.0578125 0.0828125
0 0.3234375 0.89453125 0.109375 0.1265625
0 0.93125 0.4546875 0.1203125 0.128125
0 0.84765625 0.74375 0.0953125 0.1015625
0 0.6796875 0.88125 0.0671875 0.0875
0 0.953125 0.57421875 0.0890625 0.121875
0 0.44375 0.9 0.0671875 0.0734375
0 0.56796875 0.64609375 0.05 0.059375
0 0.63828125 0.63671875 0.109375 0.0640625
0 0.609375 0.5875 0.0796875 0.0640625
0 0.9203125 0.69453125 0.05625 0.065625
0 0.434375 0.8375 0.0671875 0.0921875
0 0.6328125 0.30078125 0.0734375 0.0796875
0 0.103125 0.91015625 0.109375 0.1109375
0 0.19921875 0.47734375 0.06875 0.06875
0 0.53125 0.41875 0.059375 0.0546875