0 0.10234375 0.5546875 0.1671875 0.1328125
0 0.90546875 0.7109375 0.1859375 0.2453125
0 0.94140625 0.0609375 0.1140625 0.075
0 0.8765625 0.3359375 0.21875 0.165625
0 0.684375 0.10390625 0.228125 0.2078125
0 0.46875 0.41640625 0.1109375 0.1015625
0 0.13359375 0.70390625 0.2671875 0.221875
0 0.44140625 0.6546875 0.10625 0.1265625
0 0.38125 0.48203125 0.1234375 0.109375
0 0.65625 0.2921875 0.1796875 0.19375
0 0.94375 0.428125 0.109375 0.23125
0 0.06875 0.35234375 0.1375 0.240625
0 0.203125 0.49375 0.15625 0.1609375
0 0.53359375 0.50703125 0.190625 0.1890625
0 0.41640625 0.3375 0.125 0.1734375
0 0.92890625 0.85 0.140625 0.1328125
0 0.615625 0.84921875 0.2171875 0.18125
0 0.13671875 0.296875 0.11875 0.14375
0 0.41796875 0.15 0.1390625 0.203125
0 0.51796875 0.2171875 0.1140625 0.134375
0 0.278125 0.04609375 0.196875 0.0921875
0 0.0484375 0.06171875 0.096875 0.103125
0 0.6765625 0.5828125 0.1609375 0.171875
0 0.7875 0.496875 0.2890625 0.225
0 0.18125 0.846875 0.2546875 0.2359375
0 0.5375 0.3421875 0.0953125 0.1078125
0 0.7875 0.87421875 0.1859375 0.1671875
0 0.2796875 0.375 0.2515625 0.2296875
0 0.85859375 0.1921875 0.2796875 0.271875
0 0.25234375 0.16171875 0.2953125 0.225
0 0.60703125 0.684375 0.23125 0.2234375
0 0.04609375 0.83359375 0.0921875 0.1203125
0 0.39296875 0.87421875 0.2140625 0.2484375
0 0.31953125 0.5984375 0.1734375 0.1765625
0 0.80234375 0.77734375 0.16875 0.1484375