0 0.61640625 0.115625 0.0421875 0.053125
0 0.86328125 0.80078125 0.0671875 0.078125
0 0.5375 0.7234375 0.0984375 0.0890625
0 0.40859375 0.43125 0.115625 0.1078125
0 0.7078125 0.3421875 0.134375 0.1421875
0 0.9078125 0.88984375 0.084375 0.115625
0 0.490625 0.278125 0.0921875 0.0765625
0 0.69140625 0.821875 0.071875 0.090625
0 0.26953125 0.065625 0.1046875 0.1171875
0 0.44765625 0.48828125 0.09375 0.0953125
0 0.5765625 0.340625 0.10625 0.1078125
0 0.803125 0.425 0.0953125 0.0859375
0 0.54453125 0.93046875 0.059375 0.1109375
0 0.7578125 0.4921875 0.1015625 0.0640625
0 0.42734375 0.359375 0.0796875 0.0671875
0 0.09296875 0.60078125 0.0890625 0.0734375
0 0.371875 0.4984375 0.0703125 0.0859375
0 0.47578125 0.6875 0.08125 0.096875
0 0.71953125 0.56484375 0.1046875 0.084375
0 0.61015625 0.4578125 0.1 0.1375
0 0.16015625 0.59140625 0.0578125 0.0640625
0 0.2421875 0.85546875 0.134375 0.159375
0 0.540625 0.58359375 0.0546875 0.0515625
0 0.31171875 0.63359375 0.0578125 0.053125
0 0.77109375 0.7890625 0.1421875 0.1421875
0 0.88359375 0.7109375 0.1 0.05625
0 0.71015625 0.23203125 0.084375 0.0921875
0 0.39453125 0.17578125 0.146875 0.1421875
0 0.08515625 0.096875 0.1265625 0.1328125
0 0.3953125 0.58125 0.1140625 0.115625
0 0.5703125 0.18671875 0.071875 0.078125
0 0.4140625 0.9359375 0.084375 0.0796875
0 0.93125 0.775 0.1140625 0.1125
0 0.37890625 0.85390625 0.0875 0.15
0 0.296875 0.95234375 0.1140625 0.09375
0 0.7203125 0.68046875 0.1125 0.0953125
0 0.803125 0.5390625 0.078125 0.0671875
0 0.1796875 0.3796875 0.0828125 0.0625
0 0.7140625 0.4359375 0.09375 0.06875
0 0.9 0.38515625 0.065625 0.075
0 0.8 0.59375 0.078125 0.05
0 0.63046875 0.68828125 0.0796875 0.090625
0 0.70703125 0.60390625 0.0484375 0.0515625
0 0.16171875 0.31796875 0.103125 0.090625
0 0.06015625 0.41796875 0.1078125 0.0921875
0 0.49296875 0.9546875 0.1015625 0.0875
0 0.21875 0.63203125 0.1140625 0.0859375
0 0.5453125 0.64609375 0.053125 0.0703125
0 0.740625 0.06640625 0.140625 0.1234375
0 0.52109375 0.53515625 0.075 0.053125
0 0.4625 0.62265625 0.090625 0.075
0 0.375 0.671875 0.071875 0.0703125
0 0.6625 0.4984375 0.0953125 0.08125
0 0.2203125 0.54609375 0.0734375 0.0703125
0 0.94765625 0.2984375 0.103125 0.1078125
0 0.8453125 0.440625 0.0546875 0.0625
0 0.51953125 0.82265625 0.06875 0.0984375
0 0.3078125 0.47109375 0.090625 0.09375
0 0.6046875 0.6421875 0.06875 0.0578125
0 0.87421875 0.109375 0.1609375 0.1421875
0 0.29453125 0.56875 0.096875 0.1015625
0 0.59375 0.853125 0.090625 0.11875
0 0.04140625 0.3390625 0.0828125 0.06875
0 0.90546875 0.4875 0.1109375 0.0875
0 0.7359375 0.15703125 0.1609375 0.1109375
0 0.14296875 0.66484375 0.05 0.06875
0 0.17578125 0.12890625 0.1015625 0.1
0 0.0796875 0.66953125 0.0859375 0.0796875
0 0.84765625 0.1859375 0.0859375 0.0703125
0 0.1296875 0.76640625 0.11875 0.11875
0 0.203125 0.5015625 0.1296875 0.1109375
0 0.5484375 0.41328125 0.05 0.046875
0 0.46484375 0.83046875 0.109375 0.1734375
0 0.459375 0.09453125 0.0828125 0.071875
0 0.509375 0.415625 0.0640625 0.0796875
0 0.825 0.93515625 0.103125 0.084375
0 0.08203125 0.178125 0.0875 0.109375
0 0.21484375 0.940625 0.071875 0.06875
0 0.90703125 0.6390625 0.1328125 0.1015625
0 0.053125 0.54765625 0.10625 0.128125
0 0.1703125 0.2171875 0.146875 0.1265625