0 0.4984375 0.1015625 0.0890625 0.1
0 0.5296875 0.90625 0.1 0.115625
0 0.74921875 0.29375 0.090625 0.103125
0 0.4140625 0.4265625 0.084375 0.1046875
0 0.834375 0.94375 0.0828125 0.0796875
0 0.8703125 0.44765625 0.1203125 0.159375
0 0.2890625 0.24296875 0.0984375 0.1
0 0.93984375 0.90546875 0.11875 0.0921875
0 0.54375 0.1625 0.0453125 0.0453125
0 0.80625 0.18125 0.1390625 0.134375
0 0.15390625 0.08359375 0.0515625 0.0671875
0 0.4921875 0.3375 0.0515625 0.06875
0 0.07265625 0.12265625 0.0453125 0.040625
0 0.5 0.41953125 0.1109375 0.1
0 0.06171875 0.7796875 0.1234375 0.165625
0 0.71171875 0.44765625 0.0796875 0.071875
0 0.6640625 0.04921875 0.0765625 0.0984375
0 0.64140625 0.4328125 0.065625 0.071875
0 0.45859375 0.953125 0.125 0.0921875
0 0.57421875 0.7515625 0.1265625 0.1046875
0 0.60078125 0.3734375 0.065625 0.0609375
0 0.81640625 0.6171875 0.125 0.103125
0 0.24453125 0.4734375 0.175 0.1546875
0 0.5703125 0.5265625 0.0734375 0.0921875
0 0.68046875 0.6171875 0.075 0.0640625
0 0.6421875 0.79296875 0.1140625 0.13125
0 0.509375 0.23984375 0.0890625 0.11875
0 0.90390625 0.2859375 0.1359375 0.159375
0 0.575 0.4484375 0.0640625 0.06875
0 0.725 0.69765625 0.153125 0.134375
0 0.80390625 0.73203125 0.1390625 0.15
0 0.1453125 0.665625 0.109375 0.0921875
0 0.7375 0.5609375 0.06875 0.103125
0 0.95390625 0.77578125 0.090625 0.059375
0 0.9515625 0.415625 0.09375 0.1453125
0 0.6296875 0.16015625 0.128125 0.103125
0 0.09765625 0.5765625 0.1953125 0.2015625
0 0.4859375 0.51953125 0.10625 0.1328125
0 0.4703125 0.72578125 0.1046875 0.115625
0 0.57890625 0.2671875 0.103125 0.128125
0 0.4859375 0.8375 0.15 0.1375
0 0.05703125 0.40859375 0.1140625 0.1515625
0 0.2984375 0.86875 0.2 0.2234375
0 0.690625 0.38671875 0.0859375 0.0640625
0 0.40234375 0.15078125 0.0921875 0.0953125
0 0.63828125 0.22265625 0.0859375 0.0921875
0 0.6765625 0.553125 0.0765625 0.09375
0 0.8 0.41171875 0.13125 0.1
0 0.8734375 0.76796875 0.10625 0.15
0 0.3796875 0.3015625 0.14375 0.1390625
0 0.59296875 0.5875 0.1234375 0.109375
0 0.8125 0.30234375 0.10625 0.11875
0 0.19140625 0.921875 0.1640625 0.1546875
0 0.653125 0.3375 0.1015625 0.0921875
0 0.3984375 0.725 0.0875 0.06875
0 0.8859375 0.196875 0.1 0.1171875
0 0.6375 0.50078125 0.0859375 0.06875
0 0.109375 0.215625 0.1265625 0.1171875
0 0.07265625 0.16875 0.059375 0.0453125
0 0.2359375 0.0765625 0.1203125 0.109375
0 0.95703125 0.71640625 0.0859375 0.09375
0 0.30078125 0.38359375 0.146875 0.1390625
0 0.19375 0.28125 0.1625 0.1796875
0 0.6125 0.89921875 0.09375 0.1390625
0 0.80234375 0.8578125 0.1421875 0.13125
0 0.6078125 0.08984375 0.090625 0.08125
0 0.42890625 0.34921875 0.08125 0.0796875
0 0.26640625 0.58359375 0.1390625 0.1125
0 0.4234375 0.06015625 0.115625 0.1203125
0 0.78203125 0.51015625 0.0953125 0.1125
0 0.3359375 0.5390625 0.0765625 0.0921875
0 0.12109375 0.12890625 0.059375 0.053125
0 0.26015625 0.6765625 0.15 0.1109375
0 0.421875 0.640625 0.1109375 0.1171875
0 0.69453125 0.86796875 0.078125 0.1234375
0 0.44296875 0.2046875 0.109375 0.1109375
0 0.15234375 0.75078125 0.1546875 0.1046875
0 0.93984375 0.83125 0.11875 0.1078125
0 0.3765625 0.20625 0.065625 0.075
0 0.58984375 0.66875 0.10625 0.0765625
0 0.4046875 0.5453125 0.09375 0.1125
0 0.903125 0.07734375 0.1390625 0.13125
0 0.49609375 0.6375 0.084375 0.0609375
0 0.7390625 0.64296875 0.0484375 0.05625
0 0.7734375 0.13671875 0.121875 0.1234375
0 0.8453125 0.04375 0.1203125 0.0875