0 0.890625 0.12890625 0.1234375 0.109375
0 0.64375 0.38046875 0.08125 0.0640625
0 0.9140625 0.92421875 0.1546875 0.1046875
0 0.73359375 0.578125 0.1 0.0875
0 0.4046875 0.08984375 0.13125 0.1640625
0 0.16796875 0.80625 0.1171875 0.121875
0 0.7890625 0.05234375 0.109375 0.1046875
0 0.7546875 0.30078125 0.1484375 0.1796875
0 0.78671875 0.14765625 0.1125 0.090625
0 0.95546875 0.28984375 0.0875 0.09375
0 0.91015625 0.7171875 0.103125 0.0953125
0 0.79765625 0.57109375 0.0546875 0.078125
0 0.953125 0.4109375 0.0765625 0.0625
0 0.6109375 0.17578125 0.0984375 0.075
0 0.653125 0.11328125 0.1015625 0.0953125
0 0.8765625 0.4375 0.0875 0.071875
0 0.090625 0.94375 0.18125 0.1109375
0 0.83984375 0.76015625 0.134375 0.1109375
0 0.321875 0.5390625 0.090625 0.0875
0 0.640625 0.45 0.0984375 0.0921875
0 0.09453125 0.82421875 0.1234375 0.15
0 0.94140625 0.79296875 0.059375 0.075
0 0.1859375 0.66796875 0.1359375 0.15
0 0.4078125 0.37265625 0.1078125 0.0984375
0 0.26953125 0.6 0.1375 0.165625
0 0.059375 0.234375 0.11875 0.175
0 0.8578125 0.05390625 0.103125 0.0890625
0 0.60390625 0.24296875 0.0875 0.1015625
0 0.48125 0.48046875 0.128125 0.1234375
0 0.67265625 0.221875 0.09375 0.125
0 0.86796875 0.35546875 0.0921875 0.103125
0 0.128125 0.71015625 0.0828125 0.115625
0 0.83203125 0.203125 0.11875 0.1078125
0 0.578125 0.11015625 0.0640625 0.0625
0 0.9640625 0.5328125 0.06875 0.084375
0 0.37265625 0.73125 0.0953125 0.1296875
0 0.72890625 0.85390625 0.0984375 0.11875
0 0.57578125 0.40390625 0.084375 0.0875
0 0.915625 0.6015625 0.1234375 0.0828125
0 0.49921875 0.1546875 0.1078125 0.1359375
0 0.52734375 0.0765625 0.0609375 0.04375
0 0.81328125 0.4046875 0.09375 0.078125
0 0.584375 0.49375 0.1109375 0.0984375
0 0.34453125 0.8828125 0.1390625 0.15
0 0.70546875 0.42265625 0.0734375 0.0703125
0 0.73515625 0.4859375 0.11875 0.0953125
0 0.9015625 0.28515625 0.06875 0.0609375
0 0.80859375 0.65625 0.0703125 0.09375
0 0.53203125 0.35234375 0.09375 0.096875
0 0.82734375 0.30703125 0.05625 0.0609375
0 0.57578125 0.6 0.1359375 0.1359375
0 0.728125 0.690625 0.1140625 0.1390625
0 0.31171875 0.24921875 0.1234375 0.1046875
0 0.925 0.4640625 0.078125 0.0625
0 0.84921875 0.8265625 0.2015625 0.171875
0 0.35390625 0.43359375 0.13125 0.1328125
0 0.94375 0.19375 0.1109375 0.109375
0 0.87890625 0.5234375 0.1265625 0.0953125
0 0.67421875 0.61015625 0.0875 0.109375
0 0.134375 0.5609375 0.1671875 0.134375
0 0.9296875 0.3453125 0.065625 0.0796875
0 0.27421875 0.77578125 0.134375 0.1625