0 0.5953125 0.3046875 0.0671875 0.0578125
0 0.89921875 0.2125 0.0796875 0.0734375
0 0.38359375 0.828125 0.08125 0.1140625
0 0.2125 0.30546875 0.065625 0.065625
0 0.17421875 0.80234375 0.115625 0.10625
0 0.075 0.728125 0.0640625 0.05
0 0.771875 0.834375 0.090625 0.0921875
0 0.090625 0.6734375 0.046875 0.0515625
0 0.640625 0.34765625 0.0375 0.0328125
0 0.45390625 0.3609375 0.0765625 0.0609375
0 0.93515625 0.5484375 0.075 0.078125
0 0.09609375 0.34375 0.0515625 0.053125
0 0.578125 0.11875 0.065625 0.1140625
0 0.375 0.1515625 0.0578125 0.053125
0 0.17734375 0.64609375 0.096875 0.065625
0 0.46015625 0.64140625 0.06875 0.0796875
0 0.55234375 0.36875 0.08125 0.0921875
0 0.82734375 0.2125 0.075 0.075
0 0.3703125 0.209375 0.0703125 0.0734375
0 0.95546875 0.30078125 0.0875 0.0640625
0 0.54921875 0.63671875 0.090625 0.075
0 0.49375 0.27578125 0.059375 0.0796875
0 0.7625 0.340625 0.0765625 0.06875
0 0.72109375 0.26875 0.103125 0.115625
0 0.40078125 0.475 0.09375 0.090625
0 0.86953125 0.51875 0.1296875 0.0890625
0 0.3046875 0.7234375 0.0765625 0.0765625
0 0.546875 0.24921875 0.075 0.084375
0 0.50234375 0.5421875 0.0625 0.0625
0 0.78359375 0.3890625 0.0515625 0.053125
0 0.6109375 0.57578125 0.0640625 0.0703125
0 0.22734375 0.43046875 0.0890625 0.0890625
0 0.8375 0.9046875 0.09375 0.103125
0 0.525 0.68515625 0.0609375 0.05
0 0.821875 0.42109375 0.05625 0.0546875
0 0.4421875 0.1734375 0.078125 0.1
0 0.48984375 0.80078125 0.1109375 0.1125
0 0.05625 0.93359375 0.0671875 0.071875
0 0.2546875 0.21015625 0.146875 0.1234375
0 0.1125 0.18046875 0.075 0.0625
0 0.65703125 0.49609375 0.0640625 0.0640625
0 0.26328125 0.4 0.065625 0.0625
0 0.3609375 0.1 0.0796875 0.06875
0 0.4484375 0.06953125 0.0796875 0.0859375
0 0.0671875 0.2203125 0.0609375 0.059375
0 0.9390625 0.084375 0.046875 0.04375
0 0.85234375 0.6859375 0.0953125 0.0828125
0 0.60234375 0.3671875 0.04375 0.0796875
0 0.40859375 0.396875 0.0609375 0.06875
0 0.4140625 0.6125 0.05625 0.0625
0 0.46640625 0.4890625 0.0609375 0.040625
0 0.8078125 0.6015625 0.0765625 0.0921875
0 0.0625 0.38515625 0.0796875 0.0703125
0 0.471875 0.4390625 0.065625 0.06875
0 0.7734375 0.678125 0.0921875 0.075
0 0.14453125 0.53984375 0.04375 0.05
0 0.36953125 0.3484375 0.05 0.046875
0 0.121875 0.75546875 0.059375 0.0828125
0 0.2296875 0.52265625 0.096875 0.075
0 0.5125 0.1140625 0.075 0.090625
0 0.12421875 0.3984375 0.0515625 0.0484375
0 0.171875 0.5203125 0.0421875 0.05
0 0.63671875 0.0828125 0.0703125 0.1
0 0.2015625 0.34453125 0.0625 0.0546875
0 0.65625 0.15390625 0.0671875 0.0703125
0 0.6140625 0.25078125 0.0734375 0.0640625
0 0.57734375 0.45625 0.0625 0.0703125
0 0.771875 0.5375 0.05625 0.05625
0 0.6453125 0.43359375 0.05625 0.0453125
0 0.15 0.28046875 0.0484375 0.053125
0 0.45078125 0.72734375 0.059375 0.0515625
0 0.2828125 0.91484375 0.0765625 0.115625
0 0.87265625 0.0484375 0.08125 0.09375
0 0.66953125 0.8328125 0.071875 0.0875
0 0.06171875 0.15625 0.0609375 0.0515625
0 0.103125 0.2859375 0.0765625 0.065625
0 0.83671875 0.28203125 0.0859375 0.06875
0 0.3609375 0.5890625 0.0484375 0.05625
0 0.80390625 0.734375 0.084375 0.0921875
0 0.521875 0.43203125 0.0609375 0.0765625
0 0.74453125 0.04609375 0.0890625 0.0921875
0 0.425 0.25625 0.05625 0.0421875
0 0.915625 0.79765625 0.128125 0.078125
0 0.56015625 0.92890625 0.08125 0.115625
0 0.74140625 0.16328125 0.084375 0.0828125
0 0.3203125 0.5484375 0.0921875 0.0859375
0 0.50703125 0.89921875 0.0703125 0.1
0 0.271875 0.3640625 0.0859375 0.065625
0 0.1578125 0.9609375 0.1 0.075
0 0.86875 0.13125 0.0765625 0.09375
0 0.5109375 0.1859375 0.0609375 0.0640625
0 0.7375 0.60703125 0.0765625 0.096875
0 0.16640625 0.5859375 0.053125 0.0546875
0 0.76953125 0.4625 0.109375 0.0953125
0 0.3625 0.03671875 0.0703125 0.0734375
0 0.6578125 0.6796875 0.059375 0.046875
0 0.39453125 0.309375 0.059375 0.065625
0 0.778125 0.95859375 0.0875 0.08125
0 0.10625 0.08515625 0.1 0.096875
0 0.57578125 0.76015625 0.0734375 0.0609375
0 0.384375 0.7203125 0.084375 0.078125
0 0.8875 0.8390625 0.11875 0.1015625
0 0.86171875 0.3484375 0.0953125 0.090625
0 0.73515625 0.7390625 0.075 0.0953125
0 0.2828125 0.625 0.1140625 0.103125
0 0.9546875 0.62265625 0.0578125 0.06875
0 0.17109375 0.70234375 0.078125 0.065625
0 0.6859375 0.603125 0.0671875 0.0875
0 0.90625 0.38046875 0.0671875 0.04375
0 0.60078125 0.6609375 0.0453125 0.0390625
0 0.5703125 0.84453125 0.0671875 0.0875
0 0.68203125 0.76796875 0.0734375 0.0640625
0 0.428125 0.853125 0.0796875 0.0890625
0 0.953125 0.77421875 0.090625 0.1
0 0.6953125 0.36015625 0.06875 0.065625
0 0.21328125 0.5734375 0.065625 0.0421875
0 0.034375 0.325 0.0546875 0.046875
0 0.19453125 0.8984375 0.1078125 0.128125
0 0.359375 0.41015625 0.05625 0.071875
0 0.9671875 0.23125 0.0640625 0.0875
0 0.16484375 0.43984375 0.0484375 0.053125
0 0.359375 0.66328125 0.0796875 0.0796875
0 0.68828125 0.92265625 0.08125 0.071875
0 0.5703125 0.521875 0.078125 0.075
0 0.065625 0.625 0.0640625 0.075