0 0.84921875 0.340625 0.1171875 0.14375
0 0.18671875 0.7203125 0.203125 0.1609375
0 0.5546875 0.79453125 0.209375 0.1703125
0 0.803125 0.76875 0.2640625 0.24375
0 0.83984375 0.51953125 0.171875 0.2515625
0 0.91796875 0.078125 0.1625 0.15625
0 0.11796875 0.634375 0.1625 0.128125
0 0.95 0.5328125 0.1 0.2515625
0 0.240625 0.2765625 0.1109375 0.1
0 0.9390625 0.171875 0.1203125 0.1390625
0 0.29296875 0.51875 0.1515625 0.1765625
0 0.06171875 0.7484375 0.1234375 0.2359375
0 0.72109375 0.05625 0.209375 0.1125
0 0.34609375 0.34140625 0.196875 0.190625
0 0.071875 0.35703125 0.14375 0.153125
0 0.6328125 0.67578125 0.3296875 0.2984375
0 0.82890625 0.9 0.3421875 0.1984375
0 0.12421875 0.1703125 0.225 0.2125
0 0.54296875 0.915625 0.115625 0.084375
0 0.75234375 0.31484375 0.10625 0.09375
0 0.1703125 0.83125 0.184375 0.1125
0 0.184375 0.446875 0.125 0.1171875
0 0.5390625 0.39765625 0.1390625 0.1390625
0 0.53515625 0.09296875 0.2328125 0.1859375
0 0.4078125 0.0609375 0.1 0.121875
0 0.259375 0.62109375 0.1171875 0.1234375
0 0.63046875 0.24765625 0.321875 0.3375
0 0.3703125 0.64921875 0.178125 0.1578125
0 0.3296875 0.790625 0.1765625 0.1609375
0 0.66875 0.9296875 0.165625 0.140625
0 0.24609375 0.92734375 0.1640625 0.1453125
0 0.81171875 0.1015625 0.1296875 0.203125
0 0.696875 0.540625 0.2 0.1625
0 0.06171875 0.46875 0.1234375 0.1609375
0 0.32265625 0.11171875 0.1984375 0.2234375
0 0.10234375 0.57109375 0.2046875 0.1765625
0 0.18046875 0.34765625 0.1546875 0.159375
0 0.8890625 0.69140625 0.134375 0.1421875
0 0.06484375 0.24921875 0.1296875 0.1609375
0 0.7015625 0.4265625 0.1953125 0.153125