0 0.2859375 0.69921875 0.0625 0.0578125
0 0.8609375 0.34296875 0.075 0.059375
0 0.0875 0.53359375 0.0515625 0.0609375
0 0.259375 0.8421875 0.0875 0.0875
0 0.28984375 0.36171875 0.0578125 0.0671875
0 0.696875 0.66015625 0.05 0.0671875
0 0.4234375 0.70625 0.0765625 0.06875
0 0.71640625 0.30859375 0.0859375 0.0765625
0 0.78828125 0.42890625 0.075 0.05625
0 0.0796875 0.6453125 0.0671875 0.071875
0 0.821875 0.459375 0.0625 0.0421875
0 0.234375 0.91171875 0.0296875 0.0390625
0 0.1625 0.8796875 0.075 0.0578125
0 0.33203125 0.66015625 0.053125 0.059375
0 0.796875 0.7984375 0.0640625 0.0734375
0 0.61875 0.4140625 0.0484375 0.05625
0 0.71015625 0.8671875 0.059375 0.0609375
0 0.87890625 0.53125 0.075 0.0875
0 0.7421875 0.82109375 0.0546875 0.0484375
0 0.37734375 0.8140625 0.0546875 0.0796875