0 0.35390625 0.8234375 0.1390625 0.1390625
0 0.66953125 0.56171875 0.203125 0.171875
0 0.87421875 0.49921875 0.1625 0.1265625
0 0.68828125 0.159375 0.0765625 0.090625
0 0.04921875 0.646875 0.071875 0.15
0 0.68515625 0.36484375 0.1515625 0.1234375
0 0.25859375 0.08984375 0.1078125 0.1109375
0 0.20703125 0.8484375 0.0640625 0.0640625
0 0.80078125 0.93984375 0.1125 0.1109375
0 0.646875 0.70390625 0.1015625 0.14375
0 0.31875 0.39375 0.0953125 0.109375
0 0.44609375 0.05859375 0.071875 0.0765625
0 0.7203125 0.8125 0.0953125 0.109375
0 0.13046875 0.77109375 0.0859375 0.13125
0 0.91328125 0.63203125 0.15 0.1421875
0 0.90703125 0.91640625 0.1640625 0.1546875
0 0.11640625 0.93203125 0.08125 0.1015625
0 0.39140625 0.11875 0.1171875 0.1171875
0 0.55234375 0.7015625 0.1234375 0.1515625
0 0.796875 0.81875 0.0640625 0.084375
0 0.171875 0.2421875 0.065625 0.103125
0 0.790625 0.184375 0.109375 0.1
0 0.24609375 0.6703125 0.0671875 0.0671875
0 0.42578125 0.41015625 0.13125 0.1578125
0 0.29453125 0.734375 0.1109375 0.0875
0 0.61484375 0.421875 0.090625 0.084375
0 0.03125 0.57421875 0.0625 0.1296875
0 0.4796875 0.85390625 0.1140625 0.1234375
0 0.3625 0.51328125 0.1015625 0.0640625
0 0.8515625 0.73359375 0.10625 0.115625
0 0.3390625 0.6765625 0.0484375 0.0328125
0 0.76640625 0.065625 0.1 0.109375
0 0.2578125 0.92265625 0.09375 0.1078125
0 0.17265625 0.9390625 0.06875 0.11875
0 0.3625 0.32890625 0.0859375 0.0859375
0 0.9484375 0.7578125 0.1 0.1109375
0 0.5375 0.79609375 0.10625 0.0984375
0 0.4234375 0.615625 0.103125 0.0828125
0 0.09921875 0.240625 0.0984375 0.10625
0 0.81328125 0.35625 0.1234375 0.1390625
0 0.5609375 0.46171875 0.13125 0.121875
0 0.69765625 0.94296875 0.11875 0.1109375
0 0.3828125 0.5671875 0.0484375 0.0609375
0 0.553125 0.578125 0.0640625 0.11875
0 0.3609375 0.04140625 0.075 0.05625
0 0.4015625 0.7125 0.125 0.1296875
0 0.2953125 0.459375 0.0703125 0.0640625
0 0.52890625 0.365625 0.0953125 0.1078125
0 0.25234375 0.175 0.0765625 0.0796875
0 0.1265625 0.6875 0.1078125 0.165625
0 0.609375 0.21328125 0.084375 0.1109375
0 0.890625 0.20234375 0.140625 0.121875
0 0.6328125 0.81015625 0.0984375 0.0890625
0 0.5265625 0.2140625 0.125 0.1203125
0 0.240625 0.55703125 0.1171875 0.1
0 0.159375 0.559375 0.109375 0.0984375
0 0.59921875 0.11953125 0.0640625 0.0578125
0 0.33203125 0.59453125 0.075 0.1109375
0 0.3609375 0.2328125 0.090625 0.103125
0 0.1359375 0.16640625 0.0796875 0.0921875
0 0.9328125 0.84375 0.1328125 0.1359375
0 0.7171875 0.671875 0.0796875 0.0703125
0 0.8578125 0.8234375 0.08125 0.0828125
0 0.5265625 0.08515625 0.103125 0.1171875
0 0.45078125 0.31875 0.075 0.059375
0 0.26171875 0.24296875 0.121875 0.1265625
0 0.221875 0.49375 0.0734375 0.0703125
0 0.43125 0.2640625 0.06875 0.071875
0 0.46796875 0.96015625 0.0921875 0.0765625
0 0.509375 0.559375 0.0515625 0.059375
0 0.9390625 0.2609375 0.1171875 0.1203125
0 0.92890625 0.0625 0.1 0.125