0 0.16015625 0.76015625 0.1578125 0.153125
0 0.06796875 0.24375 0.1203125 0.1328125
0 0.078125 0.72890625 0.0828125 0.10625
0 0.740625 0.478125 0.1140625 0.0953125
0 0.8078125 0.06015625 0.109375 0.1140625
0 0.23828125 0.5328125 0.1109375 0.11875
0 0.23046875 0.22578125 0.0890625 0.1015625
0 0.33671875 0.77734375 0.0828125 0.103125
0 0.38671875 0.94375 0.078125 0.1109375
0 0.6546875 0.06484375 0.11875 0.1234375
0 0.7484375 0.921875 0.09375 0.109375
0 0.13125 0.915625 0.1125 0.1359375
0 0.628125 0.1734375 0.109375 0.1265625
0 0.06015625 0.58203125 0.1140625 0.140625
0 0.36015625 0.08671875 0.1234375 0.0796875
0 0.21875 0.0671875 0.11875 0.128125
0 0.52734375 0.065625 0.1 0.090625
0 0.48828125 0.821875 0.0625 0.1125
0 0.74609375 0.71953125 0.084375 0.0828125
0 0.5796875 0.928125 0.1015625 0.1421875
0 0.38046875 0.175 0.0921875 0.10625
0 0.9359375 0.1140625 0.1265625 0.1390625
0 0.5203125 0.16640625 0.1359375 0.1390625
0 0.3609375 0.55078125 0.1109375 0.1328125
0 0.6625 0.790625 0.109375 0.128125
0 0.803125 0.8109375 0.121875 0.11875
0 0.853125 0.4703125 0.11875 0.11875
0 0.909375 0.38046875 0.128125 0.1171875
0 0.728125 0.5890625 0.1140625 0.078125
0 0.6359375 0.50703125 0.103125 0.1125
0 0.2890625 0.14453125 0.1015625 0.1078125
0 0.37265625 0.65625 0.084375 0.0640625
0 0.165625 0.18671875 0.1 0.103125
0 0.24296875 0.3515625 0.0875 0.103125
0 0.215625 0.91171875 0.0921875 0.125
0 0.60703125 0.60390625 0.0890625 0.0984375
0 0.1328125 0.51328125 0.11875 0.1171875
0 0.81015625 0.57890625 0.08125 0.0953125
0 0.115625 0.040625 0.1 0.078125
0 0.77109375 0.23515625 0.1375 0.1265625
0 0.94453125 0.72109375 0.109375 0.103125
0 0.9375 0.8046875 0.1234375 0.0796875
0 0.7 0.4 0.1 0.0921875
0 0.30234375 0.8859375 0.103125 0.1296875
0 0.9203125 0.74375 0.1015625 0.0796875
0 0.82890625 0.6859375 0.11875 0.10625
0 0.725 0.834375 0.0671875 0.0859375
0 0.8203125 0.9265625 0.0828125 0.0734375
0 0.91484375 0.56953125 0.1265625 0.1203125
0 0.47578125 0.7 0.1015625 0.11875
0 0.15390625 0.63125 0.1296875 0.1109375
0 0.58359375 0.38359375 0.0828125 0.0921875
0 0.396875 0.8234375 0.08125 0.1109375
0 0.06171875 0.09765625 0.1125 0.1421875
0 0.94453125 0.8734375 0.0953125 0.08125
0 0.4796875 0.38828125 0.121875 0.1265625
0 0.53125 0.6328125 0.121875 0.1265625
0 0.39453125 0.70859375 0.071875 0.0796875
0 0.4984375 0.5 0.1046875 0.1109375
0 0.484375 0.26953125 0.11875 0.103125
0 0.31328125 0.41015625 0.13125 0.1078125
0 0.5828125 0.81015625 0.071875 0.103125
0 0.70390625 0.65859375 0.0953125 0.0828125
0 0.69453125 0.29609375 0.1046875 0.1171875