0 0.66796875 0.8078125 0.0828125 0.0984375
0 0.2265625 0.275 0.103125 0.084375
0 0.575 0.38984375 0.059375 0.053125
0 0.44921875 0.2046875 0.0796875 0.0953125
0 0.628125 0.18046875 0.096875 0.1140625
0 0.6640625 0.08984375 0.0609375 0.08125
0 0.92578125 0.58671875 0.121875 0.071875
0 0.33828125 0.21875 0.0734375 0.0859375
0 0.840625 0.35859375 0.0578125 0.065625
0 0.103125 0.77578125 0.0765625 0.065625
0 0.815625 0.14453125 0.1015625 0.1
0 0.51640625 0.5296875 0.065625 0.0546875
0 0.23671875 0.7046875 0.0828125 0.0859375
0 0.29765625 0.6671875 0.0609375 0.040625
0 0.38359375 0.2390625 0.040625 0.05625
0 0.89453125 0.296875 0.128125 0.0734375
0 0.59140625 0.05 0.109375 0.1
0 0.91171875 0.48984375 0.1171875 0.084375
0 0.35859375 0.07421875 0.0625 0.059375
0 0.65390625 0.42890625 0.0828125 0.0671875
0 0.4390625 0.7109375 0.0640625 0.0921875
0 0.1765625 0.32890625 0.075 0.05
0 0.07109375 0.31484375 0.13125 0.084375
0 0.815625 0.43125 0.0609375 0.0578125
0 0.2875 0.8546875 0.0609375 0.0734375
0 0.515625 0.70078125 0.0578125 0.0828125
0 0.35078125 0.4078125 0.0765625 0.0703125
0 0.9578125 0.85 0.0828125 0.0921875
0 0.15234375 0.2421875 0.0796875 0.078125
0 0.8859375 0.421875 0.096875 0.078125
0 0.43046875 0.09140625 0.05625 0.059375
0 0.33828125 0.7890625 0.09375 0.103125
0 0.16484375 0.7421875 0.08125 0.0796875
0 0.30078125 0.9046875 0.065625 0.1046875
0 0.7296875 0.68828125 0.0953125 0.08125
0 0.17890625 0.17265625 0.0875 0.090625
0 0.303125 0.32421875 0.0703125 0.065625
0 0.7640625 0.35078125 0.084375 0.0734375
0 0.51484375 0.41875 0.053125 0.05
0 0.9328125 0.91796875 0.115625 0.11875
0 0.93125 0.64296875 0.1 0.0609375
0 0.4828125 0.134375 0.071875 0.096875
0 0.1265625 0.946875 0.0859375 0.1046875
0 0.40234375 0.44453125 0.075 0.084375
0 0.5671875 0.49375 0.0703125 0.0765625
0 0.83984375 0.884375 0.078125 0.0921875
0 0.753125 0.44453125 0.0859375 0.071875
0 0.72265625 0.85234375 0.0703125 0.0828125
0 0.06015625 0.23515625 0.1203125 0.084375
0 0.24375 0.09453125 0.0921875 0.1
0 0.53671875 0.0953125 0.075 0.0828125
0 0.64765625 0.534375 0.0671875 0.0734375
0 0.346875 0.65390625 0.0671875 0.0703125
0 0.88671875 0.77265625 0.0953125 0.0875
0 0.41328125 0.83984375 0.071875 0.1078125
0 0.71171875 0.23125 0.10625 0.0828125
0 0.2390625 0.3953125 0.084375 0.0921875
0 0.8734375 0.68203125 0.053125 0.0484375
0 0.69296875 0.61875 0.090625 0.071875
0 0.61953125 0.33125 0.065625 0.0796875
0 0.3765625 0.5828125 0.0671875 0.0546875
0 0.51875 0.88359375 0.078125 0.11875
0 0.31640625 0.14296875 0.0984375 0.0859375
0 0.4390625 0.36171875 0.0640625 0.0671875
0 0.83359375 0.92890625 0.0828125 0.109375
0 0.5796875 0.7984375 0.059375 0.103125
0 0.54765625 0.578125 0.0703125 0.0734375
0 0.1390625 0.53984375 0.1109375 0.0703125
0 0.45703125 0.58359375 0.05625 0.0640625
0 0.740625 0.76484375 0.08125 0.1
0 0.1078125 0.17421875 0.0734375 0.071875
0 0.73515625 0.078125 0.0984375 0.109375
0 0.1109375 0.0671875 0.1234375 0.0890625
0 0.82265625 0.671875 0.071875 0.0765625
0 0.546875 0.27890625 0.0859375 0.0875
0 0.8 0.26484375 0.1078125 0.06875
0 0.13046875 0.6625 0.08125 0.05625
0 0.8390625 0.54921875 0.1171875 0.0640625
0 0.70703125 0.30078125 0.0703125 0.0796875
0 0.30546875 0.5234375 0.06875 0.0671875
0 0.7765625 0.61640625 0.090625 0.08125
0 0.5375 0.66171875 0.059375 0.0765625
0 0.3375 0.478125 0.059375 0.05625
0 0.784375 0.73046875 0.059375 0.065625
0 0.25 0.796875 0.0796875 0.0953125
0 0.7234375 0.94375 0.078125 0.1109375
0 0.65390625 0.88046875 0.078125 0.11875
0 0.87421875 0.22890625 0.103125 0.053125
0 0.6171875 0.71484375 0.0609375 0.078125
0 0.60546875 0.61328125 0.071875 0.0578125
0 0.18359375 0.45078125 0.0796875 0.0640625
0 0.0765625 0.74296875 0.1046875 0.0828125
0 0.77890625 0.81171875 0.0765625 0.0765625