0 0.1859375 0.96171875 0.128125 0.0734375
0 0.52734375 0.3828125 0.1234375 0.1625
0 0.08359375 0.23359375 0.090625 0.1078125
0 0.59765625 0.23984375 0.121875 0.153125
0 0.49609375 0.81484375 0.165625 0.2078125
0 0.9265625 0.921875 0.14375 0.153125
0 0.91640625 0.22890625 0.1640625 0.1890625
0 0.75625 0.1234375 0.1859375 0.19375
0 0.83984375 0.78828125 0.1640625 0.178125
0 0.71328125 0.47734375 0.15 0.165625
0 0.13046875 0.1453125 0.1546875 0.159375
0 0.365625 0.0875 0.19375 0.175
0 0.64296875 0.88515625 0.1765625 0.2078125
0 0.703125 0.08046875 0.128125 0.1609375
0 0.903125 0.65859375 0.190625 0.184375
0 0.40625 0.21796875 0.159375 0.1515625
0 0.36953125 0.9015625 0.1734375 0.1953125
0 0.6546875 0.2546875 0.090625 0.0890625
0 0.5609375 0.665625 0.13125 0.165625
0 0.76171875 0.95703125 0.1171875 0.0828125
0 0.1109375 0.68359375 0.1546875 0.1515625
0 0.5140625 0.1859375 0.1265625 0.1921875
0 0.28984375 0.7109375 0.1796875 0.1734375
0 0.60703125 0.0953125 0.1640625 0.190625
0 0.64453125 0.56484375 0.128125 0.1390625
0 0.18359375 0.284375 0.178125 0.1390625
0 0.046875 0.0734375 0.09375 0.146875
0 0.8640625 0.11328125 0.1046875 0.153125
0 0.76953125 0.2859375 0.1484375 0.228125
0 0.21796875 0.40078125 0.1921875 0.1625
0 0.2484375 0.1890625 0.1078125 0.146875
0 0.92109375 0.36015625 0.1546875 0.1375
0 0.66640625 0.33359375 0.11875 0.125
0 0.3171875 0.2109375 0.0765625 0.1015625
0 0.06640625 0.3640625 0.1328125 0.153125
0 0.8609375 0.49765625 0.1640625 0.153125
0 0.659375 0.71328125 0.0984375 0.1140625
0 0.08203125 0.83828125 0.1578125 0.159375
0 0.903125 0.059375 0.109375 0.11875
0 0.1625 0.52734375 0.19375 0.1625
0 0.7703125 0.678125 0.1359375 0.15
0 0.24765625 0.865625 0.121875 0.15
0 0.48046875 0.06015625 0.1140625 0.1203125
0 0.378125 0.525 0.15 0.1609375
0 0.38359375 0.36484375 0.1734375 0.1796875