0 0.7875 0.3609375 0.0859375 0.05625
0 0.7 0.31953125 0.06875 0.0578125
0 0.28984375 0.1640625 0.0828125 0.0796875
0 0.95625 0.71171875 0.0796875 0.0703125
0 0.7125 0.909375 0.121875 0.1125
0 0.83984375 0.7984375 0.1265625 0.121875
0 0.04453125 0.64453125 0.0765625 0.1015625
0 0.59765625 0.8890625 0.109375 0.1109375
0 0.7125 0.5703125 0.0703125 0.0640625
0 0.63125 0.68203125 0.0828125 0.0828125
0 0.90625 0.3796875 0.1078125 0.084375
0 0.08828125 0.9125 0.0671875 0.0546875
0 0.7984375 0.19765625 0.1125 0.1
0 0.459375 0.81953125 0.059375 0.071875
0 0.1078125 0.778125 0.0828125 0.0546875
0 0.6328125 0.56953125 0.096875 0.1171875
0 0.5140625 0.42734375 0.0828125 0.0828125
0 0.12421875 0.94921875 0.0484375 0.0640625
0 0.2140625 0.5171875 0.0734375 0.0671875
0 0.2140625 0.8453125 0.0671875 0.0796875
0 0.63046875 0.1171875 0.0875 0.0765625
0 0.34765625 0.73984375 0.10625 0.090625
0 0.3921875 0.79609375 0.0453125 0.065625
0 0.553125 0.53515625 0.0625 0.0703125
0 0.18828125 0.21328125 0.0984375 0.0828125
0 0.6703125 0.15 0.075 0.090625
0 0.10859375 0.2109375 0.078125 0.075
0 0.41796875 0.67578125 0.11875 0.1078125
0 0.409375 0.084375 0.0796875 0.0984375
0 0.146875 0.85546875 0.0546875 0.06875
0 0.28671875 0.08984375 0.0671875 0.0609375
0 0.3890625 0.2640625 0.0890625 0.071875
0 0.85390625 0.2953125 0.084375 0.0875
0 0.2328125 0.734375 0.0453125 0.0515625
0 0.71875 0.45625 0.0828125 0.0640625
0 0.48671875 0.15234375 0.059375 0.0640625
0 0.2734375 0.22578125 0.0640625 0.053125
0 0.5921875 0.48046875 0.0859375 0.0796875
0 0.06328125 0.53046875 0.084375 0.0765625
0 0.64765625 0.3375 0.046875 0.0484375
0 0.9171875 0.665625 0.10625 0.0890625
0 0.5859375 0.2453125 0.0625 0.05625
0 0.3625 0.8234375 0.06875 0.0828125
0 0.24140625 0.3640625 0.109375 0.0953125
0 0.9390625 0.90546875 0.0875 0.0828125
0 0.13046875 0.5 0.0609375 0.0640625
0 0.33125 0.13984375 0.053125 0.0765625
0 0.2609375 0.415625 0.1015625 0.0828125
0 0.9484375 0.7984375 0.08125 0.1
0 0.93828125 0.18203125 0.1140625 0.10625
0 0.19765625 0.13984375 0.0734375 0.0765625
0 0.78203125 0.67890625 0.0859375 0.084375
0 0.4078125 0.38125 0.078125 0.075
0 0.64921875 0.39765625 0.0953125 0.0734375
0 0.53203125 0.14453125 0.0734375 0.0875
0 0.91953125 0.85625 0.0734375 0.0625
0 0.575 0.33046875 0.08125 0.078125
0 0.5234375 0.8859375 0.06875 0.096875
0 0.58359375 0.1796875 0.0578125 0.06875
0 0.8765625 0.74375 0.0875 0.0890625
0 0.05625 0.82265625 0.0765625 0.05625
0 0.07265625 0.4234375 0.109375 0.0921875
0 0.51640625 0.28125 0.0609375 0.08125
0 0.1375 0.1296875 0.0828125 0.0921875
0 0.171875 0.325 0.109375 0.084375
0 0.11484375 0.06171875 0.1078125 0.0859375
0 0.2421875 0.2703125 0.0609375 0.0578125
0 0.825 0.6109375 0.103125 0.1
0 0.4390625 0.859375 0.0609375 0.0453125
0 0.67890625 0.834375 0.0859375 0.0734375
0 0.72890625 0.2375 0.075 0.0671875
0 0.0515625 0.9546875 0.0546875 0.0546875
0 0.53046875 0.809375 0.0671875 0.078125
0 0.23828125 0.5796875 0.0921875 0.065625
0 0.70078125 0.64453125 0.05625 0.0640625
0 0.4671875 0.51171875 0.0375 0.040625
0 0.3109375 0.26484375 0.0796875 0.08125
0 0.17734375 0.90390625 0.071875 0.09375
0 0.871875 0.48828125 0.0828125 0.0859375
0 0.3390625 0.40859375 0.0671875 0.0890625
0 0.2796875 0.66953125 0.090625 0.0890625
0 0.584375 0.95703125 0.090625 0.0671875
0 0.37265625 0.32421875 0.0609375 0.05625
0 0.5 0.734375 0.103125 0.109375
0 0.47109375 0.20859375 0.0765625 0.06875
0 0.78671875 0.11640625 0.1015625 0.1015625
0 0.06875 0.26171875 0.1140625 0.1
0 0.7375 0.39453125 0.06875 0.0609375