0 0.9484375 0.4171875 0.0609375 0.0546875
0 0.81796875 0.4609375 0.0890625 0.0453125
0 0.9640625 0.36484375 0.06875 0.0515625
0 0.85625 0.28515625 0.06875 0.065625
0 0.7765625 0.225 0.0921875 0.1
0 0.30078125 0.2515625 0.0640625 0.0453125
0 0.3765625 0.2671875 0.075 0.06875
0 0.384375 0.7 0.125 0.090625
0 0.8765625 0.62578125 0.0671875 0.046875
0 0.75625 0.15625 0.059375 0.0640625
0 0.78125 0.2984375 0.0484375 0.0453125
0 0.70546875 0.240625 0.040625 0.053125
0 0.12421875 0.46953125 0.0671875 0.05
0 0.9296875 0.5796875 0.096875 0.090625
0 0.6078125 0.275 0.0796875 0.09375
0 0.4109375 0.3296875 0.096875 0.084375
0 0.23671875 0.8546875 0.1734375 0.190625
0 0.40703125 0.0421875 0.0859375 0.084375
0 0.91328125 0.32890625 0.0609375 0.0546875
0 0.7265625 0.37578125 0.125 0.128125
0 0.88359375 0.221875 0.0375 0.0359375
0 0.9484375 0.4984375 0.0625 0.0578125
0 0.2296875 0.1046875 0.1203125 0.1046875
0 0.65625 0.5 0.1 0.103125
0 0.303125 0.40625 0.153125 0.1390625
0 0.6625 0.309375 0.090625 0.1140625
0 0.91328125 0.0671875 0.071875 0.071875
0 0.7515625 0.51328125 0.121875 0.1109375
0 0.86875 0.3984375 0.096875 0.0890625
0 0.10546875 0.196875 0.084375 0.0875
0 0.7078125 0.2953125 0.0453125 0.040625
0 0.7328125 0.071875 0.06875 0.0875
0 0.51484375 0.51171875 0.0703125 0.0546875
0 0.66484375 0.209375 0.078125 0.06875
0 0.88671875 0.4828125 0.0609375 0.08125
0 0.45625 0.2234375 0.0828125 0.0484375
0 0.58984375 0.43515625 0.134375 0.103125
0 0.55625 0.1390625 0.0515625 0.0515625
0 0.9109375 0.16640625 0.084375 0.075
0 0.69296875 0.13359375 0.071875 0.0625
0 0.95859375 0.28984375 0.078125 0.0703125
0 0.740625 0.63828125 0.09375 0.090625
0 0.08046875 0.53125 0.146875 0.1125
0 0.48671875 0.109375 0.05625 0.0484375
0 0.88046875 0.7828125 0.065625 0.0765625
0 0.80546875 0.1390625 0.05 0.0734375
0 0.7890625 0.0671875 0.0625 0.078125
0 0.57421875 0.190625 0.059375 0.0578125
0 0.90703125 0.24609375 0.040625 0.040625
0 0.56953125 0.05859375 0.0640625 0.0734375
0 0.52265625 0.078125 0.046875 0.059375
0 0.3609375 0.14296875 0.1 0.08125
0 0.45 0.18125 0.0875 0.04375
0 0.509375 0.221875 0.0828125 0.0890625
0 0.9609375 0.21484375 0.075 0.0765625
0 0.45234375 0.2671875 0.075 0.0671875
0 0.525 0.16875 0.0421875 0.040625
0 0.60078125 0.1015625 0.053125 0.0578125
0 0.63125 0.07421875 0.0640625 0.0625
0 0.9046875 0.1109375 0.0640625 0.0515625
0 0.78515625 0.846875 0.1265625 0.128125
0 0.4546875 0.09453125 0.0421875 0.0375