0 0.29140625 0.7859375 0.0984375 0.115625
0 0.2140625 0.1859375 0.1140625 0.1078125
0 0.32890625 0.53125 0.0734375 0.0921875
0 0.17734375 0.70703125 0.08125 0.05625
0 0.828125 0.06015625 0.1328125 0.1203125
0 0.44375 0.50859375 0.103125 0.0859375
0 0.19296875 0.6328125 0.1140625 0.09375
0 0.953125 0.67109375 0.0921875 0.1015625
0 0.26484375 0.4859375 0.1203125 0.11875
0 0.709375 0.77890625 0.0953125 0.109375
0 0.42109375 0.93671875 0.059375 0.090625
0 0.37890625 0.86484375 0.0875 0.0890625
0 0.21484375 0.27109375 0.06875 0.05625
0 0.06328125 0.4609375 0.1265625 0.1296875
0 0.2953125 0.25390625 0.1078125 0.121875
0 0.7125 0.47578125 0.1421875 0.1625
0 0.11328125 0.76171875 0.0609375 0.0671875
0 0.54921875 0.9546875 0.0828125 0.090625
0 0.37265625 0.3703125 0.10625 0.1015625
0 0.94140625 0.31875 0.115625 0.1390625
0 0.53828125 0.77421875 0.078125 0.1
0 0.86328125 0.61875 0.0875 0.0890625
0 0.04296875 0.74375 0.0859375 0.115625
0 0.3671875 0.77734375 0.071875 0.0953125
0 0.64375 0.0828125 0.1390625 0.1640625
0 0.88828125 0.83125 0.125 0.1296875
0 0.08046875 0.1625 0.134375 0.1171875
0 0.1125 0.03984375 0.103125 0.0796875
0 0.646875 0.584375 0.075 0.10625
0 0.825 0.465625 0.1109375 0.128125
0 0.4890625 0.3984375 0.1140625 0.1078125
0 0.3578125 0.2828125 0.0921875 0.0921875
0 0.6875 0.640625 0.09375 0.125
0 0.82734375 0.2078125 0.13125 0.1203125
0 0.3453125 0.946875 0.1140625 0.10625
0 0.9546875 0.55 0.090625 0.1328125
0 0.20234375 0.54140625 0.1015625 0.1
0 0.74375 0.92578125 0.1328125 0.1453125
0 0.40234375 0.41484375 0.0921875 0.109375
0 0.2921875 0.5984375 0.0703125 0.0640625
0 0.81171875 0.75390625 0.1265625 0.140625
0 0.578125 0.5875 0.0828125 0.10625
0 0.790625 0.303125 0.1015625 0.125
0 0.615625 0.7359375 0.0859375 0.0890625
0 0.31640625 0.43203125 0.096875 0.084375
0 0.475 0.0703125 0.178125 0.140625
0 0.84609375 0.11953125 0.0875 0.078125
0 0.4390625 0.30390625 0.0953125 0.1078125
0 0.453125 0.7890625 0.115625 0.115625
0 0.31640625 0.05 0.115625 0.1
0 0.56015625 0.328125 0.1375 0.1421875
0 0.6765625 0.18125 0.1109375 0.090625
0 0.76796875 0.5875 0.1296875 0.10625
0 0.15078125 0.37734375 0.0765625 0.06875
0 0.07890625 0.33359375 0.1171875 0.075
0 0.41328125 0.72109375 0.0671875 0.075
0 0.240625 0.915625 0.0828125 0.1421875
0 0.85625 0.36640625 0.11875 0.1171875
0 0.5625 0.446875 0.0953125 0.1015625
0 0.4625 0.89609375 0.084375 0.0828125
0 0.4671875 0.1984375 0.1625 0.1328125
0 0.61328125 0.91171875 0.134375 0.1765625
0 0.40078125 0.5703125 0.08125 0.075
0 0.32421875 0.67578125 0.115625 0.1109375
0 0.19765625 0.78359375 0.1109375 0.1140625
0 0.88359375 0.528125 0.0765625 0.078125
0 0.23984375 0.35390625 0.1234375 0.09375
0 0.83515625 0.6765625 0.06875 0.071875
0 0.534375 0.68984375 0.078125 0.06875
0 0.2984375 0.87734375 0.0703125 0.071875
0 0.45625 0.65703125 0.09375 0.1265625
0 0.6390625 0.25 0.0796875 0.0921875
0 0.68828125 0.31796875 0.125 0.14375
0 0.93046875 0.20234375 0.0875 0.0859375
0 0.3796875 0.628125 0.0765625 0.0921875