0 0.44375 0.61015625 0.0921875 0.1265625
0 0.33359375 0.18125 0.0625 0.0828125
0 0.69296875 0.19140625 0.0703125 0.09375
0 0.8453125 0.44453125 0.090625 0.090625
0 0.2890625 0.25625 0.0875 0.0734375
0 0.70390625 0.13984375 0.06875 0.075
0 0.62109375 0.2109375 0.1015625 0.0828125
0 0.74453125 0.25703125 0.053125 0.078125
0 0.5625 0.3296875 0.0640625 0.0765625
0 0.04609375 0.4609375 0.0921875 0.08125
0 0.45234375 0.225 0.0859375 0.0671875
0 0.6328125 0.125 0.0921875 0.0640625
0 0.4046875 0.38046875 0.084375 0.0875
0 0.1390625 0.10859375 0.09375 0.1140625
0 0.36953125 0.0484375 0.0890625 0.096875
0 0.31875 0.0734375 0.06875 0.1234375
0 0.6640625 0.25390625 0.053125 0.0796875
0 0.5171875 0.3921875 0.0640625 0.090625
0 0.50703125 0.59453125 0.0625 0.103125
0 0.3375 0.465625 0.1 0.103125
0 0.95078125 0.31875 0.096875 0.075
0 0.06640625 0.0515625 0.1125 0.103125
0 0.12421875 0.490625 0.0765625 0.0984375
0 0.8125 0.39765625 0.0828125 0.0875
0 0.25859375 0.18984375 0.0765625 0.0796875
0 0.1078125 0.2640625 0.10625 0.1046875
0 0.8265625 0.29609375 0.0828125 0.0984375
0 0.4328125 0.28671875 0.0703125 0.109375
0 0.90234375 0.54296875 0.103125 0.1125
0 0.48046875 0.1765625 0.08125 0.0875
0 0.609375 0.1546875 0.075 0.0375
0 0.8875 0.30703125 0.05 0.05625
0 0.49453125 0.3203125 0.0765625 0.06875
0 0.784375 0.3453125 0.084375 0.1109375
0 0.90859375 0.221875 0.0953125 0.115625
0 0.9015625 0.465625 0.0828125 0.078125
0 0.053125 0.18046875 0.0875 0.1515625
0 0.35546875 0.359375 0.096875 0.109375
0 0.70703125 0.278125 0.05625 0.0921875
0 0.42734375 0.50625 0.078125 0.0875
0 0.14921875 0.375 0.1703125 0.1734375
0 0.609375 0.2890625 0.0671875 0.0765625
0 0.68359375 0.046875 0.0484375 0.0765625
0 0.13046875 0.1921875 0.0484375 0.05625
0 0.946875 0.0484375 0.0890625 0.096875
0 0.7453125 0.209375 0.0515625 0.0484375
0 0.04296875 0.65390625 0.0859375 0.0984375
0 0.896875 0.05 0.071875 0.1
0 0.8140625 0.57109375 0.0828125 0.0671875
0 0.5296875 0.2578125 0.1109375 0.0828125
0 0.271875 0.36875 0.0953125 0.10625
0 0.4984375 0.47890625 0.1265625 0.1171875
0 0.778125 0.1671875 0.0875 0.09375
0 0.87421875 0.13671875 0.1 0.0828125
0 0.9296875 0.39453125 0.115625 0.109375