0 0.69140625 0.5546875 0.1046875 0.1015625
0 0.56015625 0.55625 0.1265625 0.165625
0 0.56796875 0.13359375 0.1296875 0.128125
0 0.82109375 0.171875 0.0765625 0.0765625
0 0.271875 0.93671875 0.1875 0.125
0 0.6125 0.2609375 0.084375 0.0921875
0 0.06640625 0.14921875 0.1265625 0.1140625
0 0.60703125 0.4203125 0.096875 0.06875
0 0.06953125 0.3875 0.1390625 0.13125
0 0.6953125 0.2796875 0.0859375 0.0984375
0 0.90546875 0.35546875 0.1875 0.209375
0 0.6390625 0.49375 0.11875 0.1171875
0 0.0640625 0.25 0.121875 0.096875
0 0.84765625 0.2953125 0.10625 0.0796875
0 0.815625 0.803125 0.125 0.109375
0 0.9546875 0.61796875 0.0890625 0.103125
0 0.9046875 0.77734375 0.1171875 0.1140625
0 0.6171875 0.33984375 0.2140625 0.2046875
0 0.165625 0.484375 0.0828125 0.0921875
0 0.253125 0.84140625 0.0765625 0.0734375
0 0.06640625 0.31953125 0.1328125 0.115625
0 0.3265625 0.4203125 0.040625 0.0546875
0 0.6171875 0.065625 0.1453125 0.13125
0 0.4734375 0.49375 0.065625 0.1234375
0 0.3390625 0.215625 0.16875 0.178125
0 0.3890625 0.38828125 0.08125 0.090625
0 0.7 0.12578125 0.1546875 0.1625
0 0.78984375 0.6078125 0.1109375 0.1109375
0 0.5203125 0.4109375 0.084375 0.0859375
0 0.91171875 0.10390625 0.175 0.1265625
0 0.6640625 0.2078125 0.1 0.0796875
0 0.87890625 0.52890625 0.171875 0.1375
0 0.259375 0.4484375 0.1015625 0.15
0 0.46015625 0.33828125 0.1984375 0.240625
0 0.796875 0.09765625 0.0625 0.0953125
0 0.75703125 0.4375 0.1359375 0.13125
0 0.74609375 0.046875 0.090625 0.09375