0 0.5828125 0.9385416666666667 0.12916666666666668 0.12083333333333333
0 0.18255208333333334 0.7807291666666667 0.075 0.07395833333333333
0 0.69921875 0.89921875 0.05572916666666667 0.07135416666666666
0 0.6361979166666667 0.8315104166666667 0.07604166666666666 0.0734375
0 0.31692708333333336 0.84609375 0.090625 0.09427083333333333
0 0.09765625 0.9143229166666667 0.06510416666666667 0.05677083333333333
0 0.74921875 0.890625 0.05520833333333333 0.0640625
0 0.7325520833333333 0.9578125 0.0875 0.07083333333333333
0 0.7901041666666667 0.7596354166666667 0.07291666666666667 0.07135416666666666
0 0.8049479166666667 0.8466145833333333 0.10520833333333333 0.09479166666666666
0 0.7020833333333333 0.8296875 0.065625 0.06927083333333334
0 0.8682291666666667 0.6453125 0.08020833333333334 0.0828125
0 0.6354166666666666 0.8979166666666667 0.0765625 0.0703125
0 0.8151041666666666 0.6908854166666667 0.11822916666666666 0.09375
0 0.6984375 0.6817708333333333 0.07552083333333333 0.0578125
0 0.7018229166666666 0.7390625 0.09010416666666667 0.07708333333333334
0 0.80625 0.6229166666666667 0.046875 0.04895833333333333
0 0.7020833333333333 0.6208333333333333 0.10572916666666667 0.07239583333333334
0 0.8440104166666667 0.7854166666666667 0.041666666666666664 0.04895833333333333
0 0.07552083333333333 0.8666666666666667 0.09427083333333333 0.078125
0 0.8869791666666667 0.7955729166666666 0.058333333333333334 0.08854166666666667
0 0.4197916666666667 0.9611979166666667 0.09010416666666667 0.07604166666666666
0 0.9692708333333333 0.8276041666666667 0.0609375 0.05520833333333333
0 0.030729166666666665 0.5971354166666667 0.05520833333333333 0.07135416666666666
0 0.9721354166666667 0.6916666666666667 0.05572916666666667 0.08229166666666667
0 0.7716145833333333 0.609375 0.0453125 0.0640625
0 0.01953125 0.9309895833333334 0.028645833333333332 0.09739583333333333
0 0.134375 0.6611979166666667 0.1609375 0.153125
0 0.9127604166666666 0.09947916666666666 0.17447916666666666 0.184375
0 0.8122395833333333 0.94140625 0.08177083333333333 0.09114583333333333
0 0.10338541666666666 0.9677083333333333 0.14375 0.05364583333333333
0 0.020572916666666666 0.7440104166666667 0.0328125 0.08072916666666667
0 0.64921875 0.9776041666666667 0.08854166666666667 0.04479166666666667
0 0.045572916666666664 0.5033854166666667 0.0859375 0.09114583333333333
0 0.010677083333333334 0.834375 0.011979166666666667 0.06666666666666667
0 0.6953125 0.9903645833333333 0.053125 0.019270833333333334
0 0.05807291666666667 0.7841145833333333 0.09166666666666666 0.08489583333333334
0 0.9416666666666667 0.9348958333333334 0.11458333333333333 0.13020833333333334
0 0.035416666666666666 0.84453125 0.06145833333333333 0.06927083333333334
0 0.4473958333333333 0.73125 0.0703125 0.04791666666666667
0 0.39895833333333336 0.8973958333333333 0.12447916666666667 0.1015625
0 0.9578125 0.7776041666666667 0.084375 0.08645833333333333
0 0.12838541666666667 0.5322916666666667 0.128125 0.14895833333333333
0 0.17916666666666667 0.9130208333333333 0.109375 0.0921875
0 0.32109375 0.7677083333333333 0.09791666666666667 0.07291666666666667
0 0.39739583333333334 0.7989583333333333 0.08541666666666667 0.10052083333333334
0 0.47421875 0.8354166666666667 0.058333333333333334 0.0609375