0 0.09036458333333333 0.11822916666666666 0.13020833333333334 0.13541666666666666
0 0.25026041666666665 0.8294270833333334 0.11822916666666666 0.13229166666666667
0 0.1796875 0.3221354166666667 0.1734375 0.16770833333333332
0 0.85859375 0.10546875 0.20520833333333333 0.19739583333333333
0 0.7606770833333333 0.22942708333333334 0.11510416666666666 0.1
0 0.7088541666666667 0.12890625 0.09375 0.09583333333333334
0 0.103125 0.9111979166666667 0.20625 0.1640625
0 0.8760416666666667 0.27291666666666664 0.0796875 0.07864583333333333
0 0.76953125 0.030208333333333334 0.06354166666666666 0.06041666666666667
0 0.37395833333333334 0.8822916666666667 0.058854166666666666 0.06770833333333333
0 0.5994791666666667 0.11744791666666667 0.12291666666666666 0.1
0 0.8440104166666667 0.21927083333333333 0.06145833333333333 0.0546875
0 0.73359375 0.32057291666666665 0.09947916666666666 0.07708333333333334
0 0.20234375 0.9604166666666667 0.04635416666666667 0.05364583333333333
0 0.34036458333333336 0.946875 0.221875 0.10052083333333334
0 0.95078125 0.22317708333333333 0.07708333333333334 0.078125
0 0.7877604166666666 0.29296875 0.04895833333333333 0.043229166666666666
0 0.9705729166666667 0.10364583333333334 0.058854166666666666 0.20260416666666667
0 0.7346354166666667 0.39765625 0.11197916666666667 0.09270833333333334
0 0.17447916666666666 0.45807291666666666 0.11510416666666666 0.11302083333333333
0 0.9705729166666667 0.40989583333333335 0.058854166666666666 0.09010416666666667
0 0.6986979166666667 0.9653645833333333 0.1984375 0.06197916666666667
0 0.6268229166666667 0.1734375 0.0765625 0.04114583333333333
0 0.8997395833333334 0.68671875 0.0890625 0.11666666666666667
0 0.9802083333333333 0.32317708333333334 0.03958333333333333 0.08385416666666666
0 0.6651041666666667 0.7802083333333333 0.14114583333333333 0.28125
0 0.17942708333333332 0.59296875 0.13541666666666666 0.17708333333333334
0 0.1390625 0.7234375 0.11510416666666666 0.0671875
0 0.30078125 0.51328125 0.0796875 0.10104166666666667
0 0.21197916666666666 0.071875 0.0984375 0.1265625
0 0.45026041666666666 0.6973958333333333 0.3140625 0.31145833333333334
0 0.7036458333333333 0.020572916666666666 0.08854166666666667 0.04114583333333333
0 0.3177083333333333 0.8705729166666667 0.0515625 0.06979166666666667
0 0.79140625 0.6458333333333334 0.12135416666666667 0.11875
0 0.69296875 0.06328125 0.08802083333333334 0.051041666666666666
0 0.846875 0.35546875 0.121875 0.10416666666666667
0 0.3690104166666667 0.36354166666666665 0.1375 0.125
0 0.7 0.0140625 0.09322916666666667 0.028125
0 0.25390625 0.40234375 0.11979166666666667 0.11614583333333334
0 0.5002604166666667 0.8877604166666667 0.19583333333333333 0.19114583333333332
0 0.5739583333333333 0.9559895833333333 0.11145833333333334 0.08177083333333333
0 0.7625 0.8338541666666667 0.09270833333333334 0.11197916666666667
0 0.6473958333333333 0.33098958333333334 0.05 0.07239583333333334
0 0.11223958333333334 0.7984375 0.16354166666666667 0.125
0 0.025 0.80546875 0.05 0.18489583333333334
0 0.24088541666666666 0.48880208333333336 0.07291666666666667 0.08958333333333333
0 0.05625 0.6278645833333333 0.1125 0.17447916666666666
0 0.06588541666666667 0.4359375 0.128125 0.1765625
0 0.12213541666666666 0.23854166666666668 0.16302083333333334 0.16614583333333333
0 0.0390625 0.21276041666666667 0.04635416666666667 0.0578125
0 0.1375 0.02734375 0.08020833333333334 0.0546875
0 0.3658854166666667 0.22916666666666666 0.19791666666666666 0.18229166666666666
0 0.5716145833333334 0.034895833333333334 0.15625 0.06979166666666667
0 0.40260416666666665 0.06458333333333334 0.2520833333333333 0.12916666666666668
0 0.24114583333333334 0.18046875 0.053125 0.10520833333333333
0 0.9705729166666667 0.6841145833333333 0.05572916666666667 0.19427083333333334
0 0.9145833333333333 0.96953125 0.15520833333333334 0.0515625