0 0.9161458333333333 0.8791666666666667 0.128125 0.13333333333333333
0 0.7440104166666667 0.16901041666666666 0.11614583333333334 0.13020833333333334
0 0.8234375 0.67578125 0.17083333333333334 0.16458333333333333
0 0.14817708333333332 0.8966145833333333 0.20208333333333334 0.19375
0 0.24401041666666667 0.771875 0.11354166666666667 0.09791666666666667
0 0.29765625 0.8723958333333334 0.0921875 0.09427083333333333
0 0.89296875 0.08619791666666667 0.2109375 0.16041666666666668
0 0.12786458333333334 0.7291666666666666 0.078125 0.07708333333333334
0 0.23854166666666668 0.9708333333333333 0.0625 0.058333333333333334
0 0.6192708333333333 0.1171875 0.0578125 0.06666666666666667
0 0.40703125 0.8830729166666667 0.12135416666666667 0.09791666666666667
0 0.1609375 0.7828125 0.06041666666666667 0.05364583333333333
0 0.26953125 0.6809895833333334 0.0984375 0.07552083333333333
0 0.7895833333333333 0.037760416666666664 0.0453125 0.05260416666666667
0 0.6518229166666667 0.05234375 0.2203125 0.096875
0 0.05390625 0.7794270833333333 0.07552083333333333 0.0765625
0 0.21588541666666666 0.70859375 0.0484375 0.0421875
0 0.03203125 0.8989583333333333 0.06354166666666666 0.2015625
0 0.2671875 0.60390625 0.11041666666666666 0.090625
0 0.8263020833333333 0.53984375 0.11302083333333333 0.1109375
0 0.0296875 0.5927083333333333 0.059375 0.0890625
0 0.29270833333333335 0.03333333333333333 0.19739583333333333 0.06302083333333333
0 0.37890625 0.8270833333333333 0.07604166666666666 0.03958333333333333
0 0.096875 0.315625 0.08697916666666666 0.11510416666666666
0 0.020833333333333332 0.6794270833333333 0.041666666666666664 0.08333333333333333
0 0.3299479166666667 0.22057291666666667 0.13645833333333332 0.2791666666666667
0 0.8190104166666666 0.40520833333333334 0.13229166666666667 0.17447916666666666
0 0.85703125 0.27447916666666666 0.1140625 0.06510416666666667
0 0.6989583333333333 0.4856770833333333 0.078125 0.09947916666666666
0 0.7953125 0.9263020833333333 0.09635416666666667 0.125
0 0.5463541666666667 0.30234375 0.30885416666666665 0.30572916666666666
0 0.3046875 0.98046875 0.08802083333333334 0.0390625
0 0.67578125 0.12838541666666667 0.050520833333333334 0.06875
0 0.20598958333333334 0.35598958333333336 0.11927083333333334 0.11666666666666667
0 0.3145833333333333 0.9380208333333333 0.08697916666666666 0.049479166666666664
0 0.15572916666666667 0.6463541666666667 0.1203125 0.10208333333333333
0 0.6333333333333333 0.6356770833333333 0.13541666666666666 0.12239583333333333
0 0.30833333333333335 0.9869791666666666 0.09270833333333334 0.026041666666666668
0 0.74765625 0.59609375 0.11770833333333333 0.1140625
0 0.49296875 0.11223958333333334 0.19270833333333334 0.18802083333333333
0 0.41770833333333335 0.04375 0.10989583333333333 0.08020833333333334
0 0.23151041666666666 0.16770833333333332 0.090625 0.11041666666666666
0 0.35546875 0.6700520833333333 0.04895833333333333 0.07135416666666666
0 0.8825520833333333 0.19921875 0.16145833333333334 0.12239583333333333
0 0.9729166666666667 0.19166666666666668 0.05416666666666667 0.18385416666666668
0 0.759375 0.5098958333333333 0.07135416666666666 0.08854166666666667
0 0.9424479166666667 0.36953125 0.11145833333333334 0.17239583333333333
0 0.93515625 0.56171875 0.125 0.17447916666666666
0 0.8822916666666667 0.759375 0.16041666666666668 0.16354166666666667
0 0.9658854166666667 0.7846354166666667 0.0453125 0.05677083333333333
0 0.8708333333333333 0.971875 0.07916666666666666 0.05625
0 0.6388020833333333 0.7700520833333333 0.19479166666666667 0.17916666666666667
0 0.43645833333333334 0.9658854166666667 0.15520833333333334 0.06822916666666666
0 0.6049479166666667 0.9359375 0.25 0.128125
0 0.7643229166666666 0.81796875 0.0515625 0.10416666666666667
0 0.026302083333333334 0.31875 0.05260416666666667 0.19322916666666667
0 0.07708333333333334 0.028645833333333332 0.15416666666666667 0.057291666666666664