0 0.11875 0.9104166666666667 0.13489583333333333 0.13125
0 0.8309895833333333 0.7546875 0.13177083333333334 0.11875
0 0.32317708333333334 0.8221354166666667 0.16666666666666666 0.17447916666666666
0 0.11041666666666666 0.14192708333333334 0.19635416666666666 0.20625
0 0.23385416666666667 0.240625 0.09947916666666666 0.115625
0 0.13307291666666668 0.29192708333333334 0.0953125 0.09427083333333333
0 0.91171875 0.8989583333333333 0.16302083333333334 0.20208333333333334
0 0.278125 0.12552083333333333 0.078125 0.08020833333333334
0 0.034375 0.23072916666666668 0.06041666666666667 0.0640625
0 0.884375 0.63125 0.0671875 0.059375
0 0.12083333333333333 0.40130208333333334 0.09947916666666666 0.1234375
0 0.22421875 0.15729166666666666 0.05416666666666667 0.06197916666666667
0 0.32473958333333336 0.2682291666666667 0.0765625 0.1
0 0.96171875 0.803125 0.053125 0.046875
0 0.9489583333333333 0.6651041666666667 0.09947916666666666 0.22239583333333332
0 0.22864583333333333 0.050520833333333334 0.07760416666666667 0.07760416666666667
0 0.29765625 0.2140625 0.042708333333333334 0.04895833333333333
0 0.109375 0.029947916666666668 0.20208333333333334 0.059895833333333336
0 0.40182291666666664 0.2677083333333333 0.0921875 0.1125
0 0.4591145833333333 0.828125 0.1125 0.115625
0 0.415625 0.031510416666666666 0.08958333333333333 0.058854166666666666
0 0.96953125 0.3065104166666667 0.0609375 0.19895833333333332
0 0.17708333333333334 0.37421875 0.040625 0.0765625
0 0.6919270833333333 0.10416666666666667 0.11614583333333334 0.08958333333333333
0 0.32890625 0.021354166666666667 0.08385416666666666 0.03958333333333333
0 0.7841145833333333 0.33958333333333335 0.28020833333333334 0.14270833333333333
0 0.5940104166666667 0.8239583333333333 0.17604166666666668 0.13645833333333332
0 0.72421875 0.8651041666666667 0.06666666666666667 0.115625
0 0.5151041666666667 0.70234375 0.10052083333333334 0.08020833333333334
0 0.07317708333333334 0.7885416666666667 0.12604166666666666 0.09895833333333333
0 0.7 0.55390625 0.309375 0.315625
0 0.023697916666666666 0.29661458333333335 0.0421875 0.08854166666666667
0 0.8723958333333334 0.6872395833333333 0.06927083333333334 0.052083333333333336
0 0.6505208333333333 0.2125 0.11822916666666666 0.121875
0 0.0671875 0.30755208333333334 0.050520833333333334 0.08854166666666667
0 0.36041666666666666 0.15520833333333334 0.10364583333333334 0.12239583333333333
0 0.365625 0.6330729166666667 0.12395833333333334 0.13802083333333334
0 0.0171875 0.3 0.029166666666666667 0.09322916666666667
0 0.40390625 0.7484375 0.115625 0.1203125
0 0.890625 0.5049479166666667 0.19010416666666666 0.196875
0 0.959375 0.4309895833333333 0.08125 0.11197916666666667
0 0.83828125 0.24244791666666668 0.11145833333333334 0.09322916666666667
0 0.3346354166666667 0.35442708333333334 0.071875 0.050520833333333334
0 0.79921875 0.8924479166666667 0.12395833333333334 0.1640625
0 0.8057291666666667 0.9768229166666667 0.184375 0.04635416666666667
0 0.4901041666666667 0.7619791666666667 0.0890625 0.0734375
0 0.628125 0.9453125 0.17395833333333333 0.109375
0 0.4361979166666667 0.9359375 0.17604166666666668 0.128125
0 0.23932291666666666 0.8791666666666667 0.16510416666666666 0.1640625
0 0.21302083333333333 0.9622395833333334 0.057291666666666664 0.046875
0 0.027604166666666666 0.8627604166666667 0.05520833333333333 0.08072916666666667
0 0.23125 0.6354166666666666 0.18125 0.19895833333333332
0 0.036458333333333336 0.42864583333333334 0.07291666666666667 0.15677083333333333
0 0.06536458333333334 0.59765625 0.13072916666666667 0.2526041666666667
0 0.18177083333333333 0.7598958333333333 0.1046875 0.05364583333333333
0 0.68984375 0.03333333333333333 0.19375 0.05677083333333333
0 0.9747395833333333 0.09114583333333333 0.050520833333333334 0.15572916666666667