0 0.9161458333333333 0.8739583333333333 0.128125 0.1328125
0 0.7440104166666667 0.16458333333333333 0.11614583333333334 0.1296875
0 0.8234375 0.67109375 0.17083333333333334 0.16354166666666667
0 0.14817708333333332 0.8958333333333334 0.20208333333333334 0.19270833333333334
0 0.24401041666666667 0.7705729166666667 0.11354166666666667 0.09739583333333333
0 0.29765625 0.8705729166666667 0.0921875 0.09375
0 0.89296875 0.08098958333333334 0.2109375 0.159375
0 0.12786458333333334 0.7283854166666667 0.078125 0.0765625
0 0.23854166666666668 0.9703125 0.0625 0.059375
0 0.6192708333333333 0.11354166666666667 0.0578125 0.06614583333333333
0 0.40703125 0.8807291666666667 0.12135416666666667 0.09739583333333333
0 0.1609375 0.7817708333333333 0.06041666666666667 0.053125
0 0.26953125 0.6794270833333333 0.0984375 0.075
0 0.7895833333333333 0.03307291666666667 0.0453125 0.052083333333333336
0 0.6518229166666667 0.0484375 0.2203125 0.09583333333333334
0 0.05390625 0.7791666666666667 0.07552083333333333 0.07604166666666666
0 0.21588541666666666 0.7072916666666667 0.0484375 0.041666666666666664
0 0.03203125 0.8986979166666667 0.06354166666666666 0.20104166666666667
0 0.2671875 0.60234375 0.11041666666666666 0.09010416666666667
0 0.8263020833333333 0.53515625 0.11302083333333333 0.11041666666666666
0 0.0296875 0.5924479166666666 0.059375 0.08854166666666667
0 0.29270833333333335 0.031510416666666666 0.19739583333333333 0.06197916666666667
0 0.37890625 0.825 0.07604166666666666 0.0390625
0 0.096875 0.3151041666666667 0.08697916666666666 0.11458333333333333
0 0.020833333333333332 0.6794270833333333 0.041666666666666664 0.08333333333333333
0 0.3299479166666667 0.21875 0.13645833333333332 0.278125
0 0.8190104166666666 0.4005208333333333 0.13229166666666667 0.17395833333333333
0 0.85703125 0.26953125 0.1140625 0.06458333333333334
0 0.6989583333333333 0.48151041666666666 0.078125 0.09895833333333333
0 0.7953125 0.9216145833333333 0.09635416666666667 0.12447916666666667
0 0.5463541666666667 0.29921875 0.30885416666666665 0.30416666666666664
0 0.3046875 0.9796875 0.08802083333333334 0.040625
0 0.67578125 0.12447916666666667 0.050520833333333334 0.06822916666666666
0 0.20598958333333334 0.3546875 0.11927083333333334 0.11614583333333334
0 0.3145833333333333 0.9361979166666666 0.08697916666666666 0.04895833333333333
0 0.15572916666666667 0.6455729166666667 0.1203125 0.1015625
0 0.6333333333333333 0.63203125 0.13541666666666666 0.12135416666666667
0 0.30833333333333335 0.9861979166666667 0.09270833333333334 0.027604166666666666
0 0.74765625 0.5916666666666667 0.11770833333333333 0.11354166666666667
0 0.49296875 0.109375 0.19270833333333334 0.18697916666666667
0 0.41770833333333335 0.04140625 0.10989583333333333 0.0796875
0 0.23151041666666666 0.16640625 0.090625 0.10989583333333333
0 0.35546875 0.66796875 0.04895833333333333 0.07083333333333333
0 0.8825520833333333 0.19401041666666666 0.16145833333333334 0.12135416666666667
0 0.9729166666666667 0.1859375 0.05416666666666667 0.18333333333333332
0 0.759375 0.50546875 0.07135416666666666 0.08802083333333334
0 0.9424479166666667 0.3640625 0.11145833333333334 0.171875
0 0.93515625 0.55625 0.125 0.17395833333333333
0 0.8822916666666667 0.7541666666666667 0.16041666666666668 0.1625
0 0.9658854166666667 0.77890625 0.0453125 0.05625
0 0.8708333333333333 0.96953125 0.07916666666666666 0.0609375
0 0.6388020833333333 0.76640625 0.19479166666666667 0.178125
0 0.43645833333333334 0.96484375 0.15520833333333334 0.0703125
0 0.6049479166666667 0.9346354166666667 0.25 0.13072916666666667
0 0.7643229166666666 0.8135416666666667 0.0515625 0.10364583333333334
0 0.026302083333333334 0.3184895833333333 0.05260416666666667 0.19270833333333334
0 0.07708333333333334 0.028125 0.15416666666666667 0.05625