0 0.88125 0.09036458333333333 0.13489583333333333 0.13020833333333334
0 0.16901041666666666 0.25026041666666665 0.13177083333333334 0.11822916666666666
0 0.6768229166666667 0.1796875 0.16666666666666666 0.1734375
0 0.8895833333333333 0.85859375 0.19635416666666666 0.20520833333333333
0 0.7661458333333333 0.7606770833333333 0.09947916666666666 0.11510416666666666
0 0.8669270833333333 0.7088541666666667 0.0953125 0.09375
0 0.08776041666666666 0.103125 0.16302083333333334 0.20625
0 0.721875 0.8760416666666667 0.078125 0.0796875
0 0.965625 0.76953125 0.06041666666666667 0.06354166666666666
0 0.115625 0.37395833333333334 0.0671875 0.058854166666666666
0 0.8791666666666667 0.5994791666666667 0.09947916666666666 0.12291666666666666
0 0.77578125 0.8440104166666667 0.05416666666666667 0.06145833333333333
0 0.6752604166666667 0.73359375 0.0765625 0.09947916666666666
0 0.03828125 0.20234375 0.053125 0.04635416666666667
0 0.051041666666666666 0.34036458333333336 0.09947916666666666 0.221875
0 0.7713541666666667 0.95078125 0.07760416666666667 0.07708333333333334
0 0.70234375 0.7877604166666666 0.042708333333333334 0.04895833333333333
0 0.8901041666666667 0.9705729166666667 0.20208333333333334 0.058854166666666666
0 0.5981770833333333 0.7346354166666667 0.0921875 0.11197916666666667
0 0.5408854166666667 0.17447916666666666 0.1125 0.11510416666666666
0 0.5838541666666667 0.9705729166666667 0.08958333333333333 0.058854166666666666
0 0.030208333333333334 0.6986979166666667 0.06041666666666667 0.1984375
0 0.8229166666666666 0.6268229166666667 0.040625 0.0765625
0 0.30807291666666664 0.8997395833333334 0.11614583333333334 0.0890625
0 0.67109375 0.9802083333333333 0.08385416666666666 0.03958333333333333
0 0.21588541666666666 0.6651041666666667 0.28020833333333334 0.14114583333333333
0 0.40598958333333335 0.17942708333333332 0.17604166666666668 0.13541666666666666
0 0.27578125 0.1390625 0.06666666666666667 0.11510416666666666
0 0.48489583333333336 0.30078125 0.10052083333333334 0.0796875
0 0.9268229166666667 0.21197916666666666 0.12604166666666666 0.0984375
0 0.3 0.45026041666666666 0.309375 0.3140625
0 0.9763020833333333 0.7036458333333333 0.0421875 0.08854166666666667
0 0.12760416666666666 0.3177083333333333 0.06927083333333334 0.0515625
0 0.3494791666666667 0.79140625 0.11822916666666666 0.12135416666666667
0 0.9328125 0.69296875 0.050520833333333334 0.08802083333333334
0 0.6395833333333333 0.846875 0.10364583333333334 0.121875
0 0.634375 0.3690104166666667 0.12395833333333334 0.1375
0 0.9828125 0.7 0.029166666666666667 0.09322916666666667
0 0.59609375 0.25390625 0.115625 0.11979166666666667
0 0.109375 0.5002604166666667 0.19010416666666666 0.19583333333333333
0 0.040364583333333336 0.5739583333333333 0.08072916666666667 0.11145833333333334
0 0.16171875 0.7625 0.11145833333333334 0.09270833333333334
0 0.6653645833333334 0.6473958333333333 0.071875 0.05
0 0.20078125 0.11223958333333334 0.12395833333333334 0.16354166666666667
0 0.19427083333333334 0.025 0.184375 0.05
0 0.5098958333333333 0.24088541666666666 0.0890625 0.07291666666666667
0 0.371875 0.05625 0.17395833333333333 0.1125
0 0.5638020833333334 0.06588541666666667 0.17604166666666668 0.128125
0 0.7606770833333333 0.12213541666666666 0.16510416666666666 0.16302083333333334
0 0.7869791666666667 0.0390625 0.057291666666666664 0.04635416666666667
0 0.9723958333333333 0.1375 0.05520833333333333 0.08020833333333334
0 0.76875 0.3658854166666667 0.18125 0.19791666666666666
0 0.9635416666666666 0.5716145833333334 0.07291666666666667 0.15625
0 0.934375 0.40260416666666665 0.13125 0.2520833333333333
0 0.8182291666666667 0.24114583333333334 0.1046875 0.053125
0 0.31015625 0.9705729166666667 0.19375 0.05572916666666667
0 0.025 0.9145833333333333 0.05 0.15520833333333334