0 0.91484375 0.8760416666666667 0.13125 0.13541666666666666
0 0.75078125 0.16458333333333333 0.11875 0.13229166666666667
0 0.82421875 0.6721354166666667 0.17447916666666666 0.16770833333333332
0 0.14661458333333333 0.8888020833333333 0.20625 0.19739583333333333
0 0.24375 0.76484375 0.115625 0.1
0 0.29609375 0.8651041666666667 0.09427083333333333 0.09583333333333334
0 0.8966145833333333 0.08255208333333333 0.20677083333333332 0.1640625
0 0.128125 0.72109375 0.08020833333333334 0.07864583333333333
0 0.23619791666666667 0.9643229166666667 0.0640625 0.0609375
0 0.6268229166666667 0.11197916666666667 0.059375 0.06770833333333333
0 0.40572916666666664 0.8768229166666667 0.1234375 0.1
0 0.16041666666666668 0.775 0.06197916666666667 0.0546875
0 0.2703125 0.6736979166666667 0.1 0.07708333333333334
0 0.7979166666666667 0.03359375 0.046875 0.05364583333333333
0 0.6598958333333333 0.04869791666666667 0.22239583333333332 0.09739583333333333
0 0.05364583333333333 0.77109375 0.07760416666666667 0.078125
0 0.21640625 0.7010416666666667 0.04895833333333333 0.043229166666666666
0 0.03463541666666667 0.88984375 0.059895833333333336 0.20260416666666667
0 0.26875 0.5966145833333333 0.1125 0.09270833333333334
0 0.8286458333333333 0.5361979166666667 0.115625 0.11302083333333333
0 0.032552083333333336 0.58359375 0.058854166666666666 0.09010416666666667
0 0.30104166666666665 0.0296875 0.19895833333333332 0.059375
0 0.37786458333333334 0.8208333333333333 0.0765625 0.04114583333333333
0 0.10208333333333333 0.30755208333333334 0.08958333333333333 0.11666666666666667
0 0.0234375 0.67109375 0.03958333333333333 0.08385416666666666
0 0.33619791666666665 0.2140625 0.14270833333333333 0.28125
0 0.8229166666666666 0.40130208333333334 0.13645833333333332 0.17708333333333334
0 0.8625 0.2708333333333333 0.115625 0.0671875
0 0.7020833333333333 0.48072916666666665 0.08020833333333334 0.10104166666666667
0 0.7934895833333333 0.9221354166666667 0.09895833333333333 0.1265625
0 0.5515625 0.296875 0.315625 0.31145833333333334
0 0.3020833333333333 0.9744791666666667 0.08854166666666667 0.042708333333333334
0 0.6830729166666667 0.12369791666666667 0.052083333333333336 0.06979166666666667
0 0.21067708333333332 0.34817708333333336 0.121875 0.11875
0 0.3125 0.9309895833333334 0.08854166666666667 0.051041666666666666
0 0.15677083333333333 0.6388020833333333 0.12239583333333333 0.10416666666666667
0 0.6346354166666667 0.6307291666666667 0.13802083333333334 0.125
0 0.30572916666666666 0.9809895833333333 0.09322916666666667 0.0296875
0 0.7494791666666667 0.5916666666666667 0.1203125 0.11614583333333334
0 0.5002604166666667 0.10651041666666666 0.196875 0.19114583333333332
0 0.42578125 0.039322916666666666 0.11197916666666667 0.07864583333333333
0 0.23854166666666668 0.16041666666666668 0.09322916666666667 0.11197916666666667
0 0.35651041666666666 0.66328125 0.050520833333333334 0.07239583333333334
0 0.8888020833333333 0.19557291666666668 0.1640625 0.125
0 0.975 0.18854166666666666 0.05 0.18489583333333334
0 0.7619791666666667 0.50546875 0.0734375 0.08958333333333333
0 0.94453125 0.36640625 0.1109375 0.17447916666666666
0 0.9364583333333333 0.5583333333333333 0.12708333333333333 0.1765625
0 0.8822916666666667 0.75546875 0.1640625 0.16614583333333333
0 0.965625 0.7815104166666667 0.046875 0.0578125
0 0.8682291666666667 0.9674479166666666 0.08072916666666667 0.05572916666666667
0 0.6385416666666667 0.7651041666666667 0.19895833333333332 0.18229166666666666
0 0.43411458333333336 0.9609375 0.15677083333333333 0.07395833333333333
0 0.6028645833333334 0.9309895833333334 0.2526041666666667 0.1328125
0 0.7635416666666667 0.8138020833333334 0.05364583333333333 0.10520833333333333
0 0.03125 0.3098958333333333 0.05677083333333333 0.19427083333333334
0 0.08567708333333333 0.025 0.15572916666666667 0.05