0 0.5557291666666667 0.74609375 0.08489583333333334 0.13385416666666666
0 0.41796875 0.26536458333333335 0.2546875 0.20416666666666666
0 0.2596354166666667 0.5598958333333334 0.12760416666666666 0.13385416666666666
0 0.66171875 0.39114583333333336 0.21145833333333333 0.21666666666666667
0 0.9330729166666667 0.5872395833333334 0.125 0.13958333333333334
0 0.86640625 0.5489583333333333 0.1203125 0.128125
0 0.8223958333333333 0.73203125 0.28489583333333335 0.19739583333333333
0 0.33229166666666665 0.6328125 0.1078125 0.15885416666666666
0 0.15520833333333334 0.7338541666666667 0.1265625 0.11145833333333334
0 0.17057291666666666 0.4484375 0.21770833333333334 0.2125
0 0.859375 0.3888020833333333 0.20572916666666666 0.23333333333333334
0 0.21822916666666667 0.05026041666666667 0.12760416666666666 0.0984375
0 0.7151041666666667 0.5875 0.1453125 0.12552083333333333
0 0.38255208333333335 0.08359375 0.17760416666666667 0.15677083333333333
0 0.26458333333333334 0.253125 0.10989583333333333 0.17604166666666668
0 0.05130208333333333 0.39739583333333334 0.10260416666666666 0.2265625
0 0.04010416666666667 0.5643229166666667 0.08020833333333334 0.13541666666666666
0 0.30546875 0.40703125 0.10729166666666666 0.13489583333333333
0 0.05703125 0.8455729166666667 0.1140625 0.19322916666666667
0 0.6611979166666667 0.7971354166666667 0.14479166666666668 0.17708333333333334
0 0.36041666666666666 0.85625 0.11822916666666666 0.1265625
0 0.21067708333333332 0.9033854166666667 0.2015625 0.19322916666666667
0 0.9598958333333333 0.42473958333333334 0.0765625 0.1890625
0 0.47578125 0.4049479166666667 0.16458333333333333 0.13697916666666668
0 0.1125 0.25338541666666664 0.22291666666666668 0.19635416666666666
0 0.1109375 0.9138020833333333 0.044270833333333336 0.041666666666666664
0 0.14817708333333332 0.6268229166666667 0.18333333333333332 0.15052083333333333
0 0.8763020833333334 0.94140625 0.23697916666666666 0.1171875
0 0.5752604166666667 0.92890625 0.17760416666666667 0.1421875
0 0.5908854166666667 0.15729166666666666 0.19739583333333333 0.14791666666666667
0 0.9252604166666667 0.12838541666666667 0.14947916666666666 0.24114583333333334
0 0.48151041666666666 0.7447916666666666 0.07864583333333333 0.09375
0 0.12994791666666666 0.09114583333333333 0.15729166666666666 0.14635416666666667
0 0.053385416666666664 0.9572916666666667 0.10677083333333333 0.08541666666666667
0 0.9403645833333333 0.8549479166666667 0.1078125 0.19010416666666666
0 0.11145833333333334 0.8627604166666667 0.0546875 0.0609375
0 0.03359375 0.09010416666666667 0.0671875 0.09895833333333333
0 0.6643229166666667 0.05078125 0.1234375 0.09114583333333333
0 0.48046875 0.8190104166666666 0.11822916666666666 0.06927083333333334
0 0.70859375 0.11666666666666667 0.05 0.05364583333333333
0 0.45234375 0.046614583333333334 0.17864583333333334 0.0890625
0 0.36380208333333336 0.49765625 0.10989583333333333 0.084375
0 0.5893229166666667 0.05260416666666667 0.05625 0.05625
0 0.32786458333333335 0.9690104166666667 0.12447916666666667 0.06197916666666667
0 0.7815104166666667 0.053125 0.12395833333333334 0.0953125
0 0.07057291666666667 0.73984375 0.049479166666666664 0.04375
0 0.265625 0.7591145833333334 0.10416666666666667 0.11510416666666666
0 0.5447916666666667 0.4752604166666667 0.08020833333333334 0.059375
0 0.12864583333333332 0.80546875 0.0375 0.04375
0 0.15052083333333333 0.8479166666666667 0.0296875 0.0359375