0 0.5643229166666667 0.7416666666666667 0.08645833333333333 0.13489583333333333
0 0.4153645833333333 0.26458333333333334 0.25729166666666664 0.20677083333333332
0 0.2638020833333333 0.5625 0.12916666666666668 0.13541666666666666
0 0.6619791666666667 0.384375 0.2140625 0.21927083333333333
0 0.9372395833333333 0.57421875 0.12552083333333333 0.14114583333333333
0 0.8703125 0.5375 0.121875 0.1296875
0 0.83046875 0.7216145833333333 0.2869791666666667 0.20052083333333334
0 0.33828125 0.63359375 0.109375 0.16041666666666668
0 0.16354166666666667 0.7388020833333333 0.128125 0.11302083333333333
0 0.17239583333333333 0.453125 0.2203125 0.21510416666666668
0 0.8596354166666667 0.3776041666666667 0.20833333333333334 0.2359375
0 0.21067708333333332 0.05390625 0.12864583333333332 0.1
0 0.7197916666666667 0.5794270833333334 0.146875 0.12708333333333333
0 0.37578125 0.08333333333333333 0.17916666666666667 0.15885416666666666
0 0.26171875 0.2557291666666667 0.11197916666666667 0.17760416666666667
0 0.05234375 0.4049479166666667 0.1046875 0.22760416666666666
0 0.04348958333333333 0.5721354166666667 0.084375 0.13645833333333332
0 0.30625 0.40859375 0.10833333333333334 0.13645833333333332
0 0.06510416666666667 0.8528645833333334 0.12135416666666667 0.19479166666666667
0 0.67109375 0.7903645833333334 0.146875 0.17864583333333334
0 0.37161458333333336 0.8565104166666667 0.11979166666666667 0.128125
0 0.22265625 0.9046875 0.20364583333333333 0.190625
0 0.9606770833333333 0.41119791666666666 0.07864583333333333 0.18958333333333333
0 0.47630208333333335 0.40260416666666665 0.16614583333333333 0.13854166666666667
0 0.11119791666666666 0.259375 0.22239583333333332 0.19895833333333332
0 0.1234375 0.91953125 0.04479166666666667 0.0421875
0 0.15416666666666667 0.63203125 0.18489583333333334 0.15260416666666668
0 0.8848958333333333 0.9317708333333333 0.23020833333333332 0.125
0 0.58828125 0.9255208333333333 0.17916666666666667 0.14791666666666667
0 0.5856770833333333 0.15234375 0.19895833333333332 0.15052083333333333
0 0.9192708333333334 0.11848958333333333 0.15208333333333332 0.23697916666666666
0 0.4901041666666667 0.7421875 0.0796875 0.09479166666666666
0 0.1234375 0.096875 0.15885416666666666 0.14791666666666667
0 0.06510416666666667 0.9604166666666667 0.11145833333333334 0.07916666666666666
0 0.9481770833333333 0.8416666666666667 0.10364583333333334 0.19166666666666668
0 0.12265625 0.8684895833333334 0.05520833333333333 0.06145833333333333
0 0.03046875 0.09765625 0.0609375 0.09947916666666666
0 0.6565104166666667 0.04505208333333333 0.12447916666666667 0.09010416666666667
0 0.490625 0.81640625 0.11875 0.07083333333333333
0 0.7026041666666667 0.10885416666666667 0.050520833333333334 0.05416666666666667
0 0.44453125 0.04505208333333333 0.1796875 0.09010416666666667
0 0.36666666666666664 0.4979166666666667 0.1109375 0.0859375
0 0.5817708333333333 0.04765625 0.05677083333333333 0.05677083333333333
0 0.3416666666666667 0.9690104166666667 0.125 0.06197916666666667
0 0.7739583333333333 0.04609375 0.125 0.0921875
0 0.07916666666666666 0.7466145833333333 0.05 0.044270833333333336
0 0.27447916666666666 0.7614583333333333 0.10572916666666667 0.11614583333333334
0 0.5471354166666667 0.4713541666666667 0.08072916666666667 0.06041666666666667
0 0.13880208333333333 0.8109375 0.03802083333333333 0.044270833333333336
0 0.16145833333333334 0.853125 0.030208333333333334 0.036458333333333336