0 0.43984375 0.2546875 0.084375 0.13385416666666666
0 0.58046875 0.73359375 0.25364583333333335 0.20416666666666666
0 0.7372395833333333 0.4375 0.12708333333333333 0.13385416666666666
0 0.3359375 0.6106770833333334 0.21041666666666667 0.21666666666666667
0 0.06354166666666666 0.41796875 0.12395833333333334 0.13958333333333334
0 0.13046875 0.4552083333333333 0.11979166666666667 0.128125
0 0.1734375 0.2716145833333333 0.2838541666666667 0.19739583333333333
0 0.6640625 0.3653645833333333 0.10677083333333333 0.15885416666666666
0 0.840625 0.26223958333333336 0.12604166666666666 0.11145833333333334
0 0.8268229166666666 0.5479166666666667 0.21666666666666667 0.2125
0 0.13828125 0.6153645833333333 0.20416666666666666 0.23333333333333334
0 0.7815104166666667 0.9466145833333334 0.12708333333333333 0.0984375
0 0.28151041666666665 0.41510416666666666 0.14479166666666668 0.12552083333333333
0 0.6169270833333333 0.9151041666666667 0.1765625 0.15677083333333333
0 0.7338541666666667 0.7442708333333333 0.10885416666666667 0.17604166666666668
0 0.9473958333333333 0.5973958333333333 0.10364583333333334 0.2265625
0 0.9578125 0.43046875 0.08229166666666667 0.13541666666666666
0 0.6921875 0.5908854166666667 0.10625 0.13489583333333333
0 0.9408854166666667 0.14921875 0.11822916666666666 0.19322916666666667
0 0.3341145833333333 0.20494791666666667 0.14375 0.17708333333333334
0 0.6346354166666667 0.1421875 0.11770833333333333 0.1265625
0 0.7841145833333333 0.09479166666666666 0.20052083333333334 0.18958333333333333
0 0.037760416666666664 0.58046875 0.07552083333333333 0.1890625
0 0.521875 0.5947916666666667 0.16354166666666667 0.13697916666666668
0 0.8859375 0.7421875 0.221875 0.19635416666666666
0 0.8838541666666667 0.08177083333333333 0.044270833333333336 0.041666666666666664
0 0.8481770833333333 0.3690104166666667 0.18229166666666666 0.15052083333333333
0 0.11822916666666666 0.0609375 0.23645833333333333 0.121875
0 0.4192708333333333 0.07161458333333333 0.1765625 0.14322916666666666
0 0.4083333333333333 0.84375 0.19635416666666666 0.14791666666666667
0 0.07395833333333333 0.8765625 0.14791666666666667 0.24114583333333334
0 0.5140625 0.2552083333333333 0.078125 0.09375
0 0.86953125 0.9046875 0.15625 0.14635416666666667
0 0.9427083333333334 0.04010416666666667 0.10989583333333333 0.08020833333333334
0 0.0546875 0.15026041666666667 0.10677083333333333 0.19010416666666666
0 0.88359375 0.1328125 0.05416666666666667 0.0609375
0 0.96640625 0.9044270833333333 0.0671875 0.09895833333333333
0 0.33541666666666664 0.9513020833333333 0.12291666666666666 0.09114583333333333
0 0.51484375 0.18072916666666666 0.11770833333333333 0.06927083333333334
0 0.290625 0.8859375 0.049479166666666664 0.05364583333333333
0 0.5473958333333333 0.9528645833333333 0.178125 0.0890625
0 0.6333333333333333 0.50078125 0.109375 0.084375
0 0.41041666666666665 0.9484375 0.05572916666666667 0.05625
0 0.66640625 0.029947916666666668 0.12395833333333334 0.059895833333333336
0 0.21822916666666667 0.95 0.1234375 0.0953125
0 0.925 0.2552083333333333 0.049479166666666664 0.04375
0 0.7299479166666667 0.23828125 0.10364583333333334 0.11510416666666666
0 0.45234375 0.5252604166666667 0.0796875 0.059375
0 0.8666666666666667 0.19036458333333334 0.0375 0.04375
0 0.84453125 0.14791666666666667 0.0296875 0.0359375