0 0.4440104166666667 0.74375 0.08645833333333333 0.13489583333333333
0 0.5763020833333333 0.26171875 0.25729166666666664 0.20677083333333332
0 0.73828125 0.5541666666666667 0.12916666666666668 0.13541666666666666
0 0.3341145833333333 0.39010416666666664 0.2140625 0.21927083333333333
0 0.06510416666666667 0.5893229166666667 0.1265625 0.14114583333333333
0 0.13125 0.5505208333333333 0.121875 0.1296875
0 0.17734375 0.7330729166666666 0.2869791666666667 0.20052083333333334
0 0.66640625 0.6278645833333333 0.109375 0.16041666666666668
0 0.84453125 0.7268229166666667 0.128125 0.11302083333333333
0 0.82578125 0.44166666666666665 0.2203125 0.21510416666666668
0 0.13619791666666667 0.39010416666666664 0.20833333333333334 0.2359375
0 0.7736979166666667 0.046875 0.12864583333333332 0.09375
0 0.2830729166666667 0.5872395833333334 0.146875 0.12708333333333333
0 0.609375 0.07916666666666666 0.17916666666666667 0.15833333333333333
0 0.7294270833333333 0.24739583333333334 0.11197916666666667 0.17760416666666667
0 0.9455729166666667 0.3893229166666667 0.1078125 0.22760416666666666
0 0.9583333333333334 0.5557291666666667 0.08333333333333333 0.13645833333333332
0 0.690625 0.40182291666666664 0.10833333333333334 0.13645833333333332
0 0.94296875 0.8375 0.1140625 0.19479166666666667
0 0.33932291666666664 0.79609375 0.146875 0.17864583333333334
0 0.6408854166666667 0.8518229166666667 0.11979166666666667 0.128125
0 0.7911458333333333 0.8981770833333333 0.20364583333333333 0.19739583333333333
0 0.037760416666666664 0.4270833333333333 0.07552083333333333 0.18958333333333333
0 0.5200520833333333 0.40182291666666664 0.16614583333333333 0.13854166666666667
0 0.8815104166666666 0.24583333333333332 0.225 0.19895833333333332
0 0.8908854166666667 0.90625 0.04479166666666667 0.0421875
0 0.8502604166666666 0.6200520833333333 0.18489583333333334 0.15260416666666668
0 0.12604166666666666 0.94140625 0.23854166666666668 0.1171875
0 0.4265625 0.9270833333333334 0.17916666666666667 0.14583333333333334
0 0.40234375 0.15546875 0.19895833333333332 0.15052083333333333
0 0.07161458333333333 0.13020833333333334 0.14322916666666666 0.24270833333333333
0 0.5182291666666666 0.7416666666666667 0.0796875 0.09479166666666666
0 0.8622395833333333 0.08385416666666666 0.15885416666666666 0.14791666666666667
0 0.9473958333333333 0.94921875 0.10520833333333333 0.08697916666666666
0 0.0609375 0.8572916666666667 0.10989583333333333 0.19166666666666668
0 0.88984375 0.8552083333333333 0.05520833333333333 0.06145833333333333
0 0.9591145833333333 0.08177083333333333 0.06875 0.09947916666666666
0 0.32760416666666664 0.04973958333333333 0.12447916666666667 0.09270833333333334
0 0.5203125 0.8158854166666667 0.11875 0.07083333333333333
0 0.2838541666666667 0.11614583333333334 0.050520833333333334 0.05416666666666667
0 0.5393229166666667 0.044270833333333336 0.1796875 0.08854166666666667
0 0.6333333333333333 0.49322916666666666 0.1109375 0.0859375
0 0.40260416666666665 0.05078125 0.05677083333333333 0.05677083333333333
0 0.6744791666666666 0.9653645833333333 0.125 0.065625
0 0.21041666666666667 0.05364583333333333 0.125 0.096875
0 0.9291666666666667 0.7317708333333334 0.05 0.044270833333333336
0 0.734375 0.7533854166666667 0.10572916666666667 0.11614583333333334
0 0.4518229166666667 0.47291666666666665 0.08072916666666667 0.06041666666666667
0 0.871875 0.7981770833333334 0.03802083333333333 0.044270833333333336
0 0.8505208333333333 0.8411458333333334 0.030208333333333334 0.036458333333333336