0 0.38046875 0.4278645833333333 0.14427083333333332 0.12239583333333333
0 0.278125 0.48723958333333334 0.103125 0.13697916666666668
0 0.77578125 0.39505208333333336 0.2015625 0.1984375
0 0.06041666666666667 0.32109375 0.12083333333333333 0.19322916666666667
0 0.6057291666666667 0.20364583333333333 0.26979166666666665 0.2947916666666667
0 0.71875 0.8028645833333333 0.15416666666666667 0.12864583333333332
0 0.1296875 0.12369791666666667 0.10520833333333333 0.13177083333333334
0 0.43125 0.6703125 0.08333333333333333 0.10729166666666666
0 0.34296875 0.04635416666666667 0.09114583333333333 0.07916666666666666
0 0.3515625 0.5411458333333333 0.109375 0.075
0 0.35 0.9520833333333333 0.11041666666666666 0.09583333333333334
0 0.3580729166666667 0.225 0.07447916666666667 0.09583333333333334
0 0.41302083333333334 0.290625 0.07916666666666666 0.07083333333333333
0 0.42135416666666664 0.5893229166666667 0.053125 0.0546875
0 0.76953125 0.61796875 0.10364583333333334 0.12447916666666667
0 0.05755208333333333 0.0890625 0.11510416666666666 0.10416666666666667
0 0.22838541666666667 0.09244791666666667 0.13072916666666667 0.09114583333333333
0 0.27578125 0.20026041666666666 0.09114583333333333 0.0890625
0 0.5184895833333333 0.6739583333333333 0.07447916666666667 0.07916666666666666
0 0.4544270833333333 0.9111979166666667 0.12135416666666667 0.0921875
0 0.12890625 0.4440104166666667 0.19322916666666667 0.13385416666666666
0 0.5369791666666667 0.959375 0.103125 0.08020833333333334
0 0.75078125 0.7263020833333333 0.0796875 0.09427083333333333
0 0.35208333333333336 0.7411458333333333 0.04375 0.052083333333333336
0 0.47994791666666664 0.6276041666666666 0.06614583333333333 0.065625
0 0.6541666666666667 0.7072916666666667 0.06666666666666667 0.0625
0 0.5119791666666667 0.7466145833333333 0.08333333333333333 0.06927083333333334
0 0.19583333333333333 0.3299479166666667 0.07916666666666666 0.08385416666666666
0 0.61796875 0.5705729166666667 0.0765625 0.08072916666666667
0 0.45 0.4830729166666667 0.07708333333333334 0.0953125
0 0.11458333333333333 0.8533854166666667 0.06770833333333333 0.1078125
0 0.16484375 0.9690104166666667 0.08385416666666666 0.06197916666666667
0 0.23046875 0.2591145833333333 0.06822916666666666 0.0734375
0 0.5596354166666667 0.8252604166666667 0.07760416666666667 0.0671875
0 0.40546875 0.8234375 0.0734375 0.075
0 0.59609375 0.7828125 0.06927083333333334 0.058333333333333334
0 0.7114583333333333 0.5630208333333333 0.06666666666666667 0.065625
0 0.0796875 0.94609375 0.075 0.050520833333333334
0 0.5872395833333334 0.63359375 0.0734375 0.0765625
0 0.8346354166666666 0.72421875 0.0921875 0.0859375
0 0.7190104166666667 0.9682291666666667 0.0671875 0.0625
0 0.4979166666666667 0.8510416666666667 0.071875 0.05
0 0.3458333333333333 0.6768229166666667 0.08229166666666667 0.06822916666666666
0 0.19036458333333334 0.7044270833333334 0.0796875 0.0953125
0 0.3338541666666667 0.13541666666666666 0.08229166666666667 0.07708333333333334
0 0.5828125 0.728125 0.065625 0.06666666666666667
0 0.40729166666666666 0.7450520833333333 0.0875 0.0796875
0 0.6981770833333333 0.61484375 0.044270833333333336 0.04635416666666667
0 0.8638020833333333 0.8880208333333334 0.10052083333333334 0.09479166666666666
0 0.12916666666666668 0.7348958333333333 0.07604166666666666 0.10520833333333333
0 0.7752604166666667 0.9552083333333333 0.07239583333333334 0.065625
0 0.23802083333333332 0.659375 0.07083333333333333 0.08125
0 0.18229166666666666 0.81796875 0.06354166666666666 0.0921875
0 0.28932291666666665 0.7536458333333333 0.06822916666666666 0.07395833333333333
0 0.23645833333333333 0.91171875 0.057291666666666664 0.04635416666666667
0 0.08307291666666666 0.7950520833333333 0.06510416666666667 0.05364583333333333
0 0.10572916666666667 0.34270833333333334 0.10625 0.078125
0 0.4864583333333333 0.8036458333333333 0.053125 0.04375
0 0.06536458333333334 0.8921875 0.07135416666666666 0.06354166666666666
0 0.8096354166666667 0.8486979166666667 0.05677083333333333 0.05364583333333333
0 0.6026041666666667 0.9216145833333333 0.06770833333333333 0.06510416666666667
0 0.67890625 0.8690104166666667 0.05677083333333333 0.0484375
0 0.6125 0.8533854166666667 0.06354166666666666 0.06614583333333333
0 0.6559895833333333 0.6270833333333333 0.0421875 0.052083333333333336
0 0.24114583333333334 0.15625 0.08333333333333333 0.08020833333333334
0 0.02890625 0.7651041666666667 0.0578125 0.090625
0 0.753125 0.8963541666666667 0.06145833333333333 0.058333333333333334
0 0.49713541666666666 0.03307291666666667 0.12135416666666667 0.0640625
0 0.6875 0.9151041666666667 0.07291666666666667 0.05520833333333333
0 0.20494791666666667 0.8622395833333333 0.04739583333333333 0.0703125
0 0.5502604166666667 0.8890625 0.0578125 0.058333333333333334
0 0.2630208333333333 0.8205729166666667 0.09583333333333334 0.0546875
0 0.035416666666666666 0.8375 0.07083333333333333 0.04895833333333333
0 0.036458333333333336 0.19348958333333333 0.05416666666666667 0.049479166666666664
0 0.16744791666666667 0.89921875 0.04010416666666667 0.049479166666666664
0 0.7026041666666667 0.6786458333333333 0.040625 0.040625
0 0.66015625 0.8291666666666667 0.04635416666666667 0.03854166666666667
0 0.019010416666666665 0.9091145833333333 0.03802083333333333 0.07864583333333333
0 0.4479166666666667 0.8049479166666667 0.035416666666666666 0.044270833333333336
0 0.23541666666666666 0.96875 0.08645833333333333 0.0625
0 0.22317708333333333 0.75078125 0.06822916666666666 0.08177083333333333
0 0.23411458333333332 0.35390625 0.033854166666666664 0.04114583333333333
0 0.23828125 0.8658854166666666 0.044270833333333336 0.0390625
0 0.6473958333333333 0.9627604166666667 0.071875 0.0484375
0 0.06901041666666667 0.17057291666666666 0.05364583333333333 0.07864583333333333
0 0.43828125 0.9833333333333333 0.06614583333333333 0.03333333333333333
0 0.1609375 0.03854166666666667 0.035416666666666666 0.03854166666666667
0 0.8729166666666667 0.9708333333333333 0.15833333333333333 0.058333333333333334
0 0.07916666666666666 0.9859375 0.06979166666666667 0.028125
0 0.6169270833333333 0.9916666666666667 0.07552083333333333 0.016666666666666666
0 0.6716145833333333 0.9921875 0.06302083333333333 0.015625
0 0.03723958333333333 0.6958333333333333 0.0734375 0.078125
0 0.34921875 0.7859375 0.044270833333333336 0.0375
0 0.3421875 0.8895833333333333 0.042708333333333334 0.036458333333333336
0 0.34036458333333336 0.8231770833333333 0.041666666666666664 0.034895833333333334
0 0.30833333333333335 0.8630208333333333 0.0703125 0.06458333333333334
0 0.3578125 0.5880208333333333 0.06041666666666667 0.058854166666666666