0 0.37786458333333334 0.4278645833333333 0.14479166666666668 0.12239583333333333
0 0.2752604166666667 0.48723958333333334 0.10416666666666667 0.13697916666666668
0 0.7734375 0.39505208333333336 0.20260416666666667 0.1984375
0 0.05963541666666667 0.32109375 0.11927083333333334 0.19322916666666667
0 0.6044270833333333 0.20364583333333333 0.2713541666666667 0.2947916666666667
0 0.7140625 0.8028645833333333 0.1546875 0.12864583333333332
0 0.12890625 0.12369791666666667 0.10572916666666667 0.13177083333333334
0 0.42734375 0.6703125 0.08385416666666666 0.10729166666666666
0 0.34270833333333334 0.04635416666666667 0.09166666666666666 0.07916666666666666
0 0.3484375 0.5411458333333333 0.10989583333333333 0.075
0 0.34453125 0.9520833333333333 0.1109375 0.09583333333333334
0 0.3567708333333333 0.225 0.075 0.09583333333333334
0 0.4114583333333333 0.290625 0.0796875 0.07083333333333333
0 0.41796875 0.5893229166666667 0.05364583333333333 0.0546875
0 0.7658854166666667 0.61796875 0.10416666666666667 0.12447916666666667
0 0.05755208333333333 0.0890625 0.11510416666666666 0.10416666666666667
0 0.22786458333333334 0.09244791666666667 0.13125 0.09114583333333333
0 0.2747395833333333 0.20026041666666666 0.09166666666666666 0.0890625
0 0.5145833333333333 0.6739583333333333 0.075 0.07916666666666666
0 0.44921875 0.9111979166666667 0.121875 0.0921875
0 0.12630208333333334 0.4440104166666667 0.19375 0.13385416666666666
0 0.5315104166666667 0.959375 0.10364583333333334 0.08020833333333334
0 0.7466145833333333 0.7263020833333333 0.08020833333333334 0.09427083333333333
0 0.34765625 0.7411458333333333 0.044270833333333336 0.052083333333333336
0 0.47630208333333335 0.6276041666666666 0.06666666666666667 0.065625
0 0.65 0.7072916666666667 0.0671875 0.0625
0 0.5075520833333333 0.7466145833333333 0.08385416666666666 0.06927083333333334
0 0.19401041666666666 0.3299479166666667 0.0796875 0.08385416666666666
0 0.6145833333333334 0.5705729166666667 0.07708333333333334 0.08072916666666667
0 0.4471354166666667 0.4830729166666667 0.07760416666666667 0.0953125
0 0.10963541666666667 0.8533854166666667 0.06822916666666666 0.1078125
0 0.15911458333333334 0.9690104166666667 0.084375 0.06197916666666667
0 0.22890625 0.2591145833333333 0.06875 0.0734375
0 0.5549479166666667 0.8252604166666667 0.078125 0.0671875
0 0.40078125 0.8234375 0.07395833333333333 0.075
0 0.5916666666666667 0.7828125 0.06979166666666667 0.058333333333333334
0 0.7080729166666667 0.5630208333333333 0.0671875 0.065625
0 0.07421875 0.94609375 0.07552083333333333 0.050520833333333334
0 0.58359375 0.63359375 0.07395833333333333 0.0765625
0 0.83046875 0.72421875 0.09270833333333334 0.0859375
0 0.71328125 0.9682291666666667 0.06770833333333333 0.0625
0 0.49296875 0.8510416666666667 0.07239583333333334 0.05
0 0.3419270833333333 0.6768229166666667 0.0828125 0.06822916666666666
0 0.18619791666666666 0.7044270833333334 0.08020833333333334 0.0953125
0 0.33307291666666666 0.13541666666666666 0.0828125 0.07708333333333334
0 0.5786458333333333 0.728125 0.06614583333333333 0.06666666666666667
0 0.40286458333333336 0.7450520833333333 0.08802083333333334 0.0796875
0 0.69453125 0.61484375 0.04479166666666667 0.04635416666666667
0 0.85859375 0.8880208333333334 0.10104166666666667 0.09479166666666666
0 0.125 0.7348958333333333 0.0765625 0.10520833333333333
0 0.7697916666666667 0.9552083333333333 0.07291666666666667 0.065625
0 0.23411458333333332 0.659375 0.07135416666666666 0.08125
0 0.17760416666666667 0.81796875 0.0640625 0.0921875
0 0.28489583333333335 0.7536458333333333 0.06875 0.07395833333333333
0 0.23125 0.91171875 0.0578125 0.04635416666666667
0 0.07838541666666667 0.7950520833333333 0.065625 0.05364583333333333
0 0.10364583333333334 0.34270833333333334 0.10677083333333333 0.078125
0 0.4817708333333333 0.8036458333333333 0.053125 0.04375
0 0.06015625 0.8921875 0.071875 0.06354166666666666
0 0.8046875 0.8486979166666667 0.057291666666666664 0.05364583333333333
0 0.5971354166666667 0.9216145833333333 0.06822916666666666 0.06510416666666667
0 0.6739583333333333 0.8690104166666667 0.057291666666666664 0.0484375
0 0.6075520833333333 0.8533854166666667 0.0640625 0.06614583333333333
0 0.65234375 0.6270833333333333 0.042708333333333334 0.052083333333333336
0 0.24036458333333333 0.15625 0.08385416666666666 0.08020833333333334
0 0.026822916666666665 0.7651041666666667 0.05364583333333333 0.090625
0 0.7479166666666667 0.8963541666666667 0.06197916666666667 0.058333333333333334
0 0.496875 0.03307291666666667 0.121875 0.0640625
0 0.6822916666666666 0.9151041666666667 0.0734375 0.05520833333333333
0 0.2 0.8622395833333333 0.04791666666666667 0.0703125
0 0.5450520833333333 0.8890625 0.058333333333333334 0.058333333333333334
0 0.25833333333333336 0.8205729166666667 0.09635416666666667 0.0546875
0 0.03307291666666667 0.8375 0.06614583333333333 0.04895833333333333
0 0.035416666666666666 0.19348958333333333 0.0546875 0.049479166666666664
0 0.16223958333333333 0.89921875 0.040625 0.049479166666666664
0 0.6986979166666667 0.6786458333333333 0.040625 0.040625
0 0.6552083333333333 0.8291666666666667 0.04635416666666667 0.03854166666666667
0 0.01640625 0.9091145833333333 0.0328125 0.07864583333333333
0 0.4432291666666667 0.8049479166666667 0.035416666666666666 0.044270833333333336
0 0.2296875 0.96875 0.08697916666666666 0.0625
0 0.21875 0.75078125 0.06875 0.08177083333333333
0 0.23203125 0.35390625 0.033854166666666664 0.04114583333333333
0 0.23333333333333334 0.8658854166666666 0.044270833333333336 0.0390625
0 0.6416666666666667 0.9627604166666667 0.07239583333333334 0.0484375
0 0.06796875 0.17057291666666666 0.05416666666666667 0.07864583333333333
0 0.43255208333333334 0.9833333333333333 0.06614583333333333 0.03333333333333333
0 0.16067708333333333 0.03854166666666667 0.035416666666666666 0.03854166666666667
0 0.8671875 0.9708333333333333 0.15885416666666666 0.058333333333333334
0 0.0734375 0.9859375 0.06979166666666667 0.028125
0 0.6111979166666667 0.9916666666666667 0.07552083333333333 0.016666666666666666
0 0.6658854166666667 0.9921875 0.06302083333333333 0.015625
0 0.03515625 0.6958333333333333 0.0703125 0.078125
0 0.34453125 0.7859375 0.044270833333333336 0.0375
0 0.33697916666666666 0.8895833333333333 0.042708333333333334 0.036458333333333336
0 0.33567708333333335 0.8231770833333333 0.041666666666666664 0.034895833333333334
0 0.3033854166666667 0.8630208333333333 0.07083333333333333 0.06458333333333334
0 0.35442708333333334 0.5880208333333333 0.0609375 0.058854166666666666