0 0.4901041666666667 0.8080729166666667 0.13020833333333334 0.15052083333333333
0 0.49296875 0.7049479166666667 0.12291666666666666 0.11614583333333334
0 0.40286458333333336 0.08307291666666666 0.17760416666666667 0.16614583333333333
0 0.3494791666666667 0.7638020833333333 0.17239583333333333 0.1703125
0 0.7932291666666667 0.9239583333333333 0.171875 0.13229166666666667
0 0.16328125 0.6807291666666667 0.1203125 0.115625
0 0.5442708333333334 0.6109375 0.14583333333333334 0.13125
0 0.20104166666666667 0.9260416666666667 0.20625 0.13958333333333334
0 0.42109375 0.5486979166666667 0.11927083333333334 0.14583333333333334
0 0.6359375 0.4432291666666667 0.1109375 0.1109375
0 0.55 0.38567708333333334 0.125 0.15416666666666667
0 0.16119791666666666 0.4036458333333333 0.07708333333333334 0.10572916666666667
0 0.3106770833333333 0.5580729166666667 0.11458333333333333 0.1390625
0 0.62890625 0.19869791666666667 0.07447916666666667 0.08541666666666667
0 0.5036458333333333 0.5114583333333333 0.09010416666666667 0.0765625
0 0.26614583333333336 0.6494791666666667 0.10625 0.11041666666666666
0 0.14583333333333334 0.7700520833333333 0.07552083333333333 0.08854166666666667
0 0.4510416666666667 0.6354166666666666 0.11197916666666667 0.08489583333333334
0 0.8013020833333333 0.8067708333333333 0.09010416666666667 0.10104166666666667
0 0.3846354166666667 0.6783854166666666 0.0875 0.0984375
0 0.6666666666666666 0.6169270833333333 0.08697916666666666 0.07447916666666667
0 0.5260416666666666 0.07213541666666666 0.08177083333333333 0.103125
0 0.19739583333333333 0.5432291666666667 0.078125 0.0765625
0 0.4049479166666667 0.878125 0.07760416666666667 0.0671875
0 0.6528645833333333 0.08229166666666667 0.08333333333333333 0.07447916666666667
0 0.22421875 0.7763020833333333 0.0953125 0.078125
0 0.67578125 0.246875 0.05260416666666667 0.071875
0 0.16354166666666667 0.48203125 0.07291666666666667 0.08385416666666666
0 0.64296875 0.76875 0.07708333333333334 0.090625
0 0.5924479166666666 0.8065104166666667 0.07552083333333333 0.08958333333333333
0 0.05677083333333333 0.2955729166666667 0.06354166666666666 0.0765625
0 0.3640625 0.41484375 0.09427083333333333 0.08802083333333334
0 0.88203125 0.42526041666666664 0.09635416666666667 0.058333333333333334
0 0.10130208333333333 0.33958333333333335 0.0828125 0.16041666666666668
0 0.26171875 0.3958333333333333 0.10364583333333334 0.09947916666666666
0 0.2838541666666667 0.1890625 0.09322916666666667 0.090625
0 0.2833333333333333 0.2682291666666667 0.07916666666666666 0.07291666666666667
0 0.49947916666666664 0.31328125 0.08333333333333333 0.09895833333333333
0 0.36380208333333336 0.3541666666666667 0.10416666666666667 0.07291666666666667
0 0.7799479166666666 0.09557291666666666 0.1140625 0.07708333333333334
0 0.6299479166666667 0.6924479166666667 0.06979166666666667 0.06041666666666667
0 0.47942708333333334 0.44296875 0.07291666666666667 0.075
0 0.271875 0.46588541666666666 0.07708333333333334 0.090625
0 0.31145833333333334 0.8708333333333333 0.11458333333333333 0.09166666666666666
0 0.05859375 0.7950520833333333 0.084375 0.0734375
0 0.03802083333333333 0.09661458333333334 0.06510416666666667 0.1
0 0.6096354166666667 0.0296875 0.07760416666666667 0.05625
0 0.6611979166666667 0.14348958333333334 0.06510416666666667 0.06145833333333333
0 0.026041666666666668 0.5596354166666667 0.052083333333333336 0.07135416666666666
0 0.24739583333333334 0.5677083333333334 0.0546875 0.0609375
0 0.8875 0.6346354166666667 0.08489583333333334 0.09479166666666666
0 0.71796875 0.5354166666666667 0.071875 0.07552083333333333
0 0.86171875 0.49114583333333334 0.041666666666666664 0.0609375
0 0.26458333333333334 0.045572916666666664 0.12083333333333333 0.09114583333333333
0 0.9486979166666667 0.7309895833333333 0.0890625 0.13854166666666667
0 0.7221354166666667 0.4122395833333333 0.06458333333333334 0.08541666666666667
0 0.9513020833333333 0.4734375 0.08125 0.0796875
0 0.19479166666666667 0.36223958333333334 0.06458333333333334 0.0734375
0 0.6924479166666667 0.7276041666666667 0.07395833333333333 0.0890625
0 0.7244791666666667 0.8158854166666667 0.10052083333333334 0.09375
0 0.81484375 0.5736979166666667 0.05416666666666667 0.06979166666666667
0 0.7859375 0.6390625 0.07760416666666667 0.07916666666666666
0 0.19348958333333333 0.18619791666666666 0.08177083333333333 0.06510416666666667
0 0.7736979166666667 0.45859375 0.0609375 0.0578125
0 0.6005208333333333 0.8778645833333333 0.057291666666666664 0.06979166666666667
0 0.25416666666666665 0.12473958333333333 0.06979166666666667 0.090625
0 0.8661458333333333 0.07057291666666667 0.09322916666666667 0.09583333333333334
0 0.6510416666666666 0.54140625 0.07760416666666667 0.084375
0 0.5872395833333334 0.10859375 0.053125 0.07239583333333334
0 0.6924479166666667 0.18229166666666666 0.0578125 0.05364583333333333
0 0.596875 0.5234375 0.0796875 0.05625
0 0.09609375 0.8653645833333333 0.06614583333333333 0.08125
0 0.40729166666666666 0.4513020833333333 0.05416666666666667 0.0609375
0 0.11458333333333333 0.10677083333333333 0.0515625 0.053125
0 0.471875 0.17291666666666666 0.10885416666666667 0.10833333333333334
0 0.8684895833333334 0.3703125 0.11614583333333334 0.05260416666666667
0 0.9635416666666666 0.37942708333333336 0.06927083333333334 0.12760416666666666
0 0.9166666666666666 0.8700520833333333 0.084375 0.08541666666666667
0 0.07473958333333333 0.15 0.06875 0.06927083333333334
0 0.08515625 0.46458333333333335 0.07239583333333334 0.08645833333333333
0 0.10833333333333334 0.046875 0.071875 0.06145833333333333
0 0.11458333333333333 0.5734375 0.09635416666666667 0.11302083333333333
0 0.6653645833333334 0.959375 0.0890625 0.08125
0 0.7510416666666667 0.7401041666666667 0.052083333333333336 0.0546875
0 0.46145833333333336 0.36380208333333336 0.058333333333333334 0.052083333333333336
0 0.6546875 0.37526041666666665 0.08333333333333333 0.04583333333333333
0 0.9216145833333333 0.9549479166666667 0.07395833333333333 0.08020833333333334
0 0.1625 0.3 0.08854166666666667 0.10208333333333333
0 0.7481770833333333 0.5963541666666666 0.0765625 0.0734375
0 0.8591145833333333 0.3203125 0.15 0.07864583333333333
0 0.58671875 0.47109375 0.09427083333333333 0.06666666666666667
0 0.7934895833333333 0.7153645833333333 0.058333333333333334 0.07552083333333333
0 0.7078125 0.8794270833333333 0.059375 0.05677083333333333
0 0.3606770833333333 0.27682291666666664 0.08020833333333334 0.0921875
0 0.03567708333333333 0.20052083333333334 0.06510416666666667 0.09114583333333333
0 0.5924479166666666 0.22890625 0.05572916666666667 0.0578125
0 0.7145833333333333 0.13333333333333333 0.0421875 0.044270833333333336
0 0.875 0.8114583333333333 0.053125 0.05520833333333333
0 0.6098958333333333 0.27786458333333336 0.07083333333333333 0.057291666666666664
0 0.024739583333333332 0.42083333333333334 0.049479166666666664 0.065625
0 0.2908854166666667 0.8036458333333333 0.04895833333333333 0.05625
0 0.03177083333333333 0.36223958333333334 0.0625 0.0625
0 0.4401041666666667 0.39947916666666666 0.05572916666666667 0.071875
0 0.8989583333333333 0.48776041666666664 0.0421875 0.0546875
0 0.8526041666666667 0.7247395833333333 0.059895833333333336 0.0796875
0 0.4453125 0.9669270833333333 0.08125 0.06614583333333333
0 0.06302083333333333 0.9348958333333334 0.08125 0.08125
0 0.16458333333333333 0.10572916666666667 0.07604166666666666 0.08802083333333334
0 0.22526041666666666 0.27109375 0.04635416666666667 0.0421875
0 0.778125 0.5260416666666666 0.0515625 0.0609375
0 0.8885416666666667 0.75625 0.05572916666666667 0.0625
0 0.715625 0.478125 0.052083333333333336 0.05572916666666667
0 0.7625 0.14869791666666668 0.0625 0.06770833333333333
0 0.2359375 0.3182291666666667 0.06354166666666666 0.057291666666666664
0 0.9611979166666667 0.5591145833333333 0.06875 0.057291666666666664
0 0.22760416666666666 0.7127604166666667 0.0640625 0.05260416666666667
0 0.21536458333333333 0.465625 0.046875 0.0484375
0 0.3072916666666667 0.32838541666666665 0.06822916666666666 0.04791666666666667
0 0.8028645833333333 0.40338541666666666 0.05625 0.0734375
0 0.07890625 0.53515625 0.0640625 0.06197916666666667
0 0.8705729166666667 0.5559895833333334 0.0609375 0.07708333333333334
0 0.22630208333333332 0.8390625 0.05625 0.052083333333333336
0 0.9302083333333333 0.5325520833333334 0.07239583333333334 0.06875
0 0.53984375 0.019010416666666665 0.06145833333333333 0.03697916666666667
0 0.9513020833333333 0.6255208333333333 0.058854166666666666 0.08385416666666666
0 0.0265625 0.48932291666666666 0.053125 0.07239583333333334
0 0.78046875 0.04375 0.05 0.04114583333333333
0 0.35859375 0.9419270833333333 0.115625 0.09791666666666667
0 0.5625 0.17447916666666666 0.06302083333333333 0.05625
0 0.33125 0.12526041666666668 0.08541666666666667 0.08489583333333334
0 0.04453125 0.8520833333333333 0.05572916666666667 0.06979166666666667
0 0.033854166666666664 0.73359375 0.0453125 0.0578125
0 0.07369791666666667 0.23020833333333332 0.049479166666666664 0.05364583333333333
0 0.8244791666666667 0.5091145833333334 0.03854166666666667 0.06354166666666666
0 0.062239583333333334 0.6643229166666667 0.05416666666666667 0.06458333333333334
0 0.48984375 0.92265625 0.059895833333333336 0.0578125
0 0.15885416666666666 0.8403645833333333 0.06822916666666666 0.0578125
0 0.4244791666666667 0.2875 0.05416666666666667 0.10364583333333334
0 0.5921875 0.7221354166666667 0.042708333333333334 0.04114583333333333
0 0.14583333333333334 0.16875 0.0703125 0.040625
0 0.6979166666666666 0.03125 0.1 0.05625
0 0.60703125 0.9768229166666667 0.051041666666666666 0.04635416666666667
0 0.5458333333333333 0.23229166666666667 0.03854166666666667 0.046875
0 0.65 0.3299479166666667 0.0796875 0.05520833333333333
0 0.06458333333333334 0.0203125 0.04375 0.040625
0 0.21041666666666667 0.23125 0.08541666666666667 0.06875
0 0.17786458333333333 0.018489583333333334 0.0671875 0.03697916666666667
0 0.6528645833333333 0.8893229166666666 0.0578125 0.08229166666666667
0 0.0265625 0.0328125 0.03958333333333333 0.065625
0 0.8408854166666667 0.9723958333333333 0.044270833333333336 0.042708333333333334
0 0.4609375 0.2747395833333333 0.040625 0.0421875
0 0.8856770833333333 0.6921875 0.041666666666666664 0.0484375
0 0.09036458333333333 0.6895833333333333 0.035416666666666666 0.06354166666666666
0 0.017447916666666667 0.6572916666666667 0.034895833333333334 0.08854166666666667
0 0.7138020833333333 0.24869791666666666 0.027604166666666666 0.035416666666666666
0 0.7434895833333334 0.2598958333333333 0.028125 0.030729166666666665
0 0.12942708333333333 0.225 0.034895833333333334 0.04583333333333333
0 0.01328125 0.753125 0.0265625 0.042708333333333334
0 0.01015625 0.8575520833333333 0.0203125 0.06197916666666667
0 0.10364583333333334 0.009895833333333333 0.071875 0.019791666666666666
0 0.7609375 0.99140625 0.0625 0.0171875
0 0.9822916666666667 0.5958333333333333 0.026041666666666668 0.06770833333333333
0 0.88203125 0.9895833333333334 0.07135416666666666 0.020833333333333332
0 0.01171875 0.92421875 0.0234375 0.09635416666666667
0 0.1359375 0.9794270833333333 0.05677083333333333 0.0296875
0 0.002864583333333333 0.8046875 0.005729166666666666 0.07291666666666667
0 0.975 0.8854166666666666 0.028645833333333332 0.14114583333333333
0 0.01328125 0.96875 0.0265625 0.04479166666666667
0 0.08619791666666667 0.98203125 0.05260416666666667 0.022916666666666665
0 0.81875 0.0171875 0.06666666666666667 0.0234375
0 0.00390625 0.79609375 0.0078125 0.0578125
0 0.8752604166666667 0.20651041666666667 0.23020833333333332 0.19270833333333334
0 0.0125 0.2955729166666667 0.0234375 0.05364583333333333