0 0.5049479166666667 0.8052083333333333 0.12760416666666666 0.14895833333333333
0 0.5049479166666667 0.7020833333333333 0.12083333333333333 0.11458333333333333
0 0.396875 0.08255208333333333 0.175 0.16458333333333333
0 0.36302083333333335 0.7643229166666666 0.16927083333333334 0.16822916666666668
0 0.8114583333333333 0.9140625 0.16979166666666667 0.13020833333333334
0 0.17421875 0.6854166666666667 0.11822916666666666 0.1140625
0 0.5533854166666666 0.60703125 0.14375 0.1296875
0 0.21953125 0.9296875 0.20416666666666666 0.13697916666666668
0 0.428125 0.54765625 0.11666666666666667 0.14427083333333332
0 0.6401041666666667 0.43723958333333335 0.10885416666666667 0.109375
0 0.5526041666666667 0.38177083333333334 0.12239583333333333 0.15260416666666668
0 0.16432291666666668 0.40859375 0.07552083333333333 0.10520833333333333
0 0.3182291666666667 0.559375 0.11197916666666667 0.1375
0 0.62578125 0.19270833333333334 0.07291666666666667 0.08489583333333334
0 0.5096354166666667 0.50859375 0.0890625 0.07552083333333333
0 0.2765625 0.6518229166666667 0.10416666666666667 0.109375
0 0.159375 0.7752604166666667 0.07395833333333333 0.08802083333333334
0 0.46067708333333335 0.63359375 0.11041666666666666 0.08333333333333333
0 0.8158854166666667 0.7966145833333333 0.08854166666666667 0.1
0 0.39557291666666666 0.6778645833333333 0.0859375 0.09739583333333333
0 0.6760416666666667 0.61015625 0.0859375 0.0734375
0 0.51953125 0.06848958333333334 0.08020833333333334 0.10208333333333333
0 0.20442708333333334 0.5473958333333333 0.07708333333333334 0.07552083333333333
0 0.421875 0.87734375 0.0765625 0.06614583333333333
0 0.6466145833333333 0.07604166666666666 0.08229166666666667 0.0734375
0 0.23802083333333332 0.7796875 0.09375 0.07708333333333334
0 0.67421875 0.23984375 0.0515625 0.07135416666666666
0 0.16901041666666666 0.48671875 0.07135416666666666 0.08333333333333333
0 0.6565104166666667 0.7622395833333333 0.07552083333333333 0.09010416666666667
0 0.60703125 0.8013020833333333 0.07395833333333333 0.0890625
0 0.05703125 0.303125 0.06197916666666667 0.07604166666666666
0 0.3671875 0.41510416666666666 0.09270833333333334 0.08697916666666666
0 0.8856770833333333 0.41328125 0.0953125 0.057291666666666664
0 0.10260416666666666 0.34609375 0.08020833333333334 0.159375
0 0.26458333333333334 0.3984375 0.10208333333333333 0.0984375
0 0.28046875 0.19140625 0.09166666666666666 0.08958333333333333
0 0.2825520833333333 0.27057291666666666 0.078125 0.071875
0 0.49973958333333335 0.3104166666666667 0.08177083333333333 0.09791666666666667
0 0.3653645833333333 0.35442708333333334 0.103125 0.071875
0 0.7739583333333333 0.08619791666666667 0.11302083333333333 0.07552083333333333
0 0.6411458333333333 0.6864583333333333 0.06875 0.059895833333333336
0 0.48359375 0.44036458333333334 0.071875 0.07447916666666667
0 0.2765625 0.46822916666666664 0.07552083333333333 0.09010416666666667
0 0.328125 0.8721354166666667 0.11302083333333333 0.09010416666666667
0 0.07317708333333334 0.8020833333333334 0.08333333333333333 0.07239583333333334
0 0.03203125 0.10442708333333334 0.06354166666666666 0.09947916666666666
0 0.6018229166666667 0.026041666666666668 0.0765625 0.052083333333333336
0 0.6565104166666667 0.13671875 0.0640625 0.0609375
0 0.031510416666666666 0.5677083333333334 0.05572916666666667 0.07083333333333333
0 0.25546875 0.5705729166666667 0.05364583333333333 0.06041666666666667
0 0.8971354166666666 0.62265625 0.08333333333333333 0.09375
0 0.7247395833333333 0.52734375 0.07083333333333333 0.075
0 0.8671875 0.47994791666666664 0.040625 0.06041666666666667
0 0.25755208333333335 0.046614583333333334 0.11927083333333334 0.09322916666666667
0 0.9588541666666667 0.7177083333333333 0.08229166666666667 0.1375
0 0.7252604166666666 0.4041666666666667 0.06302083333333333 0.08489583333333334
0 0.95625 0.46015625 0.0796875 0.07864583333333333
0 0.19661458333333334 0.36640625 0.06354166666666666 0.07291666666666667
0 0.7046875 0.7200520833333334 0.07239583333333334 0.08854166666666667
0 0.7393229166666667 0.8075520833333333 0.09895833333333333 0.09270833333333334
0 0.8229166666666666 0.5635416666666667 0.053125 0.06927083333333334
0 0.7955729166666666 0.6294270833333333 0.07604166666666666 0.078125
0 0.19010416666666666 0.190625 0.08072916666666667 0.0640625
0 0.778125 0.44947916666666665 0.059895833333333336 0.057291666666666664
0 0.6174479166666667 0.8723958333333334 0.05625 0.06927083333333334
0 0.24921875 0.12760416666666666 0.06822916666666666 0.09010416666666667
0 0.859375 0.059375 0.09166666666666666 0.09479166666666666
0 0.6580729166666667 0.5348958333333333 0.07604166666666666 0.08333333333333333
0 0.5815104166666667 0.10364583333333334 0.052083333333333336 0.071875
0 0.6890625 0.175 0.05677083333333333 0.053125
0 0.6036458333333333 0.5182291666666666 0.07864583333333333 0.05520833333333333
0 0.1125 0.871875 0.06458333333333334 0.08072916666666667
0 0.41171875 0.4505208333333333 0.053125 0.06041666666666667
0 0.10911458333333333 0.11302083333333333 0.050520833333333334 0.05260416666666667
0 0.46822916666666664 0.17083333333333334 0.10677083333333333 0.10677083333333333
0 0.8703125 0.35885416666666664 0.11510416666666666 0.051041666666666666
0 0.9658854166666667 0.3658854166666667 0.06822916666666666 0.12708333333333333
0 0.9330729166666667 0.8572916666666667 0.0828125 0.084375
0 0.07057291666666667 0.15703125 0.06770833333333333 0.06875
0 0.09010416666666667 0.4713541666666667 0.07083333333333333 0.0859375
0 0.10104166666666667 0.053125 0.07083333333333333 0.0609375
0 0.12265625 0.5794270833333334 0.09427083333333333 0.11197916666666667
0 0.684375 0.9526041666666667 0.0875 0.08020833333333334
0 0.7638020833333333 0.73125 0.051041666666666666 0.05416666666666667
0 0.46328125 0.3619791666666667 0.057291666666666664 0.0515625
0 0.6567708333333333 0.36875 0.08229166666666667 0.04479166666666667
0 0.9403645833333333 0.9419270833333333 0.07239583333333334 0.0796875
0 0.16276041666666666 0.30494791666666665 0.08697916666666666 0.10104166666666667
0 0.7565104166666666 0.5875 0.07552083333333333 0.07291666666666667
0 0.8596354166666667 0.30911458333333336 0.1484375 0.07708333333333334
0 0.5916666666666667 0.4661458333333333 0.09322916666666667 0.065625
0 0.80546875 0.70546875 0.057291666666666664 0.075
0 0.7247395833333333 0.8716145833333333 0.058333333333333334 0.05625
0 0.35989583333333336 0.27708333333333335 0.07864583333333333 0.09114583333333333
0 0.0328125 0.20833333333333334 0.06354166666666666 0.090625
0 0.5903645833333333 0.22395833333333334 0.0546875 0.057291666666666664
0 0.7096354166666666 0.12552083333333333 0.041666666666666664 0.04375
0 0.88984375 0.7994791666666666 0.052083333333333336 0.0546875
0 0.6091145833333333 0.27239583333333334 0.06979166666666667 0.05677083333333333
0 0.027864583333333335 0.42890625 0.05 0.06510416666666667
0 0.30546875 0.80546875 0.04791666666666667 0.05572916666666667
0 0.03359375 0.37005208333333334 0.06145833333333333 0.06197916666666667
0 0.44296875 0.39791666666666664 0.0546875 0.07135416666666666
0 0.9044270833333333 0.47552083333333334 0.04114583333333333 0.05416666666666667
0 0.86484375 0.7135416666666666 0.058333333333333334 0.07916666666666666
0 0.46484375 0.9651041666666667 0.08020833333333334 0.06510416666666667
0 0.08151041666666667 0.9419270833333333 0.0796875 0.08020833333333334
0 0.15885416666666666 0.11067708333333333 0.07447916666666667 0.0875
0 0.22447916666666667 0.27447916666666666 0.04583333333333333 0.041666666666666664
0 0.7848958333333333 0.5166666666666667 0.050520833333333334 0.06041666666666667
0 0.9018229166666667 0.7442708333333333 0.0546875 0.06197916666666667
0 0.7208333333333333 0.4700520833333333 0.051041666666666666 0.05520833333333333
0 0.7578125 0.13984375 0.06145833333333333 0.0671875
0 0.23645833333333333 0.3216145833333333 0.0625 0.05677083333333333
0 0.9674479166666666 0.5453125 0.06510416666666667 0.05677083333333333
0 0.23958333333333334 0.7161458333333334 0.06302083333333333 0.052083333333333336
0 0.2203125 0.46927083333333336 0.04583333333333333 0.04791666666666667
0 0.30807291666666664 0.3299479166666667 0.0671875 0.04739583333333333
0 0.8057291666666667 0.39348958333333334 0.05520833333333333 0.07291666666666667
0 0.0859375 0.5419270833333333 0.06302083333333333 0.06145833333333333
0 0.8778645833333333 0.5442708333333334 0.059375 0.0765625
0 0.2421875 0.8424479166666666 0.05520833333333333 0.0515625
0 0.9369791666666667 0.51953125 0.07135416666666666 0.06822916666666666
0 0.5315104166666667 0.016666666666666666 0.0609375 0.03333333333333333
0 0.9606770833333333 0.6119791666666666 0.057291666666666664 0.08333333333333333
0 0.03046875 0.4973958333333333 0.05572916666666667 0.071875
0 0.7729166666666667 0.034375 0.049479166666666664 0.040625
0 0.37734375 0.9421875 0.1140625 0.09635416666666667
0 0.5588541666666667 0.1703125 0.06197916666666667 0.05572916666666667
0 0.3263020833333333 0.12630208333333334 0.08385416666666666 0.08385416666666666
0 0.06067708333333333 0.8596354166666667 0.0546875 0.06927083333333334
0 0.046614583333333334 0.74140625 0.044270833333333336 0.057291666666666664
0 0.07161458333333333 0.23723958333333334 0.0484375 0.053125
0 0.8302083333333333 0.4986979166666667 0.0375 0.06302083333333333
0 0.07291666666666667 0.6713541666666667 0.053125 0.0640625
0 0.5080729166666667 0.9197916666666667 0.058854166666666666 0.057291666666666664
0 0.17473958333333334 0.8450520833333334 0.0671875 0.057291666666666664
0 0.4239583333333333 0.2864583333333333 0.05260416666666667 0.103125
0 0.6044270833333333 0.7169270833333333 0.0421875 0.040625
0 0.1421875 0.17421875 0.06979166666666667 0.04010416666666667
0 0.6901041666666666 0.02578125 0.09895833333333333 0.0515625
0 0.6268229166666667 0.9721354166666667 0.05 0.04791666666666667
0 0.54375 0.22838541666666667 0.0375 0.04635416666666667
0 0.65078125 0.32369791666666664 0.07864583333333333 0.05416666666666667
0 0.05651041666666667 0.02421875 0.043229166666666666 0.046875
0 0.20833333333333334 0.23489583333333333 0.084375 0.06770833333333333
0 0.16979166666666667 0.020572916666666666 0.06666666666666667 0.04114583333333333
0 0.6700520833333333 0.8825520833333333 0.05625 0.08177083333333333
0 0.019270833333333334 0.037760416666666664 0.03854166666666667 0.07239583333333334
0 0.8604166666666667 0.9614583333333333 0.04375 0.0421875
0 0.46015625 0.27291666666666664 0.04010416666666667 0.041666666666666664
0 0.896875 0.6802083333333333 0.040625 0.04791666666666667
0 0.10182291666666667 0.69609375 0.034375 0.06302083333333333
0 0.02421875 0.6658854166666667 0.04114583333333333 0.08802083333333334
0 0.7122395833333334 0.24088541666666666 0.027083333333333334 0.034895833333333334
0 0.7424479166666667 0.2513020833333333 0.027604166666666666 0.030208333333333334
0 0.12734375 0.23072916666666668 0.033854166666666664 0.0453125
0 0.022135416666666668 0.76171875 0.034375 0.0421875
0 0.0203125 0.8661458333333333 0.03125 0.06145833333333333
0 0.09505208333333333 0.013020833333333334 0.07135416666666666 0.026041666666666668
0 0.7809895833333333 0.9848958333333333 0.06197916666666667 0.021875
0 0.9890625 0.5815104166666667 0.021875 0.0671875
0 0.9020833333333333 0.98125 0.07083333333333333 0.027604166666666666
0 0.023177083333333334 0.9328125 0.0359375 0.09583333333333334
0 0.15572916666666667 0.9848958333333333 0.05625 0.029166666666666667
0 0.0125 0.81328125 0.016145833333333335 0.07239583333333334
0 0.9895833333333334 0.8713541666666667 0.020833333333333332 0.140625
0 0.026041666666666668 0.97734375 0.040625 0.044270833333333336
0 0.10625 0.9885416666666667 0.052083333333333336 0.022395833333333334
0 0.81015625 0.009114583333333334 0.06614583333333333 0.018229166666666668
0 0.01328125 0.8046875 0.017708333333333333 0.057291666666666664
0 0.8723958333333334 0.19505208333333332 0.22708333333333333 0.19010416666666666
0 0.012760416666666666 0.30416666666666664 0.022395833333333334 0.053125