0 0.8080729166666667 0.49895833333333334 0.15052083333333333 0.13020833333333334
0 0.7049479166666667 0.49973958333333335 0.11614583333333334 0.12291666666666666
0 0.08671875 0.6114583333333333 0.16666666666666666 0.17760416666666667
0 0.76875 0.6411458333333333 0.1703125 0.17239583333333333
0 0.91328125 0.19192708333333333 0.13229166666666667 0.171875
0 0.6921875 0.8302083333333333 0.115625 0.1203125
0 0.609375 0.45208333333333334 0.13125 0.14583333333333334
0 0.9330729166666667 0.78359375 0.13385416666666666 0.20572916666666666
0 0.5513020833333333 0.57734375 0.14583333333333334 0.11927083333333334
0 0.43854166666666666 0.36614583333333334 0.1109375 0.1109375
0 0.3841145833333333 0.45416666666666666 0.15416666666666667 0.125
0 0.415625 0.8419270833333333 0.10572916666666667 0.07708333333333334
0 0.5643229166666667 0.6875 0.1390625 0.11458333333333333
0 0.19427083333333334 0.3815104166666667 0.08541666666666667 0.07447916666666667
0 0.5114583333333333 0.49583333333333335 0.0765625 0.09010416666666667
0 0.6572916666666667 0.7286458333333333 0.11041666666666666 0.10625
0 0.78203125 0.84453125 0.08854166666666667 0.07552083333333333
0 0.6369791666666667 0.5442708333333334 0.08489583333333334 0.11197916666666667
0 0.7958333333333333 0.18828125 0.10104166666666667 0.09010416666666667
0 0.68203125 0.6091145833333333 0.0984375 0.0875
0 0.6109375 0.32916666666666666 0.07447916666666667 0.08697916666666666
0 0.07135416666666666 0.4890625 0.103125 0.08177083333333333
0 0.5536458333333333 0.8010416666666667 0.0765625 0.078125
0 0.8809895833333333 0.58203125 0.0671875 0.07760416666666667
0 0.07708333333333334 0.36171875 0.07447916666666667 0.08333333333333333
0 0.7856770833333333 0.7661458333333333 0.078125 0.0953125
0 0.24088541666666666 0.3328125 0.071875 0.05260416666666667
0 0.4934895833333333 0.8369791666666667 0.08385416666666666 0.07291666666666667
0 0.7635416666666667 0.34765625 0.090625 0.07708333333333334
0 0.8028645833333333 0.3971354166666667 0.08958333333333333 0.07552083333333333
0 0.3111979166666667 0.95 0.0765625 0.06354166666666666
0 0.41953125 0.6388020833333333 0.08802083333333334 0.09427083333333333
0 0.41171875 0.12057291666666667 0.058333333333333334 0.09635416666666667
0 0.3536458333333333 0.9041666666666667 0.16041666666666668 0.0828125
0 0.4041666666666667 0.7419270833333333 0.09947916666666666 0.10364583333333334
0 0.196875 0.7268229166666667 0.090625 0.09322916666666667
0 0.2760416666666667 0.7244791666666667 0.07291666666666667 0.07916666666666666
0 0.31328125 0.5072916666666667 0.09895833333333333 0.08333333333333333
0 0.35885416666666664 0.64140625 0.07291666666666667 0.10416666666666667
0 0.0859375 0.234375 0.07708333333333334 0.1140625
0 0.6877604166666667 0.36328125 0.06041666666666667 0.06979166666666667
0 0.4434895833333333 0.52265625 0.075 0.07291666666666667
0 0.47369791666666666 0.7294270833333333 0.090625 0.07708333333333334
0 0.8770833333333333 0.67578125 0.09166666666666666 0.11458333333333333
0 0.81015625 0.9307291666666667 0.0734375 0.084375
0 0.11302083333333333 0.9716145833333333 0.1 0.05677083333333333
0 0.027083333333333334 0.40703125 0.05416666666666667 0.07760416666666667
0 0.13802083333333334 0.35130208333333335 0.06145833333333333 0.06510416666666667
0 0.5763020833333333 0.9729166666666667 0.07135416666666666 0.05416666666666667
0 0.5765625 0.75 0.0609375 0.0546875
0 0.62109375 0.10807291666666667 0.09479166666666666 0.08489583333333334
0 0.5276041666666667 0.28098958333333335 0.07552083333333333 0.071875
0 0.4786458333333333 0.13880208333333333 0.0609375 0.041666666666666664
0 0.05182291666666667 0.75078125 0.09583333333333334 0.12083333333333333
0 0.7151041666666667 0.04583333333333333 0.13854166666666667 0.084375
0 0.4044270833333333 0.28098958333333335 0.08541666666666667 0.06458333333333334
0 0.4578125 0.04973958333333333 0.0796875 0.08125
0 0.3729166666666667 0.8098958333333334 0.0734375 0.06458333333333334
0 0.7205729166666667 0.29973958333333334 0.0890625 0.07395833333333333
0 0.8075520833333333 0.26458333333333334 0.09375 0.10052083333333334
0 0.5627604166666667 0.1828125 0.06979166666666667 0.05416666666666667
0 0.62890625 0.209375 0.07916666666666666 0.07760416666666667
0 0.19713541666666667 0.8171875 0.06510416666666667 0.08177083333333333
0 0.44921875 0.22786458333333334 0.0578125 0.0609375
0 0.8739583333333333 0.38645833333333335 0.06979166666666667 0.057291666666666664
0 0.13359375 0.7588541666666667 0.090625 0.06979166666666667
0 0.05807291666666667 0.14869791666666668 0.09583333333333334 0.09322916666666667
0 0.5361979166666667 0.34739583333333335 0.084375 0.07760416666666667
0 0.10572916666666667 0.42630208333333336 0.07239583333333334 0.053125
0 0.17578125 0.31875 0.05364583333333333 0.0578125
0 0.5197916666666667 0.40234375 0.05625 0.0796875
0 0.8791666666666667 0.8911458333333333 0.08125 0.06614583333333333
0 0.4544270833333333 0.5942708333333333 0.0609375 0.05416666666666667
0 0.1203125 0.89921875 0.053125 0.0515625
0 0.17395833333333333 0.5395833333333333 0.10833333333333334 0.10885416666666667
0 0.3572916666666667 0.13619791666666667 0.05260416666666667 0.11614583333333334
0 0.36354166666666665 0.03984375 0.12760416666666666 0.07135416666666666
0 0.8552083333333333 0.07057291666666667 0.08541666666666667 0.084375
0 0.16510416666666666 0.9375 0.06927083333333334 0.06875
0 0.4791666666666667 0.9161458333333333 0.08645833333333333 0.07239583333333334
0 0.06067708333333333 0.9072916666666667 0.06145833333333333 0.071875
0 0.58671875 0.8825520833333333 0.11302083333333333 0.09635416666666667
0 0.9533854166666667 0.31875 0.08125 0.0890625
0 0.7309895833333333 0.24036458333333333 0.0546875 0.052083333333333336
0 0.3653645833333333 0.5432291666666667 0.052083333333333336 0.058333333333333334
0 0.37005208333333334 0.3497395833333333 0.04583333333333333 0.08333333333333333
0 0.93984375 0.06276041666666667 0.08020833333333334 0.07395833333333333
0 0.31197916666666664 0.8442708333333333 0.10208333333333333 0.08854166666666667
0 0.5875 0.24869791666666666 0.0734375 0.0765625
0 0.3078125 0.14739583333333334 0.07864583333333333 0.15
0 0.46796875 0.4140625 0.06666666666666667 0.09427083333333333
0 0.7049479166666667 0.19921875 0.07552083333333333 0.058333333333333334
0 0.871875 0.27890625 0.05677083333333333 0.059375
0 0.28177083333333336 0.6471354166666666 0.0921875 0.08020833333333334
0 0.21692708333333333 0.97109375 0.09114583333333333 0.0578125
0 0.22578125 0.41692708333333334 0.0578125 0.05572916666666667
0 0.12604166666666666 0.2984375 0.044270833333333336 0.0421875
0 0.7979166666666667 0.11432291666666666 0.05520833333333333 0.053125
0 0.27421875 0.39791666666666664 0.057291666666666664 0.07083333333333333
0 0.4375 0.9765625 0.065625 0.046875
0 0.8106770833333333 0.6984375 0.05625 0.04895833333333333
0 0.378125 0.9708333333333333 0.0625 0.058333333333333334
0 0.4015625 0.5635416666666667 0.071875 0.05572916666666667
0 0.47369791666666666 0.10182291666666667 0.0546875 0.0421875
0 0.7122395833333334 0.13984375 0.0796875 0.059895833333333336
0 0.9674479166666666 0.53828125 0.06510416666666667 0.08125
0 0.9497395833333333 0.9216145833333333 0.08125 0.08125
0 0.11770833333333333 0.84921875 0.08802083333333334 0.07604166666666666
0 0.28072916666666664 0.7825520833333334 0.0421875 0.04635416666666667
0 0.5161458333333333 0.22109375 0.0609375 0.0515625
0 0.7424479166666667 0.10286458333333333 0.0625 0.05572916666666667
0 0.4703125 0.28541666666666665 0.05572916666666667 0.052083333333333336
0 0.13984375 0.25 0.06770833333333333 0.0625
0 0.32760416666666664 0.7703125 0.057291666666666664 0.06354166666666666
0 0.5427083333333333 0.03697916666666667 0.057291666666666664 0.06822916666666666
0 0.7221354166666667 0.76484375 0.05260416666666667 0.0640625
0 0.47552083333333334 0.7859375 0.0484375 0.046875
0 0.33515625 0.6984375 0.04791666666666667 0.06822916666666666
0 0.39296875 0.20078125 0.0734375 0.05625
0 0.5497395833333333 0.91953125 0.06197916666666667 0.0640625
0 0.54296875 0.12760416666666666 0.07708333333333334 0.0609375
0 0.8481770833333333 0.76171875 0.052083333333333336 0.05625
0 0.5174479166666667 0.06901041666666667 0.06875 0.07239583333333334
0 0.018229166666666668 0.4765625 0.036458333333333336 0.06145833333333333
0 0.609375 0.04453125 0.08385416666666666 0.058854166666666666
0 0.5059895833333333 0.9734375 0.07239583333333334 0.053125
0 0.03411458333333333 0.23567708333333334 0.04114583333333333 0.05
0 0.9463541666666667 0.62578125 0.09791666666666667 0.115625
0 0.17239583333333333 0.44895833333333335 0.05625 0.06302083333333333
0 0.13125 0.6817708333333333 0.08489583333333334 0.08541666666666667
0 0.8677083333333333 0.94296875 0.06979166666666667 0.05572916666666667
0 0.7497395833333333 0.9580729166666667 0.0578125 0.0453125
0 0.2453125 0.9354166666666667 0.05364583333333333 0.049479166666666664
0 0.49765625 0.17552083333333332 0.06354166666666666 0.03854166666666667
0 0.6794270833333333 0.9317708333333333 0.06458333333333334 0.05416666666666667
0 0.92265625 0.49557291666666664 0.0578125 0.059895833333333336
0 0.8518229166666667 0.8291666666666667 0.0578125 0.06822916666666666
0 0.29010416666666666 0.5828125 0.10364583333333334 0.05416666666666667
0 0.7184895833333333 0.4 0.04114583333333333 0.042708333333333334
0 0.18125 0.865625 0.040625 0.0703125
0 0.026302083333333334 0.31875 0.05260416666666667 0.1
0 0.9736979166666667 0.3763020833333333 0.0484375 0.051041666666666666
0 0.23072916666666668 0.4635416666666667 0.046875 0.03854166666666667
0 0.32473958333333336 0.35598958333333336 0.05520833333333333 0.0796875
0 0.03229166666666667 0.95234375 0.04739583333333333 0.044270833333333336
0 0.24140625 0.7989583333333333 0.06875 0.08541666666666667
0 0.027083333333333334 0.8388020833333333 0.042708333333333334 0.0671875
0 0.88359375 0.33359375 0.08229166666666667 0.0578125
0 0.04635416666666667 0.9846354166666667 0.07291666666666667 0.030729166666666665
0 0.96015625 0.14270833333333333 0.042708333333333334 0.044270833333333336
0 0.27630208333333334 0.546875 0.0421875 0.040625
0 0.6786458333333333 0.1078125 0.0484375 0.041666666666666664
0 0.7036458333333333 0.903125 0.06354166666666666 0.035416666666666666
0 0.67421875 0.9796875 0.08854166666666667 0.040625
0 0.24140625 0.2947916666666667 0.035416666666666666 0.027604166666666666
0 0.2515625 0.26510416666666664 0.030729166666666665 0.028125
0 0.23802083333333332 0.8799479166666667 0.04583333333333333 0.034895833333333334
0 0.7700520833333333 0.98203125 0.042708333333333334 0.034895833333333334
0 0.8744791666666667 0.9833333333333333 0.06197916666666667 0.03229166666666667
0 0.020572916666666666 0.91328125 0.027083333333333334 0.071875
0 0.984375 0.221875 0.022395833333333334 0.0625
0 0.5786458333333333 0.015364583333333333 0.06770833333333333 0.024479166666666666
0 0.9794270833333333 0.10104166666666667 0.028125 0.07135416666666666
0 0.9411458333333333 0.9802083333333333 0.09635416666666667 0.0375
0 0.98828125 0.8471354166666667 0.0234375 0.05677083333333333
0 0.821875 0.99140625 0.07291666666666667 0.0171875
0 0.8684895833333334 0.015104166666666667 0.14114583333333333 0.021354166666666667
0 0.9815104166666667 0.9768229166666667 0.03697916666666667 0.04114583333333333
0 0.9921875 0.8966145833333333 0.015625 0.05260416666666667
0 0.008854166666666666 0.1984375 0.017708333333333333 0.06666666666666667
0 0.81328125 0.990625 0.0578125 0.01875
0 0.19348958333333333 0.13489583333333333 0.19270833333333334 0.23020833333333332
0 0.31276041666666665 0.9911458333333333 0.05364583333333333 0.017708333333333333