0 0.84140625 0.36640625 0.1234375 0.0921875
0 0.9453125 0.40703125 0.084375 0.08125
0 0.496875 0.1234375 0.0984375 0.0796875
0 0.44453125 0.4796875 0.1234375 0.10625
0 0.88515625 0.45859375 0.0953125 0.0953125
0 0.93671875 0.04375 0.1 0.0875
0 0.40390625 0.12578125 0.09375 0.0921875
0 0.21171875 0.91953125 0.1546875 0.1609375
0 0.48515625 0.8234375 0.1109375 0.1140625
0 0.8015625 0.44375 0.103125 0.096875
0 0.1015625 0.6015625 0.125 0.1453125
0 0.746875 0.05703125 0.071875 0.1015625
0 0.39765625 0.77890625 0.1109375 0.115625
0 0.96171875 0.66328125 0.075 0.0796875
0 0.9125 0.23515625 0.11875 0.1265625
0 0.31953125 0.34921875 0.0859375 0.1171875
0 0.2109375 0.10390625 0.1078125 0.10625
0 0.88203125 0.2859375 0.103125 0.0890625
0 0.48671875 0.2015625 0.128125 0.1375
0 0.16484375 0.340625 0.1390625 0.125
0 0.67578125 0.12734375 0.075 0.08125
0 0.3203125 0.10234375 0.1078125 0.1234375
0 0.95859375 0.16640625 0.08125 0.1015625
0 0.925 0.11015625 0.071875 0.0578125
0 0.7875 0.946875 0.103125 0.10625
0 0.0578125 0.91953125 0.1109375 0.15
0 0.34375 0.2359375 0.1671875 0.159375
0 0.6359375 0.7765625 0.071875 0.0828125
0 0.94140625 0.784375 0.1171875 0.1015625
0 0.6578125 0.7140625 0.1296875 0.1765625
0 0.1828125 0.23828125 0.1078125 0.0890625
0 0.3609375 0.5109375 0.084375 0.1015625
0 0.0765625 0.23046875 0.1078125 0.096875
0 0.678125 0.90390625 0.1140625 0.140625
0 0.48671875 0.71875 0.115625 0.115625
0 0.159375 0.4390625 0.1078125 0.096875
0 0.0578125 0.41171875 0.1109375 0.1
0 0.5859375 0.72890625 0.109375 0.10625
0 0.94140625 0.61484375 0.059375 0.0734375
0 0.75078125 0.7109375 0.090625 0.0828125
0 0.6328125 0.41796875 0.1140625 0.134375
0 0.78046875 0.1703125 0.0578125 0.053125
0 0.66171875 0.6046875 0.0828125 0.0734375
0 0.23359375 0.484375 0.1125 0.0921875
0 0.60390625 0.2609375 0.1109375 0.1140625
0 0.77265625 0.23515625 0.1078125 0.0953125
0 0.0484375 0.49609375 0.0921875 0.0953125
0 0.34609375 0.89296875 0.115625 0.115625
0 0.78828125 0.82734375 0.1375 0.1390625
0 0.953125 0.484375 0.0796875 0.0890625
0 0.53515625 0.7703125 0.1 0.115625
0 0.05234375 0.68359375 0.1046875 0.0640625
0 0.1375 0.76875 0.1109375 0.1140625
0 0.671875 0.05 0.0859375 0.1
0 0.39375 0.66640625 0.11875 0.128125
0 0.7171875 0.64375 0.0875 0.08125
0 0.06875 0.07421875 0.1375 0.1453125
0 0.5203125 0.41015625 0.1125 0.1234375
0 0.821875 0.0796875 0.090625 0.10625
0 0.1734375 0.04375 0.0703125 0.0578125
0 0.8609375 0.6421875 0.121875 0.125
0 0.48046875 0.55546875 0.153125 0.109375
0 0.30625 0.74609375 0.1015625 0.125
0 0.37890625 0.36171875 0.103125 0.1140625
0 0.48359375 0.62890625 0.0984375 0.10625
0 0.9359375 0.9046875 0.1234375 0.1390625
0 0.8359375 0.55859375 0.103125 0.096875
0 0.8703125 0.1640625 0.115625 0.0953125