0 0.11328125 0.221875 0.1234375 0.1015625
0 0.05859375 0.60078125 0.103125 0.1203125
0 0.84296875 0.64296875 0.1015625 0.0953125
0 0.54140625 0.19765625 0.109375 0.0953125
0 0.459375 0.4453125 0.11875 0.115625
0 0.31953125 0.82890625 0.0859375 0.103125
0 0.7390625 0.8515625 0.1265625 0.153125
0 0.93046875 0.86015625 0.1390625 0.1578125
0 0.665625 0.86484375 0.0640625 0.0890625
0 0.79453125 0.37421875 0.1328125 0.121875
0 0.55234375 0.8765625 0.1140625 0.1515625
0 0.75703125 0.05234375 0.1 0.1046875
0 0.13203125 0.69609375 0.1140625 0.0875
0 0.46953125 0.54609375 0.0828125 0.090625
0 0.746875 0.596875 0.1265625 0.13125
0 0.346875 0.93671875 0.140625 0.125
0 0.17734375 0.14609375 0.10625 0.1453125
0 0.41796875 0.853125 0.1546875 0.1234375
0 0.184375 0.93828125 0.103125 0.1
0 0.640625 0.125 0.103125 0.0859375
0 0.134375 0.625 0.1109375 0.084375
0 0.26171875 0.1546875 0.140625 0.1546875
0 0.3984375 0.646875 0.1 0.1
0 0.2421875 0.2734375 0.1484375 0.10625
0 0.390625 0.0421875 0.078125 0.08125
0 0.71640625 0.50234375 0.115625 0.115625
0 0.8921875 0.49609375 0.0703125 0.1
0 0.8203125 0.50625 0.0953125 0.06875
0 0.17265625 0.83125 0.1234375 0.1015625
0 0.9609375 0.60859375 0.075 0.134375
0 0.2671875 0.74296875 0.1234375 0.13125
0 0.64453125 0.91796875 0.0953125 0.10625
0 0.64765625 0.74765625 0.1296875 0.159375
0 0.94921875 0.728125 0.0828125 0.1359375
0 0.81640625 0.7359375 0.075 0.1328125
0 0.825 0.8203125 0.0875 0.0828125
0 0.86484375 0.94765625 0.0734375 0.103125
0 0.6421875 0.04765625 0.08125 0.0953125
0 0.24921875 0.3609375 0.1234375 0.1
0 0.69453125 0.94921875 0.146875 0.1
0 0.5578125 0.27578125 0.1109375 0.1078125
0 0.14609375 0.30234375 0.13125 0.0953125
0 0.07734375 0.77890625 0.0796875 0.1015625
0 0.16328125 0.56171875 0.1140625 0.10625
0 0.46171875 0.9015625 0.0859375 0.128125
0 0.1390625 0.40234375 0.1578125 0.146875
0 0.54296875 0.11171875 0.11875 0.103125
0 0.884375 0.725 0.0859375 0.1140625
0 0.59609375 0.50234375 0.0984375 0.125
0 0.52734375 0.5953125 0.0875 0.065625
0 0.946875 0.37109375 0.1046875 0.1484375
0 0.80234375 0.90859375 0.1046875 0.11875
0 0.85390625 0.4203125 0.1375 0.115625
0 0.64453125 0.31328125 0.134375 0.109375
0 0.5546875 0.74921875 0.075 0.0921875
0 0.83359375 0.5640625 0.0921875 0.0703125
0 0.36328125 0.3875 0.1546875 0.1421875
0 0.5015625 0.70078125 0.1375 0.153125
0 0.15546875 0.76640625 0.134375 0.1078125
0 0.09921875 0.08828125 0.128125 0.1703125
0 0.04765625 0.44296875 0.0953125 0.1625
0 0.08125 0.85546875 0.125 0.0953125
0 0.06328125 0.93203125 0.1265625 0.115625
0 0.47109375 0.059375 0.1046875 0.11875
0 0.2765625 0.54453125 0.165625 0.165625
0 0.64453125 0.2015625 0.1109375 0.103125
0 0.26875 0.4390625 0.1125 0.0828125
0 0.78046875 0.3046875 0.0859375 0.1
0 0.0453125 0.68984375 0.090625 0.103125
0 0.4125 0.115625 0.1203125 0.134375
0 0.2390625 0.64921875 0.15 0.1453125
0 0.83046875 0.09296875 0.146875 0.15
0 0.55625 0.040625 0.1125 0.08125
0 0.7125 0.31484375 0.0828125 0.1046875
0 0.31328125 0.24609375 0.0859375 0.10625
0 0.38515625 0.52734375 0.115625 0.15
0 0.8921875 0.6046875 0.0875 0.0796875
0 0.3921875 0.24609375 0.1453125 0.1609375
0 0.740625 0.71875 0.1109375 0.15
0 0.66640625 0.41015625 0.134375 0.103125
0 0.93984375 0.08984375 0.11875 0.1640625
0 0.38515625 0.75078125 0.14375 0.1390625
0 0.7125 0.23671875 0.09375 0.0921875
0 0.7578125 0.15859375 0.0875 0.078125
0 0.2203125 0.85703125 0.1171875 0.13125
0 0.82578125 0.2265625 0.1359375 0.1375
0 0.52421875 0.509375 0.0859375 0.0921875