0 0.59765625 0.25625 0.0703125 0.0640625
0 0.71171875 0.4765625 0.103125 0.109375
0 0.5734375 0.15703125 0.1296875 0.146875
0 0.3078125 0.090625 0.1234375 0.0875
0 0.6890625 0.3265625 0.0578125 0.0703125
0 0.0890625 0.33203125 0.103125 0.0921875
0 0.240625 0.49296875 0.071875 0.0578125
0 0.90234375 0.58203125 0.075 0.0796875
0 0.7484375 0.24921875 0.0859375 0.0609375
0 0.7953125 0.68828125 0.084375 0.090625
0 0.70859375 0.40078125 0.0671875 0.078125
0 0.19375 0.578125 0.04375 0.046875
0 0.21875 0.30859375 0.071875 0.071875
0 0.22421875 0.04765625 0.0671875 0.071875
0 0.1296875 0.2734375 0.0828125 0.0765625
0 0.76015625 0.16015625 0.084375 0.06875
0 0.5796875 0.58359375 0.075 0.06875
0 0.86328125 0.68671875 0.0765625 0.09375
0 0.8359375 0.90234375 0.1296875 0.134375
0 0.73125 0.6015625 0.15 0.140625
0 0.77734375 0.484375 0.0828125 0.10625
0 0.65234375 0.2109375 0.0953125 0.1296875
0 0.43515625 0.16640625 0.071875 0.1015625
0 0.521875 0.05859375 0.0765625 0.078125
0 0.0984375 0.61875 0.084375 0.0546875
0 0.1671875 0.8890625 0.040625 0.040625
0 0.7296875 0.7625 0.084375 0.0921875
0 0.9515625 0.60546875 0.0734375 0.0890625
0 0.28828125 0.38984375 0.0703125 0.078125
0 0.59765625 0.64921875 0.1265625 0.103125
0 0.7375 0.103125 0.0875 0.0859375
0 0.62890625 0.61484375 0.0640625 0.059375
0 0.41328125 0.4546875 0.0875 0.1078125
0 0.89765625 0.15703125 0.1234375 0.1375
0 0.24921875 0.696875 0.1625 0.1296875
0 0.83671875 0.76875 0.128125 0.103125
0 0.75 0.3078125 0.0640625 0.06875
0 0.76328125 0.35625 0.090625 0.084375
0 0.178125 0.36328125 0.103125 0.1515625
0 0.825 0.38046875 0.0640625 0.05625
0 0.5171875 0.4578125 0.1328125 0.1109375
0 0.8265625 0.31953125 0.0796875 0.0703125
0 0.3421875 0.5296875 0.115625 0.0953125
0 0.584375 0.07734375 0.059375 0.0796875
0 0.803125 0.20703125 0.0671875 0.075
0 0.16171875 0.725 0.0390625 0.0421875
0 0.6734375 0.884375 0.103125 0.0921875
0 0.1265625 0.7984375 0.040625 0.0484375
0 0.07109375 0.56875 0.0734375 0.075
0 0.82734375 0.44140625 0.06875 0.06875
0 0.10234375 0.71015625 0.065625 0.065625
0 0.9140625 0.4125 0.1390625 0.14375
0 0.1484375 0.540625 0.096875 0.0921875
0 0.8359375 0.58046875 0.096875 0.0953125
0 0.7390625 0.209375 0.08125 0.0765625
0 0.6828125 0.2640625 0.0625 0.0609375
0 0.6890625 0.9421875 0.128125 0.115625
0 0.45625 0.31328125 0.1109375 0.109375
0 0.0578125 0.190625 0.09375 0.0828125
0 0.06875 0.09765625 0.096875 0.05625
0 0.3203125 0.15 0.13125 0.0984375
0 0.11796875 0.19296875 0.053125 0.0671875
0 0.440625 0.56484375 0.0453125 0.040625
0 0.50625 0.2703125 0.10625 0.0921875
0 0.5375 0.328125 0.0609375 0.0640625
0 0.15078125 0.66953125 0.0703125 0.0625
0 0.0703125 0.14375 0.0875 0.0640625
0 0.1828125 0.48046875 0.0484375 0.05625
0 0.34765625 0.953125 0.0921875 0.09375
0 0.6953125 0.13828125 0.0625 0.0484375
0 0.18671875 0.62578125 0.06875 0.059375
0 0.534375 0.709375 0.0515625 0.059375
0 0.2640625 0.88984375 0.1296875 0.1109375
0 0.7953125 0.1046875 0.090625 0.0859375
0 0.65390625 0.03125 0.08125 0.0625
0 0.66015625 0.3578125 0.046875 0.05625
0 0.678125 0.5390625 0.090625 0.0828125
0 0.17265625 0.95546875 0.1078125 0.0875
0 0.1265625 0.46328125 0.0828125 0.096875
0 0.8953125 0.80078125 0.1 0.1109375
0 0.2171875 0.78125 0.0640625 0.0625
0 0.665625 0.08359375 0.0546875 0.078125
0 0.56015625 0.86484375 0.0765625 0.1265625
0 0.82109375 0.1546875 0.053125 0.059375
0 0.84375 0.50390625 0.0859375 0.0765625
0 0.48828125 0.2015625 0.0953125 0.0984375
0 0.7390625 0.6875 0.096875 0.0875
0 0.91953125 0.6703125 0.159375 0.1296875
0 0.9390625 0.5296875 0.0890625 0.0828125
0 0.7609375 0.40625 0.0546875 0.0609375
0 0.42109375 0.090625 0.1015625 0.103125
0 0.07265625 0.509375 0.05 0.065625
0 0.603125 0.35 0.078125 0.109375
0 0.34453125 0.43984375 0.109375 0.109375
0 0.5484375 0.52578125 0.1015625 0.0953125
0 0.53359375 0.38984375 0.0453125 0.0484375
0 0.72109375 0.83203125 0.0828125 0.071875
0 0.04296875 0.66328125 0.0859375 0.1140625
0 0.33359375 0.2078125 0.13125 0.1265625
0 0.24375 0.6234375 0.084375 0.0734375
0 0.51640625 0.61875 0.090625 0.1234375
0 0.7921875 0.0421875 0.09375 0.084375
0 0.64296875 0.8109375 0.0828125 0.0765625
0 0.17890625 0.82578125 0.071875 0.0765625
0 0.08671875 0.92890625 0.1 0.0859375
0 0.34609375 0.3453125 0.1234375 0.10625
0 0.16953125 0.7890625 0.0359375 0.04375
0 0.71796875 0.0578125 0.0796875 0.078125
0 0.075 0.74609375 0.06875 0.059375
0 0.67734375 0.66875 0.0578125 0.0484375
0 0.9453125 0.8515625 0.1078125 0.121875
0 0.29375 0.7953125 0.1078125 0.1015625
0 0.60546875 0.91484375 0.05625 0.0796875
0 0.4609375 0.715625 0.1140625 0.1234375
0 0.1265625 0.859375 0.0609375 0.0546875
0 0.66640625 0.73984375 0.0796875 0.090625
0 0.16015625 0.15078125 0.0921875 0.0921875
0 0.5828125 0.7296875 0.0796875 0.084375
0 0.103125 0.6578125 0.075 0.0671875
0 0.05 0.0515625 0.1 0.075
0 0.62421875 0.44296875 0.1203125 0.103125
0 0.4859375 0.39453125 0.0765625 0.0921875
0 0.46484375 0.925 0.0875 0.1140625
0 0.478125 0.82421875 0.1109375 0.1109375
0 0.17734375 0.45234375 0.0546875 0.046875
0 0.3796875 0.6359375 0.128125 0.1359375
0 0.4890625 0.11171875 0.05625 0.0765625
0 0.8859375 0.24453125 0.1265625 0.1109375