0 0.140625 0.8578125 0.171875 0.2078125
0 0.3734375 0.08046875 0.23125 0.1609375
0 0.8765625 0.83046875 0.2421875 0.2125
0 0.509375 0.4953125 0.0953125 0.140625
0 0.328125 0.21875 0.1546875 0.1796875
0 0.66015625 0.09296875 0.23125 0.1859375
0 0.165625 0.12890625 0.1765625 0.18125
0 0.875 0.61015625 0.1796875 0.196875
0 0.61328125 0.51484375 0.175 0.1953125
0 0.3140625 0.77578125 0.165625 0.2171875
0 0.7546875 0.57734375 0.1578125 0.1265625
0 0.265625 0.3203125 0.11875 0.171875
0 0.4203125 0.828125 0.1359375 0.1578125
0 0.65234375 0.35 0.1515625 0.175
0 0.06171875 0.94453125 0.1234375 0.1078125
0 0.4296875 0.63125 0.253125 0.240625
0 0.7609375 0.69453125 0.1 0.11875
0 0.521875 0.3875 0.13125 0.121875
0 0.19765625 0.47578125 0.209375 0.259375
0 0.5984375 0.74375 0.2734375 0.328125
0 0.73671875 0.46328125 0.19375 0.1609375
0 0.84765625 0.93828125 0.165625 0.1203125
0 0.34765625 0.3578125 0.1390625 0.1703125
0 0.42421875 0.321875 0.103125 0.128125
0 0.4484375 0.4625 0.1109375 0.1203125
0 0.175 0.275 0.1453125 0.1671875
0 0.14609375 0.63359375 0.18125 0.15
0 0.5203125 0.21171875 0.2078125 0.2703125
0 0.921875 0.40703125 0.15625 0.24375
0 0.0625 0.26484375 0.125 0.1390625
0 0.25234375 0.82109375 0.2015625 0.225
0 0.07109375 0.41015625 0.115625 0.1734375