0 0.73125 0.1734375 0.0921875 0.1140625
0 0.5953125 0.08203125 0.0671875 0.0640625
0 0.60859375 0.44765625 0.059375 0.0578125
0 0.875 0.74609375 0.08125 0.075
0 0.49375 0.28671875 0.071875 0.075
0 0.2921875 0.67109375 0.0921875 0.103125
0 0.81171875 0.23515625 0.1328125 0.1125
0 0.4828125 0.76328125 0.0890625 0.0828125
0 0.44375 0.659375 0.103125 0.0984375
0 0.10234375 0.7828125 0.0890625 0.103125
0 0.1328125 0.8875 0.0734375 0.08125
0 0.3625 0.66640625 0.0765625 0.075
0 0.73125 0.6171875 0.1390625 0.140625
0 0.5 0.046875 0.0890625 0.0796875
0 0.8234375 0.6671875 0.0859375 0.0828125
0 0.703125 0.07265625 0.0625 0.078125
0 0.5640625 0.9375 0.121875 0.1109375
0 0.63125 0.55390625 0.128125 0.13125
0 0.6125 0.19296875 0.0578125 0.0640625
0 0.8625 0.0578125 0.096875 0.1078125
0 0.55234375 0.72265625 0.1171875 0.134375
0 0.57109375 0.21875 0.0796875 0.103125
0 0.221875 0.8046875 0.06875 0.0796875
0 0.78046875 0.759375 0.0828125 0.0765625
0 0.4890625 0.41953125 0.0796875 0.0921875
0 0.38046875 0.475 0.0953125 0.0734375
0 0.41875 0.521875 0.078125 0.059375
0 0.25 0.54765625 0.1328125 0.1078125
0 0.2875 0.809375 0.0796875 0.096875
0 0.78359375 0.3890625 0.103125 0.0921875
0 0.94375 0.0484375 0.0921875 0.0953125
0 0.69765625 0.35859375 0.1125 0.1375
0 0.484375 0.53984375 0.0921875 0.0796875
0 0.396875 0.103125 0.0609375 0.0671875
0 0.875 0.45 0.1140625 0.096875
0 0.059375 0.78125 0.11875 0.103125
0 0.3734375 0.35546875 0.1109375 0.1234375
0 0.85546875 0.93359375 0.1265625 0.128125
0 0.4953125 0.603125 0.125 0.090625
0 0.821875 0.525 0.125 0.15
0 0.35 0.075 0.05625 0.065625
0 0.8046875 0.16640625 0.0921875 0.08125