0 0.934375 0.621875 0.13125 0.190625
0 0.171875 0.37890625 0.175 0.221875
0 0.9359375 0.7765625 0.125 0.1859375
0 0.67890625 0.86171875 0.2015625 0.2203125
0 0.84296875 0.8890625 0.2453125 0.2203125
0 0.9078125 0.45625 0.18125 0.2203125
0 0.4078125 0.94140625 0.240625 0.1140625
0 0.24140625 0.86328125 0.15 0.1859375
0 0.8671875 0.3359375 0.1796875 0.234375
0 0.71875 0.4078125 0.2578125 0.3015625
0 0.09765625 0.61171875 0.125 0.1515625
0 0.35703125 0.77578125 0.2671875 0.275
0 0.1234375 0.178125 0.246875 0.228125
0 0.33671875 0.4296875 0.275 0.2796875
0 0.06640625 0.315625 0.1328125 0.2125
0 0.27734375 0.621875 0.278125 0.1765625
0 0.1125 0.76953125 0.225 0.190625
0 0.31796875 0.14453125 0.3046875 0.2890625
0 0.7734375 0.646875 0.2640625 0.2390625
0 0.09765625 0.921875 0.146875 0.1375
0 0.8953125 0.12578125 0.2046875 0.2515625