0 0.6296875 0.83046875 0.05 0.0640625
0 0.96875 0.12890625 0.0515625 0.05625
0 0.1625 0.415625 0.0859375 0.0765625
0 0.05390625 0.1359375 0.0828125 0.096875
0 0.28359375 0.16171875 0.1 0.1453125
0 0.42734375 0.06640625 0.0484375 0.065625
0 0.634375 0.24375 0.059375 0.05
0 0.55703125 0.22265625 0.071875 0.0828125
0 0.42890625 0.75078125 0.0625 0.0625
0 0.4828125 0.05078125 0.1390625 0.1015625
0 0.83125 0.221875 0.1015625 0.0765625
0 0.7703125 0.27890625 0.103125 0.109375
0 0.67890625 0.3890625 0.05 0.053125
0 0.625 0.5328125 0.075 0.0921875
0 0.94140625 0.41640625 0.0765625 0.096875
0 0.25625 0.70625 0.06875 0.05
0 0.128125 0.66953125 0.128125 0.0953125
0 0.7875 0.3390625 0.0609375 0.059375
0 0.37265625 0.790625 0.075 0.071875
0 0.446875 0.44140625 0.059375 0.0765625
0 0.14453125 0.353125 0.0765625 0.0796875
0 0.64453125 0.04453125 0.05625 0.05625
0 0.290625 0.05625 0.0859375 0.0765625
0 0.4625 0.3671875 0.0703125 0.0640625
0 0.5625 0.17265625 0.1015625 0.071875
0 0.7671875 0.13984375 0.0859375 0.125
0 0.84140625 0.384375 0.0625 0.059375
0 0.09375 0.3203125 0.0765625 0.0953125
0 0.46328125 0.81875 0.0546875 0.071875
0 0.41640625 0.81328125 0.059375 0.071875
0 0.20078125 0.58046875 0.0921875 0.0953125
0 0.2546875 0.87734375 0.0921875 0.1265625
0 0.5984375 0.10234375 0.134375 0.103125
0 0.57734375 0.240625 0.0890625 0.084375
0 0.31484375 0.8609375 0.059375 0.08125
0 0.771875 0.87109375 0.0796875 0.0625
0 0.83671875 0.13515625 0.0609375 0.0640625
0 0.3140625 0.478125 0.1015625 0.0984375
0 0.546875 0.88671875 0.075 0.0859375
0 0.5015625 0.415625 0.05625 0.05625
0 0.66640625 0.44140625 0.0796875 0.084375
0 0.42421875 0.87421875 0.053125 0.0625
0 0.146875 0.10234375 0.1234375 0.0890625
0 0.7796875 0.3921875 0.0609375 0.0640625
0 0.8359375 0.4875 0.08125 0.090625
0 0.40859375 0.3375 0.1046875 0.071875
0 0.6046875 0.89296875 0.0609375 0.0640625
0 0.62265625 0.36328125 0.071875 0.071875
0 0.78671875 0.9234375 0.0484375 0.0609375
0 0.94453125 0.07265625 0.0453125 0.0453125
0 0.534375 0.5078125 0.0859375 0.078125
0 0.10078125 0.6265625 0.0921875 0.0984375
0 0.37265625 0.0765625 0.078125 0.1
0 0.703125 0.484375 0.0796875 0.0640625
0 0.21328125 0.36875 0.0890625 0.090625
0 0.82578125 0.08359375 0.0703125 0.0625
0 0.06015625 0.5140625 0.0953125 0.0828125
0 0.0859375 0.4078125 0.0828125 0.0765625
0 0.36640625 0.159375 0.078125 0.08125
0 0.21640625 0.75 0.053125 0.059375
0 0.315625 0.3359375 0.0828125 0.08125
0 0.9203125 0.13515625 0.0515625 0.0453125
0 0.95 0.175 0.0609375 0.0578125
0 0.290625 0.54765625 0.084375 0.1015625
0 0.6140625 0.30625 0.1109375 0.0859375
0 0.52734375 0.44453125 0.0828125 0.0703125
0 0.68984375 0.26484375 0.071875 0.0796875
0 0.3625 0.84375 0.0625 0.05625
0 0.9078125 0.4890625 0.071875 0.078125
0 0.490625 0.725 0.078125 0.0671875
0 0.18359375 0.1984375 0.1046875 0.13125
0 0.30859375 0.265625 0.0765625 0.071875
0 0.35859375 0.30078125 0.0546875 0.0609375
0 0.51484375 0.815625 0.084375 0.078125
0 0.08125 0.56640625 0.0796875 0.075
0 0.33046875 0.56640625 0.0671875 0.078125
0 0.928125 0.5375 0.0953125 0.0671875
0 0.7296875 0.8890625 0.08125 0.0703125
0 0.76640625 0.52734375 0.084375 0.06875
0 0.94765625 0.33671875 0.0765625 0.0671875
0 0.59453125 0.446875 0.084375 0.0953125
0 0.159375 0.04609375 0.0484375 0.0359375
0 0.6640625 0.06796875 0.03125 0.0375
0 0.634375 0.7828125 0.0875 0.053125
0 0.26171875 0.52109375 0.071875 0.0875
0 0.13984375 0.46875 0.096875 0.08125
0 0.825 0.7953125 0.0640625 0.0875
0 0.05546875 0.215625 0.1109375 0.09375
0 0.41796875 0.65 0.0953125 0.078125
0 0.38984375 0.4140625 0.0390625 0.0328125
0 0.0671875 0.27734375 0.08125 0.0609375
0 0.8171875 0.41875 0.071875 0.053125
0 0.92734375 0.23359375 0.096875 0.1015625
0 0.2296875 0.071875 0.0765625 0.09375
0 0.734375 0.08828125 0.0625 0.0453125
0 0.92734375 0.09921875 0.05625 0.040625
0 0.73671875 0.4234375 0.0515625 0.0609375
0 0.48515625 0.9078125 0.0859375 0.1140625
0 0.86484375 0.05859375 0.071875 0.0640625
0 0.896875 0.8765625 0.0875 0.109375
0 0.4203125 0.40546875 0.0375 0.0359375
0 0.06953125 0.93125 0.1390625 0.1359375
0 0.7171875 0.9375 0.059375 0.0546875
0 0.6796875 0.5640625 0.1265625 0.125
0 0.15625 0.8109375 0.0765625 0.0765625
0 0.7546875 0.96171875 0.0515625 0.0546875
0 0.80546875 0.6859375 0.0953125 0.0859375
0 0.21171875 0.5078125 0.0953125 0.0859375
0 0.515625 0.66484375 0.1234375 0.0953125
0 0.23046875 0.43203125 0.059375 0.0578125
0 0.7671875 0.0609375 0.0484375 0.0421875
0 0.17578125 0.75 0.0546875 0.0640625
0 0.68125 0.02265625 0.0390625 0.0390625
0 0.96015625 0.6171875 0.078125 0.0828125
0 0.38515625 0.38203125 0.0453125 0.034375
0 0.396875 0.56875 0.0859375 0.10625
0 0.69921875 0.08984375 0.0609375 0.0625
0 0.08984375 0.046875 0.090625 0.0875
0 0.78125 0.4703125 0.0859375 0.090625
0 0.74921875 0.73125 0.121875 0.1
0 0.31328125 0.6234375 0.065625 0.0578125
0 0.6625 0.94140625 0.046875 0.0484375
0 0.8703125 0.29453125 0.1078125 0.1359375
0 0.40234375 0.45703125 0.06875 0.0734375
0 0.36796875 0.73515625 0.0703125 0.0734375
0 0.034375 0.678125 0.065625 0.059375
0 0.6265625 0.17109375 0.0671875 0.06875
0 0.09140625 0.11328125 0.0625 0.0640625
0 0.36328125 0.4265625 0.0484375 0.046875
0 0.29296875 0.765625 0.11875 0.115625
0 0.584375 0.82421875 0.075 0.0796875
0 0.23515625 0.63203125 0.078125 0.084375
0 0.68125 0.7921875 0.075 0.08125
0 0.58984375 0.44609375 0.08125 0.090625
0 0.85390625 0.55859375 0.0921875 0.0765625
0 0.34765625 0.91484375 0.05625 0.0859375
0 0.32890625 0.6671875 0.10625 0.0765625
0 0.13515625 0.73125 0.06875 0.0703125
0 0.403125 0.9296875 0.0625 0.075
0 0.42890625 0.6984375 0.0859375 0.06875
0 0.66328125 0.87109375 0.065625 0.090625
0 0.7578125 0.8109375 0.10625 0.0953125
0 0.6859375 0.328125 0.090625 0.0546875