0 0.56953125 0.240625 0.0734375 0.0953125
0 0.24296875 0.66171875 0.071875 0.0796875
0 0.35 0.8265625 0.0609375 0.084375
0 0.5171875 0.7046875 0.1234375 0.090625
0 0.14296875 0.12578125 0.0953125 0.1078125
0 0.1421875 0.80625 0.0890625 0.090625
0 0.93359375 0.215625 0.075 0.0703125
0 0.4296875 0.053125 0.103125 0.0953125
0 0.07421875 0.05234375 0.08125 0.0734375
0 0.71171875 0.5078125 0.071875 0.0765625
0 0.31484375 0.46015625 0.0875 0.109375
0 0.78984375 0.89140625 0.0890625 0.1140625
0 0.84921875 0.1921875 0.10625 0.090625
0 0.26640625 0.26171875 0.1 0.0984375
0 0.24921875 0.18203125 0.1078125 0.0921875
0 0.35859375 0.04375 0.0890625 0.0875
0 0.24765625 0.91484375 0.0671875 0.1046875
0 0.04140625 0.1671875 0.0828125 0.065625
0 0.37734375 0.4359375 0.08125 0.0890625
0 0.07890625 0.12109375 0.0765625 0.0796875
0 0.94609375 0.5484375 0.1078125 0.0875
0 0.8515625 0.69296875 0.1109375 0.084375
0 0.046875 0.6484375 0.09375 0.0796875
0 0.67578125 0.9234375 0.071875 0.10625
0 0.90625 0.4125 0.115625 0.071875
0 0.65859375 0.1703125 0.0796875 0.0828125
0 0.48203125 0.59453125 0.0875 0.103125
0 0.33203125 0.1484375 0.08125 0.115625
0 0.2875 0.59765625 0.0765625 0.0828125
0 0.0515625 0.23125 0.096875 0.0765625
0 0.809375 0.2578125 0.1203125 0.115625
0 0.14453125 0.271875 0.10625 0.109375
0 0.384375 0.1640625 0.0796875 0.1203125
0 0.78671875 0.38515625 0.078125 0.0875
0 0.50625 0.1265625 0.0796875 0.1171875
0 0.571875 0.87421875 0.0890625 0.10625
0 0.215625 0.79609375 0.084375 0.084375
0 0.73359375 0.9125 0.0734375 0.1015625
0 0.88515625 0.7671875 0.0953125 0.0828125
0 0.58125 0.4265625 0.0703125 0.0703125
0 0.1421875 0.91640625 0.0921875 0.103125
0 0.8875 0.478125 0.0734375 0.0625
0 0.5078125 0.26015625 0.1109375 0.125
0 0.78828125 0.5953125 0.0734375 0.0671875
0 0.72265625 0.21328125 0.109375 0.103125
0 0.365625 0.69609375 0.08125 0.1
0 0.59765625 0.6734375 0.0625 0.0640625
0 0.3828125 0.35703125 0.09375 0.0796875
0 0.92578125 0.6375 0.0734375 0.065625
0 0.68984375 0.71796875 0.0625 0.0640625
0 0.8625 0.9359375 0.0953125 0.1140625
0 0.03671875 0.06640625 0.0671875 0.0765625
0 0.13203125 0.63359375 0.0828125 0.071875
0 0.52421875 0.05078125 0.0921875 0.1
0 0.86796875 0.509375 0.0765625 0.0671875
0 0.0765625 0.9421875 0.1234375 0.1140625
0 0.9078125 0.29765625 0.1015625 0.0859375
0 0.4296875 0.13203125 0.0953125 0.1015625
0 0.42421875 0.6421875 0.0890625 0.1015625
0 0.4828125 0.49453125 0.08125 0.0921875
0 0.80859375 0.84140625 0.0734375 0.084375
0 0.73046875 0.68671875 0.084375 0.1046875
0 0.6609375 0.3921875 0.10625 0.1125
0 0.13828125 0.3765625 0.1671875 0.15
0 0.46953125 0.84375 0.078125 0.090625
0 0.6515625 0.54765625 0.1171875 0.11875
0 0.3609375 0.915625 0.0765625 0.075
0 0.59296875 0.5140625 0.0671875 0.0671875
0 0.240625 0.08125 0.0875 0.10625
0 0.7515625 0.12578125 0.1015625 0.0921875
0 0.80390625 0.06640625 0.090625 0.109375
0 0.20703125 0.2375 0.0796875 0.084375
0 0.646875 0.090625 0.0921875 0.125
0 0.209375 0.5265625 0.14375 0.115625
0 0.8515625 0.6078125 0.078125 0.078125
0 0.52578125 0.78359375 0.121875 0.0875
0 0.46796875 0.9234375 0.078125 0.128125