0 0.62109375 0.90625 0.1015625 0.1046875
0 0.9515625 0.85234375 0.0953125 0.134375
0 0.32421875 0.853125 0.1234375 0.1546875
0 0.9453125 0.9671875 0.090625 0.0640625
0 0.35625 0.4171875 0.09375 0.071875
0 0.7640625 0.1125 0.06875 0.0671875
0 0.54375 0.35703125 0.1171875 0.1390625
0 0.134375 0.75625 0.1140625 0.1
0 0.30546875 0.47578125 0.1 0.0921875
0 0.57265625 0.5421875 0.0875 0.1015625
0 0.90625 0.0484375 0.0953125 0.0921875
0 0.94296875 0.68671875 0.1125 0.1015625
0 0.09296875 0.353125 0.1203125 0.0796875
0 0.65390625 0.83828125 0.1046875 0.0609375
0 0.596875 0.19375 0.1015625 0.0875
0 0.7765625 0.4296875 0.0984375 0.09375
0 0.20625 0.35859375 0.1140625 0.1140625
0 0.43125 0.821875 0.0875 0.109375
0 0.146875 0.89765625 0.0875 0.1125
0 0.9125 0.14453125 0.134375 0.1125
0 0.56328125 0.7609375 0.0921875 0.0875
0 0.8203125 0.696875 0.16875 0.13125
0 0.71328125 0.9125 0.0984375 0.1296875
0 0.2125 0.8265625 0.0765625 0.10625
0 0.19375 0.48203125 0.1109375 0.09375
0 0.35546875 0.09375 0.1265625 0.1203125
0 0.07734375 0.196875 0.1546875 0.1359375
0 0.44296875 0.7359375 0.0984375 0.096875
0 0.5546875 0.8328125 0.0921875 0.084375
0 0.959375 0.78828125 0.078125 0.103125
0 0.4046875 0.17890625 0.1 0.0953125
0 0.38828125 0.29609375 0.1296875 0.1640625
0 0.5546875 0.25859375 0.1359375 0.0921875
0 0.95078125 0.35234375 0.0734375 0.0765625
0 0.27734375 0.29609375 0.103125 0.0859375
0 0.43984375 0.9234375 0.08125 0.128125
0 0.04375 0.8203125 0.0875 0.109375
0 0.8 0.203125 0.1234375 0.1421875
0 0.2765625 0.7578125 0.115625 0.11875
0 0.8140625 0.39375 0.096875 0.09375
0 0.89140625 0.403125 0.0796875 0.1015625
0 0.6578125 0.390625 0.1140625 0.1234375
0 0.25625 0.084375 0.090625 0.103125
0 0.396875 0.546875 0.096875 0.0953125
0 0.83984375 0.93203125 0.121875 0.134375
0 0.2765625 0.94765625 0.1078125 0.0953125
0 0.19140625 0.25859375 0.0953125 0.0890625
0 0.05546875 0.64296875 0.1109375 0.0890625
0 0.20546875 0.578125 0.1234375 0.109375
0 0.6140625 0.6890625 0.1109375 0.1125
0 0.303125 0.60234375 0.090625 0.0953125
0 0.8265625 0.81015625 0.1 0.1
0 0.4296875 0.4890625 0.06875 0.0703125
0 0.51015625 0.96484375 0.08125 0.0671875
0 0.04921875 0.0515625 0.0984375 0.103125
0 0.7328125 0.7640625 0.1171875 0.1359375
0 0.69375 0.23671875 0.0984375 0.090625
0 0.50859375 0.146875 0.1203125 0.1390625
0 0.0734375 0.428125 0.10625 0.0890625
0 0.871875 0.509375 0.115625 0.0953125
0 0.90859375 0.24765625 0.11875 0.1125
0 0.19921875 0.184375 0.103125 0.1125
0 0.05390625 0.9453125 0.103125 0.1078125
0 0.5171875 0.06953125 0.0765625 0.0453125
0 0.078125 0.5421875 0.15625 0.1171875
0 0.409375 0.6453125 0.1015625 0.09375
0 0.50390625 0.51015625 0.103125 0.1484375