0 0.74375 0.34921875 0.0796875 0.0984375
0 0.10078125 0.2796875 0.103125 0.06875
0 0.3546875 0.8671875 0.046875 0.0796875
0 0.5984375 0.5375 0.0640625 0.05625
0 0.84921875 0.70859375 0.0609375 0.05625
0 0.0984375 0.79296875 0.078125 0.0640625
0 0.175 0.46171875 0.071875 0.0609375
0 0.70625 0.93828125 0.0828125 0.09375
0 0.13984375 0.34296875 0.0796875 0.06875
0 0.0796875 0.91796875 0.084375 0.0953125
0 0.609375 0.35078125 0.0546875 0.0609375
0 0.61171875 0.5 0.0640625 0.065625
0 0.678125 0.28828125 0.109375 0.1140625
0 0.6671875 0.8640625 0.059375 0.08125
0 0.79609375 0.12890625 0.071875 0.0828125
0 0.6421875 0.41484375 0.053125 0.05625
0 0.94609375 0.5 0.096875 0.0578125
0 0.10546875 0.225 0.1015625 0.084375
0 0.48125 0.7890625 0.059375 0.0734375
0 0.3515625 0.075 0.053125 0.084375
0 0.70625 0.66796875 0.075 0.0734375
0 0.43125 0.38828125 0.05625 0.0703125
0 0.95390625 0.20078125 0.059375 0.0703125
0 0.2890625 0.62734375 0.059375 0.0671875
0 0.42578125 0.23984375 0.090625 0.1171875
0 0.803125 0.3984375 0.0734375 0.0703125
0 0.54296875 0.27890625 0.078125 0.0953125
0 0.88359375 0.22734375 0.103125 0.084375
0 0.66640625 0.0515625 0.0828125 0.1015625
0 0.1453125 0.53046875 0.103125 0.0625
0 0.6296875 0.8890625 0.0625 0.09375
0 0.4921875 0.61640625 0.0734375 0.0828125
0 0.7640625 0.234375 0.0640625 0.0734375
0 0.296875 0.27890625 0.0796875 0.090625
0 0.50078125 0.19609375 0.0796875 0.0640625
0 0.31640625 0.91015625 0.0484375 0.06875
0 0.15 0.91640625 0.0828125 0.1
0 0.45390625 0.30078125 0.1015625 0.1
0 0.3984375 0.7 0.04375 0.0625
0 0.40859375 0.059375 0.0640625 0.1078125
0 0.3953125 0.42578125 0.0484375 0.05625
0 0.5296875 0.49296875 0.059375 0.059375
0 0.75703125 0.07421875 0.0703125 0.0984375
0 0.61953125 0.665625 0.0796875 0.071875
0 0.82421875 0.85625 0.0609375 0.0734375
0 0.24765625 0.44140625 0.0703125 0.0640625
0 0.2421875 0.1765625 0.0921875 0.1
0 0.85703125 0.19609375 0.071875 0.06875
0 0.390625 0.15 0.0546875 0.0890625
0 0.35 0.1703125 0.0609375 0.1015625
0 0.34765625 0.7671875 0.0578125 0.0828125
0 0.90546875 0.41640625 0.084375 0.06875
0 0.48671875 0.05 0.08125 0.1
0 0.628125 0.1984375 0.0953125 0.1125
0 0.80078125 0.29296875 0.0734375 0.0734375
0 0.046875 0.85546875 0.0875 0.09375
0 0.95 0.33203125 0.096875 0.0828125
0 0.27265625 0.80703125 0.0765625 0.0890625
0 0.740625 0.8015625 0.0671875 0.0734375
0 0.8609375 0.465625 0.0734375 0.0453125
0 0.46015625 0.49375 0.0703125 0.071875
0 0.06953125 0.05703125 0.109375 0.109375
0 0.75859375 0.71640625 0.075 0.071875
0 0.478125 0.92890625 0.053125 0.090625
0 0.2453125 0.91875 0.0625 0.08125
0 0.0734375 0.5265625 0.0640625 0.04375
0 0.303125 0.69140625 0.053125 0.05625
0 0.3453125 0.38671875 0.1109375 0.1171875
0 0.06953125 0.365625 0.10625 0.128125
0 0.2046875 0.7609375 0.071875 0.075
0 0.1078125 0.71875 0.08125 0.0625
0 0.4609375 0.41796875 0.05625 0.0578125
0 0.61875 0.7578125 0.084375 0.0796875
0 0.69921875 0.46953125 0.078125 0.0796875
0 0.765625 0.49765625 0.0734375 0.06875
0 0.24609375 0.6578125 0.0484375 0.0671875
0 0.38984375 0.6453125 0.05625 0.046875
0 0.1875 0.2578125 0.1 0.0953125
0 0.16015625 0.1234375 0.1125 0.1234375
0 0.4265625 0.7265625 0.0625 0.0734375
0 0.28984375 0.49453125 0.0796875 0.08125
0 0.58984375 0.4265625 0.053125 0.065625
0 0.403125 0.91953125 0.0640625 0.1140625
0 0.33203125 0.653125 0.040625 0.0515625