0 0.796875 0.44921875 0.2671875 0.2734375
0 0.21953125 0.6203125 0.1703125 0.209375
0 0.07578125 0.671875 0.1515625 0.171875
0 0.54609375 0.0890625 0.125 0.1375
0 0.81328125 0.0765625 0.2984375 0.153125
0 0.33125 0.11328125 0.1859375 0.1984375
0 0.14453125 0.1921875 0.109375 0.121875
0 0.4578125 0.51953125 0.190625 0.2046875
0 0.18671875 0.09296875 0.1703125 0.1859375
0 0.421875 0.31796875 0.1265625 0.184375
0 0.90390625 0.81171875 0.1921875 0.171875
0 0.14921875 0.303125 0.140625 0.1421875
0 0.61171875 0.3671875 0.190625 0.2125
0 0.75 0.321875 0.16875 0.159375
0 0.61875 0.12734375 0.165625 0.19375
0 0.50625 0.4328125 0.1 0.1265625
0 0.74765625 0.18125 0.171875 0.159375
0 0.06328125 0.16640625 0.1265625 0.225
0 0.1890625 0.4296875 0.1828125 0.146875
0 0.63671875 0.54375 0.15 0.1359375
0 0.6015625 0.6640625 0.1890625 0.2046875
0 0.2890625 0.30703125 0.171875 0.228125
0 0.0578125 0.36328125 0.115625 0.1703125
0 0.3859375 0.9078125 0.2578125 0.1828125
0 0.8421875 0.64609375 0.215625 0.2109375
0 0.49453125 0.25078125 0.1578125 0.18125