0 0.58671875 0.27734375 0.2359375 0.2390625
0 0.60078125 0.51171875 0.225 0.2046875
0 0.4109375 0.75703125 0.14375 0.11875
0 0.88125 0.453125 0.2125 0.209375
0 0.7234375 0.85859375 0.1859375 0.2078125
0 0.76328125 0.1234375 0.1125 0.1390625
0 0.22265625 0.653125 0.2125 0.2359375
0 0.28828125 0.88515625 0.1359375 0.1734375
0 0.0703125 0.76171875 0.140625 0.1796875
0 0.09453125 0.928125 0.1890625 0.1421875
0 0.22578125 0.34296875 0.1890625 0.1765625
0 0.1234375 0.51953125 0.165625 0.175
0 0.1015625 0.38671875 0.115625 0.1328125
0 0.809375 0.93046875 0.1828125 0.1390625
0 0.36015625 0.16015625 0.225 0.128125
0 0.8234375 0.740625 0.1375 0.1625
0 0.6890625 0.40078125 0.1375 0.1375
0 0.62421875 0.115625 0.1109375 0.11875
0 0.43203125 0.625 0.1390625 0.1375
0 0.53046875 0.87734375 0.1921875 0.2171875
0 0.396875 0.23828125 0.1078125 0.103125
0 0.94140625 0.62421875 0.1140625 0.1515625
0 0.80859375 0.29921875 0.2671875 0.2484375
0 0.30546875 0.51171875 0.221875 0.2015625
0 0.684375 0.659375 0.275 0.2390625
0 0.91015625 0.14140625 0.1765625 0.2828125
0 0.10703125 0.2734375 0.1171875 0.11875