0 0.63828125 0.16796875 0.0734375 0.0609375
0 0.959375 0.08515625 0.0796875 0.0796875
0 0.58515625 0.06953125 0.090625 0.0921875
0 0.1 0.04296875 0.053125 0.04375
0 0.38203125 0.8609375 0.05625 0.0515625
0 0.3875 0.746875 0.078125 0.0796875
0 0.93671875 0.6609375 0.09375 0.10625
0 0.034375 0.03671875 0.06875 0.0734375
0 0.71015625 0.15234375 0.059375 0.0640625
0 0.9046875 0.7703125 0.10625 0.11875
0 0.81484375 0.2046875 0.0515625 0.053125
0 0.2265625 0.5109375 0.0546875 0.0578125
0 0.453125 0.3859375 0.06875 0.0703125
0 0.621875 0.3453125 0.1140625 0.1640625
0 0.328125 0.4515625 0.1125 0.10625
0 0.69375 0.76796875 0.059375 0.059375
0 0.04765625 0.08828125 0.0375 0.0484375
0 0.2421875 0.6109375 0.0953125 0.1171875
0 0.1015625 0.12578125 0.059375 0.0609375
0 0.62421875 0.640625 0.06875 0.0625
0 0.715625 0.70390625 0.090625 0.05
0 0.28203125 0.71015625 0.1546875 0.13125
0 0.1 0.9453125 0.103125 0.078125
0 0.21484375 0.109375 0.0703125 0.0578125
0 0.59453125 0.72265625 0.090625 0.0796875
0 0.1328125 0.45546875 0.084375 0.0625
0 0.35234375 0.3390625 0.0625 0.0640625
0 0.8453125 0.4625 0.08125 0.125
0 0.221875 0.19375 0.0453125 0.04375
0 0.7125 0.478125 0.1015625 0.13125
0 0.1484375 0.81484375 0.0875 0.0765625
0 0.8625 0.5390625 0.0859375 0.059375
0 0.2609375 0.42578125 0.0609375 0.0578125
0 0.2125 0.15 0.05 0.040625
0 0.62734375 0.96484375 0.0671875 0.0703125
0 0.95078125 0.4671875 0.0703125 0.0625
0 0.909375 0.22109375 0.09375 0.0828125
0 0.7359375 0.65 0.0828125 0.090625
0 0.45 0.9296875 0.0640625 0.08125
0 0.0859375 0.2734375 0.1265625 0.1484375
0 0.16796875 0.3625 0.0921875 0.0953125
0 0.80546875 0.7015625 0.0609375 0.0453125
0 0.296875 0.33984375 0.08125 0.06875
0 0.0578125 0.13203125 0.04375 0.0296875
0 0.165625 0.1796875 0.0640625 0.06875
0 0.7828125 0.0484375 0.04375 0.053125
0 0.51171875 0.05 0.0609375 0.084375
0 0.57109375 0.89375 0.059375 0.0703125
0 0.7796875 0.14765625 0.090625 0.065625
0 0.9046875 0.4921875 0.05625 0.0640625
0 0.6875 0.08984375 0.046875 0.0765625
0 0.11953125 0.0796875 0.034375 0.0328125
0 0.3734375 0.6609375 0.053125 0.0328125
0 0.8921875 0.42421875 0.0859375 0.0703125
0 0.15390625 0.11328125 0.0578125 0.053125
0 0.92109375 0.14453125 0.0890625 0.084375
0 0.34140625 0.60625 0.0609375 0.0921875
0 0.9546875 0.90234375 0.090625 0.109375
0 0.52890625 0.92265625 0.0671875 0.06875
0 0.46328125 0.75390625 0.08125 0.0984375
0 0.0953125 0.178125 0.0375 0.040625
0 0.6015625 0.84921875 0.059375 0.0671875
0 0.565625 0.5 0.08125 0.0796875
0 0.20234375 0.040625 0.1078125 0.08125
0 0.0875 0.7109375 0.1015625 0.1109375
0 0.340625 0.1328125 0.0578125 0.071875
0 0.2796875 0.50390625 0.0828125 0.0796875
0 0.76171875 0.21484375 0.0828125 0.09375
0 0.28515625 0.17890625 0.1140625 0.096875
0 0.178125 0.2578125 0.0625 0.084375
0 0.63828125 0.90390625 0.0609375 0.05625
0 0.7625 0.5609375 0.071875 0.0765625
0 0.8359375 0.14765625 0.0671875 0.0609375
0 0.44296875 0.1296875 0.0796875 0.0609375
0 0.62265625 0.1234375 0.0671875 0.0796875
0 0.03828125 0.85546875 0.0765625 0.0890625
0 0.40234375 0.40625 0.0609375 0.0875
0 0.5234375 0.59296875 0.0671875 0.09375
0 0.86328125 0.1703125 0.071875 0.06875
0 0.153125 0.30234375 0.071875 0.05625
0 0.20625 0.45234375 0.0703125 0.0484375
0 0.471875 0.6640625 0.1140625 0.0875
0 0.18125 0.4859375 0.0390625 0.0484375
0 0.19296875 0.85625 0.065625 0.0765625
0 0.52734375 0.421875 0.0765625 0.0609375
0 0.34140625 0.8234375 0.090625 0.06875
0 0.9296875 0.33828125 0.071875 0.0609375
0 0.240625 0.79375 0.04375 0.0328125
0 0.7890625 0.83046875 0.071875 0.040625
0 0.10546875 0.8875 0.1171875 0.084375
0 0.78828125 0.7734375 0.128125 0.0890625
0 0.6640625 0.54296875 0.0875 0.075
0 0.90625 0.0875 0.071875 0.053125
0 0.7453125 0.07734375 0.0703125 0.0796875
0 0.3484375 0.93671875 0.0765625 0.1125
0 0.54296875 0.15 0.0953125 0.103125
0 0.52734375 0.7359375 0.0765625 0.0796875
0 0.4296875 0.190625 0.0921875 0.0796875
0 0.546875 0.34453125 0.096875 0.09375
0 0.60390625 0.58359375 0.0921875 0.08125
0 0.61953125 0.4734375 0.0828125 0.0890625
0 0.04296875 0.415625 0.0859375 0.0828125
0 0.15 0.41015625 0.090625 0.05625
0 0.290625 0.8 0.096875 0.071875
0 0.78359375 0.4765625 0.0609375 0.090625
0 0.89921875 0.9140625 0.08125 0.0796875
0 0.22109375 0.946875 0.103125 0.0890625
0 0.74453125 0.89140625 0.1234375 0.1390625
0 0.76171875 0.38125 0.090625 0.065625
0 0.89765625 0.3609375 0.0609375 0.06875
0 0.115625 0.5625 0.0765625 0.075
0 0.82578125 0.36640625 0.0671875 0.0609375
0 0.68203125 0.06015625 0.0640625 0.071875
0 0.078125 0.490625 0.06875 0.0609375
0 0.271875 0.2703125 0.1109375 0.103125
0 0.82890625 0.603125 0.071875 0.0671875
0 0.2828125 0.88203125 0.0859375 0.0921875
0 0.85546875 0.9453125 0.090625 0.0953125
0 0.67265625 0.21796875 0.0953125 0.0796875