0 0.43125 0.7203125 0.0796875 0.103125
0 0.60546875 0.8296875 0.1921875 0.1796875
0 0.53125 0.6890625 0.0921875 0.128125
0 0.16328125 0.11484375 0.1109375 0.103125
0 0.3765625 0.12109375 0.103125 0.1171875
0 0.91328125 0.0578125 0.1109375 0.0828125
0 0.81875 0.403125 0.11875 0.1359375
0 0.6734375 0.203125 0.13125 0.1578125
0 0.06796875 0.07734375 0.1359375 0.1390625
0 0.3046875 0.51015625 0.084375 0.128125
0 0.7484375 0.62734375 0.103125 0.1015625
0 0.7203125 0.4046875 0.1046875 0.096875
0 0.07265625 0.93046875 0.1421875 0.13125
0 0.60078125 0.11875 0.1203125 0.090625
0 0.57578125 0.61875 0.090625 0.0890625
0 0.315625 0.0546875 0.109375 0.109375
0 0.87890625 0.1484375 0.1234375 0.14375
0 0.55859375 0.5390625 0.071875 0.084375
0 0.634375 0.63046875 0.0703125 0.0890625
0 0.4125 0.61796875 0.1046875 0.1203125
0 0.140625 0.31328125 0.1453125 0.13125
0 0.9234375 0.59375 0.1140625 0.115625
0 0.47265625 0.21015625 0.065625 0.053125
0 0.18671875 0.05234375 0.1546875 0.1046875
0 0.11875 0.4046875 0.0953125 0.0921875
0 0.20234375 0.3984375 0.14375 0.140625
0 0.10078125 0.609375 0.1390625 0.1796875
0 0.91796875 0.81640625 0.1140625 0.1546875
0 0.0578125 0.54375 0.115625 0.134375
0 0.62265625 0.53984375 0.0921875 0.1
0 0.0703125 0.2125 0.1265625 0.134375
0 0.2109375 0.54921875 0.115625 0.1625
0 0.625 0.94375 0.1734375 0.1109375
0 0.553125 0.2046875 0.1078125 0.11875
0 0.82578125 0.27734375 0.0890625 0.1078125
0 0.37734375 0.5484375 0.0734375 0.0703125
0 0.84765625 0.77109375 0.1125 0.1296875
0 0.36484375 0.74765625 0.05625 0.0671875
0 0.57109375 0.459375 0.1296875 0.1203125
0 0.22890625 0.2828125 0.11875 0.1234375
0 0.68359375 0.47265625 0.1296875 0.1234375
0 0.5828125 0.05625 0.0765625 0.090625
0 0.61484375 0.33984375 0.06875 0.1
0 0.37421875 0.91875 0.1234375 0.1421875
0 0.49921875 0.56875 0.09375 0.090625
0 0.0640625 0.44609375 0.121875 0.1015625
0 0.8078125 0.5953125 0.09375 0.10625
0 0.2515625 0.18515625 0.1484375 0.134375
0 0.9109375 0.415625 0.109375 0.13125
0 0.8171875 0.9296875 0.1671875 0.140625
0 0.69921875 0.596875 0.0625 0.0671875
0 0.4765625 0.64140625 0.05625 0.065625
0 0.6609375 0.0546875 0.1 0.109375
0 0.1359375 0.2 0.096875 0.1078125
0 0.503125 0.290625 0.125 0.13125
0 0.48671875 0.48671875 0.0828125 0.0921875
0 0.2984375 0.95234375 0.1015625 0.0921875
0 0.76328125 0.79140625 0.0890625 0.090625
0 0.75390625 0.30625 0.1015625 0.1078125
0 0.234375 0.7953125 0.196875 0.1125
0 0.95859375 0.47109375 0.0734375 0.0796875
0 0.85703125 0.53515625 0.1546875 0.1390625
0 0.75390625 0.53125 0.071875 0.071875
0 0.57265625 0.36484375 0.103125 0.075
0 0.86015625 0.9046875 0.11875 0.1
0 0.3890625 0.44140625 0.1515625 0.165625
0 0.48125 0.8453125 0.11875 0.190625
0 0.75 0.084375 0.09375 0.0984375
0 0.9453125 0.31328125 0.109375 0.128125
0 0.7859375 0.73984375 0.0640625 0.071875
0 0.23828125 0.9015625 0.134375 0.1546875
0 0.48046875 0.12265625 0.1265625 0.1296875
0 0.77734375 0.19609375 0.1203125 0.14375