0 0.25078125 0.75078125 0.1015625 0.11875
0 0.2046875 0.20546875 0.121875 0.096875
0 0.54140625 0.70703125 0.1 0.071875
0 0.69609375 0.05859375 0.090625 0.1171875
0 0.56796875 0.1953125 0.109375 0.08125
0 0.43515625 0.8828125 0.0671875 0.0953125
0 0.4453125 0.30390625 0.1109375 0.1390625
0 0.303125 0.08046875 0.1234375 0.1125
0 0.58359375 0.4234375 0.1078125 0.1109375
0 0.5921875 0.10546875 0.1015625 0.1453125
0 0.42109375 0.70390625 0.09375 0.1
0 0.71328125 0.3 0.0796875 0.09375
0 0.16640625 0.74609375 0.1234375 0.1234375
0 0.78671875 0.51171875 0.0734375 0.071875
0 0.78125 0.6359375 0.09375 0.1046875
0 0.36953125 0.8875 0.0515625 0.0453125
0 0.03046875 0.32421875 0.0609375 0.0609375
0 0.94453125 0.69453125 0.071875 0.0953125
0 0.31640625 0.8125 0.096875 0.1078125
0 0.0703125 0.2625 0.0796875 0.0765625
0 0.6375 0.0609375 0.0484375 0.071875
0 0.78359375 0.1828125 0.0765625 0.096875
0 0.7796875 0.57421875 0.059375 0.0640625
0 0.77578125 0.28671875 0.0671875 0.0796875
0 0.41484375 0.60390625 0.0828125 0.0953125
0 0.88203125 0.16015625 0.128125 0.1234375
0 0.48828125 0.6421875 0.0921875 0.10625
0 0.06640625 0.440625 0.0921875 0.078125
0 0.196875 0.64140625 0.0828125 0.0765625
0 0.37421875 0.678125 0.0640625 0.0640625
0 0.3125 0.321875 0.140625 0.1421875
0 0.7875 0.36171875 0.0765625 0.0625
0 0.4828125 0.7578125 0.0640625 0.0921875
0 0.68671875 0.5765625 0.06875 0.0578125
0 0.84296875 0.83359375 0.08125 0.10625
0 0.74609375 0.2328125 0.0953125 0.059375
0 0.10078125 0.06796875 0.153125 0.1359375
0 0.759375 0.79765625 0.1109375 0.103125
0 0.2515625 0.84375 0.0640625 0.078125
0 0.4125 0.16171875 0.0765625 0.078125
0 0.84765625 0.3890625 0.096875 0.1078125
0 0.65859375 0.14453125 0.0796875 0.103125
0 0.365625 0.17421875 0.0890625 0.115625
0 0.7171875 0.471875 0.121875 0.0703125
0 0.94765625 0.18828125 0.103125 0.1390625
0 0.17734375 0.49375 0.0640625 0.0484375
0 0.3140625 0.534375 0.090625 0.0703125
0 0.02578125 0.4046875 0.040625 0.04375
0 0.04609375 0.56640625 0.0796875 0.08125
0 0.30625 0.70390625 0.103125 0.109375
0 0.7078125 0.7015625 0.0953125 0.115625
0 0.39453125 0.53828125 0.0796875 0.0828125
0 0.83125 0.08046875 0.1 0.1046875
0 0.65390625 0.884375 0.0890625 0.1125
0 0.0515625 0.94375 0.103125 0.1109375
0 0.9265625 0.359375 0.084375 0.096875
0 0.18515625 0.84609375 0.0828125 0.084375
0 0.88203125 0.6015625 0.0390625 0.0328125
0 0.83125 0.3015625 0.0890625 0.09375
0 0.43984375 0.8 0.0828125 0.09375
0 0.1703125 0.5609375 0.0640625 0.075
0 0.75234375 0.0484375 0.103125 0.096875
0 0.2578125 0.440625 0.0703125 0.09375
0 0.21640625 0.5875 0.0734375 0.065625
0 0.62890625 0.47265625 0.0671875 0.05625
0 0.46640625 0.471875 0.11875 0.1203125
0 0.21875 0.88125 0.0640625 0.05625
0 0.546875 0.52890625 0.1140625 0.11875
0 0.5953125 0.23828125 0.0703125 0.059375
0 0.84140625 0.9359375 0.1359375 0.1265625
0 0.73046875 0.540625 0.0640625 0.0734375
0 0.95078125 0.50625 0.096875 0.084375
0 0.95703125 0.7640625 0.0671875 0.078125
0 0.0890625 0.8421875 0.0921875 0.090625
0 0.0875 0.759375 0.0578125 0.059375
0 0.94453125 0.58359375 0.096875 0.0875
0 0.246875 0.2890625 0.1109375 0.1296875
0 0.73828125 0.13984375 0.0921875 0.0984375
0 0.478125 0.8984375 0.0546875 0.0671875
0 0.4265625 0.0640625 0.1359375 0.128125
0 0.759375 0.88046875 0.140625 0.11875
0 0.29453125 0.57265625 0.0828125 0.0640625
0 0.1234375 0.4625 0.0515625 0.0453125
0 0.79453125 0.721875 0.1046875 0.0796875
0 0.2265625 0.52578125 0.06875 0.0609375
0 0.54765625 0.77890625 0.071875 0.0890625
0 0.2203125 0.671875 0.0671875 0.0546875
0 0.303125 0.18359375 0.1 0.11875
0 0.1375 0.5453125 0.071875 0.075
0 0.071875 0.30859375 0.0625 0.0484375
0 0.61328125 0.3046875 0.125 0.15
0 0.8609375 0.54609375 0.109375 0.09375
0 0.69453125 0.50625 0.053125 0.06875
0 0.05625 0.784375 0.103125 0.0734375
0 0.0390625 0.66640625 0.078125 0.1140625
0 0.0703125 0.5046875 0.071875 0.059375
0 0.53828125 0.26015625 0.08125 0.0796875
0 0.08984375 0.37421875 0.1140625 0.075
0 0.1078125 0.52265625 0.0609375 0.0671875
0 0.59609375 0.91484375 0.1296875 0.1546875
0 0.565625 0.65078125 0.071875 0.10625
0 0.2078125 0.9359375 0.05625 0.0640625
0 0.846875 0.2265625 0.084375 0.0828125
0 0.27734375 0.6234375 0.0859375 0.0765625
0 0.459375 0.94296875 0.0578125 0.05625
0 0.4578125 0.18359375 0.109375 0.1109375
0 0.88828125 0.30703125 0.046875 0.0515625
0 0.1765625 0.35234375 0.1046875 0.078125
0 0.2046875 0.1078125 0.1171875 0.1171875
0 0.68125 0.2109375 0.0984375 0.090625
0 0.1109375 0.60859375 0.0921875 0.06875
0 0.11953125 0.31875 0.059375 0.0515625
0 0.525 0.07421875 0.0953125 0.1484375
0 0.64921875 0.53125 0.084375 0.0953125
0 0.709375 0.61875 0.0828125 0.08125
0 0.3 0.8859375 0.09375 0.071875
0 0.54140625 0.9296875 0.0765625 0.065625
0 0.85546875 0.61796875 0.08125 0.0703125
0 0.071875 0.1796875 0.1171875 0.0875
0 0.34453125 0.6125 0.059375 0.078125
0 0.47421875 0.5625 0.071875 0.06875
0 0.89765625 0.884375 0.06875 0.09375
0 0.15859375 0.946875 0.075 0.075
0 0.1796875 0.41875 0.090625 0.0859375
0 0.35 0.94609375 0.0765625 0.0921875
0 0.67578125 0.3578125 0.1015625 0.115625
0 0.146875 0.24921875 0.09375 0.1109375
0 0.9171875 0.075 0.06875 0.0609375
0 0.7390625 0.4171875 0.0953125 0.10625
0 0.8609375 0.7640625 0.0921875 0.0703125
0 0.32421875 0.46484375 0.1109375 0.1125
0 0.83125 0.47265625 0.096875 0.084375
0 0.6125 0.796875 0.1375 0.125
0 0.3828125 0.765625 0.06875 0.0796875
0 0.525 0.35625 0.0984375 0.125
0 0.878125 0.6828125 0.115625 0.09375
0 0.10234375 0.6796875 0.115625 0.11875