0 0.45625 0.921875 0.0765625 0.1078125
0 0.36796875 0.69375 0.084375 0.090625
0 0.63984375 0.56640625 0.09375 0.096875
0 0.54609375 0.6140625 0.078125 0.0859375
0 0.69296875 0.38984375 0.090625 0.06875
0 0.7609375 0.81328125 0.053125 0.0625
0 0.6828125 0.88125 0.065625 0.115625
0 0.40625 0.0671875 0.06875 0.0734375
0 0.875 0.65234375 0.1296875 0.103125
0 0.93515625 0.56015625 0.096875 0.0640625
0 0.7515625 0.41640625 0.1015625 0.0984375
0 0.1609375 0.1109375 0.0890625 0.0765625
0 0.1234375 0.65859375 0.1234375 0.078125
0 0.85546875 0.05625 0.1109375 0.1109375
0 0.6984375 0.04765625 0.0984375 0.090625
0 0.38046875 0.92890625 0.0609375 0.10625
0 0.61015625 0.87421875 0.071875 0.128125
0 0.3375 0.41953125 0.1 0.084375
0 0.2578125 0.87265625 0.0765625 0.09375
0 0.228125 0.31328125 0.16875 0.1390625
0 0.89375 0.32734375 0.1 0.1234375
0 0.35390625 0.28203125 0.1046875 0.1078125
0 0.65546875 0.11875 0.125 0.1015625
0 0.56484375 0.06171875 0.071875 0.0953125
0 0.25390625 0.19609375 0.10625 0.090625
0 0.0578125 0.84375 0.115625 0.0875
0 0.49296875 0.13203125 0.0609375 0.084375
0 0.15 0.76953125 0.1171875 0.1234375
0 0.58046875 0.6984375 0.08125 0.078125
0 0.3203125 0.7609375 0.0875 0.1015625
0 0.396875 0.5453125 0.084375 0.10625
0 0.5546875 0.21796875 0.1109375 0.1109375
0 0.2 0.88828125 0.06875 0.0953125
0 0.45546875 0.69375 0.10625 0.1171875
0 0.4796875 0.190625 0.071875 0.0796875
0 0.7984375 0.76328125 0.071875 0.0796875
0 0.79140625 0.90625 0.08125 0.0875
0 0.11171875 0.4359375 0.1484375 0.1140625
0 0.9640625 0.36875 0.06875 0.0796875
0 0.3828125 0.12734375 0.103125 0.096875
0 0.78984375 0.1640625 0.1234375 0.1328125
0 0.303125 0.4890625 0.1015625 0.115625
0 0.1390625 0.1609375 0.1140625 0.103125
0 0.7390625 0.60859375 0.0734375 0.0796875
0 0.06015625 0.7328125 0.1203125 0.1171875
0 0.671875 0.70078125 0.0609375 0.05625
0 0.48203125 0.58671875 0.0828125 0.1296875
0 0.19296875 0.5859375 0.1453125 0.1015625
0 0.91328125 0.11015625 0.125 0.1078125
0 0.6546875 0.26328125 0.1359375 0.115625
0 0.83359375 0.5109375 0.0921875 0.1015625
0 0.51875 0.74453125 0.140625 0.1546875
0 0.2890625 0.9078125 0.0703125 0.1171875
0 0.284375 0.08671875 0.0640625 0.090625
0 0.71328125 0.79765625 0.090625 0.078125
0 0.35 0.046875 0.0828125 0.0875
0 0.45 0.490625 0.084375 0.0984375
0 0.14609375 0.90859375 0.059375 0.0921875
0 0.36640625 0.8203125 0.1109375 0.1375
0 0.790625 0.34921875 0.128125 0.0984375