0 0.87421875 0.7484375 0.1265625 0.10625
0 0.62109375 0.3578125 0.0796875 0.0765625
0 0.74375 0.65859375 0.10625 0.075
0 0.69296875 0.52578125 0.0671875 0.0640625
0 0.1828125 0.41953125 0.075 0.0765625
0 0.92265625 0.63359375 0.090625 0.078125
0 0.54140625 0.78828125 0.0859375 0.1015625
0 0.87265625 0.0640625 0.084375 0.0921875
0 0.6125 0.58984375 0.0921875 0.090625
0 0.1734375 0.2296875 0.0984375 0.0984375
0 0.8296875 0.3046875 0.121875 0.09375
0 0.07265625 0.68125 0.0953125 0.0671875
0 0.490625 0.3765625 0.0625 0.0625
0 0.74765625 0.86640625 0.0859375 0.1
0 0.078125 0.784375 0.0875 0.08125
0 0.76171875 0.56796875 0.06875 0.0796875
0 0.5359375 0.115625 0.0671875 0.1015625
0 0.18984375 0.58203125 0.08125 0.059375
0 0.83125 0.1546875 0.0875 0.06875
0 0.2453125 0.7421875 0.08125 0.08125
0 0.56953125 0.30703125 0.053125 0.0765625
0 0.6921875 0.79921875 0.08125 0.0671875
0 0.71484375 0.41875 0.08125 0.071875
0 0.4828125 0.47578125 0.065625 0.071875
0 0.796875 0.8125 0.065625 0.071875
0 0.928125 0.5796875 0.0671875 0.0546875
0 0.28671875 0.0890625 0.0796875 0.1125
0 0.16171875 0.046875 0.0765625 0.09375
0 0.7484375 0.28125 0.071875 0.0953125
0 0.753125 0.1828125 0.078125 0.084375
0 0.3453125 0.759375 0.059375 0.0953125
0 0.684375 0.8609375 0.065625 0.0734375
0 0.65234375 0.41875 0.0640625 0.071875
0 0.8234375 0.5328125 0.0671875 0.05
0 0.9265625 0.8109375 0.0640625 0.0703125
0 0.52421875 0.31171875 0.06875 0.0875
0 0.85 0.8125 0.06875 0.078125
0 0.43671875 0.40234375 0.078125 0.08125
0 0.3328125 0.44765625 0.053125 0.05625
0 0.62109375 0.1703125 0.075 0.0984375
0 0.7640625 0.3671875 0.0953125 0.08125
0 0.5265625 0.73203125 0.0671875 0.0703125
0 0.92578125 0.32109375 0.0859375 0.08125
0 0.79765625 0.421875 0.0953125 0.078125
0 0.93203125 0.49765625 0.0875 0.071875
0 0.86875 0.46953125 0.0625 0.071875
0 0.0953125 0.23671875 0.0890625 0.0828125
0 0.49921875 0.86171875 0.05625 0.053125
0 0.5703125 0.43125 0.0921875 0.0703125
0 0.82734375 0.2484375 0.1078125 0.06875
0 0.82109375 0.47265625 0.05625 0.0546875
0 0.5546875 0.3765625 0.0703125 0.0671875
0 0.31328125 0.91484375 0.06875 0.0609375
0 0.90859375 0.19453125 0.0625 0.0609375
0 0.5859375 0.73828125 0.0796875 0.0734375
0 0.20859375 0.30625 0.1046875 0.10625
0 0.8140625 0.20859375 0.08125 0.075
0 0.08671875 0.396875 0.0578125 0.0640625
0 0.3953125 0.8734375 0.0890625 0.09375
0 0.3109375 0.63828125 0.0953125 0.0875
0 0.48984375 0.4296875 0.08125 0.078125
0 0.75 0.93359375 0.0953125 0.1046875
0 0.4703125 0.81796875 0.0953125 0.0921875
0 0.68125 0.11953125 0.090625 0.0953125
0 0.36484375 0.39296875 0.0765625 0.1
0 0.50859375 0.92734375 0.059375 0.0640625
0 0.42578125 0.44921875 0.0515625 0.0484375
0 0.83125 0.09765625 0.0609375 0.0640625
0 0.75 0.07421875 0.0984375 0.125
0 0.38125 0.2265625 0.084375 0.090625
0 0.43359375 0.51171875 0.0875 0.0796875
0 0.5453125 0.465625 0.0765625 0.0796875
0 0.1578125 0.6265625 0.1140625 0.0703125
0 0.609375 0.05859375 0.11875 0.115625
0 0.89296875 0.5328125 0.090625 0.06875
0 0.91796875 0.91328125 0.0953125 0.103125
0 0.31328125 0.34765625 0.065625 0.0765625
0 0.9421875 0.428125 0.1140625 0.11875
0 0.553125 0.61015625 0.0640625 0.065625
0 0.25625 0.20078125 0.115625 0.115625
0 0.48203125 0.09375 0.0703125 0.1421875
0 0.59296875 0.259375 0.084375 0.0859375
0 0.23125 0.54609375 0.075 0.065625
0 0.66328125 0.56171875 0.096875 0.08125
0 0.27734375 0.4125 0.1015625 0.0875
0 0.9671875 0.12265625 0.0625 0.1
0 0.646875 0.63828125 0.090625 0.0796875
0 0.47109375 0.29609375 0.065625 0.0796875
0 0.60390625 0.828125 0.0984375 0.1046875
0 0.90234375 0.946875 0.0890625 0.0875
0 0.69375 0.33046875 0.0703125 0.084375
0 0.76640625 0.46484375 0.0765625 0.0703125
0 0.83359375 0.371875 0.0734375 0.0828125
0 0.6859375 0.93046875 0.0828125 0.1125
0 0.32109375 0.8734375 0.053125 0.059375
0 0.6625 0.20546875 0.078125 0.1
0 0.42421875 0.0828125 0.06875 0.13125
0 0.734375 0.60234375 0.0953125 0.065625
0 0.41171875 0.709375 0.0515625 0.0671875
0 0.396875 0.7578125 0.06875 0.065625
0 0.83046875 0.6 0.1 0.096875
0 0.93359375 0.24609375 0.121875 0.0953125
0 0.8859375 0.8375 0.0734375 0.0984375
0 0.40234375 0.3125 0.115625 0.1109375
0 0.62109375 0.70234375 0.0640625 0.0671875
0 0.921875 0.1046875 0.0765625 0.0890625
0 0.1921875 0.50234375 0.071875 0.059375
0 0.553125 0.2015625 0.0625 0.0796875
0 0.73359375 0.7625 0.0515625 0.0515625
0 0.86015625 0.63984375 0.06875 0.0703125
0 0.63046875 0.5046875 0.0890625 0.08125
0 0.61953125 0.89609375 0.071875 0.071875
0 0.684375 0.746875 0.065625 0.0640625
0 0.94765625 0.17734375 0.0375 0.0484375
0 0.334375 0.54453125 0.0765625 0.084375
0 0.66640625 0.69375 0.0609375 0.0609375
0 0.71015625 0.23828125 0.065625 0.0796875
0 0.15 0.83671875 0.0828125 0.0703125
0 0.3625 0.08203125 0.0734375 0.10625