0 0.95625 0.2734375 0.0859375 0.084375
0 0.0953125 0.8234375 0.125 0.115625
0 0.5875 0.12265625 0.10625 0.1078125
0 0.73671875 0.196875 0.0875 0.09375
0 0.25703125 0.15546875 0.1015625 0.109375
0 0.63828125 0.371875 0.096875 0.1125
0 0.2296875 0.42578125 0.0625 0.0484375
0 0.16953125 0.2234375 0.1109375 0.0875
0 0.25625 0.26015625 0.0515625 0.065625
0 0.2875 0.953125 0.06875 0.09375
0 0.3859375 0.0859375 0.0859375 0.05
0 0.8203125 0.57109375 0.1578125 0.121875
0 0.8171875 0.45859375 0.0921875 0.109375
0 0.2765625 0.3265625 0.0578125 0.05625
0 0.309375 0.30078125 0.0515625 0.0578125
0 0.546875 0.540625 0.0703125 0.0671875
0 0.25390625 0.69609375 0.1953125 0.165625
0 0.47578125 0.50625 0.0765625 0.1
0 0.38671875 0.865625 0.1359375 0.15
0 0.496875 0.8890625 0.1140625 0.1453125
0 0.2796875 0.8625 0.0765625 0.1
0 0.23125 0.0765625 0.0640625 0.0703125
0 0.375 0.38515625 0.1578125 0.13125
0 0.11875 0.4609375 0.1328125 0.11875
0 0.3890625 0.484375 0.0765625 0.06875
0 0.41328125 0.2140625 0.0546875 0.046875
0 0.30703125 0.2421875 0.046875 0.0484375
0 0.728125 0.34921875 0.09375 0.1140625
0 0.10625 0.66796875 0.0921875 0.1015625
0 0.41484375 0.2859375 0.1171875 0.1265625
0 0.86953125 0.28359375 0.0984375 0.1109375
0 0.34921875 0.2640625 0.0515625 0.053125
0 0.94453125 0.553125 0.109375 0.1125
0 0.0671875 0.21875 0.09375 0.165625
0 0.92734375 0.446875 0.14375 0.103125
0 0.09609375 0.26484375 0.0640625 0.175
0 0.04296875 0.70703125 0.0859375 0.090625
0 0.69765625 0.08984375 0.18125 0.165625
0 0.815625 0.940625 0.0796875 0.115625
0 0.9359375 0.12109375 0.1265625 0.1796875
0 0.51953125 0.375 0.1390625 0.146875
0 0.71875 0.4765625 0.13125 0.0921875
0 0.4234375 0.59921875 0.06875 0.065625
0 0.04296875 0.52421875 0.0859375 0.0859375
0 0.5859375 0.03515625 0.1109375 0.0703125
0 0.475 0.7203125 0.1125 0.1890625
0 0.9359375 0.6890625 0.1265625 0.10625
0 0.14921875 0.89453125 0.1140625 0.1296875
0 0.3890625 0.7640625 0.0765625 0.103125
0 0.190625 0.9390625 0.13125 0.1203125
0 0.4 0.14140625 0.05625 0.0453125
0 0.34765625 0.18125 0.090625 0.10625
0 0.03828125 0.14453125 0.0765625 0.1359375
0 0.6578125 0.22421875 0.115625 0.125
0 0.5671875 0.24296875 0.1234375 0.1421875
0 0.8078125 0.353125 0.078125 0.06875
0 0.9140625 0.8890625 0.10625 0.1328125
0 0.30390625 0.040625 0.0734375 0.06875
0 0.41953125 0.02265625 0.0578125 0.0453125
0 0.165625 0.1453125 0.0984375 0.0953125
0 0.9234375 0.3671875 0.1515625 0.103125
0 0.14296875 0.3453125 0.0890625 0.146875
0 0.940625 0.63359375 0.1171875 0.0640625
0 0.28828125 0.5109375 0.115625 0.1625