0 0.278125 0.3671875 0.18125 0.16875
0 0.89765625 0.65859375 0.2015625 0.2265625
0 0.1890625 0.09296875 0.2203125 0.1859375
0 0.675 0.415625 0.0734375 0.1015625
0 0.72421875 0.08203125 0.103125 0.115625
0 0.91640625 0.375 0.1625 0.265625
0 0.52109375 0.08984375 0.1734375 0.1796875
0 0.809375 0.4359375 0.178125 0.15
0 0.79140625 0.33046875 0.1984375 0.146875
0 0.3984375 0.87265625 0.19375 0.178125
0 0.1828125 0.5890625 0.246875 0.2421875
0 0.04765625 0.5515625 0.0953125 0.1484375
0 0.09296875 0.875 0.1171875 0.1296875
0 0.0734375 0.71796875 0.146875 0.196875
0 0.0578125 0.08984375 0.115625 0.1484375
0 0.51484375 0.38203125 0.15625 0.159375
0 0.40546875 0.71875 0.2546875 0.19375
0 0.89140625 0.08125 0.2140625 0.1625
0 0.55390625 0.26875 0.2125 0.184375
0 0.6234375 0.0453125 0.1046875 0.090625
0 0.31640625 0.9265625 0.1484375 0.14375
0 0.91953125 0.20703125 0.159375 0.1671875
0 0.74140625 0.59375 0.275 0.2828125
0 0.7875 0.228125 0.16875 0.175
0 0.38984375 0.56171875 0.2015625 0.1859375
0 0.19609375 0.7875 0.215625 0.1859375
0 0.50234375 0.94296875 0.1234375 0.1125
0 0.08203125 0.3265625 0.1640625 0.246875
0 0.19453125 0.453125 0.165625 0.1109375
0 0.35625 0.41171875 0.1671875 0.140625
0 0.1953125 0.928125 0.1484375 0.1421875
0 0.20078125 0.23359375 0.24375 0.2125
0 0.64765625 0.1375 0.1140625 0.1421875
0 0.07890625 0.9625 0.0875 0.0734375