0 0.6875 0.240625 0.11875 0.1140625
0 0.87109375 0.084375 0.1203125 0.13125
0 0.2296875 0.953125 0.1171875 0.0875
0 0.41875 0.20625 0.1140625 0.1265625
0 0.55234375 0.65390625 0.059375 0.0625
0 0.08125 0.234375 0.1625 0.1734375
0 0.0484375 0.4921875 0.096875 0.115625
0 0.290625 0.265625 0.1578125 0.1546875
0 0.31953125 0.1484375 0.075 0.0796875
0 0.56171875 0.721875 0.0984375 0.0859375
0 0.43828125 0.27890625 0.0640625 0.0609375
0 0.5078125 0.53984375 0.0953125 0.125
0 0.778125 0.21640625 0.0921875 0.103125
0 0.46640625 0.6859375 0.1265625 0.128125
0 0.86640625 0.65625 0.1234375 0.1078125
0 0.37890625 0.4484375 0.084375 0.078125
0 0.68515625 0.16875 0.065625 0.053125
0 0.13359375 0.84140625 0.0984375 0.1
0 0.5015625 0.1390625 0.0921875 0.084375
0 0.0890625 0.36015625 0.1 0.1
0 0.715625 0.3140625 0.103125 0.103125
0 0.45703125 0.5234375 0.121875 0.1421875
0 0.7203125 0.4625 0.1046875 0.08125
0 0.5625 0.0953125 0.071875 0.090625
0 0.2953125 0.46953125 0.115625 0.1390625
0 0.16953125 0.384375 0.1078125 0.1328125
0 0.95625 0.66796875 0.0859375 0.0828125
0 0.2359375 0.4015625 0.0890625 0.1015625
0 0.3296875 0.9515625 0.103125 0.0890625
0 0.6265625 0.16484375 0.0625 0.0796875
0 0.1890625 0.2578125 0.0765625 0.1
0 0.65234375 0.4015625 0.1109375 0.1140625
0 0.5828125 0.33046875 0.14375 0.128125
0 0.2328125 0.16640625 0.1078125 0.1078125
0 0.3375 0.04296875 0.15625 0.0859375
0 0.75546875 0.403125 0.06875 0.059375
0 0.82421875 0.3359375 0.11875 0.1171875
0 0.7421875 0.5390625 0.1125 0.128125
0 0.32578125 0.775 0.165625 0.159375
0 0.35546875 0.696875 0.0875 0.1015625
0 0.82578125 0.7265625 0.075 0.0734375
0 0.19296875 0.7125 0.109375 0.1296875
0 0.6125 0.61953125 0.1234375 0.1234375
0 0.828125 0.88046875 0.09375 0.1375
0 0.52578125 0.23125 0.0859375 0.0875
0 0.9375 0.77890625 0.125 0.13125
0 0.05234375 0.6796875 0.103125 0.115625
0 0.371875 0.571875 0.175 0.1859375
0 0.7984375 0.96328125 0.1140625 0.071875
0 0.13125 0.146875 0.0953125 0.0875
0 0.94140625 0.56640625 0.115625 0.1171875
0 0.46796875 0.071875 0.1265625 0.103125
0 0.52265625 0.8078125 0.096875 0.0890625
0 0.80078125 0.0421875 0.1125 0.08125
0 0.74296875 0.8375 0.128125 0.128125
0 0.93828125 0.93359375 0.1234375 0.11875
0 0.815625 0.57265625 0.16875 0.146875
0 0.98125 0.484375 0.0375 0.05625
0 0.12890625 0.571875 0.1609375 0.125
0 0.63203125 0.51796875 0.1234375 0.128125
0 0.67890625 0.059375 0.1265625 0.11875
0 0.20625 0.0875 0.1 0.078125
0 0.75703125 0.1484375 0.0921875 0.0890625
0 0.46796875 0.74375 0.115625 0.0984375
0 0.39609375 0.315625 0.071875 0.0921875
0 0.2703125 0.6796875 0.0734375 0.0984375
0 0.93828125 0.28203125 0.1234375 0.128125
0 0.82421875 0.15625 0.0640625 0.075
0 0.6203125 0.8140625 0.1125 0.11875
0 0.2140625 0.85234375 0.0796875 0.0875
0 0.71796875 0.9234375 0.1265625 0.11875
0 0.90859375 0.4859375 0.146875 0.1109375
0 0.55859375 0.44296875 0.1109375 0.1140625