0 0.7203125 0.89453125 0.2296875 0.2078125
0 0.384375 0.58046875 0.2359375 0.265625
0 0.6921875 0.16796875 0.33125 0.3359375
0 0.6296875 0.4828125 0.296875 0.2046875
0 0.1359375 0.63046875 0.271875 0.3484375
0 0.85703125 0.20625 0.2828125 0.409375
0 0.29140625 0.7171875 0.1734375 0.1875
0 0.5859375 0.67890625 0.3109375 0.2390625
0 0.725 0.6234375 0.2734375 0.190625
0 0.89453125 0.7296875 0.196875 0.1703125
0 0.51796875 0.19609375 0.2046875 0.2296875
0 0.2015625 0.8609375 0.1953125 0.1671875
0 0.4078125 0.81171875 0.1703125 0.1734375