0 0.09296875 0.93046875 0.134375 0.1390625
0 0.153125 0.61328125 0.134375 0.1375
0 0.290625 0.8375 0.178125 0.103125
0 0.0453125 0.0765625 0.0609375 0.0703125
0 0.0421875 0.625 0.0546875 0.05625
0 0.18359375 0.4046875 0.2125 0.1671875
0 0.05703125 0.48125 0.103125 0.1265625
0 0.1078125 0.26796875 0.0640625 0.1
0 0.05625 0.2109375 0.075 0.09375
0 0.321875 0.7015625 0.25625 0.2484375
0 0.19140625 0.959375 0.0828125 0.059375
0 0.2046875 0.8828125 0.10625 0.115625
0 0.0625 0.5515625 0.125 0.1234375
0 0.1046875 0.83671875 0.115625 0.1265625
0 0.14921875 0.7296875 0.1390625 0.1171875
0 0.1 0.1109375 0.084375 0.1171875
0 0.4171875 0.85859375 0.15625 0.165625
0 0.06015625 0.675 0.0859375 0.084375
0 0.14609375 0.2296875 0.0546875 0.0859375
0 0.2125 0.55234375 0.1453125 0.1375
0 0.3234375 0.959375 0.09375 0.0640625
0 0.0984375 0.1875 0.065625 0.0828125