0 0.9265625 0.93046875 0.0796875 0.071875
0 0.228125 0.09296875 0.121875 0.1125
0 0.171875 0.425 0.09375 0.084375
0 0.490625 0.6140625 0.1125 0.128125
0 0.18984375 0.1890625 0.0765625 0.08125
0 0.49921875 0.078125 0.109375 0.15625
0 0.64375 0.325 0.06875 0.0734375
0 0.875 0.65546875 0.15625 0.159375
0 0.94453125 0.42265625 0.1078125 0.0984375
0 0.8984375 0.82109375 0.128125 0.1078125
0 0.64453125 0.2140625 0.10625 0.128125
0 0.278125 0.290625 0.103125 0.121875
0 0.23203125 0.73359375 0.1453125 0.1515625
0 0.95234375 0.178125 0.0921875 0.13125
0 0.65859375 0.9359375 0.13125 0.125
0 0.48984375 0.26796875 0.0640625 0.084375
0 0.1078125 0.6625 0.1265625 0.109375
0 0.73203125 0.89375 0.1203125 0.1671875
0 0.771875 0.440625 0.1109375 0.109375
0 0.6015625 0.8078125 0.1109375 0.115625
0 0.203125 0.31640625 0.084375 0.103125
0 0.7671875 0.128125 0.121875 0.1640625
0 0.04375 0.7609375 0.0875 0.140625
0 0.8453125 0.9375 0.121875 0.121875
0 0.05625 0.1515625 0.1125 0.1265625
0 0.31953125 0.41640625 0.1203125 0.115625
0 0.54140625 0.45078125 0.19375 0.1765625
0 0.62578125 0.575 0.0984375 0.1171875
0 0.5453125 0.6796875 0.1046875 0.1328125
0 0.11640625 0.55625 0.11875 0.0859375
0 0.0703125 0.4734375 0.13125 0.1171875
0 0.07421875 0.3203125 0.1125 0.103125
0 0.23515625 0.60078125 0.1109375 0.1015625
0 0.3890625 0.36328125 0.1046875 0.115625
0 0.05390625 0.384375 0.1078125 0.11875
0 0.36015625 0.68203125 0.1140625 0.1109375
0 0.1984375 0.51484375 0.109375 0.0828125
0 0.0953125 0.90234375 0.125 0.1515625
0 0.43828125 0.89453125 0.146875 0.1703125
0 0.23828125 0.87421875 0.1484375 0.16875
0 0.3078125 0.5125 0.109375 0.096875
0 0.85 0.146875 0.1578125 0.1109375
0 0.79296875 0.7734375 0.1765625 0.140625
0 0.18515625 0.0390625 0.1046875 0.078125
0 0.33125 0.9296875 0.1265625 0.1375
0 0.55234375 0.1796875 0.0796875 0.1015625
0 0.140625 0.3234375 0.0625 0.071875
0 0.73046875 0.5375 0.1140625 0.1
0 0.675 0.11953125 0.05625 0.09375
0 0.8921875 0.2375 0.1203125 0.103125
0 0.74296875 0.64921875 0.0953125 0.1234375
0 0.45859375 0.775 0.134375 0.13125
0 0.5640625 0.28046875 0.1 0.1
0 0.37890625 0.05234375 0.1390625 0.1046875
0 0.24296875 0.4359375 0.0640625 0.06875
0 0.265625 0.1703125 0.0796875 0.0796875
0 0.36875 0.5796875 0.146875 0.109375
0 0.3796875 0.175 0.090625 0.153125
0 0.80390625 0.3265625 0.1109375 0.1078125