0 0.17109375 0.140625 0.1015625 0.09375
0 0.3734375 0.54609375 0.084375 0.0734375
0 0.68828125 0.85859375 0.084375 0.0875
0 0.66015625 0.5046875 0.1140625 0.1015625
0 0.7109375 0.578125 0.103125 0.0625
0 0.8640625 0.16328125 0.13125 0.1265625
0 0.76015625 0.5 0.0890625 0.096875
0 0.60546875 0.96484375 0.075 0.0640625
0 0.865625 0.3484375 0.0953125 0.06875
0 0.8015625 0.5953125 0.0953125 0.10625
0 0.6859375 0.7828125 0.090625 0.0859375
0 0.61328125 0.78515625 0.0859375 0.0953125
0 0.39140625 0.465625 0.078125 0.090625
0 0.55390625 0.90546875 0.08125 0.078125
0 0.590625 0.709375 0.0859375 0.0953125
0 0.24375 0.646875 0.0578125 0.075
0 0.2640625 0.17734375 0.0703125 0.0890625
0 0.40234375 0.95703125 0.06875 0.0796875
0 0.35390625 0.74140625 0.1 0.128125
0 0.23125 0.59765625 0.0578125 0.0625
0 0.74375 0.6390625 0.0890625 0.075
0 0.52734375 0.7765625 0.071875 0.1078125
0 0.46640625 0.20546875 0.1 0.1359375
0 0.55 0.240625 0.0984375 0.103125
0 0.19140625 0.84296875 0.1171875 0.1015625
0 0.49921875 0.4265625 0.06875 0.08125
0 0.140625 0.73671875 0.0875 0.0984375
0 0.14609375 0.65390625 0.0484375 0.065625
0 0.8453125 0.0953125 0.09375 0.1203125
0 0.56015625 0.59375 0.0765625 0.0953125
0 0.62734375 0.090625 0.0828125 0.103125
0 0.9203125 0.675 0.109375 0.0828125
0 0.91328125 0.2671875 0.1125 0.0984375
0 0.4359375 0.8796875 0.0921875 0.084375
0 0.45390625 0.0578125 0.0796875 0.115625
0 0.478125 0.921875 0.065625 0.0828125
0 0.0703125 0.77734375 0.0671875 0.0796875
0 0.13046875 0.8140625 0.053125 0.0703125
0 0.765625 0.6953125 0.1109375 0.084375
0 0.30625 0.12265625 0.04375 0.0625
0 0.27109375 0.9265625 0.0875 0.0953125
0 0.096875 0.4359375 0.0984375 0.1234375
0 0.584375 0.328125 0.0765625 0.0734375
0 0.946875 0.0640625 0.0671875 0.0765625
0 0.24609375 0.2375 0.075 0.1046875
0 0.9359375 0.9390625 0.1203125 0.115625
0 0.1171875 0.29453125 0.0609375 0.046875
0 0.0609375 0.646875 0.0703125 0.10625
0 0.44140625 0.8140625 0.0796875 0.0828125
0 0.94296875 0.7765625 0.1140625 0.1140625
0 0.31640625 0.303125 0.153125 0.1421875
0 0.31640625 0.6484375 0.0609375 0.0734375
0 0.240625 0.75234375 0.0875 0.1109375
0 0.078125 0.340625 0.078125 0.09375
0 0.55390625 0.52265625 0.0921875 0.06875
0 0.0796875 0.1421875 0.0890625 0.0953125
0 0.80078125 0.340625 0.0796875 0.059375
0 0.19453125 0.5078125 0.08125 0.0953125
0 0.771875 0.0703125 0.0953125 0.1125
0 0.38515625 0.09609375 0.1 0.1390625
0 0.28515625 0.53203125 0.090625 0.1359375
0 0.175 0.36171875 0.084375 0.08125
0 0.1109375 0.63515625 0.071875 0.103125
0 0.23203125 0.05 0.0921875 0.1
0 0.8140625 0.84375 0.1171875 0.1015625
0 0.62734375 0.40078125 0.071875 0.0859375
0 0.9375 0.178125 0.121875 0.084375
0 0.903125 0.59296875 0.134375 0.1015625
0 0.671875 0.228125 0.1484375 0.1984375
0 0.86484375 0.4546875 0.09375 0.1109375
0 0.18046875 0.94296875 0.084375 0.1
0 0.52734375 0.36875 0.0609375 0.06875
0 0.77265625 0.265625 0.1 0.1109375
0 0.91328125 0.52265625 0.1078125 0.0703125
0 0.35 0.1890625 0.0921875 0.1015625
0 0.71328125 0.38359375 0.090625 0.096875