0 0.928125 0.4421875 0.14375 0.1578125
0 0.49375 0.0828125 0.1140625 0.1359375
0 0.08828125 0.9328125 0.1109375 0.1078125
0 0.34375 0.878125 0.13125 0.1421875
0 0.92578125 0.6953125 0.146875 0.1375
0 0.79765625 0.55859375 0.1640625 0.16875
0 0.690625 0.5296875 0.0953125 0.0875
0 0.60078125 0.17421875 0.0578125 0.0828125
0 0.87109375 0.33203125 0.1578125 0.1546875
0 0.0890625 0.37578125 0.16875 0.1515625
0 0.940625 0.1609375 0.1125 0.103125
0 0.734375 0.4203125 0.0578125 0.06875
0 0.81015625 0.6953125 0.153125 0.1375
0 0.240625 0.41171875 0.1328125 0.13125
0 0.6546875 0.4109375 0.1328125 0.1265625
0 0.4765625 0.55625 0.1953125 0.1984375
0 0.73828125 0.115625 0.109375 0.1265625
0 0.5125 0.33671875 0.13125 0.128125
0 0.09140625 0.52109375 0.0765625 0.065625
0 0.72734375 0.25390625 0.1140625 0.109375
0 0.50390625 0.234375 0.1203125 0.096875
0 0.59140625 0.571875 0.08125 0.103125
0 0.63046875 0.65390625 0.0875 0.1
0 0.865625 0.24375 0.1046875 0.096875
0 0.33984375 0.35 0.1421875 0.15
0 0.2 0.228125 0.121875 0.115625
0 0.88359375 0.084375 0.103125 0.10625
0 0.2078125 0.925 0.0953125 0.146875
0 0.06640625 0.2640625 0.1328125 0.0953125
0 0.58203125 0.2421875 0.0515625 0.0765625
0 0.26171875 0.2078125 0.103125 0.1171875
0 0.24609375 0.540625 0.1265625 0.11875
0 0.24765625 0.10625 0.165625 0.1390625
0 0.396875 0.46875 0.071875 0.0765625