0 0.6125 0.3203125 0.1203125 0.153125
0 0.77734375 0.47265625 0.1 0.1328125
0 0.3578125 0.31875 0.1390625 0.1265625
0 0.93984375 0.16953125 0.11875 0.15
0 0.18515625 0.6359375 0.09375 0.0703125
0 0.9015625 0.2921875 0.103125 0.13125
0 0.9296875 0.68046875 0.0921875 0.0921875
0 0.4734375 0.7140625 0.0921875 0.08125
0 0.28125 0.6671875 0.121875 0.1046875
0 0.7078125 0.290625 0.09375 0.1484375
0 0.3984375 0.4125 0.134375 0.140625
0 0.840625 0.80625 0.0921875 0.10625
0 0.853125 0.2859375 0.078125 0.1109375
0 0.41015625 0.5828125 0.06875 0.0796875
0 0.73828125 0.771875 0.134375 0.10625
0 0.0578125 0.3578125 0.0875 0.0796875
0 0.5578125 0.60078125 0.109375 0.128125
0 0.22578125 0.5828125 0.1 0.1296875
0 0.06328125 0.71640625 0.1265625 0.0984375
0 0.5078125 0.8171875 0.11875 0.1421875
0 0.43125 0.47109375 0.0796875 0.10625
0 0.43125 0.1046875 0.0640625 0.1015625
0 0.9375 0.07109375 0.1234375 0.1390625
0 0.55078125 0.9203125 0.0859375 0.1171875
0 0.4890625 0.0734375 0.08125 0.11875
0 0.27734375 0.93359375 0.1640625 0.1328125
0 0.321875 0.509375 0.1296875 0.134375
0 0.46328125 0.628125 0.1046875 0.1171875
0 0.05703125 0.503125 0.1140625 0.1171875
0 0.803125 0.12109375 0.084375 0.103125
0 0.3671875 0.19921875 0.0953125 0.1046875
0 0.775 0.30546875 0.0859375 0.13125
0 0.2 0.7515625 0.1234375 0.109375
0 0.79375 0.946875 0.0921875 0.078125
0 0.78984375 0.60390625 0.103125 0.1078125
0 0.7171875 0.159375 0.109375 0.1421875
0 0.190625 0.44375 0.1171875 0.103125
0 0.70703125 0.90546875 0.0984375 0.0953125
0 0.8421875 0.71171875 0.10625 0.1109375
0 0.14296875 0.8375 0.1265625 0.1203125
0 0.34140625 0.61484375 0.0984375 0.0828125
0 0.31171875 0.8765625 0.0859375 0.08125
0 0.4453125 0.540625 0.0609375 0.0546875
0 0.634375 0.428125 0.0625 0.0609375
0 0.071875 0.81328125 0.059375 0.0640625
0 0.6140625 0.93671875 0.084375 0.109375
0 0.36484375 0.09765625 0.134375 0.1578125
0 0.84765625 0.0578125 0.1046875 0.115625
0 0.6234375 0.49140625 0.096875 0.0875
0 0.7921875 0.390625 0.0890625 0.084375
0 0.815625 0.20078125 0.096875 0.1046875
0 0.796875 0.06015625 0.078125 0.078125
0 0.12578125 0.42109375 0.05625 0.08125
0 0.1015625 0.64609375 0.0984375 0.0640625
0 0.10546875 0.26015625 0.109375 0.0984375
0 0.9046875 0.42578125 0.13125 0.1421875
0 0.24375 0.10703125 0.14375 0.165625
0 0.51796875 0.55546875 0.0703125 0.0796875
0 0.35078125 0.7953125 0.10625 0.1265625
0 0.48359375 0.91328125 0.0796875 0.0859375
0 0.59921875 0.77421875 0.1359375 0.1234375
0 0.6875 0.07421875 0.10625 0.125
0 0.82734375 0.53203125 0.0984375 0.0859375
0 0.90234375 0.94375 0.125 0.1109375
0 0.70546875 0.425 0.1078125 0.125
0 0.4 0.86875 0.0953125 0.0890625
0 0.04453125 0.17265625 0.0890625 0.13125
0 0.7234375 0.6234375 0.071875 0.090625
0 0.209375 0.2203125 0.1421875 0.121875
0 0.9453125 0.80078125 0.1078125 0.1421875
0 0.071875 0.93984375 0.090625 0.11875
0 0.10078125 0.18515625 0.0984375 0.0890625
0 0.55859375 0.69765625 0.0859375 0.1
0 0.5 0.17265625 0.0765625 0.0984375
0 0.14375 0.9421875 0.14375 0.115625
0 0.52734375 0.32578125 0.0671875 0.0765625
0 0.86015625 0.1703125 0.071875 0.1015625
0 0.66796875 0.571875 0.140625 0.13125
0 0.296875 0.40234375 0.084375 0.1
0 0.06875 0.440625 0.0953125 0.084375
0 0.27109375 0.77734375 0.0875 0.11875
0 0.71796875 0.6890625 0.1296875 0.1015625
0 0.5265625 0.4375 0.121875 0.14375
0 0.1640625 0.51875 0.1078125 0.09375
0 0.46953125 0.2671875 0.121875 0.1578125
0 0.2359375 0.29453125 0.115625 0.1125
0 0.0953125 0.58359375 0.109375 0.084375
0 0.56640625 0.08203125 0.109375 0.140625
0 0.9203125 0.540625 0.0796875 0.0921875
0 0.14296875 0.13046875 0.11875 0.090625
0 0.76015625 0.8671875 0.1421875 0.1015625
0 0.13046875 0.32734375 0.1296875 0.1140625