0 0.92421875 0.38984375 0.15 0.16875
0 0.08515625 0.35859375 0.1703125 0.196875
0 0.5765625 0.68359375 0.134375 0.1484375
0 0.203125 0.39921875 0.1265625 0.1921875
0 0.06171875 0.234375 0.115625 0.121875
0 0.4453125 0.63046875 0.259375 0.2875
0 0.07265625 0.78671875 0.1453125 0.1890625
0 0.075 0.490625 0.1453125 0.1421875
0 0.90234375 0.77109375 0.1921875 0.20625
0 0.53125 0.428125 0.18125 0.2015625
0 0.06953125 0.0984375 0.1390625 0.196875
0 0.64140625 0.2578125 0.25625 0.2515625
0 0.33125 0.2984375 0.196875 0.1953125
0 0.89765625 0.08046875 0.2015625 0.1609375
0 0.15546875 0.60546875 0.1609375 0.1859375
0 0.334375 0.4828125 0.1765625 0.1578125
0 0.23984375 0.77734375 0.20625 0.171875
0 0.2265625 0.1625 0.1640625 0.184375
0 0.259375 0.62578125 0.1328125 0.1484375
0 0.42578125 0.88671875 0.178125 0.1953125
0 0.13671875 0.88671875 0.2015625 0.1609375
0 0.21875 0.94921875 0.159375 0.1
0 0.403125 0.1375 0.2015625 0.2390625