0 0.1859375 0.96015625 0.08125 0.0609375
0 0.04609375 0.0421875 0.0921875 0.084375
0 0.065625 0.4359375 0.075 0.0734375
0 0.6140625 0.784375 0.078125 0.071875
0 0.8921875 0.94609375 0.1359375 0.1078125
0 0.88671875 0.0796875 0.09375 0.090625
0 0.071875 0.771875 0.0859375 0.059375
0 0.31640625 0.0484375 0.053125 0.0484375
0 0.17109375 0.83046875 0.065625 0.06875
0 0.13125 0.67109375 0.1109375 0.0828125
0 0.0421875 0.346875 0.084375 0.0875
0 0.5609375 0.134375 0.059375 0.0875
0 0.76328125 0.07109375 0.0796875 0.090625
0 0.603125 0.40078125 0.065625 0.0703125
0 0.75625 0.5796875 0.0765625 0.090625
0 0.82734375 0.0453125 0.0828125 0.090625
0 0.5921875 0.10234375 0.0515625 0.0625
0 0.1484375 0.3875 0.0671875 0.0734375
0 0.2265625 0.90625 0.1015625 0.0890625
0 0.7796875 0.25 0.121875 0.0703125
0 0.69921875 0.1390625 0.0796875 0.0953125
0 0.65546875 0.9125 0.071875 0.1
0 0.3140625 0.603125 0.0546875 0.075
0 0.51796875 0.58828125 0.0421875 0.05625
0 0.7546875 0.45625 0.1265625 0.1171875
0 0.32578125 0.3296875 0.040625 0.0640625
0 0.5625 0.2578125 0.10625 0.1
0 0.571875 0.6796875 0.0984375 0.090625
0 0.55703125 0.78203125 0.08125 0.0875
0 0.4984375 0.9375 0.0578125 0.1046875
0 0.9578125 0.1390625 0.084375 0.0953125
0 0.56484375 0.93515625 0.0765625 0.06875
0 0.31953125 0.2671875 0.0546875 0.0625
0 0.3546875 0.07109375 0.0515625 0.06875
0 0.225 0.4921875 0.04375 0.078125
0 0.5375 0.34296875 0.096875 0.075
0 0.90703125 0.2609375 0.1109375 0.0921875
0 0.6859375 0.78671875 0.0578125 0.096875
0 0.47734375 0.4765625 0.0828125 0.0921875
0 0.6234375 0.69453125 0.0984375 0.11875
0 0.365625 0.80078125 0.0625 0.10625
0 0.5765625 0.87421875 0.0734375 0.096875
0 0.8765625 0.76953125 0.11875 0.078125
0 0.85546875 0.7125 0.0703125 0.065625
0 0.5296875 0.5265625 0.08125 0.0859375
0 0.90703125 0.41171875 0.0796875 0.0625
0 0.78828125 0.29765625 0.075 0.0515625
0 0.83203125 0.83203125 0.0796875 0.0796875
0 0.13046875 0.55859375 0.0703125 0.0640625
0 0.6359375 0.05234375 0.05625 0.075
0 0.5046875 0.67578125 0.0703125 0.0734375
0 0.08046875 0.59375 0.053125 0.0546875
0 0.7625 0.84609375 0.0390625 0.05625
0 0.65625 0.48359375 0.078125 0.0609375
0 0.6734375 0.21328125 0.1328125 0.0796875
0 0.75390625 0.34296875 0.0875 0.090625
0 0.72109375 0.71015625 0.11875 0.115625
0 0.371875 0.2984375 0.065625 0.0453125
0 0.884375 0.55078125 0.0796875 0.071875
0 0.18359375 0.228125 0.0609375 0.0625
0 0.2484375 0.8234375 0.1140625 0.109375
0 0.32265625 0.1203125 0.053125 0.0625
0 0.9671875 0.4765625 0.0640625 0.040625
0 0.225 0.734375 0.065625 0.0765625
0 0.49765625 0.09453125 0.090625 0.0796875
0 0.8375 0.634375 0.075 0.08125
0 0.1359375 0.45859375 0.1109375 0.084375
0 0.11015625 0.80078125 0.078125 0.065625
0 0.1171875 0.71875 0.0703125 0.05625
0 0.2515625 0.41171875 0.1171875 0.0859375
0 0.084375 0.14375 0.040625 0.0484375
0 0.246875 0.56953125 0.0953125 0.071875
0 0.34921875 0.19765625 0.0859375 0.0828125
0 0.4765625 0.8421875 0.05625 0.0984375
0 0.6875 0.4265625 0.1078125 0.0859375
0 0.1125 0.2359375 0.1015625 0.103125
0 0.2328125 0.68046875 0.0796875 0.059375
0 0.44140625 0.78046875 0.0953125 0.109375
0 0.4625 0.5703125 0.0765625 0.0921875
0 0.246875 0.34609375 0.084375 0.0484375
0 0.3953125 0.5484375 0.059375 0.05625
0 0.14296875 0.778125 0.0765625 0.0578125
0 0.175 0.89296875 0.0921875 0.075
0 0.93046875 0.8015625 0.0328125 0.0453125
0 0.0703125 0.5015625 0.115625 0.0796875
0 0.3828125 0.609375 0.071875 0.075
0 0.071875 0.29453125 0.078125 0.0609375
0 0.31875 0.95 0.109375 0.1
0 0.8828125 0.48359375 0.0875 0.075
0 0.76171875 0.78515625 0.0890625 0.078125
0 0.2546875 0.2921875 0.096875 0.078125
0 0.43359375 0.6609375 0.05625 0.05625
0 0.95703125 0.52890625 0.0453125 0.059375
0 0.9203125 0.6484375 0.090625 0.06875
0 0.2140625 0.22578125 0.0703125 0.06875
0 0.26796875 0.10390625 0.0359375 0.053125
0 0.265625 0.61796875 0.0484375 0.075
0 0.60078125 0.52421875 0.0796875 0.1046875
0 0.17890625 0.3046875 0.1015625 0.0796875
0 0.7953125 0.1734375 0.06875 0.065625
0 0.371875 0.73125 0.0390625 0.0484375
0 0.65625 0.34609375 0.0765625 0.046875
0 0.2640625 0.184375 0.0875 0.11875
0 0.3953125 0.7 0.0546875 0.0796875
0 0.56640625 0.45234375 0.0484375 0.05625
0 0.403125 0.1421875 0.0890625 0.0953125
0 0.06171875 0.203125 0.0671875 0.0546875
0 0.40859375 0.40703125 0.121875 0.090625
0 0.40078125 0.88125 0.096875 0.1
0 0.515625 0.8484375 0.05 0.1
0 0.85625 0.159375 0.0796875 0.075
0 0.040625 0.75703125 0.0625 0.040625
0 0.45703125 0.92265625 0.0609375 0.0734375
0 0.384375 0.5015625 0.075 0.05625
0 0.64609375 0.29140625 0.103125 0.0609375
0 0.10234375 0.08984375 0.0890625 0.071875
0 0.13359375 0.1734375 0.0765625 0.0546875
0 0.50625 0.16953125 0.0609375 0.1
0 0.2859375 0.73671875 0.065625 0.0671875
0 0.7078125 0.06171875 0.05625 0.0578125
0 0.671875 0.58125 0.071875 0.0609375
0 0.49765625 0.26484375 0.0515625 0.0375
0 0.04453125 0.6734375 0.0703125 0.0984375
0 0.90234375 0.3515625 0.1140625 0.0828125
0 0.9625 0.2984375 0.059375 0.0546875
0 0.4484375 0.3203125 0.0859375 0.084375
0 0.76796875 0.9125 0.1078125 0.1