0 0.66796875 0.93515625 0.05625 0.0625
0 0.22421875 0.04609375 0.0515625 0.0578125
0 0.2609375 0.15625 0.06875 0.0796875
0 0.4984375 0.82421875 0.11875 0.171875
0 0.38046875 0.2359375 0.0875 0.0828125
0 0.81484375 0.32734375 0.1015625 0.0859375
0 0.94296875 0.9421875 0.084375 0.0953125
0 0.22421875 0.37109375 0.0796875 0.0796875
0 0.21875 0.8890625 0.05625 0.0671875
0 0.45 0.2109375 0.046875 0.0515625
0 0.1234375 0.840625 0.053125 0.065625
0 0.37578125 0.828125 0.1234375 0.1265625
0 0.19375 0.16171875 0.0453125 0.059375
0 0.63046875 0.7359375 0.09375 0.0734375
0 0.725 0.7234375 0.075 0.0703125
0 0.084375 0.878125 0.0796875 0.13125
0 0.9 0.8828125 0.0703125 0.0640625
0 0.653125 0.80078125 0.1421875 0.09375
0 0.4390625 0.63984375 0.05625 0.0609375
0 0.3890625 0.909375 0.0703125 0.0640625
0 0.6390625 0.3578125 0.0609375 0.053125
0 0.72265625 0.95703125 0.0546875 0.065625
0 0.33125 0.7828125 0.071875 0.0796875
0 0.21640625 0.94140625 0.1078125 0.0875
0 0.03671875 0.83125 0.0734375 0.1078125
0 0.10546875 0.77578125 0.0796875 0.071875
0 0.315625 0.921875 0.1203125 0.1265625
0 0.146875 0.89140625 0.0671875 0.071875
0 0.61328125 0.58203125 0.0796875 0.0703125
0 0.803125 0.02890625 0.04375 0.040625
0 0.85859375 0.9484375 0.0703125 0.0859375
0 0.7421875 0.159375 0.0796875 0.075
0 0.72421875 0.8 0.0734375 0.09375
0 0.65625 0.04609375 0.0421875 0.0390625
0 0.65234375 0.85703125 0.0703125 0.0671875
0 0.9359375 0.728125 0.1265625 0.1609375
0 0.6046875 0.9546875 0.075 0.0890625
0 0.73828125 0.65625 0.06875 0.084375
0 0.2734375 0.85 0.0703125 0.0953125
0 0.86328125 0.07109375 0.04375 0.0421875
0 0.81171875 0.71640625 0.1 0.1140625
0 0.81875 0.79921875 0.1375 0.0875
0 0.67734375 0.6703125 0.0609375 0.071875
0 0.71484375 0.8765625 0.0546875 0.046875
0 0.22578125 0.815625 0.0921875 0.1640625
0 0.33203125 0.1609375 0.0671875 0.053125
0 0.7703125 0.88984375 0.0453125 0.053125
0 0.0640625 0.7078125 0.0796875 0.1015625
0 0.325 0.715625 0.0546875 0.059375
0 0.25390625 0.28515625 0.0796875 0.065625
0 0.93515625 0.38359375 0.084375 0.053125
0 0.4921875 0.6703125 0.0765625 0.04375