0 0.1578125 0.3609375 0.0984375 0.1
0 0.09921875 0.578125 0.0546875 0.071875
0 0.83671875 0.1 0.071875 0.0875
0 0.80625 0.66796875 0.075 0.071875
0 0.3875 0.06015625 0.0703125 0.071875
0 0.29140625 0.47421875 0.0640625 0.05625
0 0.67109375 0.76875 0.0765625 0.0859375
0 0.33046875 0.41328125 0.096875 0.0796875
0 0.746875 0.3046875 0.0875 0.1015625
0 0.61484375 0.87109375 0.121875 0.125
0 0.19375 0.26015625 0.0765625 0.090625
0 0.84765625 0.23828125 0.1 0.1
0 0.2828125 0.8015625 0.059375 0.0796875
0 0.128125 0.04375 0.0671875 0.071875
0 0.93515625 0.23359375 0.08125 0.0765625
0 0.08359375 0.81328125 0.075 0.0640625
0 0.05390625 0.2875 0.0796875 0.0828125
0 0.56328125 0.91640625 0.0375 0.0375
0 0.2296875 0.79140625 0.0734375 0.0796875
0 0.66953125 0.19921875 0.0625 0.065625
0 0.6265625 0.37421875 0.0984375 0.109375
0 0.25625 0.3796875 0.0875 0.09375
0 0.4984375 0.88203125 0.0921875 0.103125
0 0.4296875 0.07265625 0.0609375 0.05625
0 0.896875 0.6578125 0.103125 0.0734375
0 0.70859375 0.25 0.05 0.0515625
0 0.32421875 0.66640625 0.0796875 0.0875
0 0.6265625 0.65234375 0.0578125 0.059375
0 0.07421875 0.14921875 0.0671875 0.06875
0 0.771875 0.4859375 0.0875 0.0796875
0 0.91640625 0.87109375 0.090625 0.121875
0 0.69140625 0.896875 0.059375 0.071875
0 0.85078125 0.37890625 0.0796875 0.0609375
0 0.9546875 0.73828125 0.0859375 0.0671875
0 0.2828125 0.32109375 0.05625 0.0640625
0 0.5078125 0.3125 0.0890625 0.10625
0 0.6421875 0.7203125 0.096875 0.0765625
0 0.87421875 0.46875 0.1 0.1
0 0.6078125 0.965625 0.096875 0.065625
0 0.13828125 0.4671875 0.078125 0.065625
0 0.64375 0.2703125 0.0625 0.0640625
0 0.54140625 0.7609375 0.059375 0.0625
0 0.59140625 0.57578125 0.0890625 0.215625
0 0.92734375 0.95625 0.125 0.0859375
0 0.346875 0.509375 0.0515625 0.0640625
0 0.08125 0.51484375 0.0921875 0.10625
0 0.0796875 0.6625 0.0703125 0.0765625
0 0.3109375 0.875 0.05625 0.065625
0 0.38984375 0.47578125 0.071875 0.0703125
0 0.57734375 0.6984375 0.065625 0.08125
0 0.45703125 0.78359375 0.0953125 0.1140625
0 0.8125 0.5890625 0.075 0.0765625
0 0.7109375 0.9375 0.0828125 0.09375
0 0.74296875 0.59609375 0.0515625 0.059375
0 0.86484375 0.5375 0.0828125 0.053125
0 0.359375 0.87734375 0.05625 0.06875
0 0.62109375 0.2953125 0.0546875 0.0484375
0 0.175 0.6203125 0.1015625 0.096875
0 0.0359375 0.77421875 0.065625 0.0609375
0 0.46171875 0.19375 0.0921875 0.096875
0 0.95390625 0.59609375 0.0875 0.0828125
0 0.78671875 0.9046875 0.0765625 0.0796875
0 0.1984375 0.690625 0.0765625 0.0765625
0 0.38671875 0.20234375 0.0484375 0.0515625
0 0.515625 0.7015625 0.0609375 0.121875
0 0.55859375 0.2265625 0.0875 0.078125
0 0.58671875 0.14765625 0.0703125 0.0640625
0 0.1796875 0.88125 0.09375 0.1046875
0 0.11484375 0.94609375 0.075 0.084375
0 0.4 0.725 0.0953125 0.121875
0 0.2078125 0.13984375 0.1078125 0.1140625
0 0.865625 0.140625 0.0796875 0.0609375
0 0.8421875 0.809375 0.115625 0.128125
0 0.259375 0.5953125 0.1125 0.1140625
0 0.546875 0.1390625 0.0484375 0.08125
0 0.9515625 0.0953125 0.0953125 0.0828125
0 0.34140625 0.12890625 0.071875 0.0765625
0 0.31328125 0.27421875 0.1015625 0.0875
0 0.715625 0.3984375 0.071875 0.0734375
0 0.39453125 0.309375 0.053125 0.0703125
0 0.10546875 0.21484375 0.0671875 0.0671875
0 0.55 0.9453125 0.065625 0.08125
0 0.0609375 0.93828125 0.053125 0.06875
0 0.72890625 0.68203125 0.084375 0.0796875
0 0.3796875 0.584375 0.0578125 0.05625
0 0.35234375 0.821875 0.06875 0.065625
0 0.66640625 0.54921875 0.084375 0.0875
0 0.134375 0.55703125 0.0828125 0.071875
0 0.5265625 0.5640625 0.0640625 0.0546875
0 0.64375 0.0625 0.0515625 0.05625
0 0.68359375 0.14296875 0.0625 0.053125