0 0.190625 0.44296875 0.0734375 0.06875
0 0.3703125 0.3046875 0.075 0.0953125
0 0.4375 0.2296875 0.0453125 0.046875
0 0.60703125 0.32109375 0.0671875 0.0734375
0 0.54296875 0.3453125 0.0609375 0.0953125
0 0.7109375 0.45390625 0.0578125 0.065625
0 0.70234375 0.39375 0.05625 0.046875
0 0.428125 0.28046875 0.0703125 0.0625
0 0.90703125 0.91953125 0.0765625 0.0546875
0 0.46328125 0.19140625 0.05 0.06875
0 0.2125 0.6484375 0.0890625 0.0828125
0 0.94453125 0.4765625 0.0765625 0.1234375
0 0.575 0.25390625 0.109375 0.0734375
0 0.67109375 0.23046875 0.084375 0.0859375
0 0.5953125 0.22265625 0.05 0.05625
0 0.34140625 0.23046875 0.071875 0.078125
0 0.609375 0.640625 0.1375 0.1453125
0 0.49765625 0.321875 0.05625 0.0390625
0 0.340625 0.81484375 0.0578125 0.065625
0 0.05625 0.42578125 0.1125 0.115625
0 0.76015625 0.1515625 0.0984375 0.096875
0 0.15 0.109375 0.1796875 0.21875
0 0.36171875 0.5625 0.1859375 0.203125
0 0.86015625 0.41796875 0.109375 0.0875
0 0.2578125 0.29453125 0.0765625 0.0859375
0 0.128125 0.4828125 0.121875 0.1421875
0 0.628125 0.4234375 0.053125 0.04375
0 0.4921875 0.165625 0.0453125 0.0484375
0 0.77734375 0.8578125 0.0875 0.121875
0 0.54921875 0.13046875 0.0515625 0.0640625
0 0.55859375 0.1890625 0.0953125 0.0796875
0 0.42578125 0.1625 0.0796875 0.0890625
0 0.8671875 0.51171875 0.103125 0.084375
0 0.47890625 0.2953125 0.0578125 0.0484375
0 0.68828125 0.5546875 0.0625 0.065625
0 0.68359375 0.15625 0.0734375 0.06875
0 0.20625 0.5171875 0.084375 0.065625
0 0.80234375 0.52890625 0.0734375 0.0640625
0 0.53515625 0.0328125 0.05625 0.0578125
0 0.53046875 0.27734375 0.078125 0.075
0 0.653125 0.80859375 0.103125 0.1015625
0 0.27578125 0.4265625 0.103125 0.1171875
0 0.08203125 0.653125 0.0671875 0.059375
0 0.78515625 0.4734375 0.1328125 0.1046875
0 0.6015625 0.13828125 0.0671875 0.0828125
0 0.65234375 0.37109375 0.0546875 0.0609375
0 0.42890625 0.75 0.078125 0.075
0 0.490625 0.09765625 0.071875 0.1015625
0 0.22734375 0.365625 0.0796875 0.0671875
0 0.3609375 0.728125 0.0859375 0.0828125
0 0.67109375 0.4921875 0.059375 0.0609375
0 0.38515625 0.7984375 0.0578125 0.0703125
0 0.41015625 0.0578125 0.1703125 0.115625
0 0.22421875 0.73671875 0.0875 0.0984375
0 0.3984375 0.228125 0.040625 0.0640625
0 0.58828125 0.08515625 0.059375 0.0765625
0 0.09296875 0.575 0.1859375 0.134375
0 0.778125 0.36328125 0.115625 0.1140625
0 0.496875 0.23125 0.0421875 0.0640625
0 0.36953125 0.175 0.0609375 0.103125
0 0.4984375 0.46953125 0.1578125 0.1828125