0 0.92578125 0.08203125 0.0640625 0.0546875
0 0.06484375 0.15703125 0.0578125 0.053125
0 0.71796875 0.8890625 0.0640625 0.0515625
0 0.69375 0.22421875 0.0796875 0.0703125
0 0.0390625 0.046875 0.0640625 0.0609375
0 0.359375 0.625 0.0796875 0.0609375
0 0.62421875 0.2453125 0.034375 0.0328125
0 0.64140625 0.3375 0.071875 0.103125
0 0.59609375 0.26796875 0.065625 0.06875
0 0.259375 0.20703125 0.06875 0.103125
0 0.3625 0.3265625 0.0421875 0.053125
0 0.47578125 0.8390625 0.075 0.06875
0 0.38671875 0.5546875 0.0453125 0.04375
0 0.5390625 0.8671875 0.0640625 0.0671875
0 0.334375 0.17578125 0.0578125 0.0625
0 0.2578125 0.09765625 0.03125 0.040625
0 0.87265625 0.88125 0.0625 0.0640625
0 0.4140625 0.13203125 0.0625 0.115625
0 0.96328125 0.45 0.053125 0.046875
0 0.3140625 0.68203125 0.0359375 0.0359375
0 0.4265625 0.34921875 0.0765625 0.0765625
0 0.33671875 0.85859375 0.046875 0.05
0 0.35703125 0.7796875 0.053125 0.0515625
0 0.15625 0.884375 0.0671875 0.065625
0 0.8390625 0.9125 0.0453125 0.0703125
0 0.171875 0.3078125 0.0921875 0.0703125
0 0.57890625 0.69375 0.040625 0.0375
0 0.19765625 0.2015625 0.0671875 0.090625
0 0.865625 0.77578125 0.0640625 0.0765625
0 0.071875 0.50390625 0.0625 0.05
0 0.78984375 0.78125 0.11875 0.1265625
0 0.20859375 0.03125 0.0609375 0.0625
0 0.334375 0.55703125 0.0796875 0.0984375
0 0.765625 0.446875 0.0703125 0.0703125
0 0.85 0.56796875 0.0484375 0.04375
0 0.71796875 0.478125 0.053125 0.0484375
0 0.2421875 0.63125 0.0921875 0.1078125
0 0.68203125 0.70078125 0.0453125 0.0421875
0 0.1609375 0.825 0.071875 0.0546875
0 0.16328125 0.12265625 0.0484375 0.059375
0 0.34921875 0.12578125 0.0359375 0.0296875
0 0.4046875 0.2171875 0.0484375 0.0484375
0 0.3890625 0.91484375 0.0453125 0.0453125
0 0.290625 0.809375 0.040625 0.0296875
0 0.3203125 0.753125 0.0375 0.03125
0 0.62578125 0.6671875 0.025 0.0265625
0 0.2921875 0.06875 0.0625 0.0578125
0 0.671875 0.41171875 0.06875 0.0515625
0 0.13828125 0.74921875 0.0609375 0.0515625
0 0.36171875 0.271875 0.0453125 0.0546875
0 0.4765625 0.18359375 0.075 0.078125
0 0.8765625 0.38984375 0.0703125 0.071875
0 0.13984375 0.13515625 0.034375 0.0390625
0 0.4203125 0.5046875 0.071875 0.0671875
0 0.84765625 0.22421875 0.0796875 0.0921875
0 0.21875 0.78984375 0.0421875 0.053125
0 0.7109375 0.0640625 0.1046875 0.1140625
0 0.77734375 0.9 0.0609375 0.059375
0 0.45859375 0.7484375 0.1375 0.1265625
0 0.028125 0.5734375 0.05625 0.046875
0 0.60390625 0.3984375 0.053125 0.0609375
0 0.26953125 0.14140625 0.0515625 0.0453125
0 0.0296875 0.26171875 0.059375 0.05
0 0.703125 0.13359375 0.071875 0.0953125
0 0.4609375 0.21796875 0.0625 0.053125
0 0.41796875 0.67109375 0.0421875 0.0453125
0 0.3890625 0.4140625 0.0703125 0.040625
0 0.53671875 0.35859375 0.0484375 0.0359375
0 0.3359375 0.9046875 0.05625 0.05625
0 0.05390625 0.4375 0.059375 0.0375
0 0.29765625 0.275 0.0375 0.04375
0 0.58125 0.74296875 0.0703125 0.0640625
0 0.2609375 0.04296875 0.0578125 0.0453125
0 0.86640625 0.4484375 0.0390625 0.0453125
0 0.48046875 0.26796875 0.05 0.05625
0 0.30234375 0.64140625 0.040625 0.0421875
0 0.35859375 0.390625 0.046875 0.040625
0 0.8046875 0.53125 0.0515625 0.0640625
0 0.81328125 0.59140625 0.065625 0.05625
0 0.9375 0.85625 0.0453125 0.0765625
0 0.38203125 0.659375 0.0375 0.0328125
0 0.65 0.96015625 0.0765625 0.0703125
0 0.05703125 0.9265625 0.034375 0.0453125
0 0.76171875 0.1203125 0.0640625 0.09375
0 0.1578125 0.63671875 0.075 0.0578125
0 0.325 0.24453125 0.05 0.05625
0 0.38359375 0.03828125 0.0828125 0.0765625
0 0.5859375 0.7921875 0.040625 0.0421875
0 0.2015625 0.509375 0.0765625 0.053125
0 0.1328125 0.18671875 0.078125 0.078125
0 0.19375 0.91015625 0.059375 0.0546875
0 0.23671875 0.8375 0.0828125 0.0515625
0 0.7046875 0.33359375 0.071875 0.059375
0 0.36015625 0.2171875 0.0421875 0.0515625
0 0.8703125 0.828125 0.04375 0.040625
0 0.575 0.13046875 0.075 0.0953125
0 0.69609375 0.62265625 0.1171875 0.090625
0 0.915625 0.28984375 0.090625 0.0625
0 0.14609375 0.06796875 0.0515625 0.065625
0 0.3140625 0.12734375 0.0484375 0.0546875
0 0.7 0.2796875 0.0734375 0.05625
0 0.7609375 0.5046875 0.040625 0.04375
0 0.540625 0.7890625 0.059375 0.053125
0 0.19453125 0.4484375 0.0609375 0.059375
0 0.18515625 0.74609375 0.0359375 0.034375
0 0.10390625 0.58515625 0.0546875 0.053125
0 0.49296875 0.3375 0.0734375 0.0609375
0 0.2734375 0.7734375 0.046875 0.046875
0 0.3671875 0.96484375 0.071875 0.065625
0 0.0671875 0.825 0.0484375 0.034375
0 0.90703125 0.15078125 0.0921875 0.0796875
0 0.44921875 0.0578125 0.05625 0.059375
0 0.7359375 0.52890625 0.0484375 0.0546875
0 0.28359375 0.38515625 0.046875 0.059375
0 0.6015625 0.675 0.025 0.025
0 0.21484375 0.09140625 0.053125 0.0546875
0 0.08359375 0.3109375 0.0703125 0.06875
0 0.475 0.115625 0.090625 0.071875
0 0.634375 0.86484375 0.065625 0.09375
0 0.53203125 0.73671875 0.0359375 0.053125
0 0.83515625 0.15 0.0625 0.0640625
0 0.06796875 0.2265625 0.0859375 0.0828125
0 0.53828125 0.415625 0.0875 0.084375
0 0.7390625 0.853125 0.0875 0.0546875
0 0.65 0.796875 0.0828125 0.0546875
0 0.8734375 0.54140625 0.06875 0.04375
0 0.77421875 0.23359375 0.0875 0.1125
0 0.43984375 0.896875 0.046875 0.053125
0 0.86171875 0.665625 0.146875 0.0859375
0 0.57890625 0.32578125 0.0640625 0.05625
0 0.6265625 0.46328125 0.0859375 0.0671875
0 0.49375 0.93984375 0.075 0.0609375
0 0.046875 0.7796875 0.05625 0.0453125
0 0.3328125 0.7171875 0.0390625 0.0375
0 0.34453125 0.67734375 0.0390625 0.05
0 0.703125 0.7578125 0.053125 0.04375
0 0.11875 0.41015625 0.0375 0.0375
0 0.56015625 0.04765625 0.075 0.0953125
0 0.1625 0.5328125 0.04375 0.0390625
0 0.9265625 0.36953125 0.021875 0.03125
0 0.165625 0.24375 0.040625 0.0421875
0 0.6703125 0.1890625 0.059375 0.0796875
0 0.625 0.1828125 0.0390625 0.040625
0 0.675 0.89140625 0.028125 0.034375
0 0.4359375 0.265625 0.04375 0.0359375
0 0.3875 0.17578125 0.0296875 0.0328125
0 0.2625 0.7203125 0.0328125 0.0421875
0 0.60859375 0.71171875 0.04375 0.0421875
0 0.2984375 0.73203125 0.04375 0.046875
0 0.28515625 0.9046875 0.053125 0.0625
0 0.0453125 0.84609375 0.0578125 0.053125
0 0.321875 0.81484375 0.03125 0.040625
0 0.45390625 0.38828125 0.0546875 0.05625
0 0.67265625 0.5390625 0.0921875 0.0875
0 0.7734375 0.5484375 0.0515625 0.04375
0 0.89375 0.603125 0.053125 0.0421875
0 0.5515625 0.5640625 0.1296875 0.1203125
0 0.915625 0.4390625 0.0421875 0.040625