0 0.69921875 0.81875 0.15 0.203125
0 0.578125 0.490625 0.140625 0.16875
0 0.67890625 0.60859375 0.1140625 0.11875
0 0.7953125 0.7703125 0.096875 0.0953125
0 0.36875 0.91015625 0.1421875 0.1484375
0 0.27421875 0.81953125 0.1703125 0.184375
0 0.4140625 0.1546875 0.15625 0.153125
0 0.16171875 0.7359375 0.1390625 0.1703125
0 0.0859375 0.6265625 0.171875 0.1453125
0 0.7484375 0.20625 0.1203125 0.1109375
0 0.49375 0.625 0.165625 0.1484375
0 0.4703125 0.1015625 0.18125 0.1796875
0 0.3890625 0.80546875 0.1171875 0.1265625
0 0.1453125 0.1875 0.1671875 0.13125
0 0.65625 0.1828125 0.13125 0.1265625
0 0.9 0.8796875 0.128125 0.1578125
0 0.86796875 0.796875 0.0578125 0.0765625
0 0.52109375 0.79375 0.1765625 0.1734375
0 0.25546875 0.65703125 0.1625 0.140625
0 0.54765625 0.2703125 0.1609375 0.203125
0 0.87734375 0.66015625 0.175 0.1953125
0 0.0890625 0.3828125 0.178125 0.1578125
0 0.69375 0.48125 0.1140625 0.15625
0 0.946875 0.52890625 0.1046875 0.08125
0 0.725 0.3140625 0.178125 0.159375
0 0.21875 0.52578125 0.175 0.1234375
0 0.1109375 0.83828125 0.0953125 0.0984375
0 0.43125 0.296875 0.1140625 0.1265625
0 0.79765625 0.84921875 0.125 0.121875
0 0.16484375 0.93125 0.1828125 0.1375
0 0.92578125 0.821875 0.078125 0.05
0 0.44921875 0.425 0.13125 0.1171875
0 0.6109375 0.88046875 0.1421875 0.18125
0 0.759375 0.5953125 0.0890625 0.1125
0 0.2765625 0.26796875 0.109375 0.11875
0 0.1265625 0.0703125 0.234375 0.140625
0 0.415625 0.55625 0.11875 0.115625
0 0.26796875 0.0671875 0.165625 0.134375
0 0.2546875 0.415625 0.1734375 0.146875
0 0.77578125 0.94765625 0.103125 0.103125
0 0.096875 0.24140625 0.1453125 0.109375
0 0.64375 0.06015625 0.13125 0.1203125
0 0.809375 0.0796875 0.13125 0.153125
0 0.87265625 0.3359375 0.1859375 0.2