0 0.834375 0.43671875 0.0625 0.04375
0 0.40625 0.33984375 0.05625 0.0609375
0 0.51640625 0.0578125 0.08125 0.0890625
0 0.934375 0.90859375 0.040625 0.053125
0 0.675 0.94921875 0.0640625 0.0796875
0 0.79375 0.2640625 0.046875 0.0453125
0 0.3625 0.3828125 0.0609375 0.053125
0 0.65859375 0.0515625 0.084375 0.0703125
0 0.94296875 0.34765625 0.0703125 0.0640625
0 0.82734375 0.1328125 0.0796875 0.0875
0 0.903125 0.6578125 0.0796875 0.08125
0 0.3359375 0.42890625 0.0765625 0.078125
0 0.03359375 0.8671875 0.0671875 0.0828125
0 0.32109375 0.859375 0.08125 0.084375
0 0.7015625 0.571875 0.0609375 0.05
0 0.63515625 0.48359375 0.075 0.0734375
0 0.93515625 0.83046875 0.128125 0.134375
0 0.29921875 0.3734375 0.0625 0.0609375
0 0.61328125 0.37734375 0.0609375 0.0734375
0 0.37265625 0.5078125 0.046875 0.05
0 0.54375 0.31953125 0.128125 0.1125
0 0.84921875 0.653125 0.0453125 0.0421875
0 0.30625 0.53125 0.0953125 0.084375
0 0.42109375 0.13828125 0.0546875 0.090625
0 0.76171875 0.025 0.05625 0.0484375
0 0.28984375 0.8265625 0.05 0.059375
0 0.38359375 0.090625 0.0890625 0.071875
0 0.8375 0.040625 0.0515625 0.06875
0 0.76484375 0.359375 0.10625 0.11875
0 0.1953125 0.196875 0.09375 0.0859375
0 0.36640625 0.55078125 0.0453125 0.04375
0 0.6984375 0.665625 0.0953125 0.1375
0 0.55234375 0.44765625 0.10625 0.08125
0 0.7515625 0.959375 0.08125 0.0609375
0 0.77578125 0.90859375 0.0484375 0.071875
0 0.0546875 0.07421875 0.0390625 0.040625
0 0.36953125 0.8359375 0.059375 0.0578125
0 0.896875 0.05078125 0.0859375 0.0859375
0 0.24609375 0.771875 0.0828125 0.078125
0 0.6140625 0.0890625 0.0484375 0.0515625
0 0.85625 0.36015625 0.0890625 0.078125
0 0.89375 0.2828125 0.078125 0.0703125
0 0.715625 0.90546875 0.0765625 0.0703125
0 0.09453125 0.509375 0.0734375 0.0625
0 0.915625 0.51015625 0.059375 0.0578125
0 0.63125 0.596875 0.0515625 0.0671875
0 0.31953125 0.1125 0.0921875 0.1109375
0 0.334375 0.2484375 0.059375 0.0546875
0 0.61953125 0.12578125 0.059375 0.0484375
0 0.5421875 0.809375 0.09375 0.084375
0 0.30234375 0.65859375 0.10625 0.0796875
0 0.8109375 0.46796875 0.0609375 0.059375
0 0.60859375 0.53515625 0.059375 0.0484375
0 0.39453125 0.43125 0.0453125 0.040625
0 0.51640625 0.36484375 0.1109375 0.11875
0 0.69609375 0.48984375 0.0640625 0.0515625
0 0.92734375 0.4234375 0.059375 0.0765625
0 0.36796875 0.2234375 0.065625 0.071875
0 0.75234375 0.6015625 0.0515625 0.0625
0 0.428125 0.209375 0.0765625 0.0640625
0 0.81484375 0.9078125 0.0515625 0.059375
0 0.3984375 0.47265625 0.0453125 0.040625
0 0.24296875 0.134375 0.1015625 0.0984375
0 0.159375 0.58203125 0.0609375 0.0796875
0 0.1546875 0.87109375 0.0953125 0.109375
0 0.8515625 0.96171875 0.0484375 0.053125
0 0.28515625 0.21484375 0.0828125 0.071875
0 0.728125 0.44921875 0.0703125 0.046875
0 0.61640625 0.85546875 0.0859375 0.0578125
0 0.771875 0.6625 0.05625 0.0828125
0 0.88828125 0.1078125 0.0765625 0.071875
0 0.875 0.5 0.071875 0.0828125
0 0.74921875 0.1609375 0.0734375 0.0859375
0 0.26796875 0.48203125 0.0609375 0.0546875
0 0.3125 0.30703125 0.053125 0.0609375
0 0.7375 0.53515625 0.0671875 0.065625
0 0.5265625 0.6296875 0.13125 0.084375
0 0.40546875 0.88515625 0.0625 0.1078125
0 0.46875 0.921875 0.11875 0.103125
0 0.7296875 0.07265625 0.1 0.0828125
0 0.7984375 0.071875 0.0625 0.0625
0 0.41875 0.30078125 0.046875 0.0453125
0 0.86171875 0.615625 0.059375 0.0515625
0 0.8421875 0.75703125 0.1421875 0.1171875
0 0.2484375 0.3234375 0.0796875 0.0859375
0 0.565625 0.18359375 0.0625 0.0671875
0 0.88125 0.9421875 0.0796875 0.1
0 0.68984375 0.1859375 0.0828125 0.084375
0 0.78828125 0.5859375 0.0765625 0.071875
0 0.56640625 0.08828125 0.0421875 0.0453125
0 0.09453125 0.94375 0.0875 0.075
0 0.703125 0.796875 0.109375 0.125
0 0.178125 0.0578125 0.090625 0.109375
0 0.67421875 0.2453125 0.059375 0.084375
0 0.9703125 0.89453125 0.0359375 0.0640625
0 0.49296875 0.67578125 0.0765625 0.0546875
0 0.29765625 0.59296875 0.1078125 0.06875
0 0.38125 0.28046875 0.0796875 0.053125
0 0.7390625 0.41171875 0.0890625 0.0484375
0 0.17578125 0.52109375 0.1265625 0.1140625
0 0.03515625 0.5671875 0.0703125 0.0796875
0 0.37109375 0.8890625 0.040625 0.0609375
0 0.53359375 0.746875 0.071875 0.071875
0 0.55390625 0.24453125 0.0796875 0.071875
0 0.5578125 0.884375 0.06875 0.0734375
0 0.87265625 0.5796875 0.0515625 0.04375
0 0.934375 0.96328125 0.0453125 0.0484375
0 0.621875 0.18984375 0.06875 0.0484375
0 0.08828125 0.13984375 0.0765625 0.096875
0 0.84765625 0.265625 0.075 0.0640625
0 0.4546875 0.32890625 0.0484375 0.0625
0 0.6734375 0.60546875 0.053125 0.0546875
0 0.653125 0.39921875 0.0484375 0.0421875
0 0.5625 0.68984375 0.0671875 0.0640625
0 0.73515625 0.26328125 0.084375 0.0984375
0 0.87578125 0.86328125 0.0796875 0.0875
0 0.09609375 0.61953125 0.0875 0.0765625
0 0.6828125 0.3203125 0.0734375 0.0765625
0 0.16640625 0.9453125 0.0671875 0.06875
0 0.615625 0.91796875 0.0703125 0.0703125
0 0.6359375 0.4359375 0.0671875 0.053125
0 0.89140625 0.1515625 0.0875 0.08125
0 0.43125 0.52421875 0.0953125 0.10625
0 0.20078125 0.27421875 0.06875 0.0859375
0 0.825 0.3828125 0.0453125 0.053125
0 0.15078125 0.265625 0.0640625 0.075
0 0.4703125 0.1546875 0.075 0.1234375
0 0.5140625 0.53125 0.1234375 0.1359375
0 0.459375 0.95546875 0.0890625 0.0875
0 0.621875 0.31171875 0.0640625 0.0703125
0 0.08125 0.87109375 0.0796875 0.10625
0 0.62421875 0.78828125 0.0703125 0.0796875
0 0.11875 0.096875 0.078125 0.084375
0 0.040625 0.5078125 0.0796875 0.075
0 0.7640625 0.46875 0.0484375 0.0578125
0 0.8 0.8203125 0.1046875 0.109375
0 0.35234375 0.3265625 0.0609375 0.0671875
0 0.2140625 0.584375 0.0734375 0.075
0 0.1203125 0.70546875 0.1109375 0.121875
0 0.24140625 0.8328125 0.065625 0.06875
0 0.26953125 0.2703125 0.05625 0.0484375
0 0.21875 0.66796875 0.10625 0.1015625
0 0.53828125 0.13828125 0.08125 0.0828125
0 0.9453125 0.584375 0.109375 0.1125
0 0.796875 0.525 0.0875 0.06875
0 0.09765625 0.56171875 0.0625 0.05625
0 0.16484375 0.13203125 0.0484375 0.0609375
0 0.4671875 0.2578125 0.078125 0.0671875