0 0.378125 0.81875 0.084375 0.071875
0 0.29765625 0.06015625 0.1078125 0.1
0 0.18828125 0.44765625 0.0875 0.08125
0 0.2515625 0.56796875 0.071875 0.0859375
0 0.36796875 0.2796875 0.0890625 0.0984375
0 0.13984375 0.0890625 0.0703125 0.103125
0 0.64140625 0.078125 0.1296875 0.15
0 0.684375 0.66796875 0.121875 0.16875
0 0.1109375 0.80234375 0.1171875 0.0859375
0 0.33203125 0.51953125 0.1078125 0.1265625
0 0.44140625 0.4140625 0.103125 0.0953125
0 0.67890625 0.925 0.1046875 0.1
0 0.35625 0.10625 0.1015625 0.1078125
0 0.7609375 0.7734375 0.125 0.1359375
0 0.61640625 0.7171875 0.1 0.1109375
0 0.3078125 0.75703125 0.1078125 0.1625
0 0.4859375 0.15234375 0.11875 0.11875
0 0.46328125 0.2453125 0.10625 0.1140625
0 0.90234375 0.1046875 0.19375 0.209375
0 0.50234375 0.71953125 0.1 0.1
0 0.43984375 0.3203125 0.1109375 0.0953125
0 0.8109375 0.5140625 0.1703125 0.13125
0 0.2 0.0390625 0.1265625 0.078125
0 0.403125 0.17578125 0.08125 0.109375
0 0.55234375 0.35625 0.109375 0.1046875
0 0.215625 0.79921875 0.0953125 0.1234375
0 0.1515625 0.93671875 0.0875 0.09375
0 0.63828125 0.4 0.190625 0.1796875
0 0.07421875 0.08125 0.071875 0.08125
0 0.29453125 0.6203125 0.096875 0.0875
0 0.278125 0.2703125 0.1359375 0.1390625
0 0.103125 0.559375 0.1796875 0.1109375
0 0.703125 0.8203125 0.1015625 0.140625
0 0.40703125 0.7265625 0.084375 0.1421875
0 0.2984375 0.17265625 0.13125 0.1265625
0 0.57890625 0.25 0.128125 0.1328125
0 0.68828125 0.20859375 0.175 0.1875
0 0.82265625 0.19296875 0.1 0.13125
0 0.09296875 0.3921875 0.1265625 0.13125
0 0.42890625 0.85 0.109375 0.134375
0 0.21328125 0.703125 0.1046875 0.0796875
0 0.6609375 0.53515625 0.103125 0.1046875
0 0.7890625 0.65234375 0.18125 0.1609375
0 0.734375 0.9515625 0.10625 0.0953125
0 0.20390625 0.12421875 0.0953125 0.125
0 0.76171875 0.1078125 0.1078125 0.0765625
0 0.540625 0.75703125 0.1140625 0.125
0 0.1296875 0.72265625 0.0953125 0.0859375
0 0.1140625 0.65546875 0.1234375 0.10625
0 0.2484375 0.9328125 0.1375 0.1328125
0 0.63046875 0.821875 0.0828125 0.1140625
0 0.51328125 0.04921875 0.090625 0.0984375
0 0.0765625 0.9609375 0.0921875 0.078125
0 0.15234375 0.87109375 0.06875 0.0671875
0 0.2109375 0.5234375 0.1078125 0.1078125
0 0.5703125 0.9515625 0.1109375 0.0953125
0 0.0515625 0.16015625 0.103125 0.11875