0 0.45 0.721875 0.09375 0.0859375
0 0.65 0.6125 0.078125 0.1109375
0 0.6578125 0.38671875 0.140625 0.1625
0 0.6796875 0.0625 0.075 0.0921875
0 0.44921875 0.25703125 0.0984375 0.1234375
0 0.06328125 0.3546875 0.1265625 0.1671875
0 0.91015625 0.278125 0.1015625 0.1125
0 0.303125 0.434375 0.1421875 0.1546875
0 0.38671875 0.6375 0.1484375 0.1296875
0 0.5171875 0.37265625 0.1609375 0.15
0 0.0828125 0.94609375 0.1296875 0.103125
0 0.1734375 0.9234375 0.1109375 0.1484375
0 0.853125 0.57109375 0.1375 0.128125
0 0.1328125 0.5453125 0.11875 0.1046875
0 0.834375 0.25546875 0.1078125 0.1109375
0 0.61875 0.759375 0.1125 0.1109375
0 0.1890625 0.4625 0.1015625 0.0703125
0 0.07421875 0.1140625 0.1484375 0.1890625
0 0.4984375 0.625 0.1046875 0.140625
0 0.26875 0.9453125 0.1078125 0.10625
0 0.79453125 0.4359375 0.13125 0.11875
0 0.459375 0.8828125 0.13125 0.1515625
0 0.5640625 0.5140625 0.1015625 0.1421875
0 0.359375 0.5421875 0.1703125 0.1203125
0 0.92578125 0.1390625 0.09375 0.11875
0 0.1671875 0.759375 0.11875 0.1140625
0 0.86328125 0.6984375 0.1234375 0.128125
0 0.25546875 0.61640625 0.146875 0.121875
0 0.05078125 0.590625 0.1015625 0.16875
0 0.48671875 0.509375 0.1078125 0.115625
0 0.6109375 0.11875 0.1203125 0.1703125
0 0.77578125 0.3484375 0.121875 0.121875
0 0.1484375 0.62578125 0.134375 0.15625
0 0.709375 0.146875 0.15 0.1671875
0 0.81484375 0.91171875 0.146875 0.1515625
0 0.13984375 0.32890625 0.1125 0.1046875
0 0.24375 0.12109375 0.165625 0.18125
0 0.84140625 0.146875 0.1265625 0.146875
0 0.59765625 0.8921875 0.10625 0.134375
0 0.06015625 0.46796875 0.0796875 0.078125
0 0.3625 0.10546875 0.1796875 0.2046875
0 0.5765625 0.0484375 0.071875 0.075
0 0.47265625 0.06953125 0.134375 0.1390625
0 0.85390625 0.80859375 0.1390625 0.1421875
0 0.73984375 0.6484375 0.190625 0.16875
0 0.9296875 0.04609375 0.1375 0.0921875
0 0.57109375 0.64140625 0.1171875 0.1296875
0 0.2265625 0.5140625 0.0984375 0.0765625
0 0.65625 0.5078125 0.1078125 0.1265625
0 0.51875 0.125 0.1171875 0.153125
0 0.3046875 0.3015625 0.2109375 0.209375
0 0.69765625 0.9328125 0.13125 0.13125
0 0.353125 0.85859375 0.1234375 0.14375
0 0.15546875 0.40625 0.121875 0.0875