0 0.6328125 0.73046875 0.1109375 0.134375
0 0.66796875 0.2515625 0.053125 0.0671875
0 0.484375 0.89921875 0.134375 0.115625
0 0.4953125 0.07265625 0.1453125 0.1296875
0 0.6828125 0.42890625 0.0890625 0.103125
0 0.771875 0.3984375 0.1 0.0875
0 0.51484375 0.6984375 0.0671875 0.11875
0 0.72265625 0.8890625 0.103125 0.1265625
0 0.5296875 0.5546875 0.121875 0.1234375
0 0.8484375 0.90703125 0.0890625 0.1
0 0.70703125 0.1640625 0.0953125 0.0671875
0 0.11953125 0.06796875 0.1578125 0.1203125
0 0.925 0.9109375 0.103125 0.128125
0 0.83359375 0.609375 0.090625 0.0953125
0 0.784375 0.28359375 0.1046875 0.0921875
0 0.56640625 0.6515625 0.075 0.0796875
0 0.921875 0.56015625 0.1109375 0.0921875
0 0.759375 0.9609375 0.090625 0.0765625
0 0.70703125 0.33203125 0.0953125 0.1
0 0.61640625 0.30859375 0.0890625 0.1
0 0.9453125 0.15859375 0.10625 0.090625
0 0.940625 0.07890625 0.1171875 0.13125
0 0.834375 0.5015625 0.05625 0.053125
0 0.646875 0.04375 0.1109375 0.0875
0 0.4546875 0.753125 0.075 0.0703125
0 0.5109375 0.7953125 0.1 0.1015625
0 0.8984375 0.253125 0.0953125 0.0796875
0 0.88828125 0.3921875 0.08125 0.0765625
0 0.946875 0.284375 0.078125 0.06875
0 0.0484375 0.2578125 0.084375 0.0875
0 0.8046875 0.75 0.1453125 0.1609375
0 0.78359375 0.34765625 0.0875 0.071875
0 0.93125 0.728125 0.0875 0.0796875
0 0.7765625 0.55546875 0.0921875 0.0796875
0 0.7140625 0.109375 0.053125 0.06875
0 0.61328125 0.21484375 0.1 0.103125
0 0.7640625 0.8296875 0.103125 0.1125
0 0.6359375 0.38125 0.0765625 0.0703125
0 0.584375 0.4890625 0.0828125 0.0921875
0 0.4375 0.81953125 0.0921875 0.1015625
0 0.84375 0.54296875 0.0546875 0.0484375
0 0.1546875 0.171875 0.13125 0.11875
0 0.8828125 0.81328125 0.0671875 0.115625
0 0.87421875 0.6453125 0.096875 0.09375
0 0.5625 0.8765625 0.078125 0.1046875
0 0.48828125 0.43515625 0.10625 0.10625
0 0.5734375 0.7203125 0.0828125 0.0875
0 0.64609375 0.94609375 0.0890625 0.1
0 0.7921875 0.13046875 0.0828125 0.0828125
0 0.88984375 0.46875 0.1046875 0.1125
0 0.846875 0.28515625 0.053125 0.071875
0 0.10546875 0.31171875 0.071875 0.065625
0 0.796875 0.18671875 0.078125 0.0578125
0 0.6375 0.86640625 0.0796875 0.0890625
0 0.7625 0.47421875 0.103125 0.0875
0 0.846875 0.16328125 0.065625 0.0890625
0 0.83984375 0.08125 0.1046875 0.0875
0 0.66953125 0.53828125 0.1125 0.115625
0 0.22421875 0.4546875 0.1765625 0.16875
0 0.71640625 0.6421875 0.0734375 0.0765625
0 0.4859375 0.33984375 0.121875 0.1265625
0 0.54296875 0.303125 0.0890625 0.1109375
0 0.78203125 0.22265625 0.0609375 0.0515625
0 0.2546875 0.10625 0.146875 0.134375
0 0.6484375 0.81171875 0.0484375 0.05
0 0.67734375 0.09453125 0.0421875 0.0578125
0 0.928125 0.3359375 0.1 0.0765625
0 0.0546875 0.16875 0.0890625 0.1
0 0.2640625 0.56953125 0.0765625 0.0640625
0 0.584375 0.790625 0.059375 0.0765625
0 0.509375 0.19921875 0.1265625 0.1421875
0 0.81328125 0.03046875 0.071875 0.0609375
0 0.7578125 0.09921875 0.0390625 0.059375
0 0.4703125 0.6796875 0.0875 0.103125
0 0.58984375 0.1109375 0.125 0.1375
0 0.95 0.6765625 0.0765625 0.0859375
0 0.61875 0.459375 0.0890625 0.0921875
0 0.9125 0.19375 0.0796875 0.059375
0 0.715625 0.225 0.0796875 0.0828125