0 0.0625 0.93125 0.0625 0.090625
0 0.55625 0.57421875 0.0703125 0.078125
0 0.03125 0.5296875 0.0625 0.0546875
0 0.578125 0.31484375 0.0703125 0.06875
0 0.34140625 0.9375 0.05625 0.0828125
0 0.10390625 0.771875 0.0734375 0.0734375
0 0.20625 0.4671875 0.071875 0.0578125
0 0.45625 0.40859375 0.0796875 0.0859375
0 0.66015625 0.7734375 0.0640625 0.0609375
0 0.065625 0.3671875 0.05625 0.0640625
0 0.83046875 0.5859375 0.103125 0.1328125
0 0.45 0.1796875 0.09375 0.0765625
0 0.1078125 0.4609375 0.0953125 0.0875
0 0.62109375 0.95859375 0.0671875 0.0828125
0 0.25390625 0.41484375 0.0703125 0.0765625
0 0.43125 0.9390625 0.0609375 0.08125
0 0.5359375 0.7203125 0.0390625 0.0515625
0 0.06015625 0.2984375 0.0484375 0.0640625
0 0.31953125 0.340625 0.0671875 0.0734375
0 0.0625 0.19296875 0.046875 0.065625
0 0.05234375 0.8140625 0.071875 0.071875
0 0.121875 0.3203125 0.09375 0.103125
0 0.88203125 0.7671875 0.1 0.090625
0 0.6015625 0.875 0.096875 0.1015625
0 0.09765625 0.240625 0.0609375 0.0765625
0 0.1390625 0.12890625 0.0609375 0.0640625
0 0.5734375 0.4359375 0.1015625 0.09375
0 0.29765625 0.08203125 0.0546875 0.0546875
0 0.190625 0.21640625 0.0921875 0.084375
0 0.290625 0.4640625 0.0796875 0.075
0 0.70859375 0.6890625 0.05 0.0625
0 0.4109375 0.72890625 0.0703125 0.0984375
0 0.5859375 0.2609375 0.075 0.06875
0 0.521875 0.8671875 0.0484375 0.059375
0 0.70390625 0.75546875 0.0828125 0.0875
0 0.0796875 0.68125 0.0421875 0.059375
0 0.77578125 0.2671875 0.0765625 0.084375
0 0.93671875 0.0609375 0.096875 0.08125
0 0.28515625 0.88125 0.08125 0.071875
0 0.790625 0.06953125 0.0578125 0.0765625
0 0.68515625 0.33359375 0.0734375 0.0625
0 0.08984375 0.0953125 0.040625 0.0453125
0 0.60390625 0.2125 0.0828125 0.078125
0 0.1234375 0.05859375 0.071875 0.0765625
0 0.27578125 0.7828125 0.05625 0.0828125
0 0.35390625 0.24765625 0.0765625 0.0765625
0 0.1625 0.66796875 0.0515625 0.0765625
0 0.15703125 0.25390625 0.0765625 0.0875
0 0.1109375 0.5515625 0.0953125 0.090625
0 0.92578125 0.27421875 0.0875 0.084375
0 0.91328125 0.5140625 0.115625 0.096875
0 0.5484375 0.51484375 0.0640625 0.05
0 0.634375 0.140625 0.0609375 0.0640625
0 0.48828125 0.49609375 0.0796875 0.0875
0 0.59140625 0.36875 0.071875 0.0546875
0 0.24609375 0.8421875 0.0625 0.0671875
0 0.52421875 0.778125 0.0625 0.0609375
0 0.4265625 0.125 0.0703125 0.06875
0 0.6484375 0.70703125 0.078125 0.0875
0 0.93515625 0.21015625 0.065625 0.0453125
0 0.20234375 0.803125 0.09375 0.09375
0 0.4 0.31875 0.0453125 0.0640625
0 0.6421875 0.525 0.075 0.071875
0 0.9546875 0.5609375 0.0890625 0.1109375
0 0.61328125 0.5796875 0.0625 0.0734375
0 0.93046875 0.3375 0.0640625 0.0375
0 0.91015625 0.9609375 0.09375 0.078125
0 0.8015625 0.96171875 0.0921875 0.0765625
0 0.24921875 0.5078125 0.0875 0.0890625
0 0.75625 0.6125 0.078125 0.0796875
0 0.9484375 0.88046875 0.0765625 0.08125
0 0.6765625 0.39296875 0.1078125 0.0875
0 0.60078125 0.659375 0.08125 0.0609375
0 0.6984375 0.0390625 0.08125 0.078125
0 0.096875 0.153125 0.0765625 0.0734375
0 0.6546875 0.07734375 0.059375 0.06875
0 0.52578125 0.38515625 0.059375 0.0703125
0 0.71953125 0.453125 0.10625 0.1078125
0 0.38359375 0.4 0.06875 0.0796875
0 0.74453125 0.33671875 0.05625 0.065625
0 0.2125 0.9265625 0.05625 0.05
0 0.87734375 0.24140625 0.065625 0.075
0 0.59921875 0.81796875 0.06875 0.0984375
0 0.30234375 0.140625 0.0515625 0.0625
0 0.47265625 0.81875 0.0484375 0.0625
0 0.578125 0.92578125 0.0671875 0.0984375
0 0.25625 0.73359375 0.075 0.0765625
0 0.48828125 0.346875 0.0625 0.0625
0 0.36953125 0.503125 0.06875 0.0640625
0 0.38671875 0.19375 0.084375 0.090625
0 0.4515625 0.553125 0.0953125 0.103125
0 0.87109375 0.90859375 0.0734375 0.0796875
0 0.184375 0.728125 0.071875 0.0875
0 0.184375 0.57890625 0.0609375 0.0875
0 0.0375 0.6953125 0.059375 0.06875
0 0.82734375 0.3109375 0.1171875 0.0796875
0 0.19375 0.096875 0.0640625 0.0703125
0 0.4140625 0.46640625 0.0609375 0.0703125
0 0.36484375 0.0984375 0.084375 0.0796875
0 0.58203125 0.725 0.0765625 0.078125
0 0.31328125 0.196875 0.046875 0.05625
0 0.13984375 0.928125 0.096875 0.1359375
0 0.35 0.1515625 0.053125 0.053125
0 0.11015625 0.66953125 0.053125 0.0734375
0 0.21640625 0.87890625 0.059375 0.0640625
0 0.2671875 0.05 0.0328125 0.059375
0 0.73515625 0.9625 0.0546875 0.059375
0 0.2265625 0.3390625 0.059375 0.0703125
0 0.26015625 0.665625 0.103125 0.0765625
0 0.2375 0.55546875 0.0609375 0.059375
0 0.84921875 0.1265625 0.1 0.090625
0 0.1953125 0.4109375 0.0640625 0.0625
0 0.71171875 0.621875 0.084375 0.0953125
0 0.3296875 0.7484375 0.071875 0.0890625
0 0.4765625 0.7375 0.0765625 0.1
0 0.36640625 0.6421875 0.078125 0.0984375
0 0.33046875 0.8375 0.065625 0.0859375
0 0.4546875 0.32421875 0.0515625 0.05
0 0.0890625 0.6078125 0.078125 0.0578125