0 0.31484375 0.3546875 0.19375 0.2046875
0 0.44140625 0.25546875 0.1578125 0.19375
0 0.1546875 0.61796875 0.19375 0.2
0 0.571875 0.38125 0.184375 0.209375
0 0.0671875 0.0921875 0.134375 0.178125
0 0.12265625 0.24609375 0.1640625 0.1328125
0 0.76953125 0.83046875 0.1640625 0.2234375
0 0.18046875 0.9296875 0.1828125 0.1296875
0 0.21875 0.1796875 0.15625 0.1578125
0 0.6 0.225 0.171875 0.1296875
0 0.37578125 0.1484375 0.1546875 0.1625
0 0.88125 0.1578125 0.1578125 0.1703125
0 0.1625 0.76015625 0.165625 0.1265625
0 0.6890625 0.87890625 0.1109375 0.140625
0 0.7953125 0.27265625 0.228125 0.2625
0 0.90390625 0.8578125 0.14375 0.1
0 0.40703125 0.07421875 0.1875 0.1484375
0 0.6875 0.54140625 0.2265625 0.1609375
0 0.60078125 0.1015625 0.2421875 0.1828125
0 0.69921875 0.34765625 0.134375 0.134375
0 0.103125 0.8296875 0.1953125 0.165625
0 0.16640625 0.37265625 0.1625 0.1640625
0 0.709375 0.4515625 0.16875 0.11875
0 0.9109375 0.5828125 0.1765625 0.2125
0 0.21328125 0.0890625 0.2265625 0.178125
0 0.92421875 0.946875 0.1390625 0.10625