0 0.45234375 0.353125 0.078125 0.103125
0 0.146875 0.128125 0.246875 0.25625
0 0.1421875 0.953125 0.203125 0.0921875
0 0.4421875 0.76015625 0.1859375 0.24375
0 0.775 0.22734375 0.0953125 0.1
0 0.296875 0.0390625 0.1328125 0.078125
0 0.91328125 0.58984375 0.1703125 0.16875
0 0.4140625 0.18671875 0.15 0.215625
0 0.8265625 0.08203125 0.1390625 0.1640625
0 0.065625 0.46328125 0.13125 0.1390625
0 0.553125 0.096875 0.103125 0.1578125
0 0.1421875 0.5953125 0.1625 0.184375
0 0.14375 0.73515625 0.2203125 0.1921875
0 0.15234375 0.87421875 0.259375 0.1859375
0 0.409375 0.0609375 0.121875 0.1125
0 0.30078125 0.32421875 0.1484375 0.165625
0 0.28359375 0.5890625 0.1546875 0.1109375
0 0.81328125 0.92578125 0.225 0.146875
0 0.540625 0.8578125 0.16875 0.209375
0 0.90078125 0.20625 0.1296875 0.1515625
0 0.584375 0.46484375 0.1359375 0.1265625
0 0.70625 0.11171875 0.146875 0.2234375
0 0.3015625 0.50625 0.1796875 0.1578125
0 0.7796875 0.66015625 0.146875 0.1609375
0 0.59453125 0.61796875 0.165625 0.209375
0 0.9171875 0.0765625 0.1515625 0.153125
0 0.5078125 0.19921875 0.1046875 0.1546875
0 0.603125 0.18671875 0.109375 0.146875
0 0.53046875 0.27109375 0.1015625 0.090625
0 0.48125 0.5 0.1328125 0.190625
0 0.3 0.16015625 0.115625 0.1859375
0 0.06796875 0.5625 0.1359375 0.1328125
0 0.38984375 0.378125 0.08125 0.1015625
0 0.915625 0.90078125 0.1671875 0.196875
0 0.48671875 0.096875 0.08125 0.08125
0 0.68203125 0.7453125 0.178125 0.1859375
0 0.05546875 0.34375 0.1109375 0.1390625
0 0.38046875 0.2953125 0.0828125 0.0765625
0 0.92734375 0.69921875 0.14375 0.171875
0 0.47734375 0.64921875 0.0984375 0.1171875
0 0.64765625 0.2515625 0.1046875 0.109375
0 0.915625 0.3390625 0.1671875 0.2375
0 0.646875 0.05390625 0.109375 0.1078125
0 0.578125 0.35078125 0.2046875 0.1796875