0 0.5015625 0.321875 0.0828125 0.0921875
0 0.1703125 0.52421875 0.13125 0.078125
0 0.14296875 0.26015625 0.1359375 0.13125
0 0.934375 0.05 0.065625 0.0734375
0 0.43359375 0.859375 0.14375 0.1359375
0 0.5796875 0.82265625 0.0703125 0.0796875
0 0.66640625 0.82890625 0.1234375 0.1234375
0 0.4078125 0.33984375 0.1390625 0.1578125
0 0.4859375 0.4421875 0.159375 0.1515625
0 0.23359375 0.409375 0.103125 0.1234375
0 0.4421875 0.7453125 0.090625 0.1078125
0 0.23203125 0.24765625 0.125 0.11875
0 0.0875 0.28515625 0.146875 0.1375
0 0.525 0.73828125 0.0875 0.0953125
0 0.58984375 0.69453125 0.0703125 0.0703125
0 0.2953125 0.10390625 0.1265625 0.159375
0 0.78828125 0.84609375 0.1 0.1
0 0.63125 0.52109375 0.1375 0.1265625
0 0.3125 0.23671875 0.0953125 0.1265625
0 0.36015625 0.70546875 0.0859375 0.0921875
0 0.50390625 0.1703125 0.1140625 0.1078125
0 0.4234375 0.59921875 0.1 0.1453125
0 0.303125 0.34140625 0.090625 0.0828125
0 0.5015625 0.61640625 0.1140625 0.1515625
0 0.08046875 0.44296875 0.115625 0.0953125
0 0.6109375 0.61953125 0.1140625 0.0984375
0 0.5015625 0.8078125 0.0796875 0.0890625
0 0.0734375 0.83203125 0.1453125 0.115625
0 0.06640625 0.49921875 0.1328125 0.1171875
0 0.3875 0.16484375 0.1203125 0.1359375
0 0.1515625 0.5953125 0.1328125 0.109375
0 0.8375 0.09609375 0.0671875 0.0984375
0 0.1609375 0.66171875 0.10625 0.0859375
0 0.61328125 0.37890625 0.125 0.1234375
0 0.53515625 0.27109375 0.1484375 0.1515625
0 0.24921875 0.80703125 0.115625 0.134375
0 0.23828125 0.1453125 0.109375 0.1140625
0 0.8578125 0.27890625 0.14375 0.1234375
0 0.940625 0.359375 0.1171875 0.13125
0 0.77265625 0.73515625 0.146875 0.1109375
0 0.884375 0.7796875 0.1484375 0.13125
0 0.18828125 0.80859375 0.06875 0.13125
0 0.0578125 0.1515625 0.115625 0.15
0 0.646875 0.71640625 0.1015625 0.1125
0 0.18203125 0.44765625 0.11875 0.0765625
0 0.12578125 0.38046875 0.128125 0.090625
0 0.24375 0.625 0.0796875 0.0875
0 0.40390625 0.05859375 0.15 0.1171875
0 0.12265625 0.85859375 0.0984375 0.0953125
0 0.81796875 0.17421875 0.075 0.0875
0 0.796875 0.6078125 0.125 0.15625
0 0.340625 0.6390625 0.0765625 0.0984375
0 0.40625 0.24609375 0.1171875 0.0859375
0 0.11875 0.125 0.1515625 0.15
0 0.06640625 0.70859375 0.1328125 0.1265625
0 0.303125 0.44453125 0.1 0.1171875
0 0.30078125 0.5546875 0.1484375 0.115625
0 0.89765625 0.15390625 0.115625 0.125
0 0.1296875 0.05078125 0.15 0.1015625
0 0.71015625 0.1078125 0.1703125 0.178125
0 0.69453125 0.6046875 0.08125 0.1125
0 0.04609375 0.78828125 0.0921875 0.0875