0 0.321875 0.4765625 0.06875 0.05625
0 0.3078125 0.62421875 0.10625 0.0921875
0 0.4078125 0.50625 0.0875 0.084375
0 0.82421875 0.50390625 0.0921875 0.1171875
0 0.81484375 0.8171875 0.15 0.1734375
0 0.10703125 0.35 0.096875 0.1078125
0 0.93125 0.559375 0.1359375 0.11875
0 0.69296875 0.2796875 0.13125 0.1171875
0 0.3265625 0.378125 0.084375 0.090625
0 0.53359375 0.9 0.1234375 0.1375
0 0.53125 0.56875 0.109375 0.1296875
0 0.13359375 0.825 0.1390625 0.18125
0 0.875 0.68515625 0.128125 0.1359375
0 0.94921875 0.75859375 0.0984375 0.109375
0 0.225 0.325 0.1265625 0.134375
0 0.2921875 0.2453125 0.0890625 0.096875
0 0.35 0.6546875 0.0625 0.0828125
0 0.65546875 0.815625 0.1546875 0.178125
0 0.89453125 0.33515625 0.153125 0.171875
0 0.93359375 0.41796875 0.13125 0.1203125
0 0.8640625 0.19609375 0.1421875 0.1390625
0 0.2140625 0.196875 0.096875 0.1203125
0 0.29765625 0.046875 0.0859375 0.09375
0 0.81484375 0.6078125 0.0984375 0.1109375
0 0.159375 0.384375 0.09375 0.084375
0 0.3828125 0.2734375 0.1234375 0.140625
0 0.6359375 0.13125 0.0921875 0.096875
0 0.91171875 0.1109375 0.084375 0.0828125
0 0.140625 0.64609375 0.1234375 0.13125
0 0.153125 0.103125 0.08125 0.109375
0 0.2375 0.41953125 0.0703125 0.0859375
0 0.21953125 0.946875 0.1234375 0.1046875
0 0.3515625 0.08671875 0.0984375 0.0953125
0 0.91875 0.86328125 0.115625 0.140625
0 0.75078125 0.92734375 0.1625 0.1453125
0 0.82265625 0.09609375 0.1140625 0.13125
0 0.159375 0.4625 0.1 0.1109375
0 0.671875 0.3921875 0.1078125 0.1265625
0 0.76171875 0.3828125 0.1078125 0.1078125
0 0.11875 0.15234375 0.125 0.1359375
0 0.30625 0.540625 0.1 0.0953125
0 0.73828125 0.6421875 0.1015625 0.096875
0 0.6734375 0.5 0.103125 0.1
0 0.35 0.8640625 0.1015625 0.109375
0 0.4546875 0.7015625 0.1046875 0.096875
0 0.21640625 0.83203125 0.1046875 0.1890625
0 0.30234375 0.43125 0.103125 0.0953125
0 0.484375 0.81953125 0.0984375 0.1171875
0 0.28671875 0.14609375 0.121875 0.121875
0 0.55859375 0.3765625 0.134375 0.1546875
0 0.625 0.92265625 0.071875 0.0859375
0 0.4296875 0.875 0.0875 0.090625
0 0.059375 0.88046875 0.11875 0.146875
0 0.121875 0.55078125 0.096875 0.115625
0 0.9453125 0.2171875 0.084375 0.1
0 0.07109375 0.9453125 0.128125 0.109375
0 0.221875 0.70859375 0.06875 0.071875
0 0.31953125 0.31875 0.078125 0.0796875
0 0.23515625 0.496875 0.071875 0.08125
0 0.71171875 0.14453125 0.10625 0.1421875
0 0.928125 0.04140625 0.140625 0.0828125
0 0.453125 0.42734375 0.1359375 0.1609375
0 0.36640625 0.39765625 0.071875 0.125
0 0.43671875 0.61953125 0.1296875 0.1140625
0 0.534375 0.11328125 0.109375 0.125
0 0.740625 0.55390625 0.1046875 0.084375
0 0.22578125 0.10390625 0.078125 0.084375
0 0.5609375 0.2265625 0.11875 0.140625
0 0.3671875 0.55703125 0.0671875 0.0640625
0 0.2359375 0.6390625 0.0703125 0.0671875
0 0.559375 0.71171875 0.1328125 0.1609375
0 0.37890625 0.1640625 0.115625 0.078125
0 0.05234375 0.678125 0.1046875 0.1453125
0 0.746875 0.4765625 0.075 0.0921875
0 0.06015625 0.0484375 0.1203125 0.096875
0 0.06015625 0.4375 0.06875 0.084375
0 0.64921875 0.22890625 0.1 0.1234375
0 0.38203125 0.703125 0.0671875 0.0671875
0 0.209375 0.5734375 0.1109375 0.0953125
0 0.7984375 0.32890625 0.109375 0.1265625
0 0.8015625 0.7171875 0.0578125 0.084375
0 0.7 0.065625 0.0890625 0.09375
0 0.609375 0.0640625 0.1015625 0.1015625
0 0.42265625 0.784375 0.0578125 0.0828125
0 0.45859375 0.06015625 0.140625 0.1203125
0 0.303125 0.7515625 0.134375 0.1125
0 0.44296875 0.95234375 0.13125 0.09375