0 0.1453125 0.86796875 0.1390625 0.1546875
0 0.15078125 0.59453125 0.096875 0.128125
0 0.4046875 0.059375 0.125 0.11875
0 0.5015625 0.496875 0.075 0.0703125
0 0.92265625 0.053125 0.1375 0.10625
0 0.5609375 0.27109375 0.121875 0.1203125
0 0.6109375 0.5671875 0.1375 0.1296875
0 0.7578125 0.4109375 0.1296875 0.1359375
0 0.615625 0.071875 0.1 0.1390625
0 0.94375 0.71875 0.1109375 0.18125
0 0.103125 0.1734375 0.1328125 0.1390625
0 0.225 0.59765625 0.0984375 0.1234375
0 0.7328125 0.2875 0.1203125 0.1078125
0 0.69140625 0.88125 0.14375 0.1703125
0 0.6546875 0.3640625 0.1390625 0.128125
0 0.80078125 0.821875 0.1171875 0.14375
0 0.86953125 0.3265625 0.1625 0.13125
0 0.4 0.29140625 0.0921875 0.0953125
0 0.38125 0.5953125 0.1078125 0.0984375
0 0.41640625 0.50078125 0.0875 0.084375
0 0.95234375 0.17578125 0.09375 0.109375
0 0.8015625 0.2328125 0.11875 0.1203125
0 0.446875 0.165625 0.11875 0.103125
0 0.8125 0.0875 0.128125 0.159375
0 0.5375 0.7 0.15 0.1359375
0 0.21015625 0.18046875 0.1234375 0.1375
0 0.2875 0.0609375 0.103125 0.121875
0 0.40625 0.93125 0.11875 0.1359375
0 0.303125 0.26875 0.134375 0.1234375
0 0.41484375 0.25 0.1046875 0.1265625
0 0.36875 0.37265625 0.11875 0.0859375
0 0.05546875 0.59140625 0.1109375 0.13125
0 0.85703125 0.48515625 0.13125 0.121875
0 0.52734375 0.88125 0.1484375 0.1453125
0 0.09296875 0.78515625 0.1375 0.11875
0 0.6984375 0.72265625 0.11875 0.1265625
0 0.875 0.159375 0.0890625 0.075
0 0.5328125 0.08203125 0.103125 0.1640625
0 0.825 0.6828125 0.178125 0.190625
0 0.35 0.7578125 0.0921875 0.1484375