0 0.94453125 0.52265625 0.0546875 0.0578125
0 0.76796875 0.18046875 0.0578125 0.0546875
0 0.18046875 0.1109375 0.071875 0.08125
0 0.628125 0.4671875 0.059375 0.0625
0 0.2265625 0.44296875 0.071875 0.0640625
0 0.2 0.89296875 0.084375 0.1
0 0.9328125 0.27109375 0.0640625 0.0625
0 0.21953125 0.7 0.0875 0.0828125
0 0.3265625 0.0765625 0.0640625 0.0703125
0 0.62109375 0.71953125 0.0671875 0.0640625
0 0.30234375 0.73828125 0.04375 0.0609375
0 0.72578125 0.61796875 0.0671875 0.06875
0 0.60625 0.3453125 0.046875 0.0484375
0 0.9515625 0.9140625 0.0703125 0.0890625
0 0.08515625 0.5640625 0.090625 0.0875
0 0.66796875 0.0875 0.0453125 0.059375
0 0.0390625 0.34140625 0.078125 0.0609375
0 0.12109375 0.47421875 0.11875 0.103125
0 0.48515625 0.753125 0.053125 0.0734375
0 0.3828125 0.46875 0.0953125 0.0859375
0 0.315625 0.45703125 0.0625 0.0734375
0 0.08203125 0.134375 0.109375 0.1
0 0.428125 0.91796875 0.0484375 0.0640625
0 0.54609375 0.034375 0.071875 0.06875
0 0.51015625 0.11640625 0.0546875 0.09375
0 0.41796875 0.428125 0.06875 0.0671875
0 0.153125 0.22421875 0.0484375 0.0453125
0 0.40390625 0.34609375 0.075 0.0703125
0 0.371875 0.14296875 0.0609375 0.0703125
0 0.13125 0.91171875 0.0921875 0.1171875
0 0.80078125 0.28046875 0.065625 0.0703125
0 0.86171875 0.23671875 0.115625 0.128125
0 0.89140625 0.65390625 0.0984375 0.0875
0 0.20078125 0.0546875 0.06875 0.0765625
0 0.53515625 0.4046875 0.0765625 0.0859375
0 0.9125 0.73671875 0.140625 0.11875
0 0.7734375 0.80546875 0.0890625 0.0859375
0 0.2125 0.38359375 0.071875 0.053125
0 0.209375 0.61484375 0.06875 0.0640625
0 0.26640625 0.125 0.078125 0.1
0 0.82421875 0.7859375 0.053125 0.059375
0 0.965625 0.653125 0.065625 0.08125
0 0.27265625 0.88125 0.0921875 0.1109375
0 0.0921875 0.34609375 0.0875 0.0703125
0 0.6625 0.5890625 0.075 0.0859375
0 0.215625 0.3453125 0.0671875 0.05625
0 0.859375 0.13671875 0.1 0.1078125
0 0.10859375 0.2359375 0.0703125 0.065625
0 0.08984375 0.65390625 0.0609375 0.0578125
0 0.56953125 0.77109375 0.065625 0.06875
0 0.48203125 0.4453125 0.065625 0.0953125
0 0.2921875 0.03046875 0.065625 0.0609375
0 0.24765625 0.509375 0.08125 0.075
0 0.4796875 0.525 0.05625 0.0671875
0 0.67109375 0.85625 0.125 0.15625
0 0.27109375 0.29453125 0.084375 0.0828125
0 0.8765625 0.55859375 0.0671875 0.0640625
0 0.4921875 0.83125 0.0703125 0.078125
0 0.61875 0.671875 0.0640625 0.0765625
0 0.39296875 0.76953125 0.065625 0.0796875
0 0.1234375 0.703125 0.0953125 0.1078125
0 0.884375 0.43671875 0.0703125 0.071875
0 0.45546875 0.23046875 0.0609375 0.059375
0 0.7921875 0.1046875 0.05625 0.0703125
0 0.49765625 0.89140625 0.0625 0.06875
0 0.7640625 0.73515625 0.08125 0.075
0 0.2515625 0.0640625 0.084375 0.078125
0 0.33671875 0.34921875 0.078125 0.0921875
0 0.5453125 0.46796875 0.075 0.08125
0 0.1921875 0.5671875 0.0921875 0.078125
0 0.0390625 0.7109375 0.078125 0.1015625
0 0.04921875 0.234375 0.06875 0.0921875
0 0.3859375 0.9515625 0.06875 0.071875
0 0.11328125 0.190625 0.08125 0.0609375
0 0.36875 0.67265625 0.0796875 0.10625
0 0.9203125 0.584375 0.04375 0.0546875
0 0.34921875 0.5390625 0.103125 0.0828125
0 0.79765625 0.44140625 0.0765625 0.08125
0 0.8515625 0.33515625 0.0859375 0.0796875
0 0.65859375 0.40625 0.0671875 0.053125
0 0.77265625 0.5203125 0.11875 0.1234375
0 0.46328125 0.10546875 0.065625 0.109375
0 0.16796875 0.81875 0.1125 0.1171875
0 0.9 0.4984375 0.0796875 0.06875