0 0.3572916666666667 0.4114583333333333 0.11145833333333334 0.09791666666666667
0 0.3815104166666667 0.4830729166666667 0.08125 0.07604166666666666
0 0.07942708333333333 0.07057291666666667 0.12864583333333332 0.12760416666666666
0 0.6591145833333333 0.24973958333333332 0.12864583333333332 0.10104166666666667
0 0.51171875 0.8052083333333333 0.05416666666666667 0.06458333333333334
0 0.50390625 0.68359375 0.09166666666666666 0.1125
0 0.4669270833333333 0.9546875 0.13177083333333334 0.08958333333333333
0 0.70859375 0.79765625 0.13229166666666667 0.121875
0 0.9088541666666666 0.96015625 0.11510416666666666 0.0796875
0 0.22135416666666666 0.03802083333333333 0.12916666666666668 0.07604166666666666
0 0.44244791666666666 0.81484375 0.06458333333333334 0.065625
0 0.76171875 0.22473958333333333 0.09322916666666667 0.11770833333333333
0 0.6135416666666667 0.5645833333333333 0.071875 0.09166666666666666
0 0.8447916666666667 0.6723958333333333 0.06041666666666667 0.084375
0 0.5606770833333333 0.7380208333333333 0.07083333333333333 0.0671875
0 0.45989583333333334 0.8729166666666667 0.096875 0.071875
0 0.039322916666666666 0.9651041666666667 0.0609375 0.0671875
0 0.5635416666666667 0.8596354166666667 0.08177083333333333 0.0546875
0 0.9192708333333334 0.5734375 0.075 0.07864583333333333
0 0.5252604166666667 0.5861979166666667 0.0578125 0.07083333333333333
0 0.3927083333333333 0.7481770833333333 0.09114583333333333 0.07760416666666667
0 0.5786458333333333 0.8057291666666667 0.0640625 0.06145833333333333
0 0.70859375 0.7111979166666667 0.07604166666666666 0.0484375
0 0.7921875 0.0921875 0.04791666666666667 0.04479166666666667
0 0.115625 0.15651041666666668 0.043229166666666666 0.04375
0 0.6359375 0.73359375 0.07239583333333334 0.0890625
0 0.6859375 0.896875 0.06927083333333334 0.07760416666666667
0 0.6786458333333333 0.5640625 0.065625 0.07708333333333334
0 0.24114583333333334 0.7317708333333334 0.18645833333333334 0.159375
0 0.29296875 0.25755208333333335 0.06614583333333333 0.078125
0 0.4669270833333333 0.46796875 0.0828125 0.08645833333333333
0 0.2669270833333333 0.32786458333333335 0.09427083333333333 0.07291666666666667
0 0.4979166666666667 0.525 0.057291666666666664 0.05260416666666667
0 0.4015625 0.5700520833333333 0.06041666666666667 0.08229166666666667
0 0.3067708333333333 0.57890625 0.04895833333333333 0.0390625
0 0.11458333333333333 0.9666666666666667 0.07864583333333333 0.06510416666666667
0 0.7815104166666667 0.6177083333333333 0.04583333333333333 0.0515625
0 0.9403645833333333 0.9208333333333333 0.0703125 0.07239583333333334
0 0.91015625 0.6692708333333334 0.0734375 0.1171875
0 0.17005208333333333 0.11223958333333334 0.0671875 0.0625
0 0.30494791666666665 0.5229166666666667 0.0859375 0.08385416666666666
0 0.775 0.1359375 0.05364583333333333 0.05625
0 0.8713541666666667 0.8013020833333333 0.06770833333333333 0.103125
0 0.48203125 0.7752604166666667 0.04375 0.0359375
0 0.7877604166666666 0.95859375 0.13177083333333334 0.0828125
0 0.3580729166666667 0.8236979166666667 0.09583333333333334 0.07135416666666666
0 0.7213541666666666 0.38515625 0.18541666666666667 0.2015625
0 0.78203125 0.6768229166666667 0.053125 0.05260416666666667
0 0.5583333333333333 0.47708333333333336 0.09322916666666667 0.10052083333333334
0 0.42109375 0.6427083333333333 0.07447916666666667 0.06041666666666667
0 0.7953125 0.7669270833333334 0.08177083333333333 0.10989583333333333
0 0.5903645833333333 0.6473958333333333 0.12604166666666666 0.090625
0 0.46015625 0.5674479166666667 0.06666666666666667 0.078125
0 0.459375 0.24270833333333333 0.27447916666666666 0.3020833333333333
0 0.9518229166666666 0.3104166666666667 0.09635416666666667 0.10885416666666667
0 0.8286458333333333 0.6091145833333333 0.05 0.041666666666666664
0 0.19973958333333333 0.20494791666666667 0.13541666666666666 0.15104166666666666
0 0.3958333333333333 0.9216145833333333 0.084375 0.084375
0 0.13828125 0.79140625 0.075 0.0703125
0 0.7268229166666667 0.8705729166666667 0.034375 0.0359375
0 0.6057291666666667 0.9140625 0.0828125 0.08020833333333334
0 0.7390625 0.9229166666666667 0.0578125 0.05520833333333333
0 0.6940104166666666 0.5028645833333333 0.0328125 0.034895833333333334
0 0.9658854166666667 0.10755208333333334 0.065625 0.0703125
0 0.7799479166666666 0.8760416666666667 0.0671875 0.06458333333333334
0 0.6869791666666667 0.97421875 0.059895833333333336 0.0515625
0 0.97109375 0.24036458333333333 0.0453125 0.04114583333333333
0 0.9643229166666667 0.8572916666666667 0.06770833333333333 0.058333333333333334
0 0.42265625 0.6984375 0.0671875 0.05520833333333333
0 0.8247395833333333 0.034895833333333334 0.0953125 0.06979166666666667
0 0.31640625 0.6359375 0.12135416666666667 0.10625
0 0.671875 0.09921875 0.22552083333333334 0.1984375
0 0.88515625 0.05182291666666667 0.04739583333333333 0.0828125
0 0.94765625 0.18255208333333334 0.05572916666666667 0.05572916666666667
0 0.92890625 0.7989583333333333 0.0625 0.08645833333333333
0 0.14505208333333333 0.3484375 0.1375 0.11770833333333333
0 0.8432291666666667 0.15598958333333332 0.10572916666666667 0.121875
0 0.31484375 0.9278645833333333 0.12760416666666666 0.11770833333333333
0 0.9200520833333333 0.44583333333333336 0.159375 0.16614583333333333
0 0.94375 0.024739583333333332 0.10416666666666667 0.049479166666666664
0 0.5049479166666667 0.43203125 0.03125 0.0453125
0 0.5580729166666667 0.52265625 0.05364583333333333 0.043229166666666666
0 0.58515625 0.38177083333333334 0.1203125 0.12239583333333333
0 0.25364583333333335 0.40130208333333334 0.09375 0.06302083333333333
0 0.9776041666666667 0.57421875 0.04479166666666667 0.19479166666666667
0 0.284375 0.14348958333333334 0.12604166666666666 0.1375
0 0.10520833333333333 0.22630208333333332 0.07604166666666666 0.11145833333333334
0 0.92890625 0.7989583333333333 0.06302083333333333 0.084375
0 0.15390625 0.6252604166666667 0.059895833333333336 0.08958333333333333
0 0.011979166666666667 0.04765625 0.023958333333333335 0.044270833333333336
0 0.6510416666666666 0.8442708333333333 0.04375 0.04791666666666667
0 0.8703125 0.88046875 0.09010416666666667 0.058854166666666666
0 0.9841145833333333 0.7536458333333333 0.03125 0.06875
0 0.20911458333333333 0.95859375 0.09375 0.07916666666666666
0 0.284375 0.14348958333333334 0.12552083333333333 0.13645833333333332
0 0.9640625 0.7104166666666667 0.06979166666666667 0.08489583333333334
0 0.011979166666666667 0.9278645833333333 0.023958333333333335 0.07291666666666667
0 0.9854166666666667 0.9309895833333334 0.028645833333333332 0.09895833333333333
0 0.9916666666666667 0.16875 0.016666666666666666 0.049479166666666664
0 0.20911458333333333 0.9557291666666666 0.09322916666666667 0.08229166666666667
0 0.38359375 0.9809895833333333 0.10520833333333333 0.0375
0 0.7283854166666667 0.6229166666666667 0.06614583333333333 0.07135416666666666
0 0.7638020833333333 0.9598958333333333 0.084375 0.07864583333333333
0 0.38828125 0.05286458333333333 0.0859375 0.08177083333333333
0 0.03203125 0.19947916666666668 0.0640625 0.178125
0 0.21510416666666668 0.11848958333333333 0.018229166666666668 0.023958333333333335
0 0.2265625 0.8627604166666667 0.15833333333333333 0.08333333333333333
0 0.2557291666666667 0.4830729166666667 0.10416666666666667 0.08177083333333333
0 0.7825520833333334 0.5028645833333333 0.1609375 0.20520833333333333
0 0.2557291666666667 0.48411458333333335 0.1046875 0.08177083333333333
0 0.86875 0.25416666666666665 0.16770833333333332 0.15520833333333334
0 0.8270833333333333 0.34479166666666666 0.053125 0.040625
0 0.6809895833333334 0.6393229166666666 0.059895833333333336 0.05364583333333333
0 0.71640625 0.67109375 0.05 0.0390625
0 0.45859375 0.7518229166666667 0.03125 0.0375
0 0.49140625 0.7473958333333334 0.0328125 0.025
0 0.5028645833333333 0.05364583333333333 0.1375 0.10729166666666666
0 0.08203125 0.8848958333333333 0.12135416666666667 0.10677083333333333