0 0.6411458333333333 0.40520833333333334 0.11302083333333333 0.10052083333333334
0 0.6182291666666667 0.47734375 0.0828125 0.078125
0 0.9127604166666666 0.06171875 0.13072916666666667 0.1234375
0 0.33645833333333336 0.25052083333333336 0.13020833333333334 0.10364583333333334
0 0.4934895833333333 0.8026041666666667 0.05520833333333333 0.06614583333333333
0 0.49921875 0.6807291666666667 0.09375 0.11458333333333333
0 0.5408854166666667 0.9510416666666667 0.13333333333333333 0.0921875
0 0.29661458333333335 0.7994791666666666 0.134375 0.125
0 0.09895833333333333 0.9625 0.11666666666666667 0.07447916666666667
0 0.7705729166666667 0.03411458333333333 0.13072916666666667 0.06822916666666666
0 0.5630208333333333 0.8104166666666667 0.065625 0.0671875
0 0.23359375 0.228125 0.0953125 0.11979166666666667
0 0.3875 0.5643229166666667 0.0734375 0.09322916666666667
0 0.15833333333333333 0.67734375 0.06197916666666667 0.0859375
0 0.4434895833333333 0.7364583333333333 0.071875 0.06875
0 0.5466145833333333 0.8690104166666667 0.09791666666666667 0.07395833333333333
0 0.96875 0.9513020833333333 0.06197916666666667 0.06875
0 0.4427083333333333 0.8580729166666666 0.0828125 0.05677083333333333
0 0.08203125 0.5802083333333333 0.0765625 0.08020833333333334
0 0.47630208333333335 0.5838541666666667 0.058854166666666666 0.07239583333333334
0 0.61171875 0.7427083333333333 0.09270833333333334 0.0796875
0 0.42682291666666666 0.8044270833333333 0.06510416666666667 0.06302083333333333
0 0.2950520833333333 0.7130208333333333 0.07708333333333334 0.050520833333333334
0 0.20078125 0.09635416666666667 0.0484375 0.04635416666666667
0 0.8783854166666667 0.14453125 0.04375 0.044270833333333336
0 0.36822916666666666 0.7338541666666667 0.07395833333333333 0.090625
0 0.32109375 0.8981770833333333 0.07083333333333333 0.07916666666666666
0 0.3223958333333333 0.5653645833333333 0.0671875 0.07864583333333333
0 0.7627604166666667 0.7229166666666667 0.1890625 0.16354166666666667
0 0.7028645833333333 0.24973958333333332 0.06770833333333333 0.0796875
0 0.5325520833333334 0.46432291666666664 0.084375 0.08854166666666667
0 0.7299479166666667 0.31953125 0.0953125 0.075
0 0.5026041666666666 0.5221354166666666 0.058333333333333334 0.05416666666666667
0 0.5997395833333333 0.56484375 0.06197916666666667 0.08385416666666666
0 0.69453125 0.5713541666666667 0.049479166666666664 0.040625
0 0.8934895833333333 0.9546875 0.0796875 0.0671875
0 0.22057291666666667 0.6213541666666667 0.046875 0.053125
0 0.06692708333333333 0.928125 0.07135416666666666 0.07395833333333333
0 0.09296875 0.67578125 0.07552083333333333 0.11875
0 0.8231770833333333 0.10182291666666667 0.06822916666666666 0.0640625
0 0.6953125 0.5153645833333333 0.0875 0.0859375
0 0.21875 0.13958333333333334 0.0546875 0.0578125
0 0.13385416666666666 0.80703125 0.06927083333333334 0.1046875
0 0.52265625 0.771875 0.044270833333333336 0.036458333333333336
0 0.2203125 0.9591145833333333 0.13333333333333333 0.0796875
0 0.64765625 0.8174479166666667 0.096875 0.0734375
0 0.2765625 0.3875 0.1890625 0.20572916666666666
0 0.22109375 0.68046875 0.05416666666666667 0.05416666666666667
0 0.44114583333333335 0.47552083333333334 0.09479166666666666 0.10260416666666666
0 0.5815104166666667 0.6380208333333334 0.07552083333333333 0.06197916666666667
0 0.209375 0.7708333333333334 0.08385416666666666 0.11197916666666667
0 0.4122395833333333 0.6466145833333333 0.12760416666666666 0.09322916666666667
0 0.5408854166666667 0.5635416666666667 0.06822916666666666 0.0796875
0 0.5361979166666667 0.23880208333333333 0.2796875 0.30833333333333335
0 0.047135416666666666 0.31796875 0.09427083333333333 0.1109375
0 0.1734375 0.6138020833333333 0.050520833333333334 0.043229166666666666
0 0.7950520833333333 0.19505208333333332 0.13802083333333334 0.15416666666666667
0 0.6114583333333333 0.9161458333333333 0.0859375 0.08645833333333333
0 0.8666666666666667 0.7802083333333333 0.07604166666666666 0.071875
0 0.2796875 0.8729166666666667 0.034895833333333334 0.036458333333333336
0 0.4015625 0.9135416666666667 0.084375 0.08229166666666667
0 0.2682291666666667 0.9255208333333333 0.058854166666666666 0.05677083333333333
0 0.3059895833333333 0.5044270833333333 0.03333333333333333 0.035416666666666666
0 0.030208333333333334 0.11510416666666666 0.06041666666666667 0.071875
0 0.2265625 0.8796875 0.06822916666666666 0.06614583333333333
0 0.32109375 0.9736979166666667 0.0609375 0.049479166666666664
0 0.024479166666666666 0.2484375 0.04583333333333333 0.042708333333333334
0 0.04192708333333333 0.8651041666666667 0.06875 0.059895833333333336
0 0.5807291666666666 0.69375 0.06822916666666666 0.05677083333333333
0 0.1671875 0.03958333333333333 0.09635416666666667 0.071875
0 0.6859375 0.62890625 0.1234375 0.10885416666666667
0 0.32109375 0.10104166666666667 0.22916666666666666 0.20208333333333334
0 0.10703125 0.05807291666666667 0.04895833333333333 0.084375
0 0.046875 0.19010416666666666 0.05677083333333333 0.057291666666666664
0 0.07630208333333334 0.8059895833333334 0.0640625 0.08802083333333334
0 0.85234375 0.3372395833333333 0.13958333333333334 0.12135416666666667
0 0.15078125 0.16119791666666666 0.1078125 0.12447916666666667
0 0.6927083333333334 0.9205729166666666 0.1296875 0.1203125
0 0.08020833333333334 0.45260416666666664 0.16041666666666668 0.16979166666666667
0 0.05026041666666667 0.03203125 0.10052083333333334 0.0515625
0 0.49375 0.42916666666666664 0.03229166666666667 0.04583333333333333
0 0.44244791666666666 0.52109375 0.05416666666666667 0.04479166666666667
0 0.4127604166666667 0.3809895833333333 0.12239583333333333 0.125
0 0.74453125 0.3927083333333333 0.09479166666666666 0.06510416666666667
0 0.023958333333333335 0.5822916666666667 0.04791666666666667 0.19583333333333333
0 0.709375 0.13567708333333334 0.12864583333333332 0.14010416666666667
0 0.88984375 0.21432291666666667 0.078125 0.11354166666666667
0 0.07630208333333334 0.8059895833333334 0.06458333333333334 0.0859375
0 0.8481770833333333 0.6143229166666667 0.06145833333333333 0.09114583333333333
0 0.9799479166666667 0.03359375 0.024479166666666666 0.04479166666666667
0 0.35494791666666664 0.8447916666666667 0.04479166666666667 0.04895833333333333
0 0.13645833333333332 0.8861979166666667 0.09114583333333333 0.0609375
0 0.0203125 0.7619791666666667 0.03229166666666667 0.06927083333333334
0 0.7989583333333333 0.9486979166666667 0.0953125 0.08125
0 0.709375 0.13567708333333334 0.128125 0.1390625
0 0.03958333333333333 0.7182291666666667 0.07135416666666666 0.08645833333333333
0 0.99140625 0.91328125 0.0171875 0.0734375
0 0.022135416666666668 0.9393229166666667 0.030208333333333334 0.09947916666666666
0 0.005729166666666666 0.17708333333333334 0.011458333333333333 0.05
0 0.7986979166666667 0.9458333333333333 0.09479166666666666 0.084375
0 0.6247395833333333 0.9752604166666666 0.10572916666666667 0.04010416666666667
0 0.27369791666666665 0.6252604166666667 0.0671875 0.07291666666666667
0 0.24401041666666667 0.9606770833333333 0.0859375 0.0765625
0 0.60390625 0.04765625 0.0875 0.08385416666666666
0 0.9627604166666667 0.18567708333333333 0.0671875 0.1796875
0 0.778125 0.10911458333333333 0.01875 0.024479166666666666
0 0.7796875 0.8533854166666667 0.15989583333333332 0.08697916666666666
0 0.7440104166666667 0.4744791666666667 0.10572916666666667 0.08385416666666666
0 0.21744791666666666 0.5065104166666666 0.16458333333333333 0.20885416666666667
0 0.7440104166666667 0.47552083333333334 0.10625 0.08385416666666666
0 0.12708333333333333 0.2598958333333333 0.1703125 0.159375
0 0.1703125 0.3494791666666667 0.05364583333333333 0.0421875
0 0.32135416666666666 0.640625 0.0609375 0.05520833333333333
0 0.28671875 0.6731770833333334 0.050520833333333334 0.040625
0 0.5458333333333333 0.7479166666666667 0.03177083333333333 0.03802083333333333
0 0.5130208333333334 0.7442708333333333 0.03333333333333333 0.025520833333333333
0 0.4890625 0.05286458333333333 0.13958333333333334 0.10572916666666667
0 0.9247395833333333 0.8721354166666667 0.1234375 0.109375