0 0.6427083333333333 0.5921875 0.11145833333333334 0.0984375
0 0.6184895833333334 0.5205729166666667 0.08125 0.0765625
0 0.9205729166666666 0.9348958333333334 0.12864583333333332 0.128125
0 0.34088541666666666 0.75234375 0.12864583333333332 0.1015625
0 0.48828125 0.19765625 0.05416666666666667 0.06510416666666667
0 0.49609375 0.31927083333333334 0.09166666666666666 0.11302083333333333
0 0.5330729166666667 0.0484375 0.13177083333333334 0.09010416666666667
0 0.29140625 0.20416666666666666 0.13229166666666667 0.12239583333333333
0 0.09114583333333333 0.040364583333333336 0.11510416666666666 0.08020833333333334
0 0.7786458333333334 0.9640625 0.12916666666666668 0.071875
0 0.5575520833333333 0.18828125 0.06458333333333334 0.06614583333333333
0 0.23828125 0.7765625 0.09322916666666667 0.11822916666666666
0 0.38645833333333335 0.43776041666666665 0.071875 0.0921875
0 0.15520833333333334 0.32838541666666665 0.06041666666666667 0.08489583333333334
0 0.4393229166666667 0.26458333333333334 0.07083333333333333 0.06770833333333333
0 0.5401041666666667 0.13020833333333334 0.096875 0.07239583333333334
0 0.9606770833333333 0.040364583333333336 0.0609375 0.06770833333333333
0 0.43645833333333334 0.14296875 0.08177083333333333 0.05520833333333333
0 0.08072916666666667 0.4270833333333333 0.075 0.07916666666666666
0 0.4747395833333333 0.4166666666666667 0.0578125 0.07135416666666666
0 0.6072916666666667 0.25546875 0.09114583333333333 0.078125
0 0.42135416666666664 0.19661458333333334 0.0640625 0.06197916666666667
0 0.29140625 0.290625 0.07604166666666666 0.04895833333333333
0 0.2078125 0.9091145833333333 0.04791666666666667 0.0453125
0 0.884375 0.8486979166666667 0.043229166666666666 0.04375
0 0.3640625 0.26848958333333334 0.07239583333333334 0.08958333333333333
0 0.3140625 0.10494791666666667 0.06927083333333334 0.078125
0 0.32135416666666666 0.43776041666666665 0.065625 0.07760416666666667
0 0.7588541666666667 0.27265625 0.18645833333333334 0.16041666666666668
0 0.70703125 0.7466145833333333 0.06614583333333333 0.07864583333333333
0 0.5330729166666667 0.53515625 0.0828125 0.08697916666666666
0 0.7330729166666666 0.6763020833333333 0.09427083333333333 0.0734375
0 0.5020833333333333 0.4778645833333333 0.057291666666666664 0.053125
0 0.5984375 0.43333333333333335 0.06041666666666667 0.0828125
0 0.6932291666666667 0.425 0.04895833333333333 0.03958333333333333
0 0.8854166666666666 0.03854166666666667 0.07864583333333333 0.065625
0 0.21848958333333332 0.38359375 0.04583333333333333 0.052083333333333336
0 0.05963541666666667 0.07942708333333333 0.0703125 0.07291666666666667
0 0.08984375 0.33125 0.0734375 0.11770833333333333
0 0.8299479166666667 0.8927083333333333 0.0671875 0.06302083333333333
0 0.6950520833333333 0.48125 0.0859375 0.084375
0 0.225 0.8653645833333333 0.05364583333333333 0.05677083333333333
0 0.12864583333333332 0.19947916666666668 0.06770833333333333 0.10364583333333334
0 0.51796875 0.22786458333333334 0.04375 0.0359375
0 0.21223958333333334 0.042708333333333334 0.13177083333333334 0.08333333333333333
0 0.6419270833333334 0.17994791666666668 0.09583333333333334 0.071875
0 0.2786458333333333 0.61640625 0.18541666666666667 0.20260416666666667
0 0.21796875 0.32447916666666665 0.053125 0.053125
0 0.44166666666666665 0.5255208333333333 0.09322916666666667 0.10104166666666667
0 0.57890625 0.3606770833333333 0.07447916666666667 0.0609375
0 0.2046875 0.234375 0.08177083333333333 0.11041666666666666
0 0.40963541666666664 0.35494791666666664 0.12604166666666666 0.09114583333333333
0 0.53984375 0.4356770833333333 0.06666666666666667 0.07864583333333333
0 0.540625 0.7604166666666666 0.27447916666666666 0.30364583333333334
0 0.048177083333333336 0.68984375 0.09635416666666667 0.109375
0 0.17135416666666667 0.3919270833333333 0.05 0.0421875
0 0.8002604166666667 0.7997395833333333 0.13541666666666666 0.15208333333333332
0 0.6041666666666666 0.08177083333333333 0.084375 0.08489583333333334
0 0.86171875 0.21354166666666666 0.075 0.07083333333333333
0 0.27317708333333335 0.13098958333333333 0.034375 0.0359375
0 0.39427083333333335 0.08828125 0.0828125 0.08072916666666667
0 0.2609375 0.07864583333333333 0.0578125 0.05572916666666667
0 0.3059895833333333 0.49895833333333334 0.0328125 0.034895833333333334
0 0.03411458333333333 0.8927083333333333 0.065625 0.07083333333333333
0 0.22005208333333334 0.12526041666666668 0.0671875 0.06510416666666667
0 0.31302083333333336 0.027604166666666666 0.059895833333333336 0.052083333333333336
0 0.02890625 0.7598958333333333 0.0453125 0.041666666666666664
0 0.03567708333333333 0.14296875 0.06770833333333333 0.058854166666666666
0 0.57734375 0.30494791666666665 0.0671875 0.05572916666666667
0 0.17526041666666667 0.9653645833333333 0.0953125 0.06927083333333334
0 0.68359375 0.36796875 0.12135416666666667 0.10677083333333333
0 0.328125 0.9013020833333333 0.22552083333333334 0.19739583333333333
0 0.11484375 0.9489583333333333 0.04739583333333333 0.08333333333333333
0 0.05234375 0.8177083333333334 0.05572916666666667 0.05625
0 0.07109375 0.2015625 0.0625 0.08697916666666666
0 0.8549479166666667 0.6565104166666667 0.1375 0.11875
0 0.15677083333333333 0.8450520833333334 0.10572916666666667 0.12239583333333333
0 0.68515625 0.07604166666666666 0.12760416666666666 0.11822916666666666
0 0.07994791666666666 0.5546875 0.159375 0.1671875
0 0.05625 0.9752604166666666 0.10416666666666667 0.049479166666666664
0 0.49505208333333334 0.5708333333333333 0.03125 0.0453125
0 0.44192708333333336 0.47994791666666664 0.05364583333333333 0.04375
0 0.41484375 0.6205729166666667 0.1203125 0.12291666666666666
0 0.7463541666666667 0.603125 0.09375 0.06354166666666666
0 0.022395833333333334 0.42604166666666665 0.04479166666666667 0.1953125
0 0.715625 0.8606770833333334 0.12604166666666666 0.13802083333333334
0 0.8947916666666667 0.77890625 0.07604166666666666 0.11197916666666667
0 0.07109375 0.2015625 0.06302083333333333 0.08489583333333334
0 0.84609375 0.3796875 0.059895833333333336 0.09010416666666667
0 0.9880208333333333 0.9580729166666667 0.023958333333333335 0.044270833333333336
0 0.3489583333333333 0.1578125 0.04375 0.04791666666666667
0 0.1296875 0.1203125 0.09010416666666667 0.059375
0 0.015885416666666666 0.24635416666666668 0.03125 0.06875
0 0.7908854166666667 0.04609375 0.09375 0.0796875
0 0.715625 0.8606770833333334 0.12552083333333333 0.13697916666666668
0 0.0359375 0.28984375 0.06979166666666667 0.08541666666666667
0 0.9880208333333333 0.07786458333333333 0.023958333333333335 0.07291666666666667
0 0.014583333333333334 0.06901041666666667 0.028645833333333332 0.09895833333333333
0 0.008333333333333333 0.83125 0.016666666666666666 0.049479166666666664
0 0.7908854166666667 0.04895833333333333 0.09322916666666667 0.0828125
0 0.61640625 0.02265625 0.10520833333333333 0.03802083333333333
0 0.2716145833333333 0.37864583333333335 0.06614583333333333 0.071875
0 0.23619791666666667 0.04140625 0.084375 0.07916666666666666
0 0.61171875 0.95078125 0.0859375 0.08229166666666667
0 0.96796875 0.80625 0.0640625 0.17864583333333334
0 0.7848958333333333 0.8861979166666667 0.018229166666666668 0.023958333333333335
0 0.7734375 0.14166666666666666 0.15833333333333333 0.084375
0 0.7442708333333333 0.5213541666666667 0.10416666666666667 0.08229166666666667
0 0.21744791666666666 0.4984375 0.1609375 0.20625
0 0.7442708333333333 0.5203125 0.1046875 0.08229166666666667
0 0.13125 0.7466145833333333 0.16770833333333332 0.15625
0 0.17291666666666666 0.65625 0.053125 0.04114583333333333
0 0.3190104166666667 0.3625 0.059895833333333336 0.05416666666666667
0 0.28359375 0.33046875 0.05 0.03958333333333333
0 0.54140625 0.2513020833333333 0.03125 0.0375
0 0.50859375 0.25546875 0.0328125 0.025
0 0.49713541666666666 0.94765625 0.1375 0.1046875
0 0.91796875 0.12057291666666667 0.12135416666666667 0.10729166666666666