0 0.64609375 0.5885416666666666 0.11197916666666667 0.09791666666666667
0 0.6216145833333333 0.5169270833333334 0.08177083333333333 0.07604166666666666
0 0.9260416666666667 0.9294270833333333 0.12916666666666668 0.12760416666666666
0 0.3453125 0.7502604166666667 0.12916666666666668 0.10104166666666667
0 0.48932291666666666 0.19479166666666667 0.0546875 0.06458333333333334
0 0.4979166666666667 0.31640625 0.0921875 0.1125
0 0.5333333333333333 0.0453125 0.13229166666666667 0.08958333333333333
0 0.29270833333333335 0.20234375 0.1328125 0.121875
0 0.09140625 0.03984375 0.115625 0.0796875
0 0.7841145833333333 0.9619791666666667 0.1296875 0.07604166666666666
0 0.55859375 0.18515625 0.06510416666666667 0.065625
0 0.24270833333333333 0.7752604166666667 0.09375 0.11770833333333333
0 0.3890625 0.4354166666666667 0.07239583333333334 0.09166666666666666
0 0.15703125 0.32760416666666664 0.0609375 0.084375
0 0.44088541666666664 0.26197916666666665 0.07135416666666666 0.0671875
0 0.5408854166666667 0.12708333333333333 0.09739583333333333 0.071875
0 0.9609375 0.034895833333333334 0.06145833333333333 0.0671875
0 0.43723958333333335 0.14036458333333332 0.08229166666666667 0.0546875
0 0.08333333333333333 0.4265625 0.07552083333333333 0.07864583333333333
0 0.47708333333333336 0.41380208333333335 0.058333333333333334 0.07083333333333333
0 0.6088541666666667 0.2518229166666667 0.09166666666666666 0.07760416666666667
0 0.42239583333333336 0.19427083333333334 0.06458333333333334 0.06145833333333333
0 0.29296875 0.28880208333333335 0.0765625 0.0484375
0 0.21302083333333333 0.9078125 0.0484375 0.04479166666666667
0 0.8893229166666666 0.8434895833333333 0.043229166666666666 0.04375
0 0.365625 0.26640625 0.07291666666666667 0.0890625
0 0.3145833333333333 0.103125 0.06979166666666667 0.07760416666666667
0 0.32395833333333335 0.4359375 0.06614583333333333 0.07708333333333334
0 0.7604166666666666 0.2682291666666667 0.1875 0.159375
0 0.7114583333333333 0.7424479166666667 0.06666666666666667 0.078125
0 0.5361979166666667 0.53203125 0.08333333333333333 0.08645833333333333
0 0.7369791666666666 0.6721354166666667 0.09479166666666666 0.07291666666666667
0 0.5049479166666667 0.475 0.0578125 0.05260416666666667
0 0.6010416666666667 0.42994791666666665 0.0609375 0.08229166666666667
0 0.6955729166666667 0.42109375 0.04895833333333333 0.0390625
0 0.8856770833333333 0.03333333333333333 0.07916666666666666 0.06510416666666667
0 0.22083333333333333 0.38229166666666664 0.04635416666666667 0.0515625
0 0.06015625 0.07916666666666666 0.07083333333333333 0.07239583333333334
0 0.09166666666666666 0.3307291666666667 0.07395833333333333 0.1171875
0 0.83515625 0.8877604166666667 0.06770833333333333 0.0625
0 0.6979166666666666 0.47708333333333336 0.08645833333333333 0.08385416666666666
0 0.22994791666666667 0.8640625 0.05416666666666667 0.05625
0 0.1296875 0.19869791666666667 0.06822916666666666 0.103125
0 0.5192708333333333 0.22473958333333333 0.04375 0.0359375
0 0.2125 0.04140625 0.13229166666666667 0.0828125
0 0.64296875 0.17630208333333333 0.09635416666666667 0.07135416666666666
0 0.28229166666666666 0.61484375 0.18645833333333334 0.2015625
0 0.21979166666666666 0.32317708333333334 0.05364583333333333 0.05260416666666667
0 0.44479166666666664 0.5229166666666667 0.09375 0.10052083333333334
0 0.5809895833333333 0.3572916666666667 0.075 0.06041666666666667
0 0.20598958333333334 0.23307291666666666 0.08229166666666667 0.10989583333333333
0 0.41171875 0.35260416666666666 0.1265625 0.090625
0 0.5424479166666667 0.43255208333333334 0.0671875 0.078125
0 0.5450520833333333 0.7572916666666667 0.2760416666666667 0.3020833333333333
0 0.052083333333333336 0.6895833333333333 0.096875 0.10885416666666667
0 0.17369791666666667 0.39088541666666665 0.05 0.041666666666666664
0 0.8049479166666667 0.7950520833333333 0.13645833333333332 0.15104166666666666
0 0.6046875 0.07838541666666667 0.08489583333333334 0.084375
0 0.8630208333333333 0.20859375 0.07552083333333333 0.0703125
0 0.27395833333333336 0.12942708333333333 0.034375 0.0359375
0 0.39479166666666665 0.0859375 0.08333333333333333 0.08020833333333334
0 0.26145833333333335 0.07708333333333334 0.058333333333333334 0.05520833333333333
0 0.30885416666666665 0.49713541666666666 0.0328125 0.034895833333333334
0 0.039322916666666666 0.8924479166666667 0.06614583333333333 0.0703125
0 0.22083333333333333 0.12395833333333334 0.06770833333333333 0.06458333333333334
0 0.31328125 0.02578125 0.06041666666666667 0.0515625
0 0.03333333333333333 0.7596354166666667 0.0453125 0.04114583333333333
0 0.036458333333333336 0.14270833333333333 0.06822916666666666 0.058333333333333334
0 0.5791666666666667 0.3015625 0.06770833333333333 0.05520833333333333
0 0.18098958333333334 0.9651041666666667 0.09583333333333334 0.06979166666666667
0 0.6856770833333333 0.3640625 0.121875 0.10625
0 0.3333333333333333 0.90078125 0.2265625 0.1984375
0 0.1203125 0.9481770833333333 0.04791666666666667 0.0828125
0 0.05703125 0.8174479166666667 0.05625 0.05572916666666667
0 0.07213541666666666 0.20104166666666667 0.06302083333333333 0.08645833333333333
0 0.8588541666666667 0.6515625 0.13802083333333334 0.11770833333333333
0 0.16171875 0.8440104166666667 0.10625 0.121875
0 0.6856770833333333 0.07213541666666666 0.128125 0.11770833333333333
0 0.08307291666666666 0.5541666666666667 0.16041666666666668 0.16614583333333333
0 0.06197916666666667 0.9752604166666666 0.1046875 0.049479166666666664
0 0.4984375 0.56796875 0.03177083333333333 0.0453125
0 0.44479166666666664 0.47734375 0.05364583333333333 0.043229166666666666
0 0.41848958333333336 0.6182291666666667 0.12083333333333333 0.12239583333333333
0 0.7497395833333333 0.5986979166666667 0.09427083333333333 0.06302083333333333
0 0.025 0.42578125 0.04583333333333333 0.19479166666666667
0 0.7205729166666667 0.8565104166666667 0.12708333333333333 0.1375
0 0.89921875 0.7736979166666667 0.0765625 0.11145833333333334
0 0.07213541666666666 0.20104166666666667 0.06354166666666666 0.084375
0 0.8481770833333333 0.37473958333333335 0.06041666666666667 0.08958333333333333
0 0.990625 0.95234375 0.01875 0.044270833333333336
0 0.3497395833333333 0.15572916666666667 0.044270833333333336 0.04791666666666667
0 0.13046875 0.11953125 0.090625 0.058854166666666666
0 0.017447916666666667 0.24635416666666668 0.03177083333333333 0.06875
0 0.7911458333333333 0.04140625 0.09427083333333333 0.07916666666666666
0 0.7205729166666667 0.8565104166666667 0.1265625 0.13645833333333332
0 0.0375 0.28958333333333336 0.0703125 0.08489583333333334
0 0.9880208333333333 0.07213541666666666 0.023958333333333335 0.07291666666666667
0 0.015104166666666667 0.06901041666666667 0.029166666666666667 0.09895833333333333
0 0.01328125 0.83125 0.0171875 0.049479166666666664
0 0.7911458333333333 0.044270833333333336 0.09375 0.08229166666666667
0 0.61640625 0.019010416666666665 0.10520833333333333 0.0375
0 0.27369791666666665 0.3770833333333333 0.06666666666666667 0.07135416666666666
0 0.23645833333333333 0.04010416666666667 0.08489583333333334 0.07864583333333333
0 0.6171875 0.9471354166666667 0.08645833333333333 0.08177083333333333
0 0.9700520833333334 0.8005208333333333 0.059895833333333336 0.178125
0 0.7901041666666667 0.8815104166666666 0.018229166666666668 0.023958333333333335
0 0.77421875 0.13723958333333333 0.15885416666666666 0.08333333333333333
0 0.7473958333333334 0.5169270833333334 0.1046875 0.08177083333333333
0 0.2203125 0.49713541666666666 0.16197916666666667 0.20520833333333333
0 0.7473958333333334 0.5158854166666667 0.10520833333333333 0.08177083333333333
0 0.13567708333333334 0.7458333333333333 0.16875 0.15520833333333334
0 0.17682291666666666 0.6552083333333333 0.053125 0.040625
0 0.32109375 0.3606770833333333 0.06041666666666667 0.05364583333333333
0 0.28541666666666665 0.32890625 0.05 0.0390625
0 0.54296875 0.24817708333333333 0.03125 0.0375
0 0.51015625 0.2526041666666667 0.0328125 0.025
0 0.5026041666666666 0.9463541666666667 0.13802083333333334 0.10729166666666666
0 0.91875 0.11510416666666666 0.121875 0.10677083333333333