0 0.6442708333333333 0.5822916666666667 0.11302083333333333 0.10052083333333334
0 0.61875 0.5111979166666667 0.0828125 0.078125
0 0.928125 0.9166666666666666 0.13072916666666667 0.13020833333333334
0 0.3453125 0.7510416666666667 0.13020833333333334 0.10364583333333334
0 0.4830729166666667 0.1921875 0.05520833333333333 0.06614583333333333
0 0.49296875 0.31354166666666666 0.09375 0.11458333333333333
0 0.525 0.04401041666666667 0.13333333333333333 0.08802083333333334
0 0.28619791666666666 0.20442708333333334 0.134375 0.125
0 0.08307291666666666 0.046614583333333334 0.11666666666666667 0.08229166666666667
0 0.78671875 0.95234375 0.13072916666666667 0.07864583333333333
0 0.5520833333333334 0.18098958333333334 0.065625 0.0671875
0 0.24322916666666666 0.7783854166666667 0.0953125 0.11979166666666667
0 0.3854166666666667 0.43515625 0.0734375 0.09322916666666667
0 0.15234375 0.3328125 0.06197916666666667 0.0859375
0 0.43515625 0.2604166666666667 0.071875 0.06875
0 0.53359375 0.1234375 0.09791666666666667 0.07395833333333333
0 0.95234375 0.027864583333333335 0.06197916666666667 0.05572916666666667
0 0.43020833333333336 0.13880208333333333 0.0828125 0.05677083333333333
0 0.07942708333333333 0.43333333333333335 0.0765625 0.08020833333333334
0 0.47317708333333336 0.4114583333333333 0.058854166666666666 0.07239583333333334
0 0.6028645833333334 0.24661458333333333 0.09270833333333334 0.0796875
0 0.4161458333333333 0.19322916666666667 0.06510416666666667 0.06302083333333333
0 0.2877604166666667 0.2908854166666667 0.07708333333333334 0.050520833333333334
0 0.21510416666666668 0.9114583333333334 0.0484375 0.04635416666666667
0 0.8903645833333333 0.8315104166666667 0.04375 0.044270833333333336
0 0.35989583333333336 0.26666666666666666 0.07395833333333333 0.090625
0 0.3072916666666667 0.1046875 0.07083333333333333 0.07916666666666666
0 0.3203125 0.43723958333333335 0.0671875 0.07864583333333333
0 0.7546875 0.259375 0.1890625 0.16354166666666667
0 0.7111979166666667 0.7346354166666667 0.06770833333333333 0.0796875
0 0.53359375 0.5283854166666667 0.084375 0.08854166666666667
0 0.7359375 0.6638020833333333 0.0953125 0.075
0 0.5015625 0.47213541666666664 0.058333333333333334 0.05416666666666667
0 0.5971354166666667 0.42473958333333334 0.06197916666666667 0.08385416666666666
0 0.6919270833333333 0.41380208333333335 0.049479166666666664 0.040625
0 0.8768229166666667 0.027604166666666666 0.0796875 0.05520833333333333
0 0.21640625 0.3859375 0.046875 0.053125
0 0.05234375 0.08671875 0.07135416666666666 0.07395833333333333
0 0.08697916666666666 0.3375 0.07552083333333333 0.11875
0 0.83671875 0.8770833333333333 0.06822916666666666 0.0640625
0 0.69453125 0.46953125 0.0875 0.0859375
0 0.23151041666666666 0.8674479166666667 0.0546875 0.0578125
0 0.1234375 0.20442708333333334 0.06927083333333334 0.1046875
0 0.51328125 0.22161458333333334 0.044270833333333336 0.036458333333333336
0 0.20416666666666666 0.0453125 0.13333333333333333 0.08541666666666667
0 0.6361979166666667 0.1703125 0.096875 0.0734375
0 0.28072916666666664 0.6171875 0.1890625 0.20572916666666666
0 0.21484375 0.3268229166666667 0.05416666666666667 0.05416666666666667
0 0.4421875 0.5213541666666667 0.09479166666666666 0.10260416666666666
0 0.5763020833333333 0.35260416666666666 0.07552083333333333 0.06197916666666667
0 0.2 0.23723958333333334 0.08385416666666666 0.11197916666666667
0 0.40703125 0.35182291666666665 0.12760416666666666 0.09322916666666667
0 0.5385416666666667 0.42864583333333334 0.06822916666666666 0.0796875
0 0.5450520833333333 0.7533854166666667 0.2796875 0.30833333333333335
0 0.0515625 0.6971354166666667 0.0984375 0.1109375
0 0.16953125 0.39557291666666666 0.050520833333333334 0.043229166666666666
0 0.80546875 0.78515625 0.13802083333333334 0.15416666666666667
0 0.596875 0.07317708333333334 0.0859375 0.08645833333333333
0 0.8565104166666667 0.19739583333333333 0.07604166666666666 0.071875
0 0.26666666666666666 0.13177083333333334 0.034895833333333334 0.036458333333333336
0 0.38697916666666665 0.08541666666666667 0.084375 0.08229166666666667
0 0.25364583333333335 0.0796875 0.058854166666666666 0.05677083333333333
0 0.3059895833333333 0.4986979166666667 0.03333333333333333 0.035416666666666666
0 0.04114583333333333 0.9002604166666667 0.06666666666666667 0.071875
0 0.21354166666666666 0.12760416666666666 0.06822916666666666 0.06614583333333333
0 0.3046875 0.02734375 0.0609375 0.053125
0 0.03359375 0.7674479166666667 0.04583333333333333 0.042708333333333334
0 0.03177083333333333 0.15026041666666667 0.06354166666666666 0.059895833333333336
0 0.5739583333333333 0.296875 0.06822916666666666 0.05677083333333333
0 0.18307291666666667 0.96640625 0.09635416666666667 0.065625
0 0.68125 0.35703125 0.1234375 0.10885416666666667
0 0.33489583333333334 0.8994791666666667 0.22916666666666666 0.19895833333333332
0 0.12265625 0.9541666666666667 0.04895833333333333 0.084375
0 0.05807291666666667 0.825 0.05677083333333333 0.057291666666666664
0 0.06588541666666667 0.20833333333333334 0.0640625 0.08802083333333334
0 0.8575520833333333 0.6403645833333333 0.13958333333333334 0.12135416666666667
0 0.16276041666666666 0.8489583333333334 0.1078125 0.12447916666666667
0 0.6776041666666667 0.06510416666666667 0.1296875 0.1203125
0 0.08098958333333334 0.5609375 0.16197916666666667 0.16979166666666667
0 0.06458333333333334 0.9783854166666667 0.10520833333333333 0.043229166666666666
0 0.49635416666666665 0.5651041666666666 0.03229166666666667 0.04583333333333333
0 0.44166666666666665 0.47578125 0.05416666666666667 0.04479166666666667
0 0.41692708333333334 0.6174479166666667 0.12239583333333333 0.125
0 0.7479166666666667 0.58984375 0.09479166666666666 0.06510416666666667
0 0.02265625 0.43385416666666665 0.0453125 0.19583333333333333
0 0.721875 0.8484375 0.12864583333333332 0.14010416666666667
0 0.8994791666666667 0.7614583333333333 0.078125 0.11354166666666667
0 0.06588541666666667 0.20833333333333334 0.06458333333333334 0.0859375
0 0.84375 0.36380208333333336 0.06145833333333333 0.09114583333333333
0 0.9916666666666667 0.9380208333333333 0.016666666666666666 0.04479166666666667
0 0.34296875 0.15625 0.04479166666666667 0.04895833333333333
0 0.12317708333333334 0.12526041666666668 0.09114583333333333 0.0609375
0 0.013802083333333333 0.25494791666666666 0.027604166666666666 0.06927083333333334
0 0.7825520833333334 0.03619791666666667 0.0953125 0.07239583333333334
0 0.721875 0.8484375 0.128125 0.1390625
0 0.033854166666666664 0.29739583333333336 0.06770833333333333 0.08645833333333333
0 0.98046875 0.05807291666666667 0.025 0.0734375
0 0.0109375 0.07734375 0.021875 0.09947916666666666
0 0.0140625 0.83984375 0.017708333333333333 0.05
0 0.7828125 0.03854166666666667 0.09479166666666666 0.07708333333333334
0 0.6080729166666666 0.016666666666666666 0.10572916666666667 0.03333333333333333
0 0.26953125 0.37942708333333336 0.0671875 0.07291666666666667
0 0.228125 0.04348958333333333 0.0859375 0.08072916666666667
0 0.61953125 0.94140625 0.0875 0.08385416666666666
0 0.9697916666666667 0.7864583333333334 0.06041666666666667 0.1796875
0 0.79140625 0.871875 0.01875 0.024479166666666666
0 0.7671875 0.128125 0.15989583333333332 0.08697916666666666
0 0.74453125 0.5083333333333333 0.10572916666666667 0.08385416666666666
0 0.21744791666666666 0.50078125 0.16458333333333333 0.20885416666666667
0 0.74453125 0.5072916666666667 0.10625 0.08385416666666666
0 0.13567708333333334 0.7515625 0.1703125 0.159375
0 0.17578125 0.6598958333333333 0.05364583333333333 0.0421875
0 0.31666666666666665 0.3619791666666667 0.0609375 0.05520833333333333
0 0.28072916666666664 0.33125 0.050520833333333334 0.040625
0 0.5369791666666667 0.24427083333333333 0.03177083333333333 0.03802083333333333
0 0.5041666666666667 0.24973958333333332 0.03333333333333333 0.025520833333333333
0 0.5046875 0.9427083333333334 0.13958333333333334 0.10989583333333333
0 0.9111979166666667 0.10260416666666666 0.1234375 0.109375