0 0.6377604166666667 0.5911458333333334 0.11354166666666667 0.1
0 0.6151041666666667 0.5190104166666667 0.08333333333333333 0.07760416666666667
0 0.9072916666666667 0.9359375 0.13125 0.128125
0 0.33203125 0.7473958333333334 0.13072916666666667 0.103125
0 0.49244791666666665 0.19453125 0.05572916666666667 0.065625
0 0.4973958333333333 0.31640625 0.09427083333333333 0.1140625
0 0.540625 0.04583333333333333 0.13385416666666666 0.09166666666666666
0 0.2955729166666667 0.19869791666666667 0.13489583333333333 0.12395833333333334
0 0.09869791666666666 0.03671875 0.1171875 0.0734375
0 0.76484375 0.9638020833333333 0.13125 0.07239583333333334
0 0.5619791666666667 0.18619791666666666 0.06614583333333333 0.06666666666666667
0 0.22916666666666666 0.7705729166666667 0.09583333333333334 0.11927083333333334
0 0.3848958333333333 0.43333333333333335 0.07395833333333333 0.09270833333333334
0 0.15651041666666668 0.3216145833333333 0.0625 0.08541666666666667
0 0.44192708333333336 0.2609375 0.07239583333333334 0.06822916666666666
0 0.5458333333333333 0.12786458333333334 0.0984375 0.0734375
0 0.9684895833333333 0.04296875 0.0625 0.06822916666666666
0 0.44192708333333336 0.13932291666666666 0.08333333333333333 0.05625
0 0.0796875 0.4192708333333333 0.07708333333333334 0.0796875
0 0.4739583333333333 0.41328125 0.059375 0.071875
0 0.61015625 0.25364583333333335 0.09322916666666667 0.07916666666666666
0 0.42578125 0.19296875 0.065625 0.0625
0 0.29348958333333336 0.28515625 0.07760416666666667 0.05
0 0.19557291666666668 0.9026041666666667 0.04895833333333333 0.04583333333333333
0 0.8734375 0.8502604166666666 0.04375 0.044270833333333336
0 0.36666666666666664 0.2640625 0.07447916666666667 0.09010416666666667
0 0.32057291666666665 0.1 0.07135416666666666 0.07864583333333333
0 0.31979166666666664 0.4328125 0.06770833333333333 0.078125
0 0.7611979166666667 0.27265625 0.19010416666666666 0.1625
0 0.6984375 0.74609375 0.06822916666666666 0.07916666666666666
0 0.5294270833333333 0.5325520833333334 0.08489583333333334 0.08802083333333334
0 0.7260416666666667 0.6763020833333333 0.09583333333333334 0.07447916666666667
0 0.49973958333333335 0.475 0.058854166666666666 0.05364583333333333
0 0.5971354166666667 0.4317708333333333 0.0625 0.08333333333333333
0 0.6921875 0.4244791666666667 0.049479166666666664 0.04010416666666667
0 0.8932291666666666 0.04010416666666667 0.08020833333333334 0.06666666666666667
0 0.21848958333333332 0.37734375 0.04739583333333333 0.05260416666666667
0 0.06640625 0.07161458333333333 0.071875 0.0734375
0 0.09114583333333333 0.32369791666666664 0.07604166666666666 0.11822916666666666
0 0.81796875 0.8934895833333333 0.06875 0.06354166666666666
0 0.6924479166666667 0.48046875 0.08802083333333334 0.08541666666666667
0 0.21380208333333334 0.8591145833333333 0.05520833333333333 0.057291666666666664
0 0.1328125 0.1921875 0.06979166666666667 0.10416666666666667
0 0.5213541666666667 0.225 0.044270833333333336 0.036458333333333336
0 0.22005208333333334 0.039322916666666666 0.13385416666666666 0.07864583333333333
0 0.6466145833333333 0.17890625 0.09739583333333333 0.07291666666666667
0 0.27291666666666664 0.6109375 0.19010416666666666 0.2046875
0 0.21927083333333333 0.3182291666666667 0.0546875 0.05364583333333333
0 0.43802083333333336 0.521875 0.0953125 0.10208333333333333
0 0.5794270833333334 0.35859375 0.07604166666666666 0.06145833333333333
0 0.20807291666666666 0.22786458333333334 0.084375 0.11145833333333334
0 0.41015625 0.35104166666666664 0.128125 0.09270833333333334
0 0.53828125 0.43333333333333335 0.06875 0.07916666666666666
0 0.5317708333333333 0.7580729166666667 0.28125 0.3067708333333333
0 0.0453125 0.6817708333333333 0.090625 0.11041666666666666
0 0.17109375 0.38515625 0.050520833333333334 0.042708333333333334
0 0.7903645833333334 0.8002604166666667 0.1390625 0.153125
0 0.6109375 0.08020833333333334 0.08645833333333333 0.0859375
0 0.8653645833333333 0.21484375 0.0765625 0.07135416666666666
0 0.27890625 0.12552083333333333 0.034895833333333334 0.036458333333333336
0 0.4010416666666667 0.08411458333333334 0.08489583333333334 0.08177083333333333
0 0.2677083333333333 0.07291666666666667 0.059375 0.05625
0 0.303125 0.49375 0.03333333333333333 0.035416666666666666
0 0.027864583333333335 0.8841145833333334 0.05572916666666667 0.07135416666666666
0 0.22578125 0.11901041666666666 0.06875 0.065625
0 0.32083333333333336 0.024479166666666666 0.06145833333333333 0.04895833333333333
0 0.021614583333333333 0.7513020833333334 0.043229166666666666 0.0421875
0 0.04114583333333333 0.13463541666666667 0.06927083333333334 0.059375
0 0.57890625 0.3028645833333333 0.06875 0.05625
0 0.16171875 0.959375 0.096875 0.07135416666666666
0 0.6838541666666667 0.3671875 0.12395833333333334 0.10833333333333334
0 0.31588541666666664 0.89765625 0.23020833333333332 0.20208333333333334
0 0.1015625 0.94140625 0.049479166666666664 0.08385416666666666
0 0.0421875 0.8096354166666667 0.057291666666666664 0.05677083333333333
0 0.07526041666666666 0.19348958333333333 0.06458333333333334 0.0875
0 0.8484375 0.6578125 0.14010416666666667 0.1203125
0 0.14583333333333334 0.8380208333333333 0.10833333333333334 0.12395833333333334
0 0.6921875 0.07552083333333333 0.13020833333333334 0.11979166666666667
0 0.07890625 0.546875 0.1578125 0.16875
0 0.04739583333333333 0.9671875 0.09479166666666666 0.051041666666666666
0 0.4903645833333333 0.56796875 0.0328125 0.04583333333333333
0 0.4395833333333333 0.47630208333333335 0.05416666666666667 0.044270833333333336
0 0.40911458333333334 0.6166666666666667 0.12291666666666666 0.12447916666666667
0 0.7411458333333333 0.6028645833333334 0.0953125 0.06458333333333334
0 0.022916666666666665 0.41744791666666664 0.04583333333333333 0.1953125
0 0.7044270833333334 0.86015625 0.1296875 0.13958333333333334
0 0.8854166666666666 0.78046875 0.07864583333333333 0.11302083333333333
0 0.07526041666666666 0.19348958333333333 0.06510416666666667 0.08541666666666667
0 0.8458333333333333 0.3807291666666667 0.06197916666666667 0.090625
0 0.9744791666666667 0.9606770833333333 0.025 0.04479166666666667
0 0.3541666666666667 0.153125 0.0453125 0.0484375
0 0.13567708333333334 0.11302083333333333 0.09166666666666666 0.06041666666666667
0 0.019010416666666665 0.23802083333333332 0.0328125 0.06927083333333334
0 0.7986979166666667 0.046614583333333334 0.09583333333333334 0.08072916666666667
0 0.7044270833333334 0.86015625 0.12916666666666668 0.13854166666666667
0 0.03802083333333333 0.28151041666666665 0.071875 0.0859375
0 0.9908854166666666 0.08046875 0.017708333333333333 0.0734375
0 0.021875 0.06067708333333333 0.030729166666666665 0.09947916666666666
0 0.0033854166666666668 0.8223958333333333 0.0067708333333333336 0.05
0 0.7984375 0.049479166666666664 0.0953125 0.08385416666666666
0 0.6247395833333333 0.02109375 0.10572916666666667 0.03958333333333333
0 0.2716145833333333 0.3731770833333333 0.06770833333333333 0.07239583333333334
0 0.24375 0.037760416666666664 0.08645833333333333 0.07552083333333333
0 0.5984375 0.9489583333333333 0.08802083333333334 0.08333333333333333
0 0.9580729166666667 0.80859375 0.06822916666666666 0.17916666666666667
0 0.7729166666666667 0.8864583333333333 0.01875 0.024479166666666666
0 0.77890625 0.1421875 0.16041666666666668 0.0859375
0 0.7408854166666666 0.52109375 0.10625 0.08333333333333333
0 0.21458333333333332 0.4921875 0.165625 0.2078125
0 0.7408854166666666 0.5200520833333333 0.10677083333333333 0.08333333333333333
0 0.12265625 0.7393229166666667 0.17135416666666667 0.15833333333333333
0 0.16640625 0.6494791666666667 0.05364583333333333 0.041666666666666664
0 0.31927083333333334 0.3575520833333333 0.06145833333333333 0.0546875
0 0.28489583333333335 0.32526041666666666 0.050520833333333334 0.04010416666666667
0 0.5442708333333334 0.24895833333333334 0.03177083333333333 0.03802083333333333
0 0.5114583333333333 0.25286458333333334 0.03333333333333333 0.025520833333333333
0 0.48359375 0.9455729166666667 0.14010416666666667 0.10885416666666667
0 0.9239583333333333 0.12239583333333333 0.12395833333333334 0.10885416666666667