0 0.69296875 0.6044270833333333 0.1984375 0.171875
0 0.940625 0.9270833333333334 0.1078125 0.14583333333333334
0 0.37604166666666666 0.8072916666666666 0.24375 0.20364583333333333
0 0.09635416666666667 0.4934895833333333 0.08958333333333333 0.1125
0 0.75625 0.89765625 0.08072916666666667 0.08229166666666667
0 0.5682291666666667 0.52421875 0.090625 0.10104166666666667
0 0.48776041666666664 0.5864583333333333 0.10208333333333333 0.10625
0 0.26067708333333334 0.93984375 0.15729166666666666 0.1203125
0 0.6260416666666667 0.825 0.25052083333333336 0.17447916666666666
0 0.9651041666666667 0.34322916666666664 0.06614583333333333 0.11927083333333334
0 0.06432291666666666 0.8877604166666667 0.12864583333333332 0.13385416666666666
0 0.05703125 0.5520833333333334 0.0609375 0.0625
0 0.04921875 0.6651041666666667 0.0984375 0.16666666666666666
0 0.5299479166666666 0.8921875 0.06145833333333333 0.053125
0 0.42864583333333334 0.23463541666666668 0.09947916666666666 0.11145833333333334
0 0.7411458333333333 0.05546875 0.115625 0.1109375
0 0.5453125 0.6549479166666666 0.17916666666666667 0.15729166666666666
0 0.5747395833333333 0.9541666666666667 0.11875 0.09166666666666666
0 0.8940104166666667 0.5395833333333333 0.20729166666666668 0.253125
0 0.20078125 0.4361979166666667 0.06302083333333333 0.04635416666666667
0 0.32708333333333334 0.509375 0.21041666666666667 0.24270833333333333
0 0.1734375 0.50078125 0.084375 0.11302083333333333
0 0.89609375 0.05364583333333333 0.20260416666666667 0.10625
0 0.7299479166666667 0.44375 0.2328125 0.22083333333333333
0 0.09973958333333334 0.35052083333333334 0.09427083333333333 0.1546875
0 0.038802083333333334 0.14869791666666668 0.07760416666666667 0.121875
0 0.5971354166666667 0.3020833333333333 0.10520833333333333 0.0828125
0 0.2518229166666667 0.56875 0.0828125 0.12760416666666666
0 0.39765625 0.9828125 0.07864583333333333 0.034375
0 0.11354166666666667 0.76015625 0.13177083333333334 0.12604166666666666
0 0.9057291666666667 0.3046875 0.05260416666666667 0.08333333333333333
0 0.8161458333333333 0.20494791666666667 0.12604166666666666 0.1640625
0 0.18880208333333334 0.22578125 0.16197916666666667 0.2
0 0.028645833333333332 0.7973958333333333 0.057291666666666664 0.1265625
0 0.31328125 0.9864583333333333 0.06666666666666667 0.0265625
0 0.8505208333333333 0.28958333333333336 0.041666666666666664 0.034895833333333334
0 0.020833333333333332 0.25078125 0.041666666666666664 0.09583333333333334
0 0.08567708333333333 0.2 0.07291666666666667 0.0890625
0 0.17994791666666668 0.06197916666666667 0.12708333333333333 0.12395833333333334
0 0.7919270833333333 0.3296875 0.0703125 0.04114583333333333
0 0.9651041666666667 0.15729166666666666 0.06875 0.178125
0 0.5354166666666667 0.14296875 0.13229166666666667 0.23020833333333332
0 0.4393229166666667 0.06067708333333333 0.10989583333333333 0.0890625
0 0.10546875 0.9502604166666667 0.20260416666666667 0.0984375
0 0.3190104166666667 0.6645833333333333 0.1359375 0.09947916666666666
0 0.8604166666666667 0.32265625 0.04895833333333333 0.0390625
0 0.6768229166666667 0.19348958333333333 0.15833333333333333 0.18958333333333333
0 0.039322916666666666 0.11822916666666666 0.07864583333333333 0.18177083333333333
0 0.3216145833333333 0.2786458333333333 0.178125 0.18072916666666666
0 0.128125 0.6072916666666667 0.12864583333333332 0.10833333333333334
0 0.6502604166666667 0.9283854166666666 0.051041666666666666 0.052083333333333336
0 0.026041666666666668 0.3515625 0.052083333333333336 0.1234375
0 0.071875 0.04739583333333333 0.08854166666666667 0.09479166666666666
0 0.4822916666666667 0.4010416666666667 0.2328125 0.25364583333333335
0 0.22786458333333334 0.7260416666666667 0.1 0.19427083333333334
0 0.6559895833333333 0.3296875 0.10208333333333333 0.115625
0 0.36614583333333334 0.13828125 0.17864583333333334 0.11510416666666666
0 0.6966145833333334 0.9700520833333334 0.115625 0.058854166666666666
0 0.6325520833333333 0.034375 0.08177083333333333 0.06875
0 0.3263020833333333 0.04791666666666667 0.1203125 0.08541666666666667
0 0.9791666666666666 0.8096354166666667 0.0328125 0.12708333333333333
0 0.013020833333333334 0.4869791666666667 0.026041666666666668 0.07447916666666667
0 0.41770833333333335 0.6614583333333334 0.06979166666666667 0.06510416666666667
0 0.19453125 0.3893229166666667 0.06927083333333334 0.052083333333333336
0 0.14583333333333334 0.39166666666666666 0.025 0.034375
0 0.6875 0.71875 0.08333333333333333 0.0875