0 0.6966145833333334 0.39557291666666666 0.19739583333333333 0.171875
0 0.94609375 0.07291666666666667 0.10677083333333333 0.14583333333333334
0 0.3807291666666667 0.19270833333333334 0.24270833333333333 0.20364583333333333
0 0.09921875 0.5065104166666666 0.0890625 0.1125
0 0.7614583333333333 0.10234375 0.08020833333333334 0.08229166666666667
0 0.5713541666666667 0.47578125 0.09010416666666667 0.10104166666666667
0 0.49114583333333334 0.41354166666666664 0.1015625 0.10625
0 0.26614583333333336 0.06015625 0.15677083333333333 0.1203125
0 0.6307291666666667 0.175 0.24947916666666667 0.17447916666666666
0 0.9671875 0.6567708333333333 0.065625 0.11927083333333334
0 0.0671875 0.11223958333333334 0.1328125 0.13385416666666666
0 0.06015625 0.4479166666666667 0.06041666666666667 0.0625
0 0.051041666666666666 0.33489583333333334 0.1015625 0.16666666666666666
0 0.53515625 0.1078125 0.0609375 0.053125
0 0.42994791666666665 0.7653645833333333 0.09895833333333333 0.11145833333333334
0 0.74140625 0.94453125 0.11510416666666666 0.1109375
0 0.54921875 0.3450520833333333 0.178125 0.15729166666666666
0 0.5802083333333333 0.04583333333333333 0.11822916666666666 0.09166666666666666
0 0.8971354166666666 0.46041666666666664 0.20572916666666666 0.253125
0 0.20338541666666668 0.5638020833333334 0.0625 0.04635416666666667
0 0.3299479166666667 0.490625 0.20885416666666667 0.24270833333333333
0 0.17630208333333333 0.49921875 0.08385416666666666 0.11302083333333333
0 0.8963541666666667 0.9463541666666667 0.20208333333333334 0.10625
0 0.7325520833333333 0.55625 0.23177083333333334 0.22083333333333333
0 0.10182291666666667 0.6494791666666667 0.09322916666666667 0.1546875
0 0.0390625 0.8513020833333333 0.078125 0.121875
0 0.5989583333333334 0.6979166666666666 0.1046875 0.0828125
0 0.2552083333333333 0.43125 0.08229166666666667 0.12760416666666666
0 0.40338541666666666 0.0171875 0.07864583333333333 0.034375
0 0.11796875 0.23984375 0.13125 0.12604166666666666
0 0.9075520833333334 0.6953125 0.052083333333333336 0.08333333333333333
0 0.8174479166666667 0.7950520833333333 0.125 0.1640625
0 0.19010416666666666 0.77421875 0.1609375 0.2
0 0.030729166666666665 0.20260416666666667 0.06145833333333333 0.1265625
0 0.3190104166666667 0.013541666666666667 0.06666666666666667 0.0265625
0 0.8520833333333333 0.7104166666666667 0.041666666666666664 0.034895833333333334
0 0.021354166666666667 0.74921875 0.042708333333333334 0.09583333333333334
0 0.08671875 0.8 0.07239583333333334 0.0890625
0 0.18020833333333333 0.9380208333333333 0.1265625 0.12395833333333334
0 0.79375 0.6703125 0.0703125 0.04114583333333333
0 0.9661458333333334 0.8427083333333333 0.06770833333333333 0.178125
0 0.5361979166666667 0.85703125 0.13072916666666667 0.23020833333333332
0 0.4395833333333333 0.9393229166666667 0.109375 0.0890625
0 0.1109375 0.04973958333333333 0.20208333333333334 0.0984375
0 0.3229166666666667 0.33541666666666664 0.13541666666666666 0.09947916666666666
0 0.8622395833333333 0.67734375 0.04895833333333333 0.0390625
0 0.6778645833333333 0.8065104166666667 0.15729166666666666 0.18958333333333333
0 0.03958333333333333 0.8817708333333333 0.07864583333333333 0.18177083333333333
0 0.32317708333333334 0.7213541666666666 0.17708333333333334 0.18072916666666666
0 0.13177083333333334 0.3927083333333333 0.128125 0.10833333333333334
0 0.6557291666666667 0.07161458333333333 0.050520833333333334 0.052083333333333336
0 0.026822916666666665 0.6484375 0.05364583333333333 0.1234375
0 0.07213541666666666 0.9526041666666667 0.08802083333333334 0.09479166666666666
0 0.48463541666666665 0.5989583333333334 0.23125 0.25364583333333335
0 0.23203125 0.27395833333333336 0.09895833333333333 0.19427083333333334
0 0.6578125 0.6703125 0.1015625 0.115625
0 0.36692708333333335 0.86171875 0.178125 0.11510416666666666
0 0.70234375 0.029947916666666668 0.11510416666666666 0.058854166666666666
0 0.6328125 0.965625 0.08125 0.06875
0 0.3265625 0.9520833333333333 0.11979166666666667 0.08541666666666667
0 0.9838541666666667 0.19036458333333334 0.03229166666666667 0.12708333333333333
0 0.014322916666666666 0.5130208333333334 0.028645833333333332 0.07447916666666667
0 0.42161458333333335 0.3385416666666667 0.06927083333333334 0.06510416666666667
0 0.196875 0.6106770833333334 0.06875 0.052083333333333336
0 0.14817708333333332 0.6083333333333333 0.025 0.034375
0 0.6916666666666667 0.28125 0.0828125 0.0875