0 0.6028645833333334 0.2981770833333333 0.1765625 0.2015625
0 0.91953125 0.048177083333333336 0.1484375 0.09635416666666667
0 0.8130208333333333 0.6091145833333333 0.209375 0.24739583333333334
0 0.5057291666666667 0.8979166666666667 0.11458333333333333 0.09166666666666666
0 0.8942708333333333 0.2265625 0.084375 0.08229166666666667
0 0.5255208333333333 0.425 0.103125 0.0921875
0 0.5895833333333333 0.50390625 0.10833333333333334 0.10416666666666667
0 0.94296875 0.7203125 0.1140625 0.159375
0 0.8247395833333333 0.35885416666666664 0.18020833333333333 0.25364583333333335
0 0.33541666666666664 0.033854166666666664 0.12083333333333333 0.06770833333333333
0 0.90078125 0.9208333333333333 0.13697916666666668 0.1359375
0 0.5651041666666666 0.9354166666666667 0.0640625 0.06197916666666667
0 0.6783854166666666 0.9421875 0.16875 0.10572916666666667
0 0.8940104166666667 0.45286458333333335 0.0546875 0.0625
0 0.23932291666666666 0.5734375 0.11354166666666667 0.1015625
0 0.05546875 0.26614583333333336 0.10833333333333334 0.11770833333333333
0 0.6567708333333333 0.44427083333333334 0.16145833333333334 0.18177083333333333
0 0.95390625 0.40651041666666665 0.0921875 0.1203125
0 0.5330729166666667 0.10234375 0.2578125 0.2046875
0 0.44609375 0.7950520833333333 0.04791666666666667 0.0640625
0 0.5161458333333333 0.6669270833333333 0.24739583333333334 0.21458333333333332
0 0.5111979166666667 0.8208333333333333 0.11510416666666666 0.08645833333333333
0 0.05130208333333333 0.11119791666666666 0.10260416666666666 0.2046875
0 0.44114583333333335 0.26588541666666665 0.2265625 0.23697916666666666
0 0.36276041666666664 0.8986979166666667 0.15677083333333333 0.096875
0 0.16223958333333333 0.9625 0.12395833333333334 0.07395833333333333
0 0.3026041666666667 0.40260416666666665 0.08489583333333334 0.10677083333333333
0 0.57734375 0.7401041666666667 0.1296875 0.08489583333333334
0 0.9846354166666667 0.5822916666666667 0.030729166666666665 0.07916666666666666
0 0.771875 0.8729166666666667 0.12864583333333332 0.13385416666666666
0 0.2981770833333333 0.09401041666666667 0.08489583333333334 0.05416666666666667
0 0.20052083333333334 0.18671875 0.16666666666666666 0.12864583333333332
0 0.2359375 0.81328125 0.20364583333333333 0.165625
0 0.8111979166666666 0.959375 0.128125 0.0640625
0 0.9895833333333334 0.66640625 0.020833333333333332 0.0671875
0 0.284375 0.15 0.035416666666666666 0.0421875
0 0.26484375 0.9786458333333333 0.09635416666666667 0.04010416666666667
0 0.21276041666666667 0.9171875 0.090625 0.07447916666666667
0 0.07239583333333334 0.8268229166666666 0.1265625 0.12916666666666668
0 0.32578125 0.20755208333333333 0.042708333333333334 0.07083333333333333
0 0.14947916666666666 0.0390625 0.1796875 0.071875
0 0.1453125 0.46927083333333336 0.23333333333333334 0.13645833333333332
0 0.06510416666666667 0.5677083333333334 0.09166666666666666 0.11145833333333334
0 0.9552083333333333 0.8755208333333333 0.08958333333333333 0.20416666666666666
0 0.6716145833333333 0.6703125 0.103125 0.1375
0 0.3171875 0.1390625 0.040625 0.049479166666666664
0 0.1921875 0.3265625 0.19322916666666667 0.16145833333333334
0 0.13177083333333334 0.9622395833333334 0.18385416666666668 0.075
0 0.28567708333333336 0.6791666666666667 0.18489583333333334 0.18125
0 0.61875 0.8627604166666667 0.1109375 0.13072916666666667
0 0.9276041666666667 0.33125 0.05364583333333333 0.052083333333333336
0 0.3653645833333333 0.971875 0.125 0.05260416666666667
0 0.06041666666666667 0.9354166666666667 0.096875 0.09010416666666667
0 0.4044270833333333 0.51484375 0.259375 0.23697916666666666
0 0.73515625 0.7598958333333333 0.19635416666666666 0.103125
0 0.32916666666666666 0.34348958333333335 0.11770833333333333 0.10416666666666667
0 0.14427083333333332 0.6385416666666667 0.11927083333333334 0.18072916666666666
0 0.96796875 0.2838541666666667 0.06145833333333333 0.11666666666666667
0 0.03567708333333333 0.37473958333333335 0.06770833333333333 0.0828125
0 0.054947916666666666 0.6809895833333334 0.08802083333333334 0.121875
0 0.80078125 0.011979166666666667 0.12760416666666666 0.023958333333333335
0 0.5010416666666667 0.9825520833333333 0.075 0.0296875
0 0.6661458333333333 0.5716145833333334 0.06666666666666667 0.07083333333333333
0 0.39921875 0.8026041666666667 0.05364583333333333 0.0703125
0 0.40286458333333336 0.8513020833333333 0.034895833333333334 0.025520833333333333
0 0.7171875 0.30026041666666664 0.08958333333333333 0.08489583333333334