0 0.30390625 0.3971354166666667 0.2015625 0.1765625
0 0.051041666666666666 0.08046875 0.10208333333333333 0.1484375
0 0.61484375 0.18697916666666667 0.24739583333333334 0.209375
0 0.9036458333333334 0.4942708333333333 0.09166666666666666 0.11458333333333333
0 0.23229166666666667 0.10572916666666667 0.08229166666666667 0.084375
0 0.4309895833333333 0.4744791666666667 0.0921875 0.103125
0 0.5096354166666667 0.41041666666666665 0.10416666666666667 0.10833333333333334
0 0.7260416666666667 0.05703125 0.159375 0.1140625
0 0.3645833333333333 0.17526041666666667 0.25364583333333335 0.18020833333333333
0 0.03958333333333333 0.6645833333333333 0.06822916666666666 0.12083333333333333
0 0.9265625 0.09921875 0.1359375 0.13697916666666668
0 0.94140625 0.4348958333333333 0.06197916666666667 0.0640625
0 0.94765625 0.3216145833333333 0.1046875 0.16875
0 0.45859375 0.10598958333333333 0.0625 0.0546875
0 0.5791666666666667 0.7606770833333333 0.1015625 0.11354166666666667
0 0.271875 0.94453125 0.11770833333333333 0.10833333333333334
0 0.45026041666666666 0.34322916666666664 0.18177083333333333 0.16145833333333334
0 0.4122395833333333 0.04609375 0.1203125 0.0921875
0 0.10625 0.4669270833333333 0.20885416666666667 0.2578125
0 0.80078125 0.55390625 0.0640625 0.04791666666666667
0 0.67265625 0.48385416666666664 0.21458333333333332 0.24739583333333334
0 0.8265625 0.48880208333333336 0.08645833333333333 0.11510416666666666
0 0.11692708333333333 0.9484375 0.2046875 0.103125
0 0.271875 0.5588541666666667 0.23697916666666666 0.2265625
0 0.9044270833333333 0.6372395833333333 0.096875 0.15677083333333333
0 0.965625 0.8372395833333334 0.06875 0.12395833333333334
0 0.40859375 0.6973958333333333 0.10677083333333333 0.08489583333333334
0 0.74609375 0.42265625 0.08489583333333334 0.1296875
0 0.5880208333333333 0.015104166666666667 0.07916666666666666 0.030208333333333334
0 0.8786458333333333 0.228125 0.13385416666666666 0.12864583333333332
0 0.1 0.7018229166666666 0.05416666666666667 0.08489583333333334
0 0.19244791666666666 0.7994791666666666 0.12864583333333332 0.16666666666666666
0 0.8190104166666666 0.7640625 0.165625 0.20364583333333333
0 0.9651041666666667 0.18880208333333334 0.0640625 0.128125
0 0.6721354166666667 0.01015625 0.0671875 0.0203125
0 0.15572916666666667 0.715625 0.0421875 0.035416666666666666
0 0.9822916666666667 0.73515625 0.035416666666666666 0.09635416666666667
0 0.9231770833333334 0.7872395833333333 0.07447916666666667 0.090625
0 0.8328125 0.9276041666666667 0.12916666666666668 0.1265625
0 0.21328125 0.67421875 0.07083333333333333 0.042708333333333334
0 0.04479166666666667 0.8505208333333333 0.071875 0.1796875
0 0.475 0.8546875 0.13645833333333332 0.23333333333333334
0 0.5734375 0.9348958333333334 0.11145833333333334 0.09166666666666666
0 0.88125 0.04453125 0.20416666666666666 0.0890625
0 0.6760416666666667 0.32838541666666665 0.1375 0.103125
0 0.14479166666666668 0.6828125 0.049479166666666664 0.040625
0 0.33229166666666665 0.8078125 0.16145833333333334 0.19322916666666667
0 0.9653645833333333 0.8677083333333333 0.06927083333333334 0.18385416666666668
0 0.6848958333333334 0.7143229166666667 0.18125 0.18489583333333334
0 0.86875 0.38125 0.13072916666666667 0.1109375
0 0.3372395833333333 0.07239583333333334 0.052083333333333336 0.05364583333333333
0 0.9755208333333333 0.6341145833333334 0.04895833333333333 0.125
0 0.9411458333333333 0.9395833333333333 0.09010416666666667 0.096875
0 0.5205729166666667 0.5955729166666667 0.23697916666666666 0.259375
0 0.765625 0.26484375 0.103125 0.19635416666666666
0 0.34921875 0.6708333333333333 0.10416666666666667 0.11770833333333333
0 0.6442708333333333 0.8557291666666667 0.18072916666666666 0.11927083333333334
0 0.28984375 0.03203125 0.11666666666666667 0.06145833333333333
0 0.3807291666666667 0.9643229166666667 0.0828125 0.06770833333333333
0 0.68671875 0.9450520833333333 0.121875 0.08802083333333334
0 0.015104166666666667 0.19869791666666667 0.028645833333333332 0.12760416666666666
0 0.98671875 0.4984375 0.0265625 0.075
0 0.5776041666666667 0.3338541666666667 0.07083333333333333 0.06666666666666667
0 0.80859375 0.60078125 0.0703125 0.05364583333333333
0 0.85703125 0.5971354166666667 0.025520833333333333 0.034895833333333334
0 0.3059895833333333 0.2828125 0.08489583333333334 0.08958333333333333