0 0.3015625 0.39895833333333336 0.20052083333333334 0.17552083333333332
0 0.050520833333333334 0.08072916666666667 0.10104166666666667 0.14791666666666667
0 0.6138020833333333 0.190625 0.24635416666666668 0.2078125
0 0.90078125 0.49947916666666664 0.09114583333333333 0.1140625
0 0.23177083333333334 0.10703125 0.08177083333333333 0.08385416666666666
0 0.428125 0.47708333333333336 0.09166666666666666 0.10260416666666666
0 0.5072916666666667 0.41328125 0.10364583333333334 0.1078125
0 0.72578125 0.058854166666666666 0.15885416666666666 0.11770833333333333
0 0.36354166666666665 0.17734375 0.2526041666666667 0.17864583333333334
0 0.03567708333333333 0.66484375 0.06770833333333333 0.1203125
0 0.9260416666666667 0.1046875 0.13489583333333333 0.1359375
0 0.9388020833333334 0.44036458333333334 0.06145833333333333 0.06354166666666666
0 0.94609375 0.32708333333333334 0.1046875 0.16822916666666668
0 0.45807291666666666 0.10859375 0.06197916666666667 0.05416666666666667
0 0.5747395833333333 0.7640625 0.10104166666666667 0.11302083333333333
0 0.26640625 0.94609375 0.1171875 0.1078125
0 0.44817708333333334 0.3458333333333333 0.18072916666666666 0.16041666666666668
0 0.4119791666666667 0.04739583333333333 0.11979166666666667 0.09375
0 0.10364583333333334 0.4674479166666667 0.20729166666666668 0.25677083333333334
0 0.79765625 0.55859375 0.06354166666666666 0.04739583333333333
0 0.6697916666666667 0.48776041666666664 0.21302083333333333 0.24635416666666668
0 0.8236979166666667 0.4934895833333333 0.0859375 0.11458333333333333
0 0.11145833333333334 0.9489583333333333 0.20416666666666666 0.10208333333333333
0 0.26848958333333334 0.5604166666666667 0.23541666666666666 0.225
0 0.90078125 0.6424479166666667 0.09583333333333334 0.15625
0 0.96328125 0.84296875 0.0734375 0.1234375
0 0.4044270833333333 0.6997395833333333 0.10625 0.084375
0 0.7434895833333334 0.4270833333333333 0.084375 0.12916666666666668
0 0.5880208333333333 0.016666666666666666 0.07916666666666666 0.03333333333333333
0 0.87734375 0.23333333333333334 0.13333333333333333 0.128125
0 0.09583333333333334 0.70234375 0.05364583333333333 0.084375
0 0.18776041666666668 0.8005208333333333 0.12760416666666666 0.16614583333333333
0 0.8145833333333333 0.76875 0.16458333333333333 0.20260416666666667
0 0.9640625 0.19453125 0.06354166666666666 0.12760416666666666
0 0.6721354166666667 0.011979166666666667 0.0671875 0.023958333333333335
0 0.1515625 0.71640625 0.0421875 0.035416666666666666
0 0.9802083333333333 0.7408854166666666 0.03958333333333333 0.09635416666666667
0 0.9184895833333333 0.7927083333333333 0.07395833333333333 0.09010416666666667
0 0.82734375 0.9322916666666666 0.12864583333333332 0.12604166666666666
0 0.209375 0.6755208333333333 0.07083333333333333 0.0421875
0 0.03984375 0.85078125 0.07083333333333333 0.17916666666666667
0 0.4700520833333333 0.8575520833333333 0.13489583333333333 0.23229166666666667
0 0.56796875 0.93828125 0.1109375 0.09114583333333333
0 0.8809895833333333 0.046875 0.20364583333333333 0.09375
0 0.67421875 0.33229166666666665 0.13697916666666668 0.10208333333333333
0 0.14088541666666668 0.68359375 0.049479166666666664 0.04010416666666667
0 0.32760416666666664 0.8096354166666667 0.16041666666666668 0.1921875
0 0.9630208333333333 0.8734375 0.07395833333333333 0.18333333333333332
0 0.6807291666666667 0.7182291666666667 0.18020833333333333 0.18385416666666668
0 0.86640625 0.38619791666666664 0.13020833333333334 0.11041666666666666
0 0.33671875 0.07447916666666667 0.0515625 0.053125
0 0.9739583333333334 0.63984375 0.052083333333333336 0.12447916666666667
0 0.9356770833333333 0.9450520833333333 0.08958333333333333 0.09635416666666667
0 0.5171875 0.5986979166666667 0.23541666666666666 0.2578125
0 0.7640625 0.26927083333333335 0.10208333333333333 0.19583333333333333
0 0.3453125 0.6729166666666667 0.10364583333333334 0.1171875
0 0.6393229166666666 0.859375 0.18020833333333333 0.11822916666666666
0 0.28958333333333336 0.03359375 0.11614583333333334 0.0609375
0 0.375 0.96640625 0.08229166666666667 0.0671875
0 0.68125 0.9489583333333333 0.12135416666666667 0.0875
0 0.0140625 0.19869791666666667 0.028125 0.12760416666666666
0 0.9854166666666667 0.5041666666666667 0.029166666666666667 0.075
0 0.5755208333333334 0.3372395833333333 0.0703125 0.06614583333333333
0 0.8049479166666667 0.60546875 0.06979166666666667 0.053125
0 0.8536458333333333 0.6020833333333333 0.025520833333333333 0.034895833333333334
0 0.30442708333333335 0.28463541666666664 0.084375 0.0890625