0 0.6010416666666667 0.30494791666666665 0.17552083333333332 0.2015625
0 0.9192708333333334 0.055989583333333336 0.14791666666666667 0.10208333333333333
0 0.809375 0.6184895833333334 0.2078125 0.24739583333333334
0 0.5005208333333333 0.9036458333333334 0.1140625 0.09166666666666666
0 0.89296875 0.23697916666666666 0.08385416666666666 0.08229166666666667
0 0.5229166666666667 0.43125 0.10260416666666666 0.0921875
0 0.58671875 0.5106770833333333 0.1078125 0.10416666666666667
0 0.9411458333333333 0.73125 0.11770833333333333 0.159375
0 0.82265625 0.36822916666666666 0.17864583333333334 0.25364583333333335
0 0.33515625 0.0375 0.1203125 0.06822916666666666
0 0.8953125 0.93125 0.1359375 0.1359375
0 0.5596354166666667 0.9421875 0.06354166666666666 0.06197916666666667
0 0.6729166666666667 0.9486979166666667 0.16822916666666668 0.10260416666666666
0 0.89140625 0.46328125 0.05416666666666667 0.0625
0 0.2359375 0.5760416666666667 0.11302083333333333 0.1015625
0 0.05390625 0.26666666666666666 0.1078125 0.11770833333333333
0 0.6541666666666667 0.45208333333333334 0.16041666666666668 0.18177083333333333
0 0.9526041666666667 0.41744791666666664 0.09375 0.1203125
0 0.5325520833333334 0.10677083333333333 0.25677083333333334 0.20885416666666667
0 0.44140625 0.8002604166666667 0.04739583333333333 0.0640625
0 0.5122395833333333 0.67265625 0.24635416666666668 0.21458333333333332
0 0.5065104166666666 0.8265625 0.11458333333333333 0.08645833333333333
0 0.05078125 0.11171875 0.1015625 0.2046875
0 0.4395833333333333 0.27109375 0.225 0.23697916666666666
0 0.3575520833333333 0.9028645833333333 0.15625 0.096875
0 0.15651041666666668 0.9635416666666666 0.1234375 0.07291666666666667
0 0.30026041666666664 0.40625 0.084375 0.10677083333333333
0 0.5729166666666666 0.746875 0.12916666666666668 0.08489583333333334
0 0.9830729166666666 0.59375 0.033854166666666664 0.07916666666666666
0 0.7666666666666667 0.8817708333333333 0.128125 0.13385416666666666
0 0.29765625 0.09765625 0.084375 0.05416666666666667
0 0.19947916666666668 0.18880208333333334 0.16614583333333333 0.12864583333333332
0 0.23125 0.8158854166666667 0.20260416666666667 0.165625
0 0.80546875 0.9682291666666667 0.12760416666666666 0.06354166666666666
0 0.9877604166666667 0.6778645833333333 0.024479166666666666 0.0671875
0 0.28359375 0.153125 0.035416666666666666 0.0421875
0 0.2591145833333333 0.9807291666666667 0.09635416666666667 0.03854166666666667
0 0.20729166666666668 0.9197916666666667 0.09010416666666667 0.07447916666666667
0 0.06770833333333333 0.8278645833333333 0.12604166666666666 0.12916666666666668
0 0.32447916666666665 0.21119791666666668 0.0421875 0.07083333333333333
0 0.14921875 0.040625 0.17916666666666667 0.071875
0 0.14244791666666667 0.4708333333333333 0.23229166666666667 0.13645833333333332
0 0.06171875 0.5682291666666667 0.09114583333333333 0.11145833333333334
0 0.9528645833333333 0.8864583333333333 0.09427083333333333 0.20416666666666666
0 0.6677083333333333 0.678125 0.10208333333333333 0.1375
0 0.31640625 0.14270833333333333 0.04010416666666667 0.049479166666666664
0 0.19036458333333334 0.32864583333333336 0.1921875 0.16145833333333334
0 0.12604166666666666 0.9630208333333333 0.18333333333333332 0.07395833333333333
0 0.28177083333333336 0.6822916666666666 0.18385416666666668 0.18125
0 0.6138020833333333 0.8700520833333333 0.11041666666666666 0.13072916666666667
0 0.9255208333333333 0.3421875 0.053125 0.052083333333333336
0 0.35963541666666665 0.9747395833333333 0.12447916666666667 0.050520833333333334
0 0.054947916666666666 0.9359375 0.09635416666666667 0.09010416666666667
0 0.40130208333333334 0.51953125 0.2578125 0.23697916666666666
0 0.7307291666666667 0.7682291666666666 0.19583333333333333 0.103125
0 0.32708333333333334 0.34713541666666664 0.1171875 0.10416666666666667
0 0.140625 0.6401041666666667 0.11822916666666666 0.18072916666666666
0 0.96640625 0.2953125 0.0609375 0.11666666666666667
0 0.03359375 0.37526041666666665 0.0671875 0.0828125
0 0.051041666666666666 0.6815104166666667 0.0875 0.121875
0 0.80078125 0.01875 0.12760416666666666 0.028645833333333332
0 0.4953125 0.98671875 0.075 0.0265625
0 0.6627604166666666 0.5794270833333334 0.06614583333333333 0.07083333333333333
0 0.39453125 0.8072916666666666 0.053125 0.0703125
0 0.39791666666666664 0.8559895833333333 0.034895833333333334 0.025520833333333333
0 0.7153645833333333 0.30859375 0.0890625 0.08489583333333334