0 0.39557291666666666 0.6942708333333333 0.171875 0.1984375
0 0.07291666666666667 0.9455729166666667 0.14583333333333334 0.1078125
0 0.19270833333333334 0.3796875 0.20364583333333333 0.24375
0 0.5065104166666666 0.09635416666666667 0.1125 0.08958333333333333
0 0.10234375 0.7609375 0.08229166666666667 0.08072916666666667
0 0.47578125 0.5684895833333333 0.10104166666666667 0.090625
0 0.41354166666666664 0.48880208333333336 0.10625 0.10208333333333333
0 0.06015625 0.26588541666666665 0.1203125 0.15729166666666666
0 0.175 0.6296875 0.17447916666666666 0.25052083333333336
0 0.6567708333333333 0.96328125 0.11927083333333334 0.06614583333333333
0 0.11223958333333334 0.06666666666666667 0.13385416666666666 0.13333333333333333
0 0.4479166666666667 0.05755208333333333 0.0625 0.0609375
0 0.33489583333333334 0.05026041666666667 0.16666666666666666 0.10052083333333334
0 0.1078125 0.5346354166666667 0.053125 0.06145833333333333
0 0.7653645833333333 0.42552083333333335 0.11145833333333334 0.09947916666666666
0 0.94453125 0.7359375 0.1109375 0.115625
0 0.3450520833333333 0.5471354166666667 0.15729166666666666 0.17916666666666667
0 0.04583333333333333 0.5799479166666667 0.09166666666666666 0.11875
0 0.46041666666666664 0.89453125 0.253125 0.20729166666666668
0 0.5638020833333334 0.2 0.04635416666666667 0.06302083333333333
0 0.490625 0.32708333333333334 0.24270833333333333 0.21041666666666667
0 0.49921875 0.1734375 0.11302083333333333 0.084375
0 0.9463541666666667 0.8908854166666667 0.10625 0.20260416666666667
0 0.55625 0.7294270833333333 0.22083333333333333 0.2328125
0 0.6494791666666667 0.09791666666666667 0.1546875 0.09427083333333333
0 0.8513020833333333 0.03671875 0.121875 0.0734375
0 0.6979166666666666 0.5947916666666667 0.0828125 0.10520833333333333
0 0.43125 0.2526041666666667 0.12760416666666666 0.0828125
0 0.0171875 0.40338541666666666 0.034375 0.07864583333333333
0 0.23984375 0.11666666666666667 0.12604166666666666 0.13177083333333334
0 0.6953125 0.9033854166666667 0.08333333333333333 0.05260416666666667
0 0.7950520833333333 0.8127604166666667 0.1640625 0.12604166666666666
0 0.77421875 0.18567708333333333 0.2 0.16197916666666667
0 0.20260416666666667 0.030208333333333334 0.1265625 0.06041666666666667
0 0.013541666666666667 0.3190104166666667 0.0265625 0.06666666666666667
0 0.7104166666666667 0.8479166666666667 0.034895833333333334 0.041666666666666664
0 0.74921875 0.019270833333333334 0.09583333333333334 0.03854166666666667
0 0.8 0.08203125 0.0890625 0.07291666666666667
0 0.9380208333333333 0.17473958333333334 0.12395833333333334 0.12708333333333333
0 0.6703125 0.78984375 0.04114583333333333 0.0703125
0 0.8427083333333333 0.9611979166666667 0.178125 0.06875
0 0.85703125 0.53125 0.23020833333333332 0.13229166666666667
0 0.9393229166666667 0.43411458333333336 0.0890625 0.10989583333333333
0 0.04973958333333333 0.11067708333333333 0.0984375 0.20260416666666667
0 0.33541666666666664 0.32109375 0.09947916666666666 0.1359375
0 0.67734375 0.8583333333333333 0.0390625 0.04895833333333333
0 0.8065104166666667 0.6731770833333334 0.18958333333333333 0.15833333333333333
0 0.8817708333333333 0.03723958333333333 0.18177083333333333 0.07447916666666667
0 0.7213541666666666 0.3190104166666667 0.18072916666666666 0.178125
0 0.3927083333333333 0.12942708333333333 0.10833333333333334 0.12864583333333332
0 0.07161458333333333 0.6552083333333333 0.052083333333333336 0.051041666666666666
0 0.6484375 0.025 0.1234375 0.05
0 0.9526041666666667 0.06666666666666667 0.09479166666666666 0.08854166666666667
0 0.5989583333333334 0.48125 0.25364583333333335 0.2328125
0 0.27395833333333336 0.23046875 0.19427083333333334 0.1
0 0.6703125 0.65390625 0.115625 0.10208333333333333
0 0.86171875 0.3619791666666667 0.11510416666666666 0.17864583333333334
0 0.029947916666666668 0.7020833333333333 0.058854166666666666 0.115625
0 0.965625 0.6270833333333333 0.06875 0.08177083333333333
0 0.9520833333333333 0.32109375 0.08541666666666667 0.1203125
0 0.19036458333333334 0.9828125 0.12708333333333333 0.0328125
0 0.5130208333333334 0.013020833333333334 0.07447916666666667 0.026041666666666668
0 0.3385416666666667 0.41953125 0.06510416666666667 0.06979166666666667
0 0.6106770833333334 0.19322916666666667 0.052083333333333336 0.06927083333333334
0 0.6083333333333333 0.14453125 0.034375 0.025
0 0.28125 0.6901041666666666 0.0875 0.08333333333333333