0 0.6947916666666667 0.3963541666666667 0.20052083333333334 0.1765625
0 0.9385416666666667 0.075 0.109375 0.13958333333333334
0 0.37526041666666665 0.196875 0.24635416666666668 0.209375
0 0.09947916666666666 0.5140625 0.09114583333333333 0.11458333333333333
0 0.7544270833333333 0.10234375 0.08177083333333333 0.084375
0 0.5708333333333333 0.4778645833333333 0.09166666666666666 0.103125
0 0.4895833333333333 0.4166666666666667 0.10364583333333334 0.10833333333333334
0 0.25859375 0.06588541666666667 0.15885416666666666 0.12395833333333334
0 0.625 0.17630208333333333 0.2526041666666667 0.18020833333333333
0 0.96796875 0.6544270833333333 0.0640625 0.12083333333333333
0 0.06380208333333333 0.11979166666666667 0.12760416666666666 0.13645833333333332
0 0.059375 0.45598958333333334 0.06145833333333333 0.0640625
0 0.05026041666666667 0.34270833333333334 0.10052083333333334 0.16875
0 0.5283854166666667 0.11041666666666666 0.06197916666666667 0.0546875
0 0.43463541666666666 0.7692708333333333 0.10104166666666667 0.11354166666666667
0 0.74921875 0.9440104166666666 0.1171875 0.11197916666666667
0 0.5466145833333333 0.34739583333333335 0.18072916666666666 0.16145833333333334
0 0.5723958333333333 0.04895833333333333 0.11979166666666667 0.09166666666666666
0 0.8955729166666667 0.45859375 0.20885416666666667 0.2578125
0 0.20442708333333334 0.5703125 0.06354166666666666 0.04791666666666667
0 0.3296875 0.4953125 0.21302083333333333 0.24739583333333334
0 0.17630208333333333 0.5059895833333333 0.0859375 0.11510416666666666
0 0.9010416666666666 0.94453125 0.19791666666666666 0.1109375
0 0.73359375 0.55625 0.23541666666666666 0.2265625
0 0.10442708333333334 0.65703125 0.09583333333333334 0.15677083333333333
0 0.0453125 0.8596354166666667 0.08020833333333334 0.12395833333333334
0 0.60234375 0.6994791666666667 0.10625 0.08489583333333334
0 0.25416666666666665 0.43697916666666664 0.084375 0.1296875
0 0.39505208333333336 0.021354166666666667 0.07916666666666666 0.036458333333333336
0 0.11354166666666667 0.24739583333333334 0.13333333333333333 0.12864583333333332
0 0.9109375 0.6934895833333333 0.05364583333333333 0.08489583333333334
0 0.82265625 0.7942708333333334 0.12760416666666666 0.16666666666666666
0 0.19505208333333332 0.7807291666666667 0.16458333333333333 0.20364583333333333
0 0.028645833333333332 0.2109375 0.057291666666666664 0.128125
0 0.3106770833333333 0.018489583333333334 0.0671875 0.028125
0 0.8557291666666667 0.7091145833333333 0.0421875 0.035416666666666666
0 0.02578125 0.7578125 0.044270833333333336 0.09635416666666667
0 0.09192708333333334 0.8078125 0.07395833333333333 0.090625
0 0.18776041666666668 0.9403645833333333 0.12864583333333332 0.11927083333333334
0 0.7966145833333333 0.6697916666666667 0.07083333333333333 0.042708333333333334
0 0.9682291666666667 0.8401041666666667 0.06354166666666666 0.1796875
0 0.5424479166666667 0.859375 0.13489583333333333 0.23333333333333334
0 0.4471354166666667 0.94296875 0.1109375 0.09166666666666666
0 0.103125 0.05703125 0.20364583333333333 0.103125
0 0.32005208333333335 0.34036458333333336 0.13697916666666668 0.103125
0 0.8653645833333333 0.6760416666666667 0.049479166666666664 0.040625
0 0.6830729166666667 0.8072916666666666 0.16041666666666668 0.19322916666666667
0 0.04635416666666667 0.8901041666666667 0.08177083333333333 0.18385416666666668
0 0.32708333333333334 0.7263020833333333 0.18020833333333333 0.18489583333333334
0 0.12994791666666666 0.4 0.13020833333333334 0.1109375
0 0.6481770833333333 0.07265625 0.0515625 0.05364583333333333
0 0.029427083333333333 0.65703125 0.05572916666666667 0.125
0 0.08020833333333334 0.9557291666666666 0.08958333333333333 0.08854166666666667
0 0.4864583333333333 0.6020833333333333 0.23541666666666666 0.259375
0 0.228125 0.2799479166666667 0.10208333333333333 0.19635416666666666
0 0.6606770833333333 0.6713541666666667 0.10364583333333334 0.11770833333333333
0 0.3731770833333333 0.8661458333333333 0.18020833333333333 0.11927083333333334
0 0.6940104166666666 0.032552083333333336 0.11614583333333334 0.057291666666666664
0 0.6408854166666667 0.9658854166666667 0.08229166666666667 0.06822916666666666
0 0.334375 0.9565104166666667 0.12135416666666667 0.08697916666666666
0 0.9783854166666667 0.18776041666666668 0.034375 0.12760416666666666
0 0.014583333333333334 0.5213541666666667 0.029166666666666667 0.075
0 0.41875 0.3421875 0.0703125 0.06666666666666667
0 0.19895833333333332 0.6169270833333333 0.06979166666666667 0.05364583333333333
0 0.15 0.6153645833333333 0.025520833333333333 0.034895833333333334
0 0.6877604166666667 0.28177083333333336 0.084375 0.08958333333333333