0 0.73828125 0.5546875 0.19114583333333332 0.146875
0 0.04114583333333333 0.18385416666666668 0.08229166666666667 0.36770833333333336
0 0.33619791666666665 0.87578125 0.0875 0.10885416666666667
0 0.2677083333333333 0.921875 0.08802083333333334 0.14947916666666666
0 0.67578125 0.046614583333333334 0.0890625 0.09322916666666667
0 0.3411458333333333 0.2015625 0.04583333333333333 0.0453125
0 0.48020833333333335 0.08671875 0.0421875 0.05
0 0.24140625 0.5205729166666667 0.17395833333333333 0.11145833333333334
0 0.8721354166666667 0.25338541666666664 0.1765625 0.13645833333333332
0 0.184375 0.21614583333333334 0.08229166666666667 0.0546875
0 0.44140625 0.13984375 0.04583333333333333 0.03958333333333333
0 0.26171875 0.18541666666666667 0.05625 0.05572916666666667
0 0.5075520833333333 0.9109375 0.2421875 0.17395833333333333
0 0.8669270833333333 0.6734375 0.1046875 0.09583333333333334
0 0.020833333333333332 0.7252604166666666 0.033854166666666664 0.05572916666666667
0 0.753125 0.8393229166666667 0.24375 0.24739583333333334
0 0.2760416666666667 0.12161458333333333 0.09166666666666666 0.08541666666666667
0 0.4203125 0.09479166666666666 0.0859375 0.08125
0 0.47578125 0.015364583333333333 0.033854166666666664 0.030208333333333334
0 0.04479166666666667 0.88984375 0.0703125 0.06822916666666666
0 0.30755208333333334 0.16640625 0.0359375 0.035416666666666666
0 0.1125 0.27265625 0.11822916666666666 0.12916666666666668
0 0.8796875 0.9528645833333333 0.17395833333333333 0.08385416666666666
0 0.82890625 0.09088541666666666 0.24739583333333334 0.18177083333333333
0 0.24453125 0.5716145833333334 0.041666666666666664 0.0375
0 0.78984375 0.6802083333333333 0.08802083333333334 0.0921875
0 0.08958333333333333 0.8346354166666666 0.04895833333333333 0.051041666666666666
0 0.10833333333333334 0.97578125 0.07447916666666667 0.04791666666666667
0 0.6447916666666667 0.675 0.18333333333333332 0.23020833333333332
0 0.37135416666666665 0.14583333333333334 0.08125 0.0984375
0 0.6888020833333334 0.35078125 0.16927083333333334 0.19270833333333334
0 0.44895833333333335 0.016145833333333335 0.035416666666666666 0.03229166666666667
0 0.9752604166666666 0.32760416666666664 0.049479166666666664 0.14739583333333334
0 0.024479166666666666 0.7911458333333333 0.04010416666666667 0.0625
0 0.08125 0.5059895833333333 0.1578125 0.2203125
0 0.57578125 0.11197916666666667 0.15520833333333334 0.22135416666666666
0 0.7302083333333333 0.18854166666666666 0.13072916666666667 0.12395833333333334
0 0.5104166666666666 0.005729166666666666 0.0375 0.011458333333333333
0 0.13854166666666667 0.8596354166666667 0.059375 0.07135416666666666
0 0.16770833333333332 0.9888020833333333 0.07291666666666667 0.020833333333333332
0 0.6927083333333334 0.25078125 0.053125 0.0421875
0 0.09713541666666667 0.9234375 0.0671875 0.06197916666666667
0 0.025520833333333333 0.6276041666666666 0.04479166666666667 0.153125
0 0.03567708333333333 0.9903645833333333 0.0515625 0.019270833333333334
0 0.36015625 0.965625 0.14895833333333333 0.065625
0 0.55 0.4583333333333333 0.2625 0.18697916666666667
0 0.190625 0.3416666666666667 0.16197916666666667 0.253125
0 0.46197916666666666 0.6614583333333334 0.22552083333333334 0.27447916666666666
0 0.3203125 0.040364583333333336 0.21666666666666667 0.08072916666666667
0 0.08385416666666666 0.6994791666666667 0.09010416666666667 0.0984375
0 0.14348958333333334 0.09791666666666667 0.16197916666666667 0.19583333333333333
0 0.3690104166666667 0.27630208333333334 0.09270833333333334 0.096875
0 0.5114583333333333 0.27734375 0.21875 0.16875
0 0.9580729166666667 0.6684895833333333 0.08385416666666666 0.11510416666666666
0 0.47317708333333336 0.825 0.0875 0.07447916666666667
0 0.8848958333333333 0.37552083333333336 0.128125 0.11927083333333334
0 0.8963541666666667 0.16432291666666668 0.09947916666666666 0.12395833333333334
0 0.30416666666666664 0.25859375 0.0375 0.04375
0 0.37109375 0.5921875 0.0828125 0.0765625
0 0.90859375 0.5484375 0.14322916666666666 0.15208333333333332
0 0.9291666666666667 0.7690104166666667 0.115625 0.10677083333333333
0 0.9442708333333333 0.87265625 0.11145833333333334 0.19739583333333333
0 0.21197916666666666 0.8955729166666667 0.058854166666666666 0.0703125
0 0.18671875 0.78671875 0.10520833333333333 0.11875
0 0.2796875 0.7270833333333333 0.13697916666666668 0.225
0 0.17760416666666667 0.9505208333333334 0.04791666666666667 0.050520833333333334
0 0.7567708333333333 0.44244791666666666 0.12760416666666666 0.1109375
0 0.34739583333333335 0.42552083333333335 0.21145833333333333 0.21458333333333332
0 0.8283854166666667 0.4791666666666667 0.09895833333333333 0.09114583333333333
0 0.22526041666666666 0.6174479166666667 0.14739583333333334 0.08020833333333334
0 0.15416666666666667 0.6619791666666667 0.06666666666666667 0.07864583333333333
0 0.15234375 0.75625 0.0984375 0.09375