0 0.44114583333333335 0.26484375 0.14583333333333334 0.19010416666666666
0 0.8158854166666667 0.9598958333333333 0.3671875 0.08020833333333334
0 0.12239583333333333 0.6690104166666667 0.10833333333333334 0.08697916666666666
0 0.0765625 0.7377604166666667 0.14895833333333333 0.08697916666666666
0 0.9505208333333334 0.32447916666666665 0.09479166666666666 0.08854166666666667
0 0.7963541666666667 0.66015625 0.04479166666666667 0.0453125
0 0.9104166666666667 0.5203125 0.05 0.041666666666666664
0 0.478125 0.76171875 0.11041666666666666 0.1734375
0 0.7416666666666667 0.12942708333333333 0.13541666666666666 0.17552083333333332
0 0.7828125 0.8169270833333333 0.05416666666666667 0.08177083333333333
0 0.8575520833333333 0.559375 0.0390625 0.04583333333333333
0 0.8130208333333333 0.7393229166666667 0.05520833333333333 0.05572916666666667
0 0.08619791666666667 0.49765625 0.17239583333333333 0.24114583333333334
0 0.3216145833333333 0.13697916666666668 0.0953125 0.10416666666666667
0 0.2747395833333333 0.9833333333333333 0.05572916666666667 0.03333333333333333
0 0.15625 0.2518229166666667 0.24583333333333332 0.2421875
0 0.8768229166666667 0.7247395833333333 0.08489583333333334 0.09114583333333333
0 0.9028645833333333 0.5802083333333333 0.08072916666666667 0.08541666666666667
0 0.9817708333333334 0.52421875 0.030208333333333334 0.033854166666666664
0 0.10989583333333333 0.9604166666666667 0.06770833333333333 0.06979166666666667
0 0.8317708333333333 0.6934895833333333 0.035416666666666666 0.0359375
0 0.7268229166666667 0.8890625 0.12864583333333332 0.11770833333333333
0 0.04192708333333333 0.12578125 0.0828125 0.1734375
0 0.9067708333333333 0.17161458333333332 0.18541666666666667 0.24635416666666668
0 0.4270833333333333 0.7588541666666667 0.0375 0.041666666666666664
0 0.3151041666666667 0.2140625 0.09166666666666666 0.0875
0 0.16484375 0.9153645833333334 0.050520833333333334 0.0484375
0 0.023697916666666666 0.8973958333333333 0.04739583333333333 0.07395833333333333
0 0.32135416666666666 0.35911458333333335 0.22916666666666666 0.18177083333333333
0 0.8520833333333333 0.6294270833333333 0.09791666666666667 0.08072916666666667
0 0.6453125 0.31328125 0.19166666666666668 0.16822916666666668
0 0.98203125 0.5510416666666667 0.033854166666666664 0.035416666666666666
0 0.6666666666666666 0.02578125 0.146875 0.050520833333333334
0 0.20885416666666667 0.9802083333333333 0.0625 0.03958333333333333
0 0.4934895833333333 0.9216145833333333 0.21927083333333333 0.15677083333333333
0 0.8846354166666667 0.425 0.2203125 0.15416666666666667
0 0.8072916666666666 0.2708333333333333 0.1234375 0.13020833333333334
0 0.9927083333333333 0.4895833333333333 0.013541666666666667 0.0375
0 0.13958333333333334 0.86640625 0.07083333333333333 0.058854166666666666
0 0.01015625 0.8380208333333333 0.0203125 0.07291666666666667
0 0.7453125 0.30885416666666665 0.041666666666666664 0.053125
0 0.07604166666666666 0.9083333333333333 0.06145833333333333 0.06666666666666667
0 0.3723958333333333 0.978125 0.153125 0.04375
0 0.009375 0.9700520833333334 0.01875 0.0515625
0 0.03229166666666667 0.6455729166666667 0.06458333333333334 0.1484375
0 0.5385416666666667 0.45260416666666664 0.18541666666666667 0.26145833333333335
0 0.6572916666666667 0.8114583333333333 0.2520833333333333 0.16041666666666668
0 0.3359375 0.5419270833333333 0.27291666666666664 0.22395833333333334
0 0.9588541666666667 0.6799479166666667 0.08125 0.21614583333333334
0 0.3 0.9203125 0.09791666666666667 0.08958333333333333
0 0.9015625 0.85703125 0.19583333333333333 0.1609375
0 0.7216145833333333 0.6325520833333333 0.09635416666666667 0.0921875
0 0.7197916666666667 0.4901041666666667 0.16770833333333332 0.21770833333333334
0 0.3260416666666667 0.04401041666666667 0.11458333333333333 0.08697916666666666
0 0.17239583333333333 0.5315104166666667 0.07395833333333333 0.08697916666666666
0 0.6192708333333333 0.11744791666666667 0.11875 0.12760416666666666
0 0.83046875 0.1046875 0.1234375 0.09895833333333333
0 0.7395833333333334 0.6973958333333333 0.04375 0.0375
0 0.40572916666666664 0.6322916666666667 0.07604166666666666 0.08229166666666667
0 0.44635416666666666 0.09453125 0.15104166666666666 0.1421875
0 0.22552083333333334 0.07526041666666666 0.10625 0.11510416666666666
0 0.121875 0.058333333333333334 0.196875 0.115625
0 0.103125 0.7932291666666667 0.06979166666666667 0.058333333333333334
0 0.21223958333333334 0.81796875 0.11822916666666666 0.1046875
0 0.2713541666666667 0.7244791666666667 0.22395833333333334 0.13541666666666666
0 0.0484375 0.8278645833333333 0.05 0.04739583333333333
0 0.553125 0.24583333333333332 0.11041666666666666 0.12708333333333333
0 0.5723958333333333 0.6552083333333333 0.21354166666666666 0.21041666666666667
0 0.5161458333333333 0.17447916666666666 0.090625 0.0984375
0 0.38125 0.7783854166666667 0.07916666666666666 0.146875
0 0.3372395833333333 0.8497395833333333 0.078125 0.06614583333333333
0 0.24296875 0.8520833333333333 0.09322916666666667 0.09791666666666667