0 0.7375 0.5671875 0.19375 0.15
0 0.04635416666666667 0.18046875 0.08854166666666667 0.3609375
0 0.3296875 0.8763020833333334 0.08958333333333333 0.11041666666666666
0 0.2604166666666667 0.9208333333333333 0.090625 0.15104166666666666
0 0.68359375 0.05651041666666667 0.090625 0.096875
0 0.34609375 0.20286458333333332 0.04635416666666667 0.04635416666666667
0 0.4875 0.0921875 0.043229166666666666 0.050520833333333334
0 0.24114583333333334 0.5184895833333333 0.17604166666666668 0.11458333333333333
0 0.8763020833333334 0.27005208333333336 0.17864583333333334 0.13958333333333334
0 0.18932291666666667 0.21276041666666667 0.08333333333333333 0.05625
0 0.44765625 0.14401041666666667 0.04635416666666667 0.040625
0 0.2671875 0.184375 0.057291666666666664 0.05677083333333333
0 0.5002604166666667 0.9138020833333333 0.2453125 0.17239583333333333
0 0.8638020833333333 0.6895833333333333 0.10625 0.09739583333333333
0 0.019010416666666665 0.7166666666666667 0.030208333333333334 0.05625
0 0.7471354166666667 0.85234375 0.24791666666666667 0.2515625
0 0.2825520833333333 0.12083333333333333 0.09322916666666667 0.08697916666666666
0 0.42734375 0.0984375 0.0875 0.0828125
0 0.48411458333333335 0.020833333333333332 0.034375 0.030729166666666665
0 0.039322916666666666 0.88203125 0.06875 0.06927083333333334
0 0.31328125 0.16666666666666666 0.036458333333333336 0.0359375
0 0.11640625 0.2671875 0.1203125 0.13125
0 0.8716145833333333 0.9630208333333333 0.17552083333333332 0.07395833333333333
0 0.8359375 0.10390625 0.25052083333333336 0.19114583333333332
0 0.24322916666666666 0.5697916666666667 0.0421875 0.03802083333333333
0 0.7864583333333334 0.6942708333333333 0.08958333333333333 0.09375
0 0.08359375 0.8283854166666667 0.05 0.052083333333333336
0 0.1 0.9697916666666667 0.07552083333333333 0.04895833333333333
0 0.6416666666666667 0.6846354166666667 0.1875 0.23333333333333334
0 0.3776041666666667 0.14791666666666667 0.0828125 0.1
0 0.69140625 0.3619791666666667 0.17239583333333333 0.19583333333333333
0 0.45729166666666665 0.019791666666666666 0.0359375 0.034375
0 0.9760416666666667 0.34739583333333335 0.04791666666666667 0.1484375
0 0.021875 0.7825520833333334 0.035416666666666666 0.06302083333333333
0 0.08203125 0.49947916666666664 0.159375 0.22291666666666668
0 0.5825520833333333 0.12005208333333334 0.15885416666666666 0.22395833333333334
0 0.7354166666666667 0.20104166666666667 0.1328125 0.12604166666666666
0 0.5190104166666667 0.010677083333333334 0.0375 0.0140625
0 0.13229166666666667 0.8546875 0.06041666666666667 0.07239583333333334
0 0.15911458333333334 0.9846354166666667 0.0734375 0.021875
0 0.696875 0.26223958333333336 0.05364583333333333 0.043229166666666666
0 0.08958333333333333 0.9171875 0.06822916666666666 0.06302083333333333
0 0.025 0.6190104166666667 0.04375 0.15364583333333334
0 0.029427083333333333 0.9825520833333333 0.04739583333333333 0.0203125
0 0.35208333333333336 0.9666666666666667 0.15 0.06666666666666667
0 0.55078125 0.46536458333333336 0.265625 0.19166666666666668
0 0.19348958333333333 0.33828125 0.16614583333333333 0.2557291666666667
0 0.4591145833333333 0.6658854166666667 0.23020833333333332 0.278125
0 0.32838541666666665 0.04192708333333333 0.21822916666666667 0.08125
0 0.08020833333333334 0.6932291666666667 0.09166666666666666 0.1
0 0.15052083333333333 0.09635416666666667 0.165625 0.1921875
0 0.3729166666666667 0.278125 0.09427083333333333 0.0984375
0 0.5153645833333333 0.2833333333333333 0.221875 0.17239583333333333
0 0.9559895833333333 0.6872395833333333 0.08802083333333334 0.11666666666666667
0 0.4674479166666667 0.8296875 0.08854166666666667 0.07604166666666666
0 0.8869791666666667 0.3927083333333333 0.13020833333333334 0.12135416666666667
0 0.9020833333333333 0.18177083333333333 0.1015625 0.12552083333333333
0 0.30833333333333335 0.25885416666666666 0.03802083333333333 0.044270833333333336
0 0.36953125 0.5940104166666667 0.084375 0.078125
0 0.9078125 0.5658854166666667 0.14583333333333334 0.1546875
0 0.92421875 0.7872395833333333 0.11770833333333333 0.10885416666666667
0 0.93984375 0.8911458333333333 0.1203125 0.19947916666666668
0 0.20520833333333333 0.8927083333333333 0.059895833333333336 0.07135416666666666
0 0.18151041666666667 0.7833333333333333 0.10729166666666666 0.1203125
0 0.27578125 0.7263020833333333 0.140625 0.22708333333333333
0 0.16979166666666667 0.946875 0.04895833333333333 0.0515625
0 0.7575520833333333 0.4557291666666667 0.1296875 0.11302083333333333
0 0.3484375 0.4270833333333333 0.21510416666666668 0.21822916666666667
0 0.8286458333333333 0.4942708333333333 0.10052083333333334 0.09270833333333334
0 0.22317708333333333 0.6151041666666667 0.14895833333333333 0.0828125
0 0.15130208333333334 0.6572916666666667 0.06822916666666666 0.0796875
0 0.14791666666666667 0.7515625 0.1 0.0953125