0 0.43854166666666666 0.26328125 0.15 0.19375
0 0.8223958333333333 0.9494791666666667 0.35520833333333335 0.08854166666666667
0 0.12942708333333333 0.6747395833333333 0.11041666666666666 0.08958333333333333
0 0.08515625 0.74453125 0.15104166666666666 0.090625
0 0.94921875 0.3111979166666667 0.096875 0.090625
0 0.803125 0.6502604166666667 0.04635416666666667 0.04635416666666667
0 0.9135416666666667 0.5078125 0.050520833333333334 0.043229166666666666
0 0.48723958333333334 0.7591145833333334 0.11458333333333333 0.17604166666666668
0 0.7359375 0.12109375 0.13958333333333334 0.17864583333333334
0 0.79296875 0.8072916666666666 0.05625 0.08333333333333333
0 0.86171875 0.5481770833333334 0.040625 0.04635416666666667
0 0.8213541666666667 0.7291666666666666 0.05677083333333333 0.057291666666666664
0 0.09010416666666667 0.5044270833333333 0.17604166666666668 0.2453125
0 0.31614583333333335 0.13828125 0.09739583333333333 0.10625
0 0.2890625 0.9833333333333333 0.05625 0.030729166666666665
0 0.15364583333333334 0.25703125 0.2515625 0.24791666666666667
0 0.8848958333333333 0.7130208333333333 0.08697916666666666 0.09322916666666667
0 0.9075520833333334 0.56796875 0.0828125 0.0875
0 0.9848958333333333 0.51015625 0.030208333333333334 0.034375
0 0.1234375 0.9651041666666667 0.06927083333333334 0.06875
0 0.8390625 0.6828125 0.0359375 0.036458333333333336
0 0.7388020833333333 0.8809895833333333 0.13125 0.1203125
0 0.03984375 0.13359375 0.07916666666666666 0.17552083333333332
0 0.9020833333333333 0.159375 0.19114583333333332 0.25052083333333336
0 0.4359375 0.7575520833333333 0.03802083333333333 0.0421875
0 0.31145833333333334 0.215625 0.09375 0.08958333333333333
0 0.17760416666666667 0.9200520833333333 0.052083333333333336 0.05
0 0.0359375 0.90546875 0.04895833333333333 0.07552083333333333
0 0.32109375 0.36041666666666666 0.23333333333333334 0.1875
0 0.8578125 0.6182291666666667 0.1 0.0828125
0 0.64375 0.30703125 0.19583333333333333 0.17239583333333333
0 0.984375 0.5369791666666667 0.03125 0.0359375
0 0.65859375 0.022916666666666665 0.1484375 0.04583333333333333
0 0.22265625 0.9809895833333333 0.06302083333333333 0.0359375
0 0.5059895833333333 0.9177083333333333 0.22291666666666668 0.15989583333333332
0 0.8856770833333333 0.41302083333333334 0.22395833333333334 0.15885416666666666
0 0.8046875 0.2609375 0.12604166666666666 0.1328125
0 0.9940104166666667 0.4752604166666667 0.011979166666666667 0.0375
0 0.15104166666666666 0.871875 0.07239583333333334 0.06041666666666667
0 0.02109375 0.8466145833333333 0.021875 0.0734375
0 0.74375 0.30026041666666664 0.043229166666666666 0.05364583333333333
0 0.08854166666666667 0.9151041666666667 0.06302083333333333 0.06822916666666666
0 0.38619791666666664 0.9763020833333333 0.15364583333333334 0.044270833333333336
0 0.0234375 0.9763020833333333 0.0203125 0.04739583333333333
0 0.038802083333333334 0.6533854166666667 0.06822916666666666 0.15
0 0.5403645833333334 0.44869791666666664 0.19166666666666668 0.265625
0 0.6674479166666667 0.8046875 0.2557291666666667 0.16614583333333333
0 0.33984375 0.5427083333333333 0.278125 0.23020833333333332
0 0.9611979166666667 0.66640625 0.07760416666666667 0.21822916666666667
0 0.31276041666666665 0.921875 0.1 0.09166666666666666
0 0.9065104166666667 0.8447916666666667 0.18697916666666667 0.165625
0 0.7276041666666667 0.6244791666666667 0.0984375 0.09427083333333333
0 0.7223958333333333 0.48203125 0.17239583333333333 0.221875
0 0.3184895833333333 0.0453125 0.11666666666666667 0.08958333333333333
0 0.17604166666666668 0.5361979166666667 0.07604166666666666 0.08854166666666667
0 0.61328125 0.11171875 0.12135416666666667 0.13020833333333334
0 0.8239583333333333 0.09427083333333333 0.12552083333333333 0.1015625
0 0.746875 0.6888020833333334 0.044270833333333336 0.03802083333333333
0 0.41171875 0.6315104166666666 0.078125 0.084375
0 0.43984375 0.09296875 0.1546875 0.14583333333333334
0 0.21875 0.07890625 0.10885416666666667 0.11770833333333333
0 0.11458333333333333 0.06432291666666666 0.19947916666666668 0.1203125
0 0.11302083333333333 0.7994791666666666 0.07135416666666666 0.059895833333333336
0 0.22239583333333332 0.8216145833333334 0.1203125 0.10729166666666666
0 0.2794270833333333 0.7268229166666667 0.22708333333333333 0.140625
0 0.05911458333333333 0.8354166666666667 0.0515625 0.04895833333333333
0 0.55 0.24192708333333332 0.11302083333333333 0.1296875
0 0.57890625 0.6505208333333333 0.21822916666666667 0.21510416666666668
0 0.5114583333333333 0.17135416666666667 0.09270833333333334 0.10052083333333334
0 0.390625 0.778125 0.0828125 0.14895833333333333
0 0.3484375 0.8505208333333333 0.0796875 0.06822916666666666
0 0.25416666666666665 0.8549479166666667 0.0953125 0.1