0 0.44114583333333335 0.7325520833333333 0.14583333333333334 0.19114583333333332
0 0.8158854166666667 0.03828125 0.3671875 0.0765625
0 0.12239583333333333 0.3302083333333333 0.10833333333333334 0.0875
0 0.0765625 0.26171875 0.14895833333333333 0.08802083333333334
0 0.9505208333333334 0.6700520833333333 0.09479166666666666 0.0890625
0 0.7963541666666667 0.33515625 0.04479166666666667 0.04583333333333333
0 0.9104166666666667 0.4744791666666667 0.05 0.0421875
0 0.478125 0.23541666666666666 0.11041666666666666 0.17395833333333333
0 0.7416666666666667 0.8661458333333333 0.13541666666666666 0.1765625
0 0.7828125 0.17864583333333334 0.05416666666666667 0.08229166666666667
0 0.8575520833333333 0.4356770833333333 0.0390625 0.04583333333333333
0 0.8130208333333333 0.2559895833333333 0.05520833333333333 0.05625
0 0.08619791666666667 0.5018229166666667 0.17239583333333333 0.2421875
0 0.3216145833333333 0.8611979166666667 0.0953125 0.1046875
0 0.2747395833333333 0.015885416666666666 0.05572916666666667 0.03177083333333333
0 0.15625 0.7473958333333334 0.24583333333333332 0.24375
0 0.8768229166666667 0.27005208333333336 0.08489583333333334 0.09166666666666666
0 0.9028645833333333 0.41458333333333336 0.08072916666666667 0.0859375
0 0.9817708333333334 0.4700520833333333 0.030208333333333334 0.033854166666666664
0 0.10989583333333333 0.0390625 0.06770833333333333 0.0703125
0 0.8317708333333333 0.3015625 0.035416666666666666 0.0359375
0 0.7268229166666667 0.10677083333333333 0.12864583333333332 0.11822916666666666
0 0.04192708333333333 0.8739583333333333 0.0828125 0.17395833333333333
0 0.9067708333333333 0.8231770833333333 0.18541666666666667 0.24739583333333334
0 0.4270833333333333 0.23854166666666668 0.0375 0.041666666666666664
0 0.3151041666666667 0.7841145833333333 0.09166666666666666 0.08802083333333334
0 0.16484375 0.08359375 0.050520833333333334 0.04895833333333333
0 0.023697916666666666 0.10234375 0.04739583333333333 0.07447916666666667
0 0.32135416666666666 0.6390625 0.22916666666666666 0.18333333333333332
0 0.8520833333333333 0.365625 0.09791666666666667 0.08125
0 0.6453125 0.6830729166666667 0.19166666666666668 0.16927083333333334
0 0.98203125 0.4432291666666667 0.033854166666666664 0.035416666666666666
0 0.6666666666666666 0.9703125 0.146875 0.0515625
0 0.20885416666666667 0.019270833333333334 0.0625 0.03854166666666667
0 0.4934895833333333 0.07734375 0.21927083333333333 0.1546875
0 0.8846354166666667 0.5697916666666667 0.2203125 0.15520833333333334
0 0.8072916666666666 0.7244791666666667 0.1234375 0.13072916666666667
0 0.9927083333333333 0.5046875 0.013541666666666667 0.0375
0 0.13958333333333334 0.1328125 0.07083333333333333 0.059375
0 0.01015625 0.16197916666666667 0.0203125 0.07291666666666667
0 0.7453125 0.68671875 0.041666666666666664 0.053125
0 0.07604166666666666 0.09114583333333333 0.06145833333333333 0.0671875
0 0.3723958333333333 0.02109375 0.153125 0.0421875
0 0.009375 0.029947916666666668 0.01875 0.0515625
0 0.03229166666666667 0.3541666666666667 0.06458333333333334 0.14895833333333333
0 0.5385416666666667 0.5442708333333334 0.18541666666666667 0.2625
0 0.6572916666666667 0.18463541666666666 0.2520833333333333 0.16197916666666667
0 0.3359375 0.45598958333333334 0.27291666666666664 0.22552083333333334
0 0.9588541666666667 0.3145833333333333 0.08125 0.21666666666666667
0 0.3 0.07786458333333333 0.09791666666666667 0.09010416666666667
0 0.9015625 0.13776041666666666 0.19583333333333333 0.16197916666666667
0 0.7216145833333333 0.36328125 0.09635416666666667 0.09270833333333334
0 0.7197916666666667 0.5057291666666667 0.16770833333333332 0.21875
0 0.3260416666666667 0.9541666666666667 0.11458333333333333 0.0875
0 0.17239583333333333 0.4674479166666667 0.07395833333333333 0.0875
0 0.6192708333333333 0.87890625 0.11875 0.128125
0 0.83046875 0.8903645833333333 0.1234375 0.09947916666666666
0 0.7395833333333334 0.2981770833333333 0.04375 0.0375
0 0.40572916666666664 0.3653645833333333 0.07604166666666666 0.0828125
0 0.44635416666666666 0.9028645833333333 0.15104166666666666 0.14322916666666666
0 0.22552083333333334 0.9234375 0.10625 0.115625
0 0.121875 0.9408854166666667 0.196875 0.11666666666666667
0 0.103125 0.20625 0.06979166666666667 0.058854166666666666
0 0.21223958333333334 0.18072916666666666 0.11822916666666666 0.10520833333333333
0 0.2713541666666667 0.27395833333333336 0.22395833333333334 0.13697916666666668
0 0.0484375 0.171875 0.05 0.04791666666666667
0 0.553125 0.7510416666666667 0.11041666666666666 0.12760416666666666
0 0.5723958333333333 0.34140625 0.21354166666666666 0.21145833333333333
0 0.5161458333333333 0.8223958333333333 0.090625 0.09895833333333333
0 0.38125 0.21927083333333333 0.07916666666666666 0.14739583333333334
0 0.3372395833333333 0.14817708333333332 0.078125 0.06666666666666667
0 0.24296875 0.14661458333333333 0.09322916666666667 0.0984375