0 0.4473958333333333 0.25859375 0.16875 0.1921875
0 0.05625 0.8390625 0.103125 0.103125
0 0.85703125 0.7424479166666667 0.09635416666666667 0.1109375
0 0.55859375 0.18541666666666667 0.08020833333333334 0.08958333333333333
0 0.8260416666666667 0.16979166666666667 0.0921875 0.08854166666666667
0 0.66796875 0.08697916666666666 0.20364583333333333 0.16875
0 0.56953125 0.2799479166666667 0.08020833333333334 0.10572916666666667
0 0.2125 0.47421875 0.109375 0.09427083333333333
0 0.49921875 0.8276041666666667 0.065625 0.05625
0 0.34088541666666666 0.24401041666666667 0.0515625 0.0515625
0 0.24947916666666667 0.8192708333333333 0.10364583333333334 0.09583333333333334
0 0.89140625 0.31223958333333335 0.041666666666666664 0.033854166666666664
0 0.5606770833333333 0.36953125 0.06666666666666667 0.059895833333333336
0 0.12552083333333333 0.9466145833333334 0.10104166666666667 0.06614583333333333
0 0.3846354166666667 0.6354166666666666 0.15989583333333332 0.13645833333333332
0 0.75703125 0.1828125 0.04895833333333333 0.05625
0 0.08697916666666666 0.43203125 0.16979166666666667 0.1734375
0 0.9161458333333333 0.6533854166666667 0.08333333333333333 0.0765625
0 0.08984375 0.8955729166666667 0.08229166666666667 0.08177083333333333
0 0.8065104166666667 0.048177083333333336 0.059895833333333336 0.05572916666666667
0 0.2794270833333333 0.9078125 0.09375 0.08958333333333333
0 0.50703125 0.8713541666666667 0.0375 0.041666666666666664
0 0.48046875 0.13463541666666667 0.07760416666666667 0.06822916666666666
0 0.0421875 0.9755208333333333 0.0671875 0.04791666666666667
0 0.971875 0.8486979166666667 0.05625 0.10052083333333334
0 0.7598958333333333 0.2796875 0.0796875 0.07604166666666666
0 0.9755208333333333 0.6796875 0.04895833333333333 0.06770833333333333
0 0.22682291666666668 0.9778645833333334 0.08802083333333334 0.043229166666666666
0 0.9325520833333333 0.16953125 0.05520833333333333 0.04739583333333333
0 0.32916666666666666 0.7033854166666667 0.03854166666666667 0.033854166666666664
0 0.8145833333333333 0.9036458333333334 0.1109375 0.11041666666666666
0 0.6317708333333333 0.3606770833333333 0.06822916666666666 0.04635416666666667
0 0.5393229166666667 0.128125 0.04479166666666667 0.041666666666666664
0 0.91015625 0.19869791666666667 0.07395833333333333 0.0515625
0 0.9286458333333333 0.7244791666666667 0.06041666666666667 0.042708333333333334
0 0.9453125 0.490625 0.09583333333333334 0.08645833333333333
0 0.7716145833333333 0.12317708333333334 0.042708333333333334 0.0421875
0 0.9528645833333333 0.28098958333333335 0.09427083333333333 0.18177083333333333
0 0.73671875 0.9770833333333333 0.043229166666666666 0.04375
0 0.77421875 0.82578125 0.058333333333333334 0.1078125
0 0.8440104166666667 0.2596354166666667 0.06666666666666667 0.059895833333333336
0 0.65390625 0.8479166666666667 0.2125 0.16979166666666667
0 0.39296875 0.9684895833333333 0.071875 0.0609375
0 0.2557291666666667 0.28463541666666664 0.0890625 0.11614583333333334
0 0.8940104166666667 0.27291666666666664 0.04375 0.046875
0 0.3729166666666667 0.15859375 0.0546875 0.050520833333333334
0 0.20833333333333334 0.6322916666666667 0.03958333333333333 0.03854166666666667
0 0.49322916666666666 0.7895833333333333 0.040625 0.041666666666666664
0 0.07578125 0.6971354166666667 0.14427083333333332 0.1515625
0 0.6533854166666667 0.9794270833333333 0.1546875 0.04010416666666667
0 0.52421875 0.07526041666666666 0.08020833333333334 0.06302083333333333
0 0.07473958333333333 0.06744791666666666 0.078125 0.06302083333333333
0 0.678125 0.32395833333333335 0.103125 0.06875
0 0.178125 0.5572916666666666 0.1140625 0.07395833333333333
0 0.9635416666666666 0.10572916666666667 0.07291666666666667 0.07291666666666667
0 0.35052083333333334 0.8260416666666667 0.11927083333333334 0.13020833333333334
0 0.9765625 0.6372395833333333 0.04375 0.0359375
0 0.8385416666666666 0.38828125 0.20104166666666667 0.1875
0 0.15546875 0.8658854166666666 0.10572916666666667 0.11927083333333334
0 0.4361979166666667 0.8674479166666667 0.06927083333333334 0.06927083333333334
0 0.3546875 0.21614583333333334 0.049479166666666664 0.035416666666666666
0 0.4283854166666667 0.04921875 0.19375 0.0984375
0 0.9919270833333333 0.15104166666666666 0.016145833333333335 0.052083333333333336
0 0.6578125 0.2716145833333333 0.10364583333333334 0.058854166666666666
0 0.49921875 0.7356770833333334 0.033854166666666664 0.028645833333333332
0 0.4471354166666667 0.3958333333333333 0.10677083333333333 0.09583333333333334
0 0.65703125 0.7111979166666667 0.15104166666666666 0.1015625
0 0.9184895833333333 0.8966145833333333 0.09947916666666666 0.1578125
0 0.33880208333333334 0.07942708333333333 0.08125 0.0921875
0 0.87109375 0.5611979166666666 0.10572916666666667 0.07447916666666667
0 0.9817708333333334 0.5635416666666667 0.036458333333333336 0.08125
0 0.8643229166666667 0.615625 0.08854166666666667 0.071875
0 0.6494791666666667 0.4088541666666667 0.052083333333333336 0.05625
0 0.3984375 0.47708333333333336 0.096875 0.06458333333333334
0 0.7359375 0.35572916666666665 0.0546875 0.058333333333333334
0 0.38359375 0.3140625 0.11927083333333334 0.09479166666666666
0 0.8760416666666667 0.13880208333333333 0.05625 0.06510416666666667
0 0.228125 0.3580729166666667 0.0734375 0.058854166666666666
0 0.76640625 0.6453125 0.03177083333333333 0.034375
0 0.5057291666666667 0.9114583333333334 0.034375 0.027083333333333334
0 0.43723958333333335 0.9572916666666667 0.0375 0.041666666666666664
0 0.5463541666666667 0.7973958333333333 0.03333333333333333 0.03958333333333333
0 0.5559895833333334 0.76328125 0.030208333333333334 0.03177083333333333
0 0.5799479166666667 0.740625 0.01875 0.021875
0 0.5526041666666667 0.6825520833333333 0.05625 0.05260416666666667
0 0.5364583333333334 0.7255208333333333 0.029166666666666667 0.036458333333333336
0 0.490625 0.6541666666666667 0.04739583333333333 0.041666666666666664
0 0.47239583333333335 0.7578125 0.040625 0.04479166666666667
0 0.4546875 0.81171875 0.03958333333333333 0.044270833333333336
0 0.4395833333333333 0.77890625 0.033854166666666664 0.04114583333333333
0 0.434375 0.6989583333333333 0.030208333333333334 0.03333333333333333
0 0.3997395833333333 0.7994791666666666 0.040625 0.04895833333333333
0 0.37473958333333335 0.76015625 0.034375 0.0296875
0 0.35 0.7393229166666667 0.0453125 0.0421875
0 0.24973958333333332 0.70546875 0.04114583333333333 0.0359375
0 0.2950520833333333 0.7255208333333333 0.052083333333333336 0.057291666666666664
0 0.26067708333333334 0.7489583333333333 0.0375 0.040625
0 0.46953125 0.615625 0.0234375 0.03229166666666667
0 0.44296875 0.6265625 0.03177083333333333 0.030208333333333334
0 0.6078125 0.575 0.019270833333333334 0.021875
0 0.55 0.5880208333333333 0.051041666666666666 0.05
0 0.575 0.5330729166666667 0.0453125 0.0484375
0 0.5283854166666667 0.53515625 0.03697916666666667 0.03697916666666667
0 0.48333333333333334 0.5625 0.034895833333333334 0.034375
0 0.4609375 0.5286458333333334 0.029166666666666667 0.036458333333333336
0 0.3255208333333333 0.5825520833333333 0.04010416666666667 0.0390625
0 0.4453125 0.5075520833333333 0.0296875 0.0328125
0 0.29713541666666665 0.53984375 0.024479166666666666 0.0296875
0 0.2765625 0.6015625 0.04114583333333333 0.042708333333333334
0 0.24609375 0.628125 0.03802083333333333 0.040625
0 0.18932291666666667 0.6049479166666667 0.0453125 0.030729166666666665
0 0.23854166666666668 0.5924479166666666 0.034895833333333334 0.0328125
0 0.26223958333333336 0.5661458333333333 0.04479166666666667 0.03229166666666667
0 0.26197916666666665 0.16640625 0.1421875 0.13541666666666666
0 0.09583333333333334 0.20546875 0.190625 0.265625
0 0.19088541666666667 0.04479166666666667 0.26927083333333335 0.08958333333333333
0 0.028125 0.91015625 0.04635416666666667 0.07864583333333333
0 0.33567708333333335 0.37109375 0.1125 0.13072916666666667
0 0.584375 0.45 0.16614583333333333 0.11041666666666666
0 0.79609375 0.5473958333333333 0.10104166666666667 0.08958333333333333
0 0.42421875 0.54296875 0.046875 0.0515625
0 0.3375 0.7734375 0.0328125 0.026041666666666668
0 0.30416666666666664 0.8 0.03229166666666667 0.03229166666666667
0 0.8328125 0.69921875 0.0296875 0.022395833333333334
0 0.8903645833333333 0.8046875 0.03697916666666667 0.030729166666666665
0 0.7598958333333333 0.9059895833333333 0.027604166666666666 0.03802083333333333
0 0.7213541666666666 0.9361979166666666 0.034375 0.0359375
0 0.16588541666666667 0.665625 0.06979166666666667 0.0703125
0 0.13359375 0.7786458333333334 0.10833333333333334 0.0671875
0 0.27786458333333336 0.6822916666666666 0.04375 0.036458333333333336
0 0.27005208333333336 0.6486979166666667 0.04895833333333333 0.036458333333333336
0 0.29375 0.6372395833333333 0.03177083333333333 0.03333333333333333
0 0.64140625 0.20442708333333334 0.08125 0.07604166666666666
0 0.6953125 0.21901041666666668 0.05572916666666667 0.059895833333333336
0 0.8619791666666666 0.03177083333333333 0.06458333333333334 0.049479166666666664
0 0.9802083333333333 0.9276041666666667 0.03958333333333333 0.06770833333333333
0 0.9770833333333333 0.98203125 0.04583333333333333 0.0359375