0 0.5497395833333333 0.74140625 0.16875 0.1921875
0 0.94765625 0.1609375 0.103125 0.103125
0 0.14583333333333334 0.25755208333333335 0.09635416666666667 0.1109375
0 0.43776041666666665 0.8145833333333333 0.08020833333333334 0.08958333333333333
0 0.17005208333333333 0.8302083333333333 0.0921875 0.08854166666666667
0 0.32734375 0.9130208333333333 0.20364583333333333 0.16875
0 0.4278645833333333 0.7200520833333334 0.08020833333333334 0.10572916666666667
0 0.7872395833333333 0.52578125 0.109375 0.09427083333333333
0 0.5044270833333333 0.17239583333333333 0.065625 0.05625
0 0.6559895833333333 0.7559895833333333 0.0515625 0.0515625
0 0.7541666666666667 0.18072916666666666 0.10364583333333334 0.09583333333333334
0 0.10651041666666666 0.6877604166666667 0.041666666666666664 0.033854166666666664
0 0.43776041666666665 0.63046875 0.06666666666666667 0.059895833333333336
0 0.8796875 0.053385416666666664 0.10104166666666667 0.06614583333333333
0 0.6169270833333333 0.3645833333333333 0.15989583333333332 0.13645833333333332
0 0.23932291666666666 0.8171875 0.04895833333333333 0.05625
0 0.9122395833333333 0.56796875 0.16979166666666667 0.1734375
0 0.08567708333333333 0.34661458333333334 0.08333333333333333 0.0765625
0 0.91484375 0.10442708333333334 0.08229166666666667 0.08177083333333333
0 0.18828125 0.9518229166666666 0.059895833333333336 0.05572916666666667
0 0.7252604166666666 0.0921875 0.09375 0.08958333333333333
0 0.49713541666666666 0.12864583333333332 0.0375 0.041666666666666664
0 0.5153645833333333 0.8653645833333333 0.07760416666666667 0.06822916666666666
0 0.96328125 0.024479166666666666 0.0671875 0.04791666666666667
0 0.030729166666666665 0.15130208333333334 0.059375 0.10052083333333334
0 0.2375 0.7203125 0.0796875 0.07604166666666666
0 0.025520833333333333 0.3203125 0.051041666666666666 0.06770833333333333
0 0.77890625 0.022135416666666668 0.08802083333333334 0.043229166666666666
0 0.06354166666666666 0.83046875 0.05520833333333333 0.04739583333333333
0 0.6731770833333334 0.29661458333333335 0.03854166666666667 0.033854166666666664
0 0.19010416666666666 0.09635416666666667 0.1109375 0.11041666666666666
0 0.36666666666666664 0.6393229166666666 0.06822916666666666 0.04635416666666667
0 0.45651041666666664 0.871875 0.04479166666666667 0.041666666666666664
0 0.08619791666666667 0.8013020833333333 0.07395833333333333 0.0515625
0 0.07395833333333333 0.2755208333333333 0.06041666666666667 0.042708333333333334
0 0.0546875 0.509375 0.09583333333333334 0.08645833333333333
0 0.22395833333333334 0.8768229166666667 0.042708333333333334 0.0421875
0 0.04583333333333333 0.7190104166666667 0.09166666666666666 0.18177083333333333
0 0.26875 0.022916666666666665 0.043229166666666666 0.04375
0 0.22942708333333334 0.17421875 0.058333333333333334 0.1078125
0 0.153125 0.7403645833333333 0.06666666666666667 0.059895833333333336
0 0.3502604166666667 0.15208333333333332 0.2125 0.16979166666666667
0 0.6125 0.031510416666666666 0.071875 0.0609375
0 0.7416666666666667 0.7153645833333333 0.0890625 0.11614583333333334
0 0.10338541666666666 0.7270833333333333 0.04375 0.046875
0 0.6231770833333333 0.84140625 0.0546875 0.050520833333333334
0 0.7932291666666667 0.36770833333333336 0.03958333333333333 0.03854166666666667
0 0.51015625 0.21041666666666667 0.040625 0.041666666666666664
0 0.9265625 0.3028645833333333 0.14427083333333332 0.1515625
0 0.35234375 0.020572916666666666 0.1546875 0.04010416666666667
0 0.4708333333333333 0.9247395833333333 0.08020833333333334 0.06302083333333333
0 0.9203125 0.9325520833333333 0.078125 0.06302083333333333
0 0.31979166666666664 0.6760416666666667 0.103125 0.06875
0 0.8223958333333333 0.4427083333333333 0.1140625 0.07395833333333333
0 0.03411458333333333 0.8942708333333333 0.06822916666666666 0.07291666666666667
0 0.653125 0.17395833333333333 0.11927083333333334 0.13020833333333334
0 0.025 0.36276041666666664 0.04375 0.0359375
0 0.16015625 0.61171875 0.20104166666666667 0.1875
0 0.8486979166666667 0.13411458333333334 0.10572916666666667 0.11927083333333334
0 0.56796875 0.13255208333333332 0.06927083333333334 0.06927083333333334
0 0.6419270833333334 0.7838541666666666 0.049479166666666664 0.035416666666666666
0 0.56640625 0.95078125 0.19375 0.0984375
0 0.005989583333333334 0.8489583333333334 0.011979166666666667 0.052083333333333336
0 0.33958333333333335 0.7283854166666667 0.10364583333333334 0.058854166666666666
0 0.5033854166666667 0.2643229166666667 0.033854166666666664 0.028645833333333332
0 0.5518229166666667 0.6041666666666666 0.10677083333333333 0.09583333333333334
0 0.3455729166666667 0.28880208333333335 0.15104166666666666 0.1015625
0 0.08619791666666667 0.10338541666666666 0.09947916666666666 0.1578125
0 0.65625 0.9205729166666666 0.08125 0.0921875
0 0.1296875 0.4388020833333333 0.10572916666666667 0.07447916666666667
0 0.01875 0.43645833333333334 0.0375 0.08125
0 0.13697916666666668 0.384375 0.08854166666666667 0.071875
0 0.3494791666666667 0.5911458333333334 0.052083333333333336 0.05625
0 0.6013020833333333 0.5229166666666667 0.096875 0.06458333333333334
0 0.2625 0.6442708333333333 0.0546875 0.058333333333333334
0 0.6143229166666667 0.6859375 0.11927083333333334 0.09479166666666666
0 0.11979166666666667 0.8611979166666667 0.05625 0.06510416666666667
0 0.7703125 0.6419270833333334 0.0734375 0.058854166666666666
0 0.23515625 0.3546875 0.03177083333333333 0.034375
0 0.49895833333333334 0.08854166666666667 0.034375 0.027083333333333334
0 0.56796875 0.042708333333333334 0.0375 0.041666666666666664
0 0.45703125 0.20260416666666667 0.03333333333333333 0.03958333333333333
0 0.4471354166666667 0.23671875 0.030208333333333334 0.03177083333333333
0 0.42291666666666666 0.259375 0.01875 0.021875
0 0.44947916666666665 0.31744791666666666 0.05625 0.05260416666666667
0 0.4661458333333333 0.27447916666666666 0.029166666666666667 0.036458333333333336
0 0.5111979166666667 0.3458333333333333 0.04739583333333333 0.041666666666666664
0 0.5307291666666667 0.2421875 0.040625 0.04479166666666667
0 0.5489583333333333 0.18828125 0.03958333333333333 0.044270833333333336
0 0.5635416666666667 0.22109375 0.033854166666666664 0.04114583333333333
0 0.56796875 0.30104166666666665 0.030208333333333334 0.03333333333333333
0 0.60390625 0.20052083333333334 0.040625 0.04895833333333333
0 0.6283854166666667 0.23984375 0.034375 0.0296875
0 0.6528645833333333 0.26067708333333334 0.0453125 0.0421875
0 0.7526041666666666 0.29453125 0.04114583333333333 0.0359375
0 0.7075520833333333 0.27447916666666666 0.052083333333333336 0.057291666666666664
0 0.7421875 0.25104166666666666 0.0375 0.040625
0 0.5317708333333333 0.384375 0.0234375 0.03229166666666667
0 0.55859375 0.3734375 0.03177083333333333 0.030208333333333334
0 0.3932291666666667 0.425 0.019270833333333334 0.021875
0 0.4510416666666667 0.4119791666666667 0.051041666666666666 0.05
0 0.42552083333333335 0.4669270833333333 0.0453125 0.0484375
0 0.47213541666666664 0.46484375 0.03697916666666667 0.03697916666666667
0 0.5174479166666667 0.4375 0.034895833333333334 0.034375
0 0.5393229166666667 0.4713541666666667 0.029166666666666667 0.036458333333333336
0 0.6755208333333333 0.41744791666666664 0.04010416666666667 0.0390625
0 0.5546875 0.49244791666666665 0.0296875 0.0328125
0 0.7033854166666667 0.46015625 0.024479166666666666 0.0296875
0 0.7244791666666667 0.3984375 0.04114583333333333 0.042708333333333334
0 0.75546875 0.371875 0.03802083333333333 0.040625
0 0.8119791666666667 0.39505208333333336 0.0453125 0.030729166666666665
0 0.7625 0.4075520833333333 0.034895833333333334 0.0328125
0 0.7385416666666667 0.43385416666666665 0.04479166666666667 0.03229166666666667
0 0.7341145833333333 0.83359375 0.1421875 0.13541666666666666
0 0.90078125 0.79453125 0.190625 0.265625
0 0.80390625 0.9552083333333333 0.26927083333333335 0.08958333333333333
0 0.9765625 0.08984375 0.04635416666666667 0.07864583333333333
0 0.6627604166666666 0.62890625 0.1125 0.13072916666666667
0 0.41510416666666666 0.55 0.16614583333333333 0.11041666666666666
0 0.20442708333333334 0.45260416666666664 0.10104166666666667 0.08958333333333333
0 0.5763020833333333 0.45703125 0.046875 0.0515625
0 0.665625 0.2265625 0.0328125 0.026041666666666668
0 0.6994791666666667 0.2 0.03229166666666667 0.03229166666666667
0 0.16953125 0.30078125 0.0296875 0.022395833333333334
0 0.11328125 0.1953125 0.03697916666666667 0.030729166666666665
0 0.24479166666666666 0.09401041666666667 0.027604166666666666 0.03802083333333333
0 0.2838541666666667 0.06380208333333333 0.034375 0.0359375
0 0.8361979166666667 0.334375 0.06979166666666667 0.0703125
0 0.86953125 0.22135416666666666 0.10833333333333334 0.0671875
0 0.72421875 0.3177083333333333 0.04375 0.036458333333333336
0 0.7315104166666667 0.35130208333333335 0.04895833333333333 0.036458333333333336
0 0.7078125 0.36276041666666664 0.03177083333333333 0.03333333333333333
0 0.35520833333333335 0.7955729166666666 0.08125 0.07604166666666666
0 0.3015625 0.7809895833333333 0.05572916666666667 0.059895833333333336
0 0.13255208333333332 0.9682291666666667 0.06458333333333334 0.049479166666666664
0 0.022395833333333334 0.07239583333333334 0.04479166666666667 0.06770833333333333
0 0.02578125 0.01796875 0.0515625 0.0359375