0 0.55390625 0.7372395833333333 0.171875 0.19635416666666666
0 0.9419270833333333 0.14765625 0.1046875 0.10520833333333333
0 0.14166666666666666 0.2630208333333333 0.0984375 0.11302083333333333
0 0.4432291666666667 0.8130208333333333 0.08177083333333333 0.09166666666666666
0 0.17578125 0.8348958333333333 0.09375 0.090625
0 0.3346354166666667 0.9127604166666666 0.20677083333333332 0.17135416666666667
0 0.4317708333333333 0.7184895833333333 0.08229166666666667 0.1078125
0 0.7877604166666666 0.5161458333333333 0.1109375 0.096875
0 0.4986979166666667 0.16953125 0.06666666666666667 0.0578125
0 0.6604166666666667 0.74921875 0.05260416666666667 0.053125
0 0.7484375 0.171875 0.10520833333333333 0.09791666666666667
0 0.10963541666666667 0.69375 0.0421875 0.034375
0 0.4401041666666667 0.62890625 0.06770833333333333 0.06145833333333333
0 0.871875 0.04192708333333333 0.10208333333333333 0.06822916666666666
0 0.6145833333333334 0.35885416666666664 0.1625 0.14010416666666667
0 0.24479166666666666 0.8200520833333333 0.05 0.0578125
0 0.9119791666666667 0.55546875 0.1703125 0.17760416666666667
0 0.08307291666666666 0.3533854166666667 0.08489583333333334 0.07864583333333333
0 0.9078125 0.09192708333333334 0.08385416666666666 0.08385416666666666
0 0.19609375 0.9557291666666666 0.0609375 0.057291666666666664
0 0.7182291666666667 0.08411458333333334 0.0953125 0.09166666666666666
0 0.490625 0.12578125 0.03802083333333333 0.0421875
0 0.5216145833333333 0.86171875 0.07864583333333333 0.0703125
0 0.9552083333333333 0.017708333333333333 0.06770833333333333 0.035416666666666666
0 0.027604166666666666 0.159375 0.05520833333333333 0.10208333333333333
0 0.24140625 0.7234375 0.08125 0.078125
0 0.02421875 0.32838541666666665 0.0484375 0.06927083333333334
0 0.7703125 0.017708333333333333 0.08854166666666667 0.035416666666666666
0 0.06927083333333334 0.8375 0.05625 0.04895833333333333
0 0.66953125 0.28958333333333336 0.0390625 0.034375
0 0.18307291666666667 0.10078125 0.11302083333333333 0.11302083333333333
0 0.3690104166666667 0.6395833333333333 0.06927083333333334 0.04791666666666667
0 0.4630208333333333 0.8697916666666666 0.0453125 0.042708333333333334
0 0.09140625 0.8078125 0.075 0.053125
0 0.07005208333333333 0.2825520833333333 0.0609375 0.044270833333333336
0 0.0546875 0.5169270833333334 0.09739583333333333 0.08854166666666667
0 0.23046875 0.8802083333333334 0.043229166666666666 0.042708333333333334
0 0.0484375 0.7265625 0.096875 0.18385416666666668
0 0.2604166666666667 0.025520833333333333 0.04375 0.044270833333333336
0 0.22369791666666666 0.17760416666666667 0.06041666666666667 0.109375
0 0.15729166666666666 0.7453125 0.06770833333333333 0.06145833333333333
0 0.34427083333333336 0.15260416666666668 0.215625 0.17447916666666666
0 0.6041666666666666 0.028645833333333332 0.07291666666666667 0.057291666666666664
0 0.7453125 0.7065104166666667 0.09114583333333333 0.11822916666666666
0 0.10729166666666666 0.7333333333333333 0.04479166666666667 0.04739583333333333
0 0.6291666666666667 0.8354166666666667 0.05572916666666667 0.052083333333333336
0 0.7908854166666667 0.3578125 0.04010416666666667 0.0390625
0 0.5052083333333334 0.20729166666666668 0.04114583333333333 0.0421875
0 0.9231770833333334 0.28984375 0.146875 0.15520833333333334
0 0.34375 0.021614583333333333 0.15520833333333334 0.043229166666666666
0 0.478125 0.9221354166666667 0.08125 0.06510416666666667
0 0.9278645833333333 0.91953125 0.07916666666666666 0.06510416666666667
0 0.3229166666666667 0.67734375 0.10416666666666667 0.07083333333333333
0 0.8213541666666667 0.4322916666666667 0.11510416666666666 0.0765625
0 0.038802083333333334 0.9020833333333333 0.07447916666666667 0.07447916666666667
0 0.6473958333333333 0.16770833333333332 0.12135416666666667 0.1328125
0 0.02265625 0.37083333333333335 0.044270833333333336 0.036458333333333336
0 0.16223958333333333 0.61640625 0.20416666666666666 0.1921875
0 0.8421875 0.12317708333333334 0.1078125 0.12135416666666667
0 0.5614583333333333 0.128125 0.0703125 0.07083333333333333
0 0.6471354166666666 0.77734375 0.05 0.03697916666666667
0 0.57421875 0.9458333333333333 0.1953125 0.10260416666666666
0 0.009895833333333333 0.8575520833333333 0.017708333333333333 0.05260416666666667
0 0.34348958333333335 0.72890625 0.1046875 0.0609375
0 0.49921875 0.26145833333333335 0.034375 0.029166666666666667
0 0.5536458333333333 0.6 0.10833333333333334 0.0984375
0 0.3416666666666667 0.28932291666666665 0.15260416666666668 0.10520833333333333
0 0.07942708333333333 0.11015625 0.10208333333333333 0.15989583333333332
0 0.6635416666666667 0.9138020833333333 0.0828125 0.09427083333333333
0 0.12864583333333332 0.44453125 0.10677083333333333 0.07708333333333334
0 0.018229166666666668 0.44453125 0.036458333333333336 0.08177083333333333
0 0.13489583333333333 0.38984375 0.08958333333333333 0.07395833333333333
0 0.35104166666666664 0.5916666666666667 0.053125 0.0578125
0 0.6015625 0.5174479166666667 0.09791666666666667 0.06666666666666667
0 0.26510416666666664 0.646875 0.05572916666666667 0.059895833333333336
0 0.6174479166666667 0.6802083333333333 0.12083333333333333 0.09739583333333333
0 0.12604166666666666 0.8669270833333333 0.057291666666666664 0.06666666666666667
0 0.77265625 0.6328125 0.07447916666666667 0.06041666666666667
0 0.23255208333333333 0.3580729166666667 0.03229166666666667 0.034895833333333334
0 0.49166666666666664 0.08567708333333333 0.034895833333333334 0.027604166666666666
0 0.5598958333333334 0.03828125 0.03802083333333333 0.0421875
0 0.4518229166666667 0.20078125 0.033854166666666664 0.04010416666666667
0 0.44244791666666666 0.23515625 0.030729166666666665 0.03229166666666667
0 0.41875 0.25833333333333336 0.019270833333333334 0.022395833333333334
0 0.44635416666666666 0.315625 0.057291666666666664 0.05416666666666667
0 0.4622395833333333 0.27239583333333334 0.0296875 0.03697916666666667
0 0.50859375 0.34270833333333334 0.04791666666666667 0.043229166666666666
0 0.5263020833333333 0.23854166666666668 0.04114583333333333 0.0453125
0 0.5434895833333333 0.184375 0.040625 0.04479166666666667
0 0.55859375 0.21666666666666667 0.034375 0.041666666666666664
0 0.5645833333333333 0.29635416666666664 0.030729166666666665 0.033854166666666664
0 0.5986979166666667 0.1953125 0.041666666666666664 0.049479166666666664
0 0.6236979166666666 0.23385416666666667 0.034895833333333334 0.030208333333333334
0 0.6486979166666667 0.25416666666666665 0.04583333333333333 0.04375
0 0.74921875 0.28567708333333336 0.041666666666666664 0.036458333333333336
0 0.7036458333333333 0.26666666666666666 0.053125 0.058854166666666666
0 0.7377604166666667 0.24244791666666668 0.03802083333333333 0.04114583333333333
0 0.5296875 0.3807291666666667 0.023958333333333335 0.0328125
0 0.55625 0.3692708333333333 0.03229166666666667 0.030729166666666665
0 0.39166666666666666 0.4244791666666667 0.019791666666666666 0.022395833333333334
0 0.44947916666666665 0.41015625 0.052083333333333336 0.0515625
0 0.425 0.465625 0.04635416666666667 0.049479166666666664
0 0.47161458333333334 0.4625 0.0375 0.0375
0 0.51640625 0.43411458333333336 0.035416666666666666 0.034895833333333334
0 0.5388020833333333 0.4674479166666667 0.0296875 0.03697916666666667
0 0.6739583333333333 0.41041666666666665 0.040625 0.03958333333333333
0 0.5544270833333333 0.48828125 0.030208333333333334 0.03333333333333333
0 0.7026041666666667 0.45234375 0.025 0.030208333333333334
0 0.72265625 0.39036458333333335 0.041666666666666664 0.043229166666666666
0 0.753125 0.36302083333333335 0.03854166666666667 0.04114583333333333
0 0.81015625 0.3848958333333333 0.04583333333333333 0.03229166666666667
0 0.7609375 0.3984375 0.035416666666666666 0.03333333333333333
0 0.7372395833333333 0.42526041666666664 0.0453125 0.03333333333333333
0 0.73984375 0.825 0.14427083333333332 0.1390625
0 0.9020833333333333 0.7822916666666667 0.18802083333333333 0.26979166666666665
0 0.81171875 0.9450520833333333 0.2708333333333333 0.09583333333333334
0 0.9692708333333333 0.07578125 0.04791666666666667 0.08020833333333334
0 0.6651041666666667 0.6221354166666667 0.11458333333333333 0.13333333333333333
0 0.4158854166666667 0.5489583333333333 0.16822916666666668 0.11458333333333333
0 0.20364583333333333 0.45651041666666664 0.10260416666666666 0.09166666666666666
0 0.5755208333333334 0.45234375 0.04791666666666667 0.053125
0 0.6609375 0.21979166666666666 0.03333333333333333 0.0265625
0 0.6942708333333333 0.19244791666666666 0.0328125 0.0328125
0 0.16614583333333333 0.30546875 0.030208333333333334 0.022916666666666665
0 0.1078125 0.2015625 0.0375 0.03125
0 0.23776041666666667 0.09713541666666667 0.028125 0.03854166666666667
0 0.2760416666666667 0.06614583333333333 0.034895833333333334 0.036458333333333336
0 0.8333333333333334 0.3234375 0.07083333333333333 0.071875
0 0.8645833333333334 0.20989583333333334 0.109375 0.06979166666666667
0 0.72109375 0.30963541666666666 0.044270833333333336 0.03697916666666667
0 0.72890625 0.34296875 0.049479166666666664 0.03802083333333333
0 0.70546875 0.35494791666666664 0.03229166666666667 0.033854166666666664
0 0.36041666666666666 0.7958333333333333 0.0828125 0.078125
0 0.30625 0.7825520833333334 0.05677083333333333 0.06145833333333333
0 0.14088541666666668 0.9736979166666667 0.065625 0.051041666666666666
0 0.01875 0.08046875 0.0375 0.06822916666666666
0 0.021614583333333333 0.026302083333333334 0.043229166666666666 0.03697916666666667