0 0.08828125 0.37604166666666666 0.17552083333333332 0.1953125
0 0.475 0.153125 0.146875 0.13072916666666667
0 0.5697916666666667 0.8263020833333333 0.17916666666666667 0.13177083333333334
0 0.6270833333333333 0.058333333333333334 0.12916666666666668 0.11666666666666667
0 0.5674479166666667 0.64140625 0.09270833333333334 0.10520833333333333
0 0.9455729166666667 0.24479166666666666 0.1078125 0.1265625
0 0.18307291666666667 0.8145833333333333 0.1171875 0.10208333333333333
0 0.5645833333333333 0.53671875 0.11614583333333334 0.11927083333333334
0 0.6893229166666667 0.22760416666666666 0.14947916666666666 0.10572916666666667
0 0.6875 0.92734375 0.17916666666666667 0.14322916666666666
0 0.11119791666666666 0.521875 0.09635416666666667 0.11875
0 0.42942708333333335 0.8533854166666667 0.09010416666666667 0.0546875
0 0.6653645833333334 0.7502604166666667 0.10989583333333333 0.11875
0 0.40234375 0.35 0.12239583333333333 0.16354166666666667
0 0.8705729166666667 0.9692708333333333 0.07395833333333333 0.06145833333333333
0 0.0703125 0.06536458333333334 0.0484375 0.06510416666666667
0 0.7619791666666667 0.10572916666666667 0.10520833333333333 0.07916666666666666
0 0.72578125 0.06328125 0.07135416666666666 0.06614583333333333
0 0.49375 0.05677083333333333 0.058333333333333334 0.05260416666666667
0 0.8393229166666667 0.27890625 0.153125 0.10885416666666667
0 0.45260416666666664 0.6765625 0.2421875 0.16822916666666668
0 0.4348958333333333 0.77578125 0.14635416666666667 0.10572916666666667
0 0.09453125 0.6403645833333333 0.034895833333333334 0.027604166666666666
0 0.40859375 0.046875 0.08125 0.08125
0 0.9815104166666667 0.8760416666666667 0.036458333333333336 0.0546875
0 0.8416666666666667 0.16171875 0.15833333333333333 0.11875
0 0.8479166666666667 0.046875 0.1125 0.09375
0 0.7966145833333333 0.7229166666666667 0.18229166666666666 0.234375
0 0.9408854166666667 0.9578125 0.0640625 0.059895833333333336
0 0.97265625 0.10963541666666667 0.0453125 0.06302083333333333
0 0.47265625 0.022395833333333334 0.08541666666666667 0.044270833333333336
0 0.7434895833333334 0.018489583333333334 0.10989583333333333 0.03697916666666667
0 0.06276041666666667 0.7466145833333333 0.1078125 0.14270833333333333
0 0.051041666666666666 0.15703125 0.10208333333333333 0.23854166666666668
0 0.024739583333333332 0.0171875 0.049479166666666664 0.034375
0 0.21119791666666668 0.021354166666666667 0.0640625 0.0421875
0 0.55859375 0.08229166666666667 0.05520833333333333 0.06822916666666666
0 0.8520833333333333 0.4078125 0.159375 0.1578125
0 0.5768229166666666 0.96875 0.07552083333333333 0.0625
0 0.27786458333333336 0.02421875 0.07760416666666667 0.0484375
0 0.8770833333333333 0.8640625 0.09427083333333333 0.09895833333333333
0 0.5401041666666667 0.39114583333333336 0.12552083333333333 0.1453125
0 0.3182291666666667 0.49322916666666666 0.15885416666666666 0.18697916666666667
0 0.9526041666666667 0.05546875 0.09479166666666666 0.1109375
0 0.709375 0.6651041666666667 0.10729166666666666 0.15052083333333333
0 0.07421875 0.013802083333333333 0.050520833333333334 0.027604166666666666
0 0.45598958333333334 0.4981770833333333 0.128125 0.1421875
0 0.9799479166666667 0.66796875 0.04010416666666667 0.07239583333333334
0 0.03671875 0.6106770833333334 0.0734375 0.10260416666666666
0 0.53046875 0.00703125 0.0328125 0.0140625
0 0.9825520833333333 0.3098958333333333 0.034895833333333334 0.07760416666666667
0 0.2791666666666667 0.88828125 0.16875 0.18020833333333333
0 0.9591145833333333 0.42682291666666666 0.08177083333333333 0.19375
0 0.3731770833333333 0.013020833333333334 0.06302083333333333 0.026041666666666668
0 0.9916666666666667 0.83203125 0.016666666666666666 0.04583333333333333
0 0.88515625 0.596875 0.16197916666666667 0.22708333333333333
0 0.08671875 0.84375 0.10260416666666666 0.1
0 0.1140625 0.9471354166666667 0.109375 0.10572916666666667
0 0.032552083333333336 0.9575520833333333 0.06510416666666667 0.08489583333333334
0 0.4309895833333333 0.9442708333333333 0.21510416666666668 0.11145833333333334
0 0.6778645833333333 0.3880208333333333 0.16770833333333332 0.18489583333333334
0 0.31927083333333334 0.13932291666666666 0.16770833333333332 0.2203125
0 0.2955729166666667 0.7268229166666667 0.15 0.14791666666666667
0 0.16588541666666667 0.12838541666666667 0.1484375 0.2546875
0 0.19869791666666667 0.3619791666666667 0.075 0.09375
0 0.0421875 0.5177083333333333 0.08229166666666667 0.08802083333333334
0 0.13854166666666667 0.7263020833333333 0.051041666666666666 0.06770833333333333
0 0.24088541666666666 0.5307291666666667 0.16302083333333334 0.15677083333333333
0 0.19739583333333333 0.6497395833333334 0.21302083333333333 0.09635416666666667
0 0.9291666666666667 0.7549479166666667 0.1 0.09739583333333333
0 0.5104166666666666 0.26927083333333335 0.1734375 0.12447916666666667
0 0.7 0.5044270833333333 0.146875 0.13489583333333333
0 0.24557291666666667 0.2830729166666667 0.21927083333333333 0.23489583333333333
0 0.23697916666666666 0.98046875 0.11354166666666667 0.0390625