0 0.38828125 0.9122395833333333 0.19947916666666668 0.17552083333333332
0 0.15677083333333333 0.5309895833333333 0.134375 0.14895833333333333
0 0.82734375 0.4244791666666667 0.1359375 0.18125
0 0.06015625 0.3807291666666667 0.11614583333333334 0.13125
0 0.6427083333333333 0.43020833333333336 0.10729166666666666 0.09427083333333333
0 0.23723958333333334 0.058854166666666666 0.12916666666666668 0.10989583333333333
0 0.8247395833333333 0.8114583333333333 0.1046875 0.11875
0 0.53828125 0.4348958333333333 0.121875 0.11822916666666666
0 0.22604166666666667 0.31536458333333334 0.109375 0.15104166666666666
0 0.92578125 0.30494791666666665 0.14739583333333334 0.18177083333333333
0 0.5338541666666666 0.88828125 0.12083333333333333 0.0984375
0 0.8580729166666666 0.5643229166666667 0.05677083333333333 0.09114583333333333
0 0.74921875 0.3302083333333333 0.12135416666666667 0.11197916666666667
0 0.35520833333333335 0.6002604166666666 0.16614583333333333 0.125
0 0.9635416666666666 0.12135416666666667 0.06302083333333333 0.075
0 0.07838541666666667 0.9372395833333333 0.06666666666666667 0.049479166666666664
0 0.10260416666666666 0.24505208333333334 0.08177083333333333 0.10677083333333333
0 0.0609375 0.28177083333333336 0.06770833333333333 0.07239583333333334
0 0.059895833333333336 0.5140625 0.05416666666666667 0.059375
0 0.27395833333333336 0.16458333333333333 0.1125 0.15520833333333334
0 0.68046875 0.5442708333333334 0.17395833333333333 0.2453125
0 0.7802083333333333 0.56015625 0.109375 0.1484375
0 0.6526041666666667 0.9028645833333333 0.028125 0.035416666666666666
0 0.05182291666666667 0.59921875 0.08333333333333333 0.0828125
0 0.8677083333333333 0.015364583333333333 0.05520833333333333 0.030729166666666665
0 0.15677083333333333 0.16432291666666668 0.12239583333333333 0.16041666666666668
0 0.0453125 0.16015625 0.0890625 0.1140625
0 0.71875 0.19947916666666668 0.23854166666666668 0.18645833333333334
0 0.9502604166666667 0.05130208333333333 0.06145833333333333 0.06510416666666667
0 0.10182291666666667 0.03411458333333333 0.0640625 0.04635416666666667
0 0.026041666666666668 0.5356770833333333 0.04635416666666667 0.0859375
0 0.018489583333333334 0.26458333333333334 0.034375 0.11041666666666666
0 0.7596354166666667 0.9328125 0.1453125 0.11041666666666666
0 0.1703125 0.95078125 0.240625 0.0984375
0 0.03125 0.9791666666666666 0.035416666666666666 0.041666666666666664
0 0.03125 0.7971354166666667 0.04375 0.06458333333333334
0 0.08385416666666666 0.44869791666666664 0.06979166666666667 0.05625
0 0.40234375 0.14947916666666666 0.16145833333333334 0.16197916666666667
0 0.96875 0.41510416666666666 0.0625 0.0765625
0 0.03229166666666667 0.73046875 0.050520833333333334 0.07864583333333333
0 0.8583333333333333 0.11666666666666667 0.10104166666666667 0.09583333333333334
0 0.39296875 0.46171875 0.14791666666666667 0.128125
0 0.5002604166666667 0.6817708333333333 0.190625 0.16197916666666667
0 0.052083333333333336 0.05520833333333333 0.10416666666666667 0.096875
0 0.6630208333333333 0.2877604166666667 0.153125 0.10989583333333333
0 0.026822916666666665 0.9341145833333333 0.029166666666666667 0.051041666666666666
0 0.5020833333333333 0.5440104166666667 0.14479166666666668 0.13072916666666667
0 0.659375 0.01875 0.07291666666666667 0.0375
0 0.62421875 0.9611979166666667 0.10416666666666667 0.075
0 0.009635416666666667 0.4778645833333333 0.013541666666666667 0.0328125
0 0.3015625 0.020833333333333332 0.078125 0.036458333333333336
0 0.8963541666666667 0.7140625 0.184375 0.171875
0 0.41875 0.0421875 0.19583333333333333 0.084375
0 0.019010416666666665 0.6354166666666666 0.027604166666666666 0.06354166666666666
0 0.8231770833333333 0.005729166666666666 0.04635416666666667 0.011458333333333333
0 0.5908854166666667 0.11328125 0.23072916666666668 0.16614583333333333
0 0.8559895833333333 0.9072916666666667 0.10208333333333333 0.10416666666666667
0 0.95234375 0.878125 0.0953125 0.11145833333333334
0 0.9638020833333333 0.959375 0.07239583333333334 0.06666666666666667
0 0.9450520833333333 0.5611979166666666 0.10989583333333333 0.2171875
0 0.38671875 0.32421875 0.1890625 0.17083333333333334
0 0.14635416666666667 0.6869791666666667 0.22447916666666667 0.17135416666666667
0 0.7346354166666667 0.7005208333333334 0.1515625 0.15260416666666668
0 0.13932291666666666 0.840625 0.25833333333333336 0.15260416666666668
0 0.371875 0.8036458333333333 0.0953125 0.0765625
0 0.53125 0.9575520833333333 0.09010416666666667 0.08385416666666666
0 0.7375 0.8575520833333333 0.06927083333333334 0.052083333333333336
0 0.5395833333333333 0.75859375 0.16041666666666668 0.165625
0 0.6596354166666667 0.8 0.10104166666666667 0.21458333333333332
0 0.74765625 0.06640625 0.09947916666666666 0.1015625
0 0.271875 0.4934895833333333 0.12864583333333332 0.17552083333333332
0 0.5028645833333333 0.3 0.13854166666666667 0.14895833333333333
0 0.29192708333333334 0.7580729166666667 0.23958333333333334 0.2234375
0 0.9841145833333333 0.7544270833333333 0.03177083333333333 0.1140625