0 0.37552083333333336 0.08828125 0.19635416666666666 0.17552083333333332
0 0.15026041666666667 0.475 0.13177083333333334 0.146875
0 0.8229166666666666 0.5697916666666667 0.1328125 0.17916666666666667
0 0.05677083333333333 0.6270833333333333 0.11354166666666667 0.12916666666666668
0 0.6380208333333334 0.5674479166666667 0.10572916666666667 0.09270833333333334
0 0.23932291666666666 0.9455729166666667 0.12708333333333333 0.1078125
0 0.8135416666666667 0.18307291666666667 0.10260416666666666 0.1171875
0 0.5333333333333333 0.5645833333333333 0.11979166666666667 0.11614583333333334
0 0.22369791666666666 0.6893229166666667 0.10677083333333333 0.14947916666666666
0 0.9234375 0.6875 0.14427083333333332 0.17916666666666667
0 0.5213541666666667 0.11119791666666666 0.11927083333333334 0.09635416666666667
0 0.85078125 0.42942708333333335 0.05520833333333333 0.09010416666666667
0 0.7463541666666667 0.6653645833333334 0.11927083333333334 0.10989583333333333
0 0.34765625 0.40234375 0.1640625 0.12239583333333333
0 0.9643229166666667 0.8705729166666667 0.06197916666666667 0.07395833333333333
0 0.06484375 0.0703125 0.065625 0.0484375
0 0.10130208333333333 0.7619791666666667 0.0796875 0.10520833333333333
0 0.05911458333333333 0.72578125 0.06666666666666667 0.07135416666666666
0 0.05390625 0.49375 0.053125 0.058333333333333334
0 0.27395833333333336 0.8393229166666667 0.10989583333333333 0.153125
0 0.6739583333333333 0.45260416666666664 0.16979166666666667 0.2421875
0 0.7731770833333333 0.4348958333333333 0.10677083333333333 0.14635416666666667
0 0.63984375 0.09453125 0.027604166666666666 0.034895833333333334
0 0.04453125 0.40859375 0.08177083333333333 0.08125
0 0.8703125 0.9815104166666667 0.0546875 0.036458333333333336
0 0.15677083333333333 0.8416666666666667 0.11979166666666667 0.15833333333333333
0 0.04453125 0.8479166666666667 0.0890625 0.1125
0 0.7182291666666667 0.7966145833333333 0.23541666666666666 0.18229166666666666
0 0.95234375 0.9408854166666667 0.06041666666666667 0.0640625
0 0.10390625 0.97265625 0.06354166666666666 0.0453125
0 0.02109375 0.47265625 0.0421875 0.08541666666666667
0 0.01640625 0.7434895833333334 0.0328125 0.10989583333333333
0 0.7463541666666667 0.06276041666666667 0.14322916666666666 0.1078125
0 0.15677083333333333 0.051041666666666666 0.2390625 0.10208333333333333
0 0.0171875 0.024739583333333332 0.034375 0.049479166666666664
0 0.020572916666666666 0.21119791666666668 0.04114583333333333 0.0640625
0 0.07916666666666666 0.55859375 0.06875 0.05520833333333333
0 0.40286458333333336 0.8520833333333333 0.15885416666666666 0.159375
0 0.9653645833333333 0.5768229166666666 0.06302083333333333 0.07552083333333333
0 0.0234375 0.27786458333333336 0.046875 0.07760416666666667
0 0.8588541666666667 0.8770833333333333 0.09947916666666666 0.09427083333333333
0 0.3880208333333333 0.5401041666666667 0.14583333333333334 0.12552083333333333
0 0.49140625 0.3182291666666667 0.18802083333333333 0.15885416666666666
0 0.05286458333333333 0.9526041666666667 0.10572916666666667 0.09479166666666666
0 0.6609375 0.709375 0.15104166666666666 0.10729166666666666
0 0.013541666666666667 0.07421875 0.027083333333333334 0.050520833333333334
0 0.49557291666666664 0.45598958333333334 0.14270833333333333 0.128125
0 0.6622395833333333 0.9799479166666667 0.07239583333333334 0.04010416666666667
0 0.6104166666666667 0.03671875 0.103125 0.0734375
0 0.00546875 0.53046875 0.0109375 0.0328125
0 0.30416666666666664 0.9825520833333333 0.07760416666666667 0.034895833333333334
0 0.88671875 0.2791666666666667 0.18125 0.16875
0 0.42135416666666664 0.9591145833333333 0.19427083333333334 0.08177083333333333
0 0.011979166666666667 0.3731770833333333 0.023958333333333335 0.06302083333333333
0 0.8263020833333333 0.9916666666666667 0.04583333333333333 0.016666666666666666
0 0.5916666666666667 0.88515625 0.228125 0.16197916666666667
0 0.8432291666666667 0.08671875 0.10052083333333334 0.10260416666666666
0 0.9463541666666667 0.1140625 0.10625 0.109375
0 0.9572916666666667 0.032552083333333336 0.08541666666666667 0.06510416666666667
0 0.9416666666666667 0.4309895833333333 0.1125 0.21510416666666668
0 0.3841145833333333 0.6778645833333333 0.1859375 0.16770833333333332
0 0.1375 0.31927083333333334 0.22135416666666666 0.16770833333333332
0 0.725 0.2955729166666667 0.14895833333333333 0.15
0 0.12760416666666666 0.16588541666666667 0.2552083333333333 0.1484375
0 0.3609375 0.19869791666666667 0.09427083333333333 0.075
0 0.5174479166666667 0.0421875 0.08854166666666667 0.08229166666666667
0 0.7255208333333333 0.13854166666666667 0.06822916666666666 0.051041666666666666
0 0.5294270833333333 0.24088541666666666 0.1578125 0.16302083333333334
0 0.6486979166666667 0.19739583333333333 0.09739583333333333 0.21302083333333333
0 0.7494791666666667 0.9291666666666667 0.09791666666666667 0.1
0 0.26640625 0.5104166666666666 0.12552083333333333 0.1734375
0 0.5002604166666667 0.7 0.1359375 0.146875
0 0.28177083333333336 0.24557291666666667 0.2359375 0.21927083333333333
0 0.9791666666666666 0.23697916666666666 0.03958333333333333 0.11354166666666667