0 0.08776041666666666 0.38255208333333335 0.17552083333333332 0.19947916666666668
0 0.46901041666666665 0.15104166666666666 0.14895833333333333 0.134375
0 0.5755208333333334 0.8216145833333334 0.18125 0.1359375
0 0.6192708333333333 0.05625 0.13125 0.1125
0 0.5697916666666667 0.63671875 0.09427083333333333 0.10729166666666666
0 0.9411458333333333 0.23151041666666666 0.10989583333333333 0.12916666666666668
0 0.18854166666666666 0.8190104166666666 0.11875 0.1046875
0 0.5651041666666666 0.5322916666666667 0.11822916666666666 0.121875
0 0.6846354166666667 0.2203125 0.15104166666666666 0.109375
0 0.6950520833333333 0.9197916666666667 0.18177083333333333 0.14739583333333334
0 0.11171875 0.528125 0.0984375 0.12083333333333333
0 0.4356770833333333 0.8520833333333333 0.09114583333333333 0.05677083333333333
0 0.6697916666666667 0.7434895833333334 0.11197916666666667 0.12135416666666667
0 0.3997395833333333 0.3494791666666667 0.125 0.16614583333333333
0 0.8786458333333333 0.9575520833333333 0.075 0.06302083333333333
0 0.06276041666666667 0.07265625 0.049479166666666664 0.06666666666666667
0 0.7549479166666667 0.096875 0.10677083333333333 0.08177083333333333
0 0.7182291666666667 0.05520833333333333 0.07239583333333334 0.06770833333333333
0 0.4859375 0.05416666666666667 0.059375 0.05416666666666667
0 0.8354166666666667 0.26796875 0.15520833333333334 0.1125
0 0.4557291666666667 0.6747395833333333 0.2453125 0.17395833333333333
0 0.43984375 0.77421875 0.1484375 0.109375
0 0.09713541666666667 0.646875 0.035416666666666666 0.028125
0 0.40078125 0.04609375 0.0828125 0.08333333333333333
0 0.9846354166666667 0.8619791666666666 0.030729166666666665 0.05520833333333333
0 0.8356770833333333 0.15078125 0.16041666666666668 0.12239583333333333
0 0.83984375 0.04192708333333333 0.1140625 0.08385416666666666
0 0.8005208333333333 0.7130208333333333 0.18645833333333334 0.23854166666666668
0 0.9486979166666667 0.94453125 0.06510416666666667 0.06145833333333333
0 0.9658854166666667 0.09583333333333334 0.04635416666666667 0.0640625
0 0.46432291666666664 0.021614583333333333 0.0859375 0.043229166666666666
0 0.7348958333333333 0.01484375 0.11041666666666666 0.0296875
0 0.0671875 0.7536458333333333 0.11041666666666666 0.1453125
0 0.04895833333333333 0.16458333333333333 0.09791666666666667 0.240625
0 0.020572916666666666 0.025520833333333333 0.04114583333333333 0.035416666666666666
0 0.20286458333333332 0.025260416666666667 0.06458333333333334 0.04375
0 0.5513020833333333 0.078125 0.05625 0.06979166666666667
0 0.8505208333333333 0.3966145833333333 0.16197916666666667 0.16145833333333334
0 0.5848958333333333 0.9640625 0.0765625 0.06458333333333334
0 0.26953125 0.0265625 0.07864583333333333 0.050520833333333334
0 0.8833333333333333 0.85234375 0.09583333333333334 0.10104166666666667
0 0.53828125 0.38723958333333336 0.128125 0.14791666666666667
0 0.3182291666666667 0.49453125 0.16197916666666667 0.190625
0 0.9447916666666667 0.04921875 0.096875 0.0984375
0 0.7122395833333334 0.6572916666666667 0.10989583333333333 0.153125
0 0.06588541666666667 0.02109375 0.051041666666666666 0.029166666666666667
0 0.45598958333333334 0.49635416666666665 0.13072916666666667 0.14479166666666668
0 0.9809895833333333 0.6536458333333334 0.03802083333333333 0.07291666666666667
0 0.038802083333333334 0.6184895833333334 0.075 0.10416666666666667
0 0.5216145833333333 0.005208333333333333 0.0328125 0.010416666666666666
0 0.9791666666666666 0.29583333333333334 0.036458333333333336 0.078125
0 0.2859375 0.890625 0.171875 0.184375
0 0.9575520833333333 0.41302083333333334 0.08489583333333334 0.19583333333333333
0 0.3645833333333333 0.013541666666666667 0.06354166666666666 0.027083333333333334
0 0.9942708333333333 0.8174479166666667 0.011458333333333333 0.04635416666666667
0 0.88671875 0.5848958333333333 0.16614583333333333 0.23072916666666668
0 0.09270833333333334 0.8502604166666666 0.10416666666666667 0.10208333333333333
0 0.121875 0.94921875 0.11145833333333334 0.10052083333333334
0 0.040625 0.9609375 0.06666666666666667 0.078125
0 0.4388020833333333 0.9411458333333333 0.2171875 0.11354166666666667
0 0.67578125 0.3809895833333333 0.17083333333333334 0.1890625
0 0.31302083333333336 0.140625 0.17135416666666667 0.22447916666666667
0 0.2994791666666667 0.7286458333333333 0.15260416666666668 0.1515625
0 0.159375 0.13333333333333333 0.15260416666666668 0.25833333333333336
0 0.19635416666666666 0.36614583333333334 0.0765625 0.0953125
0 0.04244791666666667 0.5255208333333333 0.08385416666666666 0.09010416666666667
0 0.14244791666666667 0.7317708333333334 0.052083333333333336 0.06927083333333334
0 0.24140625 0.5338541666666666 0.165625 0.16041666666666668
0 0.2 0.65390625 0.21458333333333332 0.10104166666666667
0 0.93359375 0.7419270833333333 0.1015625 0.09947916666666666
0 0.5065104166666666 0.26614583333333336 0.17552083333333332 0.12864583333333332
0 0.7 0.496875 0.14895833333333333 0.13854166666666667
0 0.24192708333333332 0.28619791666666666 0.2234375 0.23958333333333334
0 0.24505208333333334 0.9807291666666667 0.1140625 0.036458333333333336