0 0.38307291666666665 0.9098958333333333 0.1984375 0.1765625
0 0.15364583333333334 0.5302083333333333 0.13333333333333333 0.14947916666666666
0 0.825 0.4197916666666667 0.13489583333333333 0.18229166666666666
0 0.0578125 0.38046875 0.115625 0.13177083333333334
0 0.6401041666666667 0.4265625 0.10677083333333333 0.09479166666666666
0 0.23697916666666666 0.05755208333333333 0.12864583333333332 0.11041666666666666
0 0.8200520833333333 0.8067708333333333 0.10416666666666667 0.11927083333333334
0 0.5356770833333333 0.4317708333333333 0.12135416666666667 0.11875
0 0.22421875 0.3140625 0.10833333333333334 0.1515625
0 0.9239583333333333 0.2994791666666667 0.14635416666666667 0.1828125
0 0.5286458333333334 0.88515625 0.1203125 0.09895833333333333
0 0.8546875 0.559375 0.05625 0.09166666666666666
0 0.7473958333333334 0.32578125 0.12083333333333333 0.1125
0 0.35182291666666665 0.5981770833333333 0.165625 0.12604166666666666
0 0.9627604166666667 0.115625 0.0625 0.07552083333333333
0 0.07291666666666667 0.93671875 0.06614583333333333 0.05
0 0.10130208333333333 0.24453125 0.08125 0.10729166666666666
0 0.059375 0.28151041666666665 0.0671875 0.07291666666666667
0 0.05703125 0.5138020833333333 0.05364583333333333 0.059895833333333336
0 0.27291666666666664 0.16302083333333334 0.11145833333333334 0.15572916666666667
0 0.67734375 0.5403645833333334 0.17239583333333333 0.24635416666666668
0 0.7768229166666667 0.5557291666666667 0.10833333333333334 0.14895833333333333
0 0.6473958333333333 0.89921875 0.028125 0.035416666666666666
0 0.0484375 0.5989583333333334 0.0828125 0.08333333333333333
0 0.8677083333333333 0.013020833333333334 0.05520833333333333 0.026041666666666668
0 0.15572916666666667 0.16354166666666667 0.12135416666666667 0.1609375
0 0.044270833333333336 0.15989583333333332 0.08854166666666667 0.11458333333333333
0 0.7177083333333333 0.1953125 0.2375 0.18802083333333333
0 0.95 0.04583333333333333 0.0609375 0.065625
0 0.1015625 0.03359375 0.06354166666666666 0.046875
0 0.022916666666666665 0.5354166666666667 0.04583333333333333 0.08645833333333333
0 0.016927083333333332 0.26458333333333334 0.033854166666666664 0.11041666666666666
0 0.7541666666666667 0.9283854166666666 0.14479166666666668 0.11145833333333334
0 0.16484375 0.9497395833333333 0.24010416666666667 0.1
0 0.025520833333333333 0.97890625 0.035416666666666666 0.041666666666666664
0 0.0265625 0.796875 0.043229166666666666 0.06458333333333334
0 0.08125 0.44817708333333334 0.06927083333333334 0.05677083333333333
0 0.4015625 0.14713541666666666 0.16041666666666668 0.16302083333333334
0 0.9674479166666666 0.409375 0.0640625 0.07708333333333334
0 0.028125 0.7302083333333333 0.05 0.07916666666666666
0 0.8575520833333333 0.11171875 0.10052083333333334 0.09635416666666667
0 0.39036458333333335 0.459375 0.14739583333333334 0.12916666666666668
0 0.49635416666666665 0.67890625 0.18958333333333333 0.16302083333333334
0 0.05182291666666667 0.054947916666666666 0.10364583333333334 0.09739583333333333
0 0.6614583333333334 0.2838541666666667 0.15260416666666668 0.1109375
0 0.021354166666666667 0.9341145833333333 0.028645833333333332 0.051041666666666666
0 0.49895833333333334 0.5411458333333333 0.14427083333333332 0.13177083333333334
0 0.659375 0.016927083333333332 0.07291666666666667 0.033854166666666664
0 0.61875 0.9575520833333333 0.10364583333333334 0.07552083333333333
0 0.0067708333333333336 0.4778645833333333 0.013541666666666667 0.0328125
0 0.3015625 0.019010416666666665 0.078125 0.03697916666666667
0 0.8921875 0.7088541666666667 0.18333333333333332 0.17291666666666666
0 0.41848958333333336 0.04114583333333333 0.1953125 0.08229166666666667
0 0.015364583333333333 0.6354166666666666 0.027083333333333334 0.06354166666666666
0 0.8231770833333333 0.0033854166666666668 0.04635416666666667 0.0067708333333333336
0 0.5901041666666667 0.10989583333333333 0.2296875 0.16770833333333332
0 0.85078125 0.90234375 0.1015625 0.1046875
0 0.95 0.87265625 0.1 0.11197916666666667
0 0.9611979166666667 0.95390625 0.07760416666666667 0.0671875
0 0.94375 0.5557291666666667 0.1125 0.21770833333333334
0 0.3848958333333333 0.321875 0.18802083333333333 0.171875
0 0.14244791666666667 0.6861979166666666 0.2234375 0.17239583333333333
0 0.73046875 0.6963541666666667 0.15052083333333333 0.15364583333333334
0 0.134375 0.83984375 0.25729166666666664 0.15416666666666667
0 0.3671875 0.8015625 0.09479166666666666 0.07708333333333334
0 0.52578125 0.9544270833333334 0.08958333333333333 0.084375
0 0.7325520833333333 0.8533854166666667 0.06875 0.05260416666666667
0 0.53515625 0.75546875 0.159375 0.16666666666666666
0 0.6549479166666666 0.79609375 0.1 0.21510416666666668
0 0.7473958333333334 0.06197916666666667 0.09895833333333333 0.10208333333333333
0 0.26901041666666664 0.49192708333333335 0.12760416666666666 0.17604166666666668
0 0.5010416666666667 0.29713541666666665 0.1375 0.15
0 0.2875 0.7565104166666666 0.23854166666666668 0.225
0 0.98203125 0.7486979166666666 0.0359375 0.1140625