0 0.17109375 0.23359375 0.0859375 0.0828125
0 0.66640625 0.47109375 0.0921875 0.1015625
0 0.853125 0.7890625 0.103125 0.0953125
0 0.3796875 0.83359375 0.1203125 0.1359375
0 0.1828125 0.95625 0.1 0.084375
0 0.696875 0.7203125 0.0984375 0.1015625
0 0.60546875 0.57890625 0.0703125 0.0984375
0 0.73984375 0.9328125 0.0796875 0.125
0 0.56640625 0.871875 0.1 0.103125
0 0.23671875 0.3734375 0.1078125 0.115625
0 0.8640625 0.28125 0.125 0.096875
0 0.4046875 0.33671875 0.1125 0.1171875
0 0.13671875 0.721875 0.1 0.08125
0 0.78046875 0.3203125 0.1078125 0.1078125
0 0.71171875 0.8203125 0.0890625 0.1140625
0 0.04375 0.09375 0.0875 0.146875
0 0.7203125 0.1578125 0.0859375 0.1109375
0 0.14296875 0.78984375 0.0859375 0.06875
0 0.20546875 0.71953125 0.075 0.0859375
0 0.04921875 0.4203125 0.0984375 0.1140625
0 0.26328125 0.80703125 0.15 0.103125
0 0.209375 0.896875 0.0484375 0.05
0 0.05703125 0.884375 0.0625 0.0640625
0 0.69140625 0.6015625 0.109375 0.103125
0 0.6515625 0.8765625 0.078125 0.0859375
0 0.9078125 0.6203125 0.075 0.0828125
0 0.87890625 0.0640625 0.1140625 0.125
0 0.89140625 0.47421875 0.14375 0.1109375
0 0.77578125 0.4703125 0.1390625 0.1109375
0 0.06796875 0.21015625 0.13125 0.109375
0 0.68125 0.9484375 0.1109375 0.1015625
0 0.1921875 0.63125 0.084375 0.090625
0 0.50859375 0.81015625 0.09375 0.125
0 0.79453125 0.84140625 0.103125 0.1140625
0 0.36875 0.19609375 0.0953125 0.1
0 0.87734375 0.940625 0.134375 0.115625
0 0.28046875 0.72421875 0.0921875 0.08125
0 0.66953125 0.34765625 0.1296875 0.109375
0 0.41171875 0.0515625 0.0828125 0.078125
0 0.13515625 0.8578125 0.1203125 0.0984375
0 0.5453125 0.32578125 0.090625 0.0921875
0 0.4046875 0.58125 0.1046875 0.103125
0 0.653125 0.08671875 0.1140625 0.13125
0 0.77578125 0.0453125 0.1078125 0.090625
0 0.28515625 0.6421875 0.121875 0.1125
0 0.50078125 0.6578125 0.1125 0.1265625
0 0.0765625 0.6234375 0.14375 0.1265625
0 0.40234375 0.9125 0.071875 0.05625
0 0.62109375 0.71484375 0.0875 0.109375
0 0.090625 0.490625 0.1078125 0.0796875
0 0.6375 0.2015625 0.1078125 0.1140625
0 0.234375 0.49140625 0.0953125 0.0859375
0 0.4625 0.49453125 0.1265625 0.1296875
0 0.22109375 0.07421875 0.090625 0.11875
0 0.84296875 0.5765625 0.109375 0.0984375
0 0.6875 0.27265625 0.0875 0.078125
0 0.89921875 0.76875 0.115625 0.0953125
0 0.77109375 0.65234375 0.1453125 0.11875
0 0.38671875 0.6890625 0.0953125 0.1140625
0 0.14296875 0.38125 0.0796875 0.0796875
0 0.27421875 0.86328125 0.0796875 0.078125
0 0.459375 0.22734375 0.09375 0.1078125
0 0.13359375 0.65546875 0.05625 0.0765625
0 0.58515625 0.940625 0.0453125 0.053125
0 0.5125 0.13984375 0.1171875 0.1265625
0 0.34609375 0.27265625 0.1046875 0.090625
0 0.89296875 0.378125 0.1078125 0.084375
0 0.825 0.16640625 0.125 0.1109375