0 0.2234375 0.53125 0.053125 0.034375
0 0.55859375 0.17578125 0.0515625 0.053125
0 0.4765625 0.26640625 0.0375 0.0390625
0 0.0953125 0.09765625 0.059375 0.0484375
0 0.6171875 0.4 0.05625 0.059375
0 0.73046875 0.64921875 0.0703125 0.0765625
0 0.54921875 0.13984375 0.0453125 0.053125
0 0.81953125 0.8921875 0.0765625 0.075
0 0.7328125 0.78125 0.090625 0.071875
0 0.6140625 0.31875 0.0234375 0.0203125
0 0.13671875 0.22421875 0.0484375 0.065625
0 0.79609375 0.03359375 0.04375 0.040625
0 0.31328125 0.8734375 0.08125 0.06875
0 0.5125 0.66640625 0.078125 0.0796875
0 0.5109375 0.3390625 0.040625 0.0359375
0 0.82265625 0.06484375 0.0328125 0.040625
0 0.78359375 0.24921875 0.0421875 0.04375
0 0.96015625 0.91640625 0.078125 0.0765625
0 0.73828125 0.203125 0.04375 0.046875
0 0.50390625 0.3765625 0.053125 0.0484375
0 0.8953125 0.31640625 0.0484375 0.05625
0 0.275 0.67109375 0.0640625 0.0421875
0 0.1421875 0.7421875 0.0671875 0.0640625
0 0.12265625 0.425 0.0484375 0.05
0 0.62890625 0.34921875 0.040625 0.0390625
0 0.5328125 0.109375 0.0328125 0.0375
0 0.92109375 0.75625 0.1109375 0.115625
0 0.79140625 0.865625 0.084375 0.0796875
0 0.515625 0.43046875 0.0484375 0.0515625
0 0.65625 0.75390625 0.04375 0.0546875
0 0.8109375 0.66015625 0.1171875 0.1140625
0 0.87734375 0.8109375 0.08125 0.071875
0 0.2671875 0.43125 0.0828125 0.0671875
0 0.475 0.0609375 0.0453125 0.0328125
0 0.0265625 0.28125 0.053125 0.0484375
0 0.1859375 0.5125 0.059375 0.05
0 0.615625 0.13203125 0.0484375 0.0484375
0 0.1984375 0.62890625 0.0484375 0.0484375
0 0.871875 0.30546875 0.0328125 0.0359375
0 0.81171875 0.1078125 0.034375 0.0296875
0 0.18203125 0.6890625 0.071875 0.0578125
0 0.7046875 0.1484375 0.0421875 0.03125
0 0.87578125 0.184375 0.0453125 0.040625
0 0.71484375 0.18984375 0.0375 0.0375
0 0.234375 0.50078125 0.0375 0.0375
0 0.321875 0.16015625 0.184375 0.178125
0 0.61171875 0.76875 0.0578125 0.0765625
0 0.153125 0.1546875 0.05625 0.0484375
0 0.09296875 0.68828125 0.0515625 0.0484375
0 0.37890625 0.05390625 0.1109375 0.103125
0 0.5796875 0.21328125 0.05 0.0515625
0 0.75859375 0.22109375 0.0328125 0.0453125
0 0.11328125 0.36875 0.0921875 0.0875
0 0.49765625 0.10546875 0.0375 0.05
0 0.38515625 0.44765625 0.065625 0.13125
0 0.68359375 0.91484375 0.09375 0.0796875
0 0.825 0.81640625 0.0640625 0.059375
0 0.74921875 0.13046875 0.0328125 0.03125
0 0.33359375 0.640625 0.0546875 0.09375
0 0.5140625 0.15859375 0.0328125 0.0375
0 0.446875 0.65078125 0.0515625 0.0796875
0 0.15546875 0.11640625 0.046875 0.0390625
0 0.9546875 0.0921875 0.05625 0.071875
0 0.04140625 0.5296875 0.0828125 0.08125
0 0.62109375 0.8359375 0.05625 0.0859375
0 0.8140625 0.13671875 0.0234375 0.0375
0 0.846875 0.33828125 0.0296875 0.0375
0 0.609375 0.271875 0.0328125 0.034375
0 0.84453125 0.16015625 0.0375 0.03125
0 0.16015625 0.2953125 0.0921875 0.0953125
0 0.51953125 0.0671875 0.0421875 0.0484375
0 0.63828125 0.0390625 0.05625 0.0453125
0 0.7828125 0.08203125 0.028125 0.04375
0 0.7390625 0.89140625 0.0609375 0.06875
0 0.678125 0.11328125 0.034375 0.0375
0 0.1328125 0.79296875 0.059375 0.046875
0 0.72734375 0.53671875 0.0984375 0.1109375
0 0.875 0.12421875 0.046875 0.0515625
0 0.49609375 0.22578125 0.0328125 0.05
0 0.703125 0.23125 0.0375 0.0328125
0 0.734375 0.1421875 0.0359375 0.040625
0 0.25625 0.5796875 0.165625 0.1015625
0 0.17734375 0.4546875 0.096875 0.0859375
0 0.06953125 0.828125 0.115625 0.0921875
0 0.56875 0.87734375 0.115625 0.103125
0 0.05546875 0.6421875 0.0875 0.078125
0 0.25625 0.8796875 0.0578125 0.071875
0 0.21484375 0.75859375 0.0765625 0.1171875
0 0.9 0.8734375 0.0984375 0.0828125
0 0.81328125 0.4125 0.0421875 0.0375
0 0.07578125 0.44921875 0.08125 0.0640625
0 0.46875 0.1234375 0.0453125 0.0296875
0 0.11953125 0.70859375 0.0609375 0.0453125
0 0.64453125 0.08359375 0.046875 0.040625
0 0.62578125 0.58828125 0.165625 0.134375
0 0.73984375 0.09375 0.0328125 0.0375
0 0.4546875 0.24609375 0.0390625 0.04375
0 0.43515625 0.17109375 0.0484375 0.05625
0 0.7171875 0.16796875 0.0328125 0.021875
0 0.51796875 0.77890625 0.1140625 0.1203125
0 0.11484375 0.60625 0.1390625 0.128125
0 0.08203125 0.2359375 0.0671875 0.0859375
0 0.3328125 0.44296875 0.0703125 0.109375
0 0.16953125 0.1890625 0.0328125 0.0328125
0 0.875 0.3765625 0.0515625 0.04375
0 0.7796875 0.1984375 0.0359375 0.0375
0 0.4359375 0.80703125 0.0796875 0.1265625
0 0.8765625 0.278125 0.059375 0.046875
0 0.8421875 0.2984375 0.0390625 0.0359375
0 0.28203125 0.31171875 0.1234375 0.1109375
0 0.69140625 0.0671875 0.0359375 0.0453125
0 0.67734375 0.83828125 0.071875 0.0921875
0 0.28671875 0.62890625 0.078125 0.05625
0 0.1265625 0.06015625 0.0765625 0.0515625
0 0.8453125 0.4578125 0.0734375 0.059375
0 0.9140625 0.3875 0.0390625 0.0421875
0 0.27734375 0.03203125 0.0578125 0.0640625
0 0.58828125 0.1546875 0.0546875 0.071875
0 0.11796875 0.13125 0.0390625 0.05
0 0.71875 0.059375 0.04375 0.0453125
0 0.165625 0.16640625 0.0390625 0.0296875
0 0.6796875 0.17734375 0.0453125 0.0546875
0 0.84296875 0.1 0.034375 0.034375
0 0.421875 0.4671875 0.053125 0.090625
0 0.04296875 0.06875 0.0703125 0.0640625
0 0.7953125 0.38125 0.05 0.05625
0 0.78984375 0.13984375 0.03125 0.040625