0 0.3671875 0.2578125 0.09375 0.08125
0 0.88359375 0.040625 0.096875 0.08125
0 0.07265625 0.5625 0.0796875 0.0625
0 0.40859375 0.409375 0.0671875 0.0625
0 0.36953125 0.584375 0.1125 0.0953125
0 0.25 0.37890625 0.0671875 0.09375
0 0.21796875 0.86953125 0.0625 0.0640625
0 0.359375 0.4546875 0.1078125 0.1
0 0.196875 0.65625 0.0734375 0.0703125
0 0.93359375 0.23046875 0.1046875 0.078125
0 0.89765625 0.6859375 0.140625 0.0953125
0 0.9125 0.43203125 0.06875 0.0703125
0 0.2109375 0.9328125 0.0640625 0.053125
0 0.2234375 0.0359375 0.065625 0.071875
0 0.134375 0.55078125 0.053125 0.0421875
0 0.55546875 0.103125 0.0640625 0.1046875
0 0.50546875 0.91015625 0.090625 0.09375
0 0.453125 0.65625 0.0484375 0.0515625
0 0.721875 0.47578125 0.09375 0.0859375
0 0.55234375 0.2625 0.1 0.1
0 0.32890625 0.634375 0.0546875 0.0515625
0 0.13046875 0.071875 0.0609375 0.05
0 0.03671875 0.2125 0.0734375 0.0796875
0 0.0625 0.90546875 0.0765625 0.0609375
0 0.93828125 0.39375 0.0953125 0.0921875
0 0.55859375 0.4953125 0.0984375 0.078125
0 0.24609375 0.49296875 0.09375 0.0890625
0 0.09296875 0.22890625 0.0453125 0.0484375
0 0.3328125 0.8515625 0.04375 0.0515625
0 0.22265625 0.75625 0.146875 0.1265625
0 0.353125 0.95703125 0.0640625 0.0703125
0 0.32421875 0.77265625 0.0421875 0.0484375
0 0.3890625 0.7609375 0.1109375 0.0921875
0 0.47890625 0.71796875 0.0921875 0.109375
0 0.83359375 0.278125 0.078125 0.0765625
0 0.5484375 0.94609375 0.1125 0.103125
0 0.140625 0.79921875 0.0640625 0.059375
0 0.04375 0.80625 0.05 0.04375
0 0.65546875 0.34765625 0.08125 0.06875
0 0.5546875 0.434375 0.0796875 0.059375
0 0.18203125 0.515625 0.075 0.096875
0 0.05625 0.6953125 0.1125 0.1
0 0.05859375 0.63515625 0.071875 0.0671875
0 0.7734375 0.51171875 0.0859375 0.0703125
0 0.05 0.7515625 0.08125 0.0640625
0 0.65390625 0.20390625 0.09375 0.071875
0 0.36171875 0.1796875 0.1078125 0.0828125
0 0.65234375 0.45 0.090625 0.090625
0 0.10390625 0.64296875 0.053125 0.0515625
0 0.28359375 0.215625 0.071875 0.0640625
0 0.12734375 0.9390625 0.0640625 0.046875
0 0.83046875 0.76640625 0.0796875 0.0765625
0 0.3046875 0.89453125 0.0515625 0.0828125
0 0.73671875 0.3984375 0.10625 0.0875
0 0.178125 0.296875 0.075 0.0578125
0 0.5359375 0.36328125 0.096875 0.084375
0 0.5234375 0.30625 0.0640625 0.0703125
0 0.15234375 0.8734375 0.06875 0.06875
0 0.175 0.15234375 0.1046875 0.115625
0 0.08359375 0.83671875 0.0578125 0.0640625
0 0.68984375 0.13828125 0.071875 0.075
0 0.4671875 0.12265625 0.125 0.1484375
0 0.94140625 0.93046875 0.1015625 0.128125
0 0.1796875 0.378125 0.084375 0.090625
0 0.29609375 0.04296875 0.0953125 0.0859375
0 0.8265625 0.44140625 0.103125 0.071875
0 0.2875 0.41796875 0.0796875 0.0546875
0 0.66484375 0.54296875 0.078125 0.075
0 0.64453125 0.05859375 0.109375 0.115625
0 0.14140625 0.73125 0.0578125 0.040625
0 0.246875 0.95546875 0.0453125 0.0375
0 0.8265625 0.1890625 0.11875 0.1140625
0 0.1953125 0.5921875 0.078125 0.0640625
0 0.6015625 0.12890625 0.0515625 0.0640625
0 0.30078125 0.31171875 0.0640625 0.0796875
0 0.0703125 0.0796875 0.05 0.0546875
0 0.765625 0.7078125 0.1359375 0.1265625
0 0.14609375 0.69375 0.06875 0.040625
0 0.840625 0.3515625 0.08125 0.0765625
0 0.290625 0.571875 0.059375 0.046875
0 0.57265625 0.7640625 0.1109375 0.115625
0 0.10703125 0.3421875 0.0515625 0.0484375
0 0.96171875 0.50546875 0.0765625 0.071875
0 0.959375 0.71328125 0.0796875 0.0953125
0 0.64296875 0.38515625 0.0453125 0.0421875
0 0.403125 0.3484375 0.0859375 0.078125
0 0.27578125 0.69765625 0.115625 0.0953125
0 0.275 0.63203125 0.075 0.0609375
0 0.0453125 0.96015625 0.0671875 0.065625
0 0.13671875 0.6 0.053125 0.04375
0 0.68125 0.93671875 0.0671875 0.065625
0 0.30703125 0.8109375 0.0546875 0.0421875
0 0.10390625 0.1671875 0.08125 0.0734375
0 0.88203125 0.58828125 0.121875 0.084375
0 0.41171875 0.709375 0.05625 0.0671875
0 0.09375 0.10703125 0.040625 0.0390625
0 0.765625 0.07265625 0.09375 0.1140625
0 0.134375 0.2640625 0.0609375 0.059375
0 0.25 0.1421875 0.059375 0.0546875
0 0.75234375 0.2515625 0.1234375 0.13125
0 0.8453125 0.50703125 0.084375 0.078125
0 0.5484375 0.86953125 0.065625 0.0671875
0 0.21328125 0.228125 0.090625 0.0859375
0 0.30546875 0.975 0.0390625 0.0453125
0 0.04609375 0.48984375 0.078125 0.0828125
0 0.7515625 0.80625 0.1015625 0.0890625
0 0.925 0.8140625 0.125 0.128125
0 0.3890625 0.66796875 0.08125 0.0796875
0 0.18203125 0.9609375 0.040625 0.04375
0 0.52578125 0.04453125 0.053125 0.0703125
0 0.69296875 0.853125 0.109375 0.1328125
0 0.79296875 0.90703125 0.1109375 0.128125