0 0.88984375 0.10546875 0.21875 0.2109375
0 0.08828125 0.1796875 0.1765625 0.146875
0 0.82265625 0.58359375 0.146875 0.1515625
0 0.49453125 0.48046875 0.225 0.14375
0 0.7171875 0.6625 0.1796875 0.18125
0 0.91484375 0.26171875 0.13125 0.1140625
0 0.09921875 0.290625 0.1421875 0.134375
0 0.14609375 0.63671875 0.165625 0.1890625
0 0.69296875 0.5015625 0.134375 0.1453125
0 0.35859375 0.371875 0.225 0.1625
0 0.48984375 0.265625 0.1375 0.1265625
0 0.62734375 0.4375 0.1375 0.1546875
0 0.44296875 0.6 0.1640625 0.1578125
0 0.2390625 0.07109375 0.1875 0.1421875
0 0.684375 0.9453125 0.0875 0.1078125
0 0.72265625 0.1359375 0.1328125 0.15625
0 0.2078125 0.28515625 0.11875 0.0984375
0 0.775 0.2765625 0.1921875 0.1984375
0 0.5890625 0.60546875 0.1546875 0.159375
0 0.896875 0.38828125 0.2046875 0.1921875
0 0.63671875 0.7984375 0.1796875 0.20625
0 0.9234375 0.55859375 0.1515625 0.1625
0 0.5859375 0.2671875 0.0875 0.11875
0 0.70390625 0.3296875 0.15 0.134375
0 0.20859375 0.14453125 0.14375 0.1625
0 0.46953125 0.18203125 0.10625 0.1109375
0 0.225 0.5296875 0.2015625 0.1953125
0 0.4609375 0.10859375 0.1359375 0.13125
0 0.6015625 0.08671875 0.1453125 0.1734375
0 0.803125 0.7390625 0.13125 0.1234375
0 0.5359375 0.371875 0.1515625 0.1328125