0 0.9296875 0.85703125 0.1171875 0.1265625
0 0.24375 0.9015625 0.13125 0.115625
0 0.92734375 0.9328125 0.14375 0.1328125
0 0.79765625 0.55390625 0.0640625 0.071875
0 0.71484375 0.70234375 0.0890625 0.1171875
0 0.70625 0.81640625 0.15 0.1328125
0 0.06875 0.625 0.1078125 0.1015625
0 0.09140625 0.859375 0.15 0.1546875
0 0.478125 0.76640625 0.0765625 0.0578125
0 0.80625 0.10234375 0.1609375 0.1640625
0 0.05546875 0.92421875 0.1109375 0.15
0 0.8453125 0.94296875 0.1046875 0.1125
0 0.91796875 0.6703125 0.0953125 0.1171875
0 0.15 0.3109375 0.1421875 0.1234375
0 0.26484375 0.82265625 0.1046875 0.1078125
0 0.4796875 0.69140625 0.1640625 0.121875
0 0.615625 0.83203125 0.1015625 0.109375
0 0.63359375 0.71484375 0.1265625 0.15
0 0.26875 0.54140625 0.1078125 0.109375
0 0.80546875 0.7875 0.109375 0.1453125
0 0.35390625 0.91796875 0.1046875 0.071875
0 0.521875 0.5578125 0.1125 0.13125
0 0.43671875 0.2171875 0.09375 0.0875
0 0.634375 0.9328125 0.1109375 0.115625
0 0.359375 0.4703125 0.096875 0.115625
0 0.35546875 0.15703125 0.19375 0.2046875
0 0.2984375 0.4109375 0.128125 0.1515625
0 0.4359375 0.59375 0.13125 0.1375
0 0.11015625 0.4578125 0.11875 0.075
0 0.78203125 0.68515625 0.0953125 0.08125
0 0.3921875 0.75859375 0.0921875 0.1109375
0 0.8578125 0.6625 0.0640625 0.1046875
0 0.078125 0.1328125 0.15625 0.134375
0 0.41640625 0.96640625 0.08125 0.0671875
0 0.634375 0.059375 0.196875 0.11875
0 0.05 0.2828125 0.1 0.13125
0 0.12890625 0.2171875 0.096875 0.075
0 0.1796875 0.40546875 0.1265625 0.1328125
0 0.88046875 0.75703125 0.0890625 0.0953125
0 0.34296875 0.58671875 0.1015625 0.1390625
0 0.55859375 0.884375 0.08125 0.13125
0 0.49765625 0.44453125 0.184375 0.1609375
0 0.19140625 0.115625 0.125 0.1078125
0 0.3671875 0.84609375 0.1390625 0.1390625
0 0.2828125 0.290625 0.10625 0.0984375
0 0.12109375 0.68046875 0.1015625 0.1296875
0 0.81328125 0.6171875 0.084375 0.078125
0 0.1375 0.5296875 0.140625 0.115625
0 0.09921875 0.0515625 0.1265625 0.103125
0 0.7375 0.61796875 0.078125 0.071875
0 0.22578125 0.2046875 0.1234375 0.1375
0 0.21640625 0.05390625 0.109375 0.1078125
0 0.21953125 0.72109375 0.1265625 0.1140625
0 0.5421875 0.76015625 0.09375 0.0671875
0 0.20703125 0.6046875 0.1421875 0.15
0 0.734375 0.9203125 0.1390625 0.1515625
0 0.92734375 0.60078125 0.14375 0.11875
0 0.49296875 0.85390625 0.1515625 0.1515625