0 0.20390625 0.9265625 0.05625 0.0640625
0 0.6390625 0.81953125 0.06875 0.0734375
0 0.5859375 0.81953125 0.0421875 0.05
0 0.53828125 0.40859375 0.0765625 0.0734375
0 0.08515625 0.7484375 0.0796875 0.0640625
0 0.740625 0.05546875 0.053125 0.08125
0 0.72578125 0.17109375 0.084375 0.0921875
0 0.5296875 0.321875 0.078125 0.075
0 0.45546875 0.225 0.14375 0.1453125
0 0.353125 0.103125 0.1140625 0.10625
0 0.25390625 0.1625 0.0796875 0.084375
0 0.9390625 0.690625 0.0921875 0.1078125
0 0.165625 0.3671875 0.0671875 0.06875
0 0.55078125 0.109375 0.1265625 0.1390625