0 0.13203125 0.08203125 0.0796875 0.084375
0 0.44921875 0.45703125 0.040625 0.053125
0 0.103125 0.196875 0.071875 0.0578125
0 0.07734375 0.54765625 0.084375 0.0796875
0 0.48359375 0.36640625 0.06875 0.084375
0 0.665625 0.35703125 0.075 0.0828125
0 0.6453125 0.73203125 0.071875 0.0765625
0 0.32109375 0.89609375 0.0765625 0.1
0 0.8125 0.59375 0.1 0.0953125
0 0.390625 0.1484375 0.1 0.1015625
0 0.8 0.10390625 0.0671875 0.053125
0 0.703125 0.86484375 0.0546875 0.065625
0 0.959375 0.55625 0.0703125 0.065625
0 0.8734375 0.36484375 0.0515625 0.059375
0 0.8671875 0.3109375 0.059375 0.05
0 0.9296875 0.23828125 0.053125 0.059375
0 0.81015625 0.509375 0.08125 0.075
0 0.390625 0.69296875 0.071875 0.078125
0 0.0765625 0.2484375 0.04375 0.05625
0 0.49609375 0.2359375 0.0640625 0.0734375
0 0.70859375 0.1125 0.0546875 0.059375
0 0.82109375 0.38671875 0.05 0.053125
0 0.5875 0.03515625 0.065625 0.0640625
0 0.28125 0.20078125 0.0484375 0.078125
0 0.103125 0.625 0.0875 0.08125
0 0.390625 0.2828125 0.084375 0.09375
0 0.121875 0.72578125 0.1015625 0.0921875
0 0.74140625 0.390625 0.1125 0.0890625
0 0.95078125 0.89921875 0.0546875 0.0703125
0 0.3765625 0.8015625 0.10625 0.1078125
0 0.81328125 0.25859375 0.0484375 0.0640625
0 0.203125 0.83046875 0.0953125 0.090625
0 0.75625 0.04609375 0.0671875 0.078125
0 0.90390625 0.8984375 0.0734375 0.0765625
0 0.87890625 0.7046875 0.071875 0.059375
0 0.46796875 0.72109375 0.0671875 0.0609375
0 0.3296875 0.03984375 0.078125 0.0734375
0 0.071875 0.15859375 0.0671875 0.084375
0 0.659375 0.03359375 0.084375 0.0671875
0 0.12109375 0.24453125 0.0484375 0.053125
0 0.32421875 0.72109375 0.0765625 0.0796875
0 0.0390625 0.22109375 0.0546875 0.0828125
0 0.471875 0.65625 0.084375 0.0859375
0 0.46953125 0.5640625 0.05 0.0828125
0 0.51015625 0.86796875 0.0484375 0.0765625
0 0.75546875 0.26640625 0.0890625 0.0734375
0 0.2265625 0.725 0.1015625 0.10625
0 0.6859375 0.6421875 0.075 0.096875
0 0.32109375 0.49609375 0.0578125 0.0640625
0 0.16015625 0.4171875 0.0796875 0.0734375
0 0.284375 0.6453125 0.0671875 0.071875
0 0.93671875 0.7234375 0.0578125 0.0609375
0 0.17578125 0.2734375 0.0796875 0.0953125
0 0.7234375 0.75078125 0.0796875 0.084375
0 0.56328125 0.66953125 0.06875 0.078125
0 0.61875 0.8109375 0.10625 0.0921875
0 0.946875 0.38984375 0.1 0.0828125
0 0.20390625 0.0515625 0.0640625 0.0859375
0 0.17421875 0.13203125 0.071875 0.0828125
0 0.41796875 0.9328125 0.084375 0.084375
0 0.8609375 0.8421875 0.0578125 0.071875
0 0.4 0.0328125 0.075 0.065625
0 0.7125 0.9390625 0.065625 0.0859375
0 0.26875 0.05625 0.0703125 0.0609375
0 0.425 0.3578125 0.078125 0.0796875
0 0.7515625 0.32265625 0.059375 0.053125
0 0.6234375 0.12421875 0.084375 0.1125
0 0.52109375 0.7640625 0.084375 0.09375
0 0.540625 0.9625 0.0953125 0.0734375
0 0.42578125 0.234375 0.0578125 0.0453125
0 0.63515625 0.90625 0.096875 0.103125
0 0.5578125 0.2625 0.0921875 0.1015625
0 0.06328125 0.8640625 0.09375 0.084375
0 0.4625 0.040625 0.071875 0.075
0 0.8578125 0.25390625 0.059375 0.0546875
0 0.65625 0.44453125 0.0734375 0.078125
0 0.61171875 0.5296875 0.0875 0.1
0 0.8 0.89140625 0.0796875 0.0875
0 0.06015625 0.371875 0.0828125 0.0578125
0 0.746875 0.6875 0.06875 0.078125
0 0.359375 0.4203125 0.0921875 0.0859375
0 0.3015625 0.5703125 0.078125 0.0765625
0 0.8875 0.58671875 0.0609375 0.071875
0 0.2359375 0.34453125 0.0453125 0.059375
0 0.31640625 0.09453125 0.040625 0.0578125
0 0.878125 0.1921875 0.0578125 0.06875
0 0.4140625 0.46796875 0.0546875 0.065625
0 0.53203125 0.109375 0.10625 0.096875
0 0.04609375 0.4359375 0.0921875 0.09375
0 0.35703125 0.1890625 0.0625 0.0703125
0 0.4984375 0.46875 0.0515625 0.0640625
0 0.228125 0.584375 0.078125 0.0875
0 0.575 0.3921875 0.0921875 0.1
0 0.46953125 0.8640625 0.05 0.0640625
0 0.37890625 0.5578125 0.0953125 0.078125
0 0.20390625 0.9125 0.096875 0.0890625
0 0.971875 0.26015625 0.053125 0.065625
0 0.3203125 0.265625 0.071875 0.0765625
0 0.27578125 0.09765625 0.0609375 0.0609375
0 0.2796875 0.31640625 0.0671875 0.059375
0 0.25390625 0.4625 0.0484375 0.0609375
0 0.65703125 0.24140625 0.090625 0.1109375
0 0.8109375 0.321875 0.065625 0.0625
0 0.44609375 0.81796875 0.059375 0.0828125
0 0.234375 0.64140625 0.0625 0.0375
0 0.25 0.1890625 0.0890625 0.08125
0 0.1859375 0.515625 0.0484375 0.059375
0 0.884375 0.4078125 0.0515625 0.0484375
0 0.059375 0.0453125 0.065625 0.0796875
0 0.12890625 0.5015625 0.09375 0.0984375
0 0.92734375 0.48984375 0.0765625 0.06875