0 0.15390625 0.66171875 0.1203125 0.128125
0 0.25859375 0.64453125 0.1390625 0.1203125
0 0.9125 0.65078125 0.1734375 0.284375
0 0.51328125 0.19765625 0.265625 0.3140625
0 0.67421875 0.23984375 0.1421875 0.2015625
0 0.70390625 0.4046875 0.1578125 0.1703125
0 0.36875 0.63359375 0.146875 0.1484375
0 0.3484375 0.475 0.2375 0.259375
0 0.5765625 0.4140625 0.1234375 0.13125
0 0.8078125 0.2578125 0.159375 0.228125
0 0.1703125 0.46171875 0.1578125 0.13125
0 0.89296875 0.83671875 0.2125 0.1953125
0 0.14609375 0.36953125 0.2171875 0.1984375
0 0.4453125 0.8578125 0.196875 0.2828125
0 0.1890625 0.90390625 0.1875 0.1828125
0 0.81328125 0.54765625 0.2296875 0.265625
0 0.81328125 0.0859375 0.2125 0.171875
0 0.8109375 0.95859375 0.19375 0.08125
0 0.22265625 0.7515625 0.1609375 0.15625
0 0.95625 0.95234375 0.084375 0.09375
0 0.3765625 0.7421875 0.184375 0.2046875
0 0.534375 0.50390625 0.1984375 0.2046875
0 0.67421875 0.54453125 0.1234375 0.1265625
0 0.63828125 0.70546875 0.2796875 0.2515625
0 0.6109375 0.8828125 0.215625 0.2328125
0 0.325 0.88359375 0.1296875 0.1578125
0 0.1859375 0.56328125 0.1484375 0.1453125
0 0.94375 0.46875 0.1109375 0.1140625
0 0.59140625 0.07734375 0.3046875 0.1546875
0 0.05390625 0.18984375 0.1078125 0.1625