0 0.16953125 0.92265625 0.053125 0.05
0 0.15546875 0.81796875 0.053125 0.059375
0 0.76328125 0.834375 0.0515625 0.0359375
0 0.1328125 0.3390625 0.1234375 0.1265625
0 0.72578125 0.92890625 0.0375 0.0375
0 0.253125 0.7984375 0.0375 0.04375
0 0.80546875 0.7015625 0.0484375 0.046875
0 0.22734375 0.7328125 0.0640625 0.059375
0 0.90546875 0.09609375 0.0484375 0.05
0 0.740625 0.67421875 0.0484375 0.0515625
0 0.196875 0.66875 0.03125 0.0265625
0 0.07890625 0.6734375 0.05 0.0421875
0 0.6609375 0.58203125 0.0421875 0.0421875
0 0.92734375 0.5296875 0.053125 0.040625
0 0.0859375 0.5546875 0.171875 0.1890625
0 0.2125 0.790625 0.05 0.05
0 0.44609375 0.16484375 0.1046875 0.1296875
0 0.92109375 0.86953125 0.0296875 0.0328125
0 0.665625 0.63125 0.0578125 0.0515625
0 0.61484375 0.52890625 0.0484375 0.04375
0 0.66328125 0.7546875 0.0328125 0.0375
0 0.2296875 0.609375 0.05625 0.05
0 0.8765625 0.84765625 0.0546875 0.046875
0 0.2625 0.28828125 0.1234375 0.13125
0 0.6671875 0.5203125 0.0515625 0.04375
0 0.7125 0.4890625 0.04375 0.0421875
0 0.534375 0.0703125 0.1484375 0.140625
0 0.72578125 0.43359375 0.0453125 0.0453125
0 0.66796875 0.4859375 0.028125 0.028125
0 0.15078125 0.12890625 0.1078125 0.11875
0 0.684375 0.97421875 0.04375 0.0453125
0 0.19765625 0.9515625 0.071875 0.0515625
0 0.5640625 0.75 0.0515625 0.0515625
0 0.7390625 0.75078125 0.040625 0.040625
0 0.80859375 0.29453125 0.0953125 0.0859375
0 0.42734375 0.0578125 0.0953125 0.115625
0 0.59765625 0.28359375 0.06875 0.065625
0 0.8390625 0.5140625 0.125 0.13125
0 0.69609375 0.6578125 0.0328125 0.0375
0 0.9015625 0.671875 0.06875 0.0453125
0 0.640625 0.45703125 0.0484375 0.0375
0 0.7734375 0.03046875 0.0546875 0.0609375
0 0.59921875 0.70390625 0.040625 0.0390625
0 0.603125 0.478125 0.0359375 0.040625
0 0.5078125 0.4015625 0.1578125 0.1015625
0 0.7328125 0.89375 0.059375 0.0421875
0 0.5375 0.69921875 0.0546875 0.0515625
0 0.07421875 0.78671875 0.0953125 0.0703125
0 0.73828125 0.6203125 0.0421875 0.0359375
0 0.48125 0.83125 0.1703125 0.1515625
0 0.8859375 0.02265625 0.0453125 0.040625
0 0.80625 0.19375 0.0421875 0.0359375
0 0.34296875 0.36796875 0.1546875 0.184375
0 0.28203125 0.62578125 0.065625 0.05625
0 0.35078125 0.67421875 0.046875 0.053125
0 0.3421875 0.51875 0.175 0.109375
0 0.90625 0.2828125 0.0484375 0.0484375
0 0.7140625 0.3 0.0796875 0.10625
0 0.96953125 0.0671875 0.0609375 0.06875
0 0.17890625 0.63828125 0.04375 0.040625
0 0.90625 0.9125 0.040625 0.0515625
0 0.9703125 0.5234375 0.028125 0.025
0 0.18671875 0.5953125 0.0375 0.0359375
0 0.271875 0.96015625 0.078125 0.0765625
0 0.940625 0.3203125 0.0359375 0.0484375
0 0.23671875 0.67734375 0.053125 0.05
0 0.3515625 0.93671875 0.06875 0.06875
0 0.90859375 0.73828125 0.05 0.04375
0 0.7015625 0.8 0.04375 0.0515625
0 0.8265625 0.92578125 0.0625 0.06875
0 0.275 0.7515625 0.071875 0.0546875
0 0.86875 0.7171875 0.04375 0.05625
0 0.14375 0.7640625 0.03125 0.0328125
0 0.9390625 0.60078125 0.0390625 0.0375
0 0.41796875 0.5828125 0.103125 0.103125
0 0.225 0.92421875 0.0484375 0.0328125
0 0.875 0.92578125 0.0328125 0.03125
0 0.85546875 0.38359375 0.078125 0.05
0 0.7671875 0.978125 0.046875 0.04375
0 0.2890625 0.67890625 0.053125 0.053125
0 0.9 0.31953125 0.0453125 0.0453125
0 0.67421875 0.37109375 0.0671875 0.05
0 0.9328125 0.50546875 0.0203125 0.0203125
0 0.9609375 0.8921875 0.04375 0.04375
0 0.25390625 0.85703125 0.0578125 0.0703125
0 0.9109375 0.78125 0.0453125 0.046875
0 0.63984375 0.4171875 0.053125 0.04375
0 0.51015625 0.303125 0.1234375 0.115625
0 0.196875 0.86640625 0.0671875 0.078125
0 0.67890625 0.90859375 0.0421875 0.0359375
0 0.0515625 0.20078125 0.046875 0.0359375
0 0.809375 0.11328125 0.128125 0.1109375
0 0.47109375 0.646875 0.053125 0.0546875
0 0.41796875 0.40078125 0.075 0.1390625
0 0.615625 0.575 0.05625 0.0546875
0 0.08125 0.87421875 0.065625 0.0703125
0 0.5515625 0.54375 0.04375 0.053125
0 0.8109375 0.81015625 0.053125 0.0390625
0 0.1375 0.68515625 0.0296875 0.05
0 0.65 0.665625 0.0421875 0.04375
0 0.83828125 0.0390625 0.053125 0.0453125
0 0.03984375 0.834375 0.0796875 0.0953125
0 0.8125 0.84140625 0.04375 0.034375
0 0.45859375 0.96328125 0.0765625 0.071875
0 0.28125 0.89453125 0.0640625 0.05625
0 0.09296875 0.7140625 0.0734375 0.0609375
0 0.65625 0.80625 0.0625 0.05
0 0.34375 0.784375 0.140625 0.1375
0 0.23671875 0.08515625 0.096875 0.125
0 0.91875 0.2234375 0.11875 0.0734375