0 0.8328125 0.55859375 0.0484375 0.053125
0 0.28125 0.06875 0.125 0.11875
0 0.4015625 0.1703125 0.1 0.1015625
0 0.4 0.7515625 0.090625 0.109375
0 0.73515625 0.290625 0.0921875 0.0765625
0 0.296875 0.21328125 0.115625 0.10625
0 0.32421875 0.1421875 0.090625 0.078125
0 0.63984375 0.4328125 0.0765625 0.0703125
0 0.890625 0.571875 0.0953125 0.0671875
0 0.0515625 0.8046875 0.103125 0.0875
0 0.43515625 0.38359375 0.0515625 0.0703125
0 0.79609375 0.86328125 0.1 0.0984375
0 0.32734375 0.9234375 0.0703125 0.075
0 0.69609375 0.35546875 0.0796875 0.0921875
0 0.89453125 0.73125 0.071875 0.0875
0 0.13515625 0.88984375 0.0671875 0.08125
0 0.1203125 0.07578125 0.0671875 0.0625
0 0.2 0.48046875 0.06875 0.0546875
0 0.353125 0.6203125 0.0875 0.0796875
0 0.26796875 0.465625 0.0609375 0.046875
0 0.76484375 0.471875 0.05625 0.0625
0 0.625 0.75078125 0.1046875 0.140625
0 0.30625 0.6953125 0.1453125 0.16875
0 0.6109375 0.08828125 0.0984375 0.0796875
0 0.828125 0.190625 0.065625 0.0578125
0 0.82890625 0.40625 0.053125 0.0625
0 0.40703125 0.4640625 0.0859375 0.071875
0 0.6359375 0.49609375 0.078125 0.0796875
0 0.0859375 0.75234375 0.078125 0.0828125
0 0.4734375 0.478125 0.0703125 0.0765625
0 0.121875 0.834375 0.078125 0.084375
0 0.171875 0.31953125 0.0953125 0.071875
0 0.9484375 0.325 0.0625 0.0859375
0 0.521875 0.15234375 0.071875 0.0953125
0 0.20703125 0.78984375 0.0984375 0.1078125
0 0.30703125 0.4078125 0.065625 0.0640625
0 0.8734375 0.15390625 0.071875 0.090625
0 0.22265625 0.6421875 0.090625 0.090625
0 0.2125 0.284375 0.0671875 0.0734375
0 0.74375 0.1078125 0.090625 0.1265625
0 0.88203125 0.46015625 0.0609375 0.059375
0 0.79453125 0.05703125 0.075 0.0765625
0 0.3109375 0.87890625 0.06875 0.0703125
0 0.94609375 0.19375 0.1046875 0.11875
0 0.7109375 0.94140625 0.109375 0.1140625
0 0.3640625 0.5078125 0.065625 0.0875
0 0.69140625 0.5671875 0.078125 0.0796875
0 0.596875 0.30390625 0.0953125 0.065625
0 0.6265625 0.58125 0.0734375 0.09375
0 0.4359375 0.525 0.084375 0.0609375
0 0.55625 0.61015625 0.0671875 0.0609375
0 0.80859375 0.64609375 0.071875 0.0734375
0 0.2890625 0.51640625 0.0578125 0.065625
0 0.96328125 0.6015625 0.071875 0.109375
0 0.7765625 0.5578125 0.0734375 0.06875
0 0.865625 0.0390625 0.0765625 0.078125
0 0.5125 0.73359375 0.075 0.1046875
0 0.528125 0.46875 0.0484375 0.05625
0 0.1625 0.38125 0.0921875 0.078125
0 0.47890625 0.0796875 0.084375 0.121875
0 0.56640625 0.41171875 0.0859375 0.078125
0 0.496875 0.94609375 0.0828125 0.0703125
0 0.071875 0.90390625 0.090625 0.121875
0 0.71640625 0.4765625 0.05 0.1078125
0 0.54609375 0.7625 0.046875 0.0921875
0 0.62578125 0.3671875 0.090625 0.084375
0 0.65234375 0.15234375 0.109375 0.0953125
0 0.4390625 0.66640625 0.0921875 0.0796875
0 0.1390625 0.53125 0.1 0.0859375
0 0.5234375 0.884375 0.06875 0.084375
0 0.11171875 0.45390625 0.0796875 0.084375
0 0.771875 0.2421875 0.0484375 0.0640625
0 0.1875 0.071875 0.08125 0.0828125
0 0.33828125 0.0484375 0.0546875 0.0609375
0 0.890625 0.09453125 0.078125 0.053125
0 0.58125 0.9296875 0.09375 0.1171875
0 0.8265625 0.453125 0.0484375 0.0421875
0 0.73046875 0.2046875 0.05625 0.0671875
0 0.15234375 0.615625 0.071875 0.0765625
0 0.171875 0.4375 0.0453125 0.0484375
0 0.271875 0.34140625 0.0671875 0.071875
0 0.84921875 0.8140625 0.10625 0.121875
0 0.60859375 0.85 0.078125 0.0859375
0 0.8140625 0.2984375 0.0703125 0.0796875
0 0.884375 0.28125 0.1 0.09375
0 0.7109375 0.83515625 0.103125 0.1140625
0 0.78125 0.7203125 0.1015625 0.0890625
0 0.43671875 0.58984375 0.11875 0.090625
0 0.9171875 0.9265625 0.1203125 0.1171875
0 0.33046875 0.34609375 0.0765625 0.0953125
0 0.396875 0.93203125 0.071875 0.06875
0 0.8546875 0.35703125 0.0765625 0.0609375
0 0.4046875 0.87109375 0.06875 0.0578125
0 0.890625 0.6265625 0.1 0.0765625
0 0.5984375 0.2421875 0.0859375 0.078125
0 0.48046875 0.246875 0.103125 0.096875
0 0.42578125 0.30234375 0.0796875 0.071875
0 0.68828125 0.67890625 0.0640625 0.0609375
0 0.74140625 0.62421875 0.0953125 0.0734375
0 0.95625 0.37734375 0.084375 0.084375
0 0.54375 0.64921875 0.0640625 0.065625
0 0.496875 0.3875 0.0890625 0.0828125
0 0.275 0.59296875 0.0703125 0.0640625
0 0.48515625 0.325 0.0484375 0.0546875
0 0.175 0.2234375 0.0890625 0.1
0 0.8140625 0.13515625 0.06875 0.0953125
0 0.7640625 0.3421875 0.0609375 0.071875
0 0.09609375 0.67109375 0.0609375 0.05
0 0.05546875 0.2375 0.1109375 0.084375
0 0.48671875 0.81875 0.096875 0.090625
0 0.05 0.52265625 0.096875 0.1
0 0.2640625 0.15078125 0.0625 0.0625
0 0.0734375 0.1703125 0.0796875 0.075
0 0.6625 0.23828125 0.071875 0.0859375
0 0.25 0.834375 0.0828125 0.1234375
0 0.0796875 0.09609375 0.078125 0.071875
0 0.3265625 0.55859375 0.0796875 0.0859375
0 0.1234375 0.64296875 0.05625 0.05625
0 0.9296875 0.8515625 0.0796875 0.0828125