0 0.6296875 0.25234375 0.0578125 0.0609375
0 0.53125 0.17109375 0.05 0.0609375
0 0.80625 0.815625 0.1078125 0.1
0 0.2203125 0.859375 0.09375 0.1140625
0 0.09140625 0.95 0.0984375 0.0984375
0 0.7234375 0.928125 0.0546875 0.08125
0 0.06640625 0.16796875 0.0875 0.071875
0 0.6 0.19140625 0.059375 0.071875
0 0.5234375 0.5296875 0.0625 0.0640625
0 0.55078125 0.9140625 0.1 0.1125
0 0.553125 0.31953125 0.0765625 0.0578125
0 0.0640625 0.65234375 0.084375 0.0453125
0 0.07421875 0.084375 0.0703125 0.08125
0 0.50546875 0.20859375 0.0453125 0.0640625
0 0.2890625 0.20234375 0.0515625 0.0453125
0 0.43203125 0.0875 0.071875 0.0875
0 0.29921875 0.0765625 0.053125 0.075
0 0.66171875 0.16640625 0.0703125 0.0640625
0 0.203125 0.53515625 0.0984375 0.109375
0 0.090625 0.38828125 0.096875 0.0796875
0 0.92421875 0.21015625 0.078125 0.065625
0 0.08984375 0.59453125 0.0890625 0.0578125
0 0.83125 0.52578125 0.071875 0.05
0 0.11171875 0.2578125 0.071875 0.0671875
0 0.7578125 0.37890625 0.065625 0.0546875
0 0.3890625 0.56171875 0.05625 0.05625
0 0.67734375 0.7234375 0.0921875 0.0578125
0 0.68515625 0.1125 0.0515625 0.0640625
0 0.8796875 0.3171875 0.1015625 0.0703125
0 0.37890625 0.8078125 0.0453125 0.0703125
0 0.26953125 0.5234375 0.08125 0.0828125
0 0.36796875 0.18046875 0.0390625 0.040625
0 0.678125 0.38125 0.0609375 0.0578125
0 0.734375 0.6625 0.0671875 0.05625
0 0.2484375 0.6484375 0.05625 0.0546875
0 0.23671875 0.134375 0.0703125 0.0796875
0 0.5828125 0.678125 0.1015625 0.090625
0 0.70546875 0.33515625 0.0765625 0.0625
0 0.1875 0.4375 0.109375 0.1
0 0.75234375 0.19140625 0.0765625 0.06875
0 0.47421875 0.7015625 0.0890625 0.1
0 0.18203125 0.32421875 0.0890625 0.0671875
0 0.09296875 0.80078125 0.0953125 0.090625
0 0.95390625 0.29453125 0.075 0.0625
0 0.7890625 0.47890625 0.05625 0.0546875
0 0.665625 0.6078125 0.03125 0.0375
0 0.8125 0.11875 0.0921875 0.0765625
0 0.32265625 0.42734375 0.06875 0.065625
0 0.13828125 0.528125 0.0609375 0.0546875
0 0.7203125 0.8609375 0.053125 0.05625
0 0.28203125 0.69375 0.0921875 0.11875
0 0.0421875 0.9171875 0.084375 0.1125
0 0.14609375 0.1875 0.05625 0.0546875
0 0.6109375 0.8640625 0.09375 0.0984375
0 0.62109375 0.61171875 0.0796875 0.065625
0 0.453125 0.18515625 0.0578125 0.05625
0 0.15625 0.6265625 0.0828125 0.0609375
0 0.3828125 0.7484375 0.05625 0.0625
0 0.925 0.0640625 0.103125 0.103125
0 0.33984375 0.496875 0.065625 0.0609375
0 0.65546875 0.49375 0.0546875 0.059375
0 0.759375 0.44140625 0.05 0.05625
0 0.44609375 0.55625 0.0765625 0.0765625
0 0.07421875 0.4640625 0.109375 0.06875
0 0.49140625 0.81171875 0.1109375 0.103125
0 0.509375 0.06015625 0.0609375 0.071875
0 0.04375 0.6953125 0.078125 0.05625
0 0.74609375 0.0609375 0.053125 0.046875
0 0.875 0.896875 0.0921875 0.0828125
0 0.18984375 0.80390625 0.0640625 0.0703125
0 0.21328125 0.71484375 0.071875 0.0625
0 0.71875 0.10390625 0.0578125 0.0671875
0 0.146875 0.0546875 0.0984375 0.08125
0 0.2609375 0.36015625 0.0703125 0.0671875
0 0.74453125 0.52421875 0.0765625 0.0640625
0 0.6328125 0.121875 0.0671875 0.0765625
0 0.6390625 0.9546875 0.0859375 0.0890625
0 0.353125 0.6203125 0.075 0.0984375
0 0.8765625 0.26796875 0.1 0.0828125
0 0.59375 0.38984375 0.0875 0.065625
0 0.27734375 0.2984375 0.0640625 0.0703125
0 0.88984375 0.45546875 0.0796875 0.0578125
0 0.77578125 0.94296875 0.04375 0.05
0 0.1734375 0.265625 0.0921875 0.0828125
0 0.3484375 0.3 0.0609375 0.0578125
0 0.95 0.37265625 0.096875 0.078125
0 0.484375 0.1015625 0.071875 0.078125
0 0.8375 0.5703125 0.075 0.0375
0 0.12734375 0.83359375 0.0796875 0.103125
0 0.35859375 0.92421875 0.1296875 0.13125
0 0.3453125 0.22734375 0.1015625 0.0921875
0 0.753125 0.87578125 0.0625 0.053125