0 0.4 0.78984375 0.065625 0.0734375
0 0.66484375 0.4140625 0.0890625 0.0734375
0 0.29609375 0.5875 0.0671875 0.053125
0 0.7328125 0.55390625 0.0671875 0.071875
0 0.46015625 0.78984375 0.0546875 0.1265625
0 0.821875 0.94140625 0.0765625 0.0921875
0 0.45703125 0.34921875 0.0859375 0.084375
0 0.82265625 0.06875 0.0921875 0.090625
0 0.1375 0.2828125 0.0890625 0.05625
0 0.4390625 0.20859375 0.053125 0.046875
0 0.24609375 0.38203125 0.0984375 0.084375
0 0.24609375 0.1015625 0.059375 0.0671875
0 0.64765625 0.22109375 0.046875 0.065625
0 0.740625 0.2296875 0.06875 0.0640625
0 0.38359375 0.67265625 0.0390625 0.0515625
0 0.59140625 0.69375 0.084375 0.1109375
0 0.103125 0.8484375 0.0984375 0.078125
0 0.1265625 0.76484375 0.0765625 0.109375
0 0.92265625 0.228125 0.0765625 0.05625
0 0.0453125 0.5375 0.0625 0.0640625
0 0.7265625 0.1875 0.0484375 0.0453125
0 0.28046875 0.8046875 0.06875 0.071875
0 0.15703125 0.35859375 0.0921875 0.0609375
0 0.60546875 0.903125 0.0765625 0.0875
0 0.8140625 0.3578125 0.084375 0.04375
0 0.54296875 0.33203125 0.0640625 0.0578125
0 0.6546875 0.5734375 0.0515625 0.0609375
0 0.428125 0.0921875 0.0484375 0.0390625
0 0.290625 0.43828125 0.0953125 0.0703125
0 0.228125 0.64140625 0.0765625 0.078125
0 0.353125 0.91015625 0.0921875 0.1171875
0 0.759375 0.7015625 0.0765625 0.0734375
0 0.17421875 0.62578125 0.0546875 0.078125
0 0.75703125 0.42578125 0.0859375 0.065625
0 0.25859375 0.26796875 0.1 0.103125
0 0.528125 0.115625 0.0890625 0.0625
0 0.178125 0.39609375 0.071875 0.0609375
0 0.64609375 0.690625 0.0703125 0.1
0 0.49609375 0.80078125 0.0515625 0.071875
0 0.12421875 0.47578125 0.096875 0.0640625
0 0.8921875 0.759375 0.1 0.084375
0 0.78125 0.8625 0.0703125 0.0984375
0 0.54296875 0.45703125 0.0734375 0.065625
0 0.6796875 0.853125 0.06875 0.09375
0 0.3421875 0.28359375 0.084375 0.08125
0 0.89921875 0.53828125 0.0921875 0.0609375
0 0.203125 0.825 0.090625 0.084375
0 0.0546875 0.7359375 0.08125 0.0828125
0 0.2703125 0.7390625 0.0484375 0.053125
0 0.0546875 0.8 0.0796875 0.0921875
0 0.92265625 0.9265625 0.084375 0.078125
0 0.51328125 0.1640625 0.1078125 0.0671875
0 0.15625 0.18125 0.1 0.084375
0 0.68125 0.4765625 0.0609375 0.05
0 0.92734375 0.3296875 0.1 0.059375
0 0.9078125 0.3890625 0.0921875 0.05625
0 0.33125 0.48203125 0.0828125 0.0609375
0 0.79453125 0.271875 0.0671875 0.0640625
0 0.57734375 0.03515625 0.0671875 0.0703125
0 0.05625 0.415625 0.0859375 0.0671875
0 0.8359375 0.21015625 0.08125 0.0609375
0 0.209375 0.0390625 0.090625 0.071875
0 0.05 0.30625 0.1 0.065625
0 0.06015625 0.61171875 0.071875 0.0671875
0 0.6 0.38671875 0.075 0.065625
0 0.86484375 0.95 0.065625 0.0984375
0 0.63671875 0.8515625 0.0625 0.1109375
0 0.3203125 0.7859375 0.0734375 0.071875
0 0.953125 0.8828125 0.0640625 0.075
0 0.37421875 0.39140625 0.0765625 0.059375
0 0.5796875 0.5015625 0.0625 0.0609375
0 0.93515625 0.0921875 0.1046875 0.0859375
0 0.41796875 0.60703125 0.10625 0.075
0 0.85625 0.61640625 0.0859375 0.0703125
0 0.10546875 0.2328125 0.096875 0.071875
0 0.11640625 0.5484375 0.071875 0.05625
0 0.51953125 0.5171875 0.065625 0.053125
0 0.7203125 0.309375 0.0796875 0.0625
0 0.70625 0.14375 0.0515625 0.05625
0 0.45625 0.45546875 0.065625 0.0609375
0 0.76484375 0.484375 0.08125 0.0640625
0 0.55078125 0.8265625 0.103125 0.1375
0 0.91953125 0.65625 0.0734375 0.0609375
0 0.209375 0.74296875 0.0796875 0.0765625
0 0.24765625 0.18515625 0.059375 0.05625
0 0.5140625 0.21875 0.075 0.065625
0 0.70546875 0.921875 0.05 0.078125
0 0.88046875 0.865625 0.1 0.084375
0 0.93828125 0.615625 0.0734375 0.0484375
0 0.83671875 0.12890625 0.05 0.0484375
0 0.83984375 0.28671875 0.0546875 0.053125