0 0.3875 0.41875 0.1328125 0.14375
0 0.53671875 0.66875 0.0953125 0.096875
0 0.3203125 0.34140625 0.103125 0.084375
0 0.378125 0.72890625 0.1484375 0.153125
0 0.48359375 0.8296875 0.115625 0.1046875
0 0.56796875 0.7828125 0.08125 0.0890625
0 0.52421875 0.57109375 0.1 0.128125
0 0.509375 0.93359375 0.0984375 0.10625
0 0.4453125 0.15625 0.078125 0.06875
0 0.46875 0.46875 0.109375 0.1109375
0 0.90546875 0.3921875 0.05 0.0359375
0 0.3375 0.853125 0.1078125 0.0921875
0 0.34375 0.946875 0.1125 0.1046875
0 0.16640625 0.896875 0.0796875 0.1328125
0 0.8828125 0.4703125 0.04375 0.034375
0 0.96015625 0.79375 0.0609375 0.053125
0 0.878125 0.4296875 0.0609375 0.0375
0 0.6109375 0.5546875 0.1171875 0.13125
0 0.946875 0.371875 0.0703125 0.0390625
0 0.09296875 0.28828125 0.1703125 0.1390625
0 0.4984375 0.053125 0.0703125 0.0828125
0 0.9515625 0.4609375 0.0953125 0.0640625
0 0.9546875 0.296875 0.04375 0.0515625
0 0.21875 0.865625 0.1 0.1375
0 0.61796875 0.675 0.0875 0.103125
0 0.93046875 0.2578125 0.0484375 0.05
0 0.934375 0.5421875 0.06875 0.0421875
0 0.1171875 0.62734375 0.0875 0.0984375
0 0.8 0.34453125 0.1015625 0.1046875
0 0.421875 0.91171875 0.06875 0.078125
0 0.1953125 0.53203125 0.1109375 0.0859375
0 0.09453125 0.5375 0.1109375 0.0796875
0 0.32265625 0.5296875 0.140625 0.1234375
0 0.1546875 0.7234375 0.2375 0.2203125
0 0.2359375 0.3046875 0.14375 0.1453125
0 0.4203125 0.61640625 0.0765625 0.08125
0 0.07734375 0.40234375 0.13125 0.115625
0 0.90390625 0.50234375 0.0609375 0.0421875
0 0.834375 0.1171875 0.1296875 0.140625
0 0.5328125 0.7296875 0.06875 0.05
0 0.94453125 0.41640625 0.0609375 0.0359375
0 0.37109375 0.278125 0.1265625 0.1125
0 0.7078125 0.4109375 0.078125 0.078125
0 0.9734375 0.74296875 0.053125 0.053125
0 0.38359375 0.0734375 0.13125 0.1375
0 0.0625 0.92734375 0.125 0.14375