0 0.503125 0.40078125 0.0890625 0.1046875
0 0.30546875 0.18125 0.065625 0.075
0 0.428125 0.41484375 0.06875 0.08125
0 0.75625 0.14375 0.1078125 0.1015625
0 0.69765625 0.31484375 0.059375 0.0640625
0 0.94609375 0.58125 0.0765625 0.0734375
0 0.1328125 0.69765625 0.1234375 0.0953125
0 0.52421875 0.496875 0.0671875 0.071875
0 0.25 0.1546875 0.065625 0.046875
0 0.44921875 0.08984375 0.0765625 0.053125
0 0.2453125 0.2359375 0.096875 0.103125
0 0.9453125 0.18125 0.10625 0.115625
0 0.4609375 0.03671875 0.0921875 0.0734375
0 0.6734375 0.94140625 0.0671875 0.09375
0 0.7640625 0.2875 0.1078125 0.1390625
0 0.603125 0.91015625 0.053125 0.0640625
0 0.15625 0.51875 0.1234375 0.109375
0 0.74296875 0.390625 0.0796875 0.06875
0 0.94375 0.81171875 0.078125 0.078125
0 0.15078125 0.90703125 0.090625 0.103125
0 0.453125 0.1796875 0.0765625 0.06875
0 0.35078125 0.09765625 0.1296875 0.15
0 0.5453125 0.14296875 0.1 0.0953125
0 0.8546875 0.2109375 0.09375 0.0796875
0 0.67109375 0.453125 0.0828125 0.103125
0 0.921875 0.66328125 0.0921875 0.05625
0 0.57265625 0.74375 0.1515625 0.11875
0 0.58046875 0.4296875 0.08125 0.0796875
0 0.75625 0.56640625 0.0640625 0.05
0 0.87890625 0.54375 0.1 0.0765625
0 0.33828125 0.27421875 0.1234375 0.103125
0 0.8421875 0.453125 0.103125 0.0875
0 0.92421875 0.0828125 0.0671875 0.0796875
0 0.85703125 0.390625 0.128125 0.0921875
0 0.84296875 0.81875 0.1046875 0.11875
0 0.89140625 0.759375 0.0484375 0.059375
0 0.8296875 0.68515625 0.14375 0.13125
0 0.871875 0.59296875 0.1078125 0.071875
0 0.42890625 0.8234375 0.0984375 0.109375
0 0.10625 0.25625 0.159375 0.115625
0 0.54375 0.04921875 0.0640625 0.0640625
0 0.33515625 0.709375 0.065625 0.084375
0 0.0671875 0.36171875 0.071875 0.084375
0 0.225 0.88046875 0.1140625 0.1359375
0 0.54375 0.8515625 0.09375 0.09375
0 0.40625 0.54921875 0.134375 0.128125
0 0.9375 0.3125 0.121875 0.1640625
0 0.69765625 0.52734375 0.084375 0.06875
0 0.140625 0.15546875 0.1296875 0.1140625
0 0.13671875 0.375 0.0875 0.1
0 0.9 0.92890625 0.0984375 0.1125
0 0.87109375 0.3359375 0.103125 0.08125
0 0.803125 0.0765625 0.0796875 0.0859375
0 0.12265625 0.6 0.1140625 0.1171875
0 0.709375 0.7640625 0.0671875 0.0671875
0 0.1953125 0.053125 0.0875 0.096875
0 0.3390625 0.61640625 0.0984375 0.0890625
0 0.0359375 0.771875 0.071875 0.0875
0 0.24140625 0.6921875 0.1 0.1015625
0 0.33984375 0.84609375 0.1015625 0.1203125
0 0.65859375 0.65546875 0.0921875 0.1015625
0 0.74765625 0.8453125 0.1171875 0.1296875
0 0.30625 0.96171875 0.059375 0.0578125
0 0.471875 0.321875 0.065625 0.0640625
0 0.715625 0.428125 0.0875 0.084375
0 0.865625 0.03046875 0.153125 0.0609375
0 0.5640625 0.57734375 0.0828125 0.08125
0 0.85390625 0.2640625 0.0953125 0.05625
0 0.60625 0.30078125 0.1234375 0.1265625
0 0.81953125 0.56015625 0.0765625 0.06875
0 0.7671875 0.77265625 0.0625 0.0609375
0 0.41796875 0.71796875 0.09375 0.1015625
0 0.68515625 0.5890625 0.078125 0.0859375
0 0.51015625 0.55859375 0.065625 0.0765625
0 0.6078125 0.5453125 0.0875 0.103125
0 0.44296875 0.90390625 0.1140625 0.1078125
0 0.4359375 0.35078125 0.0640625 0.078125
0 0.640625 0.18359375 0.1140625 0.1234375
0 0.2625 0.39140625 0.1109375 0.14375
0 0.2328125 0.7859375 0.1140625 0.0953125