0 0.71796875 0.6859375 0.1453125 0.1609375
0 0.50546875 0.85546875 0.0953125 0.1421875
0 0.9328125 0.10390625 0.13125 0.1703125
0 0.08515625 0.8609375 0.1703125 0.2734375
0 0.2984375 0.74609375 0.1109375 0.1453125
0 0.2984375 0.58671875 0.14375 0.1578125
0 0.9 0.37890625 0.1828125 0.215625
0 0.26328125 0.94921875 0.1640625 0.0984375
0 0.04453125 0.309375 0.0890625 0.1921875
0 0.08125 0.13671875 0.1625 0.2109375
0 0.12578125 0.64296875 0.1859375 0.2265625
0 0.634375 0.89609375 0.2 0.19375
0 0.821875 0.2171875 0.1453125 0.1734375
0 0.8921875 0.61640625 0.2140625 0.228125
0 0.7703125 0.38046875 0.146875 0.1375
0 0.71796875 0.1265625 0.184375 0.21875
0 0.565625 0.06015625 0.2046875 0.1203125
0 0.58203125 0.725 0.190625 0.1953125
0 0.421875 0.64375 0.134375 0.115625
0 0.62109375 0.35625 0.121875 0.1640625
0 0.359375 0.1015625 0.1578125 0.203125
0 0.70390625 0.27578125 0.109375 0.1375
0 0.45078125 0.2171875 0.15625 0.159375
0 0.30625 0.4203125 0.1765625 0.171875
0 0.8765625 0.06640625 0.1484375 0.1328125
0 0.15703125 0.33125 0.1828125 0.1828125
0 0.325 0.890625 0.1625 0.16875
0 0.88359375 0.80703125 0.2296875 0.19375
0 0.40625 0.51015625 0.2046875 0.203125
0 0.7234375 0.5203125 0.2546875 0.203125
0 0.759375 0.84453125 0.1453125 0.1671875
0 0.45546875 0.4234375 0.0984375 0.096875
0 0.1953125 0.10078125 0.1734375 0.2015625
0 0.2515625 0.275 0.175 0.1734375
0 0.1984375 0.50625 0.15 0.1671875
0 0.5546875 0.58203125 0.10625 0.1125
0 0.409375 0.7859375 0.1796875 0.1953125
0 0.49609375 0.34140625 0.196875 0.196875
0 0.5609375 0.1671875 0.1546875 0.2015625
0 0.9484375 0.2328125 0.1 0.1453125
0 0.546875 0.49375 0.13125 0.121875