0 0.9375 0.72578125 0.121875 0.096875
0 0.50390625 0.18125 0.0796875 0.0859375
0 0.725 0.0984375 0.0515625 0.0546875
0 0.4828125 0.14140625 0.065625 0.0578125
0 0.1859375 0.20546875 0.0890625 0.075
0 0.16953125 0.05859375 0.04375 0.0609375
0 0.9484375 0.11796875 0.0765625 0.08125
0 0.08359375 0.2875 0.078125 0.06875
0 0.1125 0.803125 0.090625 0.0796875
0 0.10390625 0.1359375 0.084375 0.078125
0 0.88671875 0.9375 0.0875 0.0640625
0 0.50390625 0.5875 0.11875 0.1203125
0 0.5453125 0.8578125 0.078125 0.0953125
0 0.671875 0.9515625 0.0625 0.084375
0 0.1328125 0.06328125 0.0515625 0.065625
0 0.175 0.52734375 0.1203125 0.0765625
0 0.6859375 0.8296875 0.1015625 0.08125
0 0.196875 0.13828125 0.040625 0.053125
0 0.125 0.415625 0.0578125 0.0859375
0 0.875 0.396875 0.071875 0.0609375
0 0.70859375 0.27734375 0.0890625 0.06875
0 0.0546875 0.84375 0.109375 0.103125
0 0.29140625 0.06171875 0.046875 0.04375
0 0.921875 0.25 0.153125 0.1796875
0 0.81875 0.61328125 0.0875 0.0796875
0 0.8234375 0.690625 0.0765625 0.08125
0 0.7359375 0.6 0.084375 0.0984375
0 0.303125 0.228125 0.05625 0.059375
0 0.60078125 0.853125 0.096875 0.08125
0 0.56796875 0.1828125 0.059375 0.05625
0 0.35703125 0.25 0.0625 0.0703125
0 0.3484375 0.7890625 0.0484375 0.0875
0 0.4734375 0.91015625 0.0703125 0.0921875
0 0.92734375 0.6046875 0.115625 0.1390625
0 0.81015625 0.54375 0.115625 0.096875
0 0.55625 0.22890625 0.0671875 0.0640625
0 0.74765625 0.4109375 0.0421875 0.0453125
0 0.5390625 0.08984375 0.05625 0.084375
0 0.7125 0.47109375 0.0859375 0.0765625
0 0.4296875 0.08203125 0.0578125 0.059375
0 0.196875 0.05625 0.0421875 0.046875
0 0.3265625 0.6015625 0.1 0.1015625
0 0.16875 0.6796875 0.05625 0.0625
0 0.65078125 0.675 0.0609375 0.0671875
0 0.6625 0.17265625 0.0609375 0.0765625
0 0.42109375 0.15859375 0.0515625 0.0671875
0 0.11328125 0.3328125 0.0765625 0.078125
0 0.57890625 0.49609375 0.1578125 0.165625
0 0.70703125 0.9046875 0.0984375 0.090625
0 0.921875 0.44453125 0.0953125 0.0796875
0 0.63828125 0.0359375 0.0609375 0.071875
0 0.47421875 0.325 0.1234375 0.14375
0 0.2953125 0.4390625 0.13125 0.1296875
0 0.303125 0.79375 0.0640625 0.0609375
0 0.86796875 0.875 0.1109375 0.09375
0 0.08046875 0.0546875 0.0546875 0.0671875
0 0.59375 0.31015625 0.0671875 0.05625
0 0.57734375 0.625 0.06875 0.0953125
0 0.22734375 0.0375 0.084375 0.075
0 0.3828125 0.0625 0.053125 0.0625
0 0.375 0.7265625 0.046875 0.059375
0 0.43515625 0.709375 0.06875 0.090625
0 0.7921875 0.2 0.103125 0.15
0 0.25 0.18125 0.0671875 0.0546875
0 0.053125 0.7171875 0.0578125 0.1046875
0 0.65390625 0.75078125 0.1234375 0.1578125
0 0.4828125 0.78125 0.084375 0.075
0 0.60078125 0.090625 0.0765625 0.0765625
0 0.6421875 0.48046875 0.0546875 0.0953125
0 0.09921875 0.6109375 0.125 0.1546875
0 0.771875 0.65625 0.0703125 0.0625
0 0.22578125 0.365625 0.1390625 0.1328125
0 0.8328125 0.46328125 0.084375 0.0890625
0 0.87109375 0.16640625 0.1125 0.0875
0 0.4859375 0.3828125 0.1234375 0.109375
0 0.3046875 0.29296875 0.05625 0.05625
0 0.27890625 0.53515625 0.09375 0.0765625
0 0.3359375 0.0484375 0.053125 0.05
0 0.234375 0.1234375 0.046875 0.059375
0 0.175 0.590625 0.0625 0.0953125
0 0.6953125 0.3921875 0.05 0.059375
0 0.6625 0.61171875 0.0828125 0.0984375
0 0.7921875 0.91171875 0.0734375 0.084375
0 0.71640625 0.05 0.046875 0.046875
0 0.46640625 0.66640625 0.071875 0.065625
0 0.703125 0.228125 0.078125 0.0671875
0 0.6421875 0.36015625 0.121875 0.140625
0 0.7484375 0.875 0.0546875 0.0640625
0 0.72109375 0.165625 0.0609375 0.075
0 0.3734375 0.4328125 0.0609375 0.075
0 0.78515625 0.3046875 0.16875 0.125
0 0.1953125 0.46328125 0.1109375 0.084375
0 0.06875 0.40546875 0.0875 0.1140625
0 0.45234375 0.19453125 0.0359375 0.0625
0 0.56875 0.77578125 0.090625 0.0984375
0 0.24921875 0.8203125 0.0578125 0.06875
0 0.34296875 0.08671875 0.05625 0.0515625
0 0.55 0.6921875 0.0921875 0.0859375
0 0.425 0.83984375 0.0640625 0.08125
0 0.5703125 0.94140625 0.0578125 0.071875
0 0.04375 0.21953125 0.0875 0.0890625
0 0.3125 0.6890625 0.15 0.1875
0 0.315625 0.13671875 0.053125 0.05
0 0.4140625 0.2515625 0.0578125 0.0625
0 0.39921875 0.64921875 0.0515625 0.0671875
0 0.484375 0.090625 0.05625 0.0421875
0 0.2015625 0.88203125 0.0640625 0.071875
0 0.37734375 0.82421875 0.0359375 0.0703125
0 0.6171875 0.2375 0.09375 0.1015625
0 0.3 0.103125 0.0515625 0.04375
0 0.91015625 0.8125 0.1046875 0.11875
0 0.7953125 0.765625 0.128125 0.1515625
0 0.3578125 0.33828125 0.13125 0.128125
0 0.21171875 0.7953125 0.053125 0.0765625
0 0.94296875 0.503125 0.1046875 0.0703125