0 0.07421875 0.26171875 0.1484375 0.1890625
0 0.134375 0.1421875 0.26875 0.246875
0 0.49296875 0.84609375 0.1015625 0.115625
0 0.52734375 0.06328125 0.1671875 0.1265625
0 0.7765625 0.8734375 0.196875 0.1796875
0 0.575 0.3359375 0.184375 0.184375
0 0.35 0.10859375 0.203125 0.2171875
0 0.59453125 0.47734375 0.1984375 0.1515625
0 0.73984375 0.325 0.1328125 0.1296875
0 0.3375 0.5953125 0.19375 0.1984375
0 0.446875 0.2859375 0.1890625 0.190625
0 0.821875 0.165625 0.215625 0.23125
0 0.84453125 0.40625 0.18125 0.2046875
0 0.28515625 0.90234375 0.19375 0.19375
0 0.62890625 0.7171875 0.18125 0.1890625
0 0.16328125 0.64375 0.1765625 0.2015625
0 0.065625 0.7203125 0.13125 0.209375
0 0.94140625 0.15390625 0.1140625 0.2328125
0 0.7375 0.0515625 0.1609375 0.103125
0 0.390625 0.7640625 0.146875 0.1625
0 0.46484375 0.17578125 0.0734375 0.0609375
0 0.915625 0.76640625 0.165625 0.1859375
0 0.75859375 0.625 0.1734375 0.1984375
0 0.61015625 0.1125 0.184375 0.2
0 0.1359375 0.44453125 0.2625 0.2015625
0 0.1328125 0.85703125 0.1671875 0.196875