0 0.25625 0.65078125 0.18125 0.15
0 0.55859375 0.56328125 0.19375 0.153125
0 0.69609375 0.4296875 0.18125 0.175
0 0.075 0.05625 0.15 0.1125
0 0.4328125 0.2875 0.121875 0.10625
0 0.07109375 0.8671875 0.1421875 0.265625
0 0.95 0.06484375 0.096875 0.1296875
0 0.4890625 0.84296875 0.26875 0.178125
0 0.5765625 0.37421875 0.1921875 0.203125
0 0.48046875 0.40625 0.228125 0.2359375
0 0.6453125 0.26015625 0.115625 0.115625
0 0.8421875 0.46796875 0.2890625 0.253125
0 0.22421875 0.75625 0.2875 0.2703125
0 0.671875 0.68125 0.1390625 0.1875
0 0.72890625 0.334375 0.1453125 0.1359375
0 0.54140625 0.7015625 0.178125 0.178125
0 0.328125 0.0421875 0.171875 0.084375
0 0.68359375 0.9125 0.2125 0.1734375
0 0.2328125 0.1109375 0.15625 0.1703125
0 0.8546875 0.153125 0.196875 0.253125
0 0.565625 0.2046875 0.1828125 0.1859375
0 0.13359375 0.13046875 0.1265625 0.1703125
0 0.63125 0.07890625 0.265625 0.1578125
0 0.7125 0.18046875 0.1375 0.1703125
0 0.4703125 0.075 0.1515625 0.15
0 0.84140625 0.3296875 0.1546875 0.1453125
0 0.075 0.659375 0.15 0.2109375
0 0.43125 0.9484375 0.3421875 0.1
0 0.08671875 0.28828125 0.1734375 0.221875
0 0.40859375 0.72578125 0.134375 0.1375
0 0.203125 0.028125 0.0890625 0.05625
0 0.39375 0.140625 0.1796875 0.2125
0 0.2953125 0.296875 0.2546875 0.2890625
0 0.38828125 0.5625 0.178125 0.2171875