0 0.92890625 0.93125 0.0875 0.0921875
0 0.60390625 0.33046875 0.075 0.05625
0 0.7828125 0.46796875 0.059375 0.0625
0 0.06640625 0.49375 0.053125 0.0484375
0 0.2390625 0.55859375 0.0578125 0.0515625
0 0.1453125 0.8765625 0.05 0.053125
0 0.4015625 0.9359375 0.0640625 0.0921875
0 0.1765625 0.66328125 0.06875 0.06875
0 0.240625 0.084375 0.103125 0.115625
0 0.55703125 0.40078125 0.065625 0.0671875
0 0.70078125 0.47890625 0.0578125 0.0484375
0 0.71484375 0.196875 0.0734375 0.078125
0 0.81875 0.3015625 0.0828125 0.06875
0 0.31875 0.1296875 0.059375 0.05625
0 0.4953125 0.51171875 0.0640625 0.0734375
0 0.8984375 0.7796875 0.0484375 0.0578125
0 0.0515625 0.4484375 0.0734375 0.065625
0 0.628125 0.1921875 0.0625 0.071875
0 0.940625 0.62109375 0.0859375 0.0578125
0 0.11171875 0.23828125 0.0734375 0.0609375
0 0.528125 0.7484375 0.04375 0.0671875
0 0.86328125 0.46796875 0.0875 0.103125
0 0.16484375 0.7984375 0.096875 0.1078125
0 0.5609375 0.1484375 0.0734375 0.10625
0 0.93203125 0.7265625 0.084375 0.078125
0 0.175 0.18359375 0.103125 0.10625
0 0.74453125 0.725 0.0578125 0.075
0 0.74296875 0.57109375 0.05625 0.0625
0 0.728125 0.93125 0.090625 0.096875
0 0.7640625 0.4359375 0.071875 0.059375
0 0.6125 0.56640625 0.0921875 0.096875
0 0.8828125 0.25390625 0.0640625 0.059375
0 0.4296875 0.4625 0.103125 0.084375
0 0.34765625 0.946875 0.071875 0.084375
0 0.0875 0.39921875 0.075 0.06875
0 0.4890625 0.8046875 0.0796875 0.0765625
0 0.07734375 0.5921875 0.075 0.0765625
0 0.5046875 0.10625 0.0765625 0.0875
0 0.034375 0.7890625 0.06875 0.065625
0 0.45703125 0.134375 0.065625 0.065625
0 0.171875 0.43359375 0.0859375 0.0859375
0 0.84765625 0.17421875 0.0796875 0.0703125
0 0.7765625 0.95859375 0.0453125 0.0578125
0 0.47265625 0.60390625 0.0734375 0.0734375
0 0.8171875 0.73203125 0.0734375 0.0734375
0 0.66796875 0.69921875 0.1140625 0.1109375
0 0.4390625 0.81796875 0.0640625 0.0765625
0 0.1078125 0.7984375 0.05625 0.0609375
0 0.903125 0.30859375 0.0859375 0.08125
0 0.31953125 0.44921875 0.08125 0.0875
0 0.2578125 0.3125 0.0984375 0.0875
0 0.6765625 0.60703125 0.0828125 0.0734375
0 0.38046875 0.52421875 0.06875 0.071875
0 0.36328125 0.871875 0.071875 0.078125
0 0.1171875 0.6640625 0.084375 0.075
0 0.14453125 0.59140625 0.065625 0.0703125
0 0.2875 0.64375 0.0703125 0.096875
0 0.5109375 0.57578125 0.040625 0.0515625
0 0.85625 0.7765625 0.0671875 0.0625
0 0.61640625 0.38984375 0.0734375 0.0875
0 0.06171875 0.1953125 0.078125 0.065625
0 0.4703125 0.7 0.065625 0.0625
0 0.1296875 0.10078125 0.1 0.1078125
0 0.61796875 0.4890625 0.084375 0.0921875
0 0.1453125 0.9453125 0.08125 0.1015625
0 0.73828125 0.146875 0.053125 0.05
0 0.36796875 0.59609375 0.1140625 0.0890625
0 0.728125 0.11171875 0.0515625 0.0640625
0 0.46328125 0.5484375 0.0640625 0.0671875
0 0.9515625 0.5625 0.065625 0.0578125
0 0.2984375 0.78984375 0.084375 0.084375
0 0.1765625 0.28125 0.071875 0.0890625
0 0.90078125 0.5796875 0.0671875 0.0453125
0 0.203125 0.603125 0.0640625 0.0703125
0 0.25078125 0.37890625 0.11875 0.0890625
0 0.65546875 0.81640625 0.121875 0.1328125
0 0.2265625 0.7578125 0.0703125 0.075
0 0.434375 0.196875 0.09375 0.1140625
0 0.85390625 0.21796875 0.0828125 0.065625
0 0.259375 0.178125 0.065625 0.071875
0 0.5875 0.86796875 0.065625 0.0875
0 0.3671875 0.80625 0.0640625 0.06875
0 0.4765625 0.39609375 0.0765625 0.0796875
0 0.3578125 0.1171875 0.059375 0.0703125
0 0.840625 0.87890625 0.0875 0.0984375
0 0.52890625 0.4359375 0.065625 0.0578125
0 0.41640625 0.0765625 0.078125 0.0734375
0 0.8 0.16875 0.0859375 0.0828125
0 0.1078125 0.51171875 0.0640625 0.0640625
0 0.85078125 0.0421875 0.0484375 0.059375
0 0.528125 0.0453125 0.053125 0.0578125
0 0.540625 0.28515625 0.071875 0.08125
0 0.23046875 0.946875 0.059375 0.06875
0 0.5828125 0.6953125 0.0734375 0.0828125
0 0.4125 0.32890625 0.0734375 0.075
0 0.54453125 0.49609375 0.0875 0.103125
0 0.43125 0.7671875 0.1078125 0.0734375
0 0.490625 0.321875 0.084375 0.0859375
0 0.72734375 0.525 0.0640625 0.0671875
0 0.64375 0.9515625 0.0984375 0.084375
0 0.8875 0.72578125 0.0671875 0.0609375
0 0.67265625 0.14375 0.0578125 0.0734375
0 0.13828125 0.74609375 0.0828125 0.0796875
0 0.68984375 0.0921875 0.0625 0.0578125
0 0.425 0.61953125 0.0546875 0.065625
0 0.51796875 0.85234375 0.0859375 0.10625
0 0.453125 0.87890625 0.06875 0.084375
0 0.178125 0.0875 0.0625 0.075
0 0.671875 0.42578125 0.0703125 0.0546875
0 0.3796875 0.66171875 0.0859375 0.09375
0 0.93203125 0.24140625 0.071875 0.0609375
0 0.2046875 0.884375 0.06875 0.0796875
0 0.534375 0.228125 0.0875 0.078125
0 0.2421875 0.47421875 0.109375 0.10625
0 0.30625 0.55546875 0.078125 0.0765625
0 0.78046875 0.54453125 0.0609375 0.0796875
0 0.58125 0.63203125 0.0765625 0.0734375
0 0.746875 0.89140625 0.0875 0.109375
0 0.68203125 0.04375 0.090625 0.0875
0 0.47734375 0.0265625 0.075 0.053125
0 0.68203125 0.38984375 0.0609375 0.0515625
0 0.309375 0.8671875 0.071875 0.0890625
0 0.08203125 0.84609375 0.078125 0.0703125
0 0.34921875 0.21015625 0.115625 0.146875
0 0.51640625 0.9109375 0.040625 0.05625
0 0.95078125 0.13515625 0.084375 0.0765625
0 0.6390625 0.8890625 0.08125 0.0765625
0 0.8015625 0.0671875 0.075 0.096875
0 0.16015625 0.49609375 0.0703125 0.0796875
0 0.43515625 0.27890625 0.0609375 0.05625
0 0.3 0.940625 0.053125 0.0625
0 0.684375 0.51171875 0.0484375 0.05625
0 0.9296875 0.4046875 0.0875 0.0875
0 0.803125 0.23828125 0.0546875 0.0484375
0 0.57265625 0.9296875 0.0765625 0.0828125
0 0.7203125 0.31015625 0.103125 0.0890625
0 0.09453125 0.29609375 0.0921875 0.0796875