0 0.31484375 0.92265625 0.078125 0.125
0 0.46796875 0.26171875 0.0546875 0.071875
0 0.14765625 0.76875 0.10625 0.0875
0 0.525 0.94921875 0.0859375 0.09375
0 0.08671875 0.26953125 0.1734375 0.1109375
0 0.41484375 0.1671875 0.1125 0.10625
0 0.6640625 0.171875 0.059375 0.071875
0 0.6109375 0.14453125 0.0953125 0.1078125
0 0.34921875 0.721875 0.0828125 0.090625
0 0.38359375 0.61171875 0.0953125 0.103125
0 0.38125 0.08359375 0.071875 0.0765625
0 0.43203125 0.8453125 0.084375 0.1203125
0 0.20546875 0.6625 0.140625 0.090625
0 0.30859375 0.5546875 0.1359375 0.1265625
0 0.33125 0.815625 0.084375 0.1
0 0.16640625 0.04375 0.103125 0.0796875
0 0.28203125 0.3109375 0.0796875 0.0875
0 0.60546875 0.52578125 0.078125 0.0953125
0 0.24296875 0.77578125 0.11875 0.0921875
0 0.78984375 0.47578125 0.13125 0.0703125
0 0.715625 0.38359375 0.0890625 0.0734375
0 0.0390625 0.84765625 0.078125 0.103125
0 0.6921875 0.1078125 0.0890625 0.10625
0 0.93359375 0.490625 0.103125 0.0671875
0 0.70546875 0.2328125 0.065625 0.0796875
0 0.24453125 0.91796875 0.08125 0.0796875
0 0.5390625 0.7359375 0.103125 0.1125
0 0.83671875 0.6484375 0.11875 0.096875
0 0.22265625 0.3828125 0.10625 0.0921875
0 0.434375 0.94140625 0.0890625 0.090625
0 0.071875 0.4203125 0.075 0.0734375
0 0.1953125 0.60625 0.0859375 0.08125
0 0.55625 0.859375 0.0984375 0.121875
0 0.2734375 0.7109375 0.0859375 0.0875
0 0.84296875 0.38671875 0.071875 0.0625
0 0.44140625 0.309375 0.0609375 0.075
0 0.1 0.7875 0.075 0.1015625
0 0.32109375 0.653125 0.084375 0.08125
0 0.60546875 0.64375 0.059375 0.05625
0 0.0765625 0.1328125 0.0984375 0.0921875
0 0.88359375 0.21328125 0.1078125 0.096875
0 0.47265625 0.50859375 0.059375 0.075
0 0.15390625 0.85390625 0.11875 0.115625
0 0.84765625 0.8828125 0.084375 0.109375
0 0.18359375 0.4609375 0.0640625 0.06875
0 0.1171875 0.37109375 0.1 0.103125
0 0.2515625 0.490625 0.1046875 0.090625
0 0.55390625 0.57421875 0.084375 0.0953125
0 0.79140625 0.27265625 0.0765625 0.0703125
0 0.85703125 0.17734375 0.1015625 0.08125
0 0.6234375 0.23046875 0.0609375 0.0640625
0 0.240625 0.8421875 0.0921875 0.0828125
0 0.75703125 0.53515625 0.0640625 0.0703125
0 0.959375 0.17265625 0.0796875 0.0953125
0 0.421875 0.69140625 0.1046875 0.0984375
0 0.4625 0.615625 0.08125 0.0859375
0 0.6953125 0.49921875 0.1171875 0.103125
0 0.78046875 0.1765625 0.0625 0.059375
0 0.1734375 0.5375 0.096875 0.0859375
0 0.09453125 0.4984375 0.1 0.0859375
0 0.7578125 0.2296875 0.090625 0.0703125
0 0.846875 0.55078125 0.1078125 0.053125
0 0.3203125 0.23203125 0.0890625 0.078125
0 0.12578125 0.66171875 0.084375 0.0765625
0 0.1109375 0.5796875 0.0921875 0.0734375
0 0.73203125 0.15625 0.0734375 0.0875
0 0.08671875 0.93125 0.0859375 0.1078125
0 0.56484375 0.4609375 0.125 0.1109375
0 0.7359375 0.625 0.103125 0.0984375
0 0.34296875 0.32421875 0.0640625 0.071875
0 0.75 0.334375 0.071875 0.0484375
0 0.17734375 0.134375 0.0984375 0.090625
0 0.625 0.9359375 0.1140625 0.1265625