0 0.05078125 0.371875 0.05 0.0515625
0 0.60234375 0.95703125 0.05 0.0625
0 0.2484375 0.1921875 0.0453125 0.0296875
0 0.4328125 0.44296875 0.059375 0.0484375
0 0.7125 0.84453125 0.0421875 0.0453125
0 0.821875 0.95390625 0.065625 0.05625
0 0.725 0.3734375 0.04375 0.053125
0 0.94921875 0.82578125 0.1015625 0.096875
0 0.4203125 0.7609375 0.053125 0.0546875
0 0.44609375 0.5390625 0.109375 0.1
0 0.74296875 0.521875 0.0375 0.03125
0 0.6765625 0.11640625 0.0421875 0.046875
0 0.55078125 0.9203125 0.0609375 0.0640625
0 0.71796875 0.63828125 0.0796875 0.0859375
0 0.90546875 0.84765625 0.078125 0.0859375
0 0.134375 0.27109375 0.0453125 0.0359375
0 0.509375 0.79140625 0.0515625 0.0515625
0 0.85234375 0.81796875 0.0609375 0.053125
0 0.65 0.48984375 0.06875 0.0515625
0 0.21171875 0.16953125 0.03125 0.0359375
0 0.02578125 0.44296875 0.0359375 0.0453125
0 0.2234375 0.034375 0.0921875 0.06875
0 0.32265625 0.0640625 0.0390625 0.0390625
0 0.40625 0.37890625 0.0375 0.0453125
0 0.8421875 0.75546875 0.078125 0.05
0 0.7421875 0.890625 0.0390625 0.046875
0 0.77734375 0.4171875 0.046875 0.0484375
0 0.759375 0.1921875 0.0984375 0.0734375
0 0.04296875 0.67890625 0.0640625 0.0609375
0 0.2296875 0.68359375 0.0796875 0.0875
0 0.81484375 0.215625 0.0484375 0.05625
0 0.78515625 0.6109375 0.040625 0.0578125
0 0.23359375 0.3453125 0.053125 0.06875
0 0.36484375 0.70625 0.046875 0.0515625
0 0.06640625 0.74375 0.046875 0.040625
0 0.7625 0.746875 0.0875 0.078125
0 0.18125 0.26328125 0.03125 0.025
0 0.4859375 0.85078125 0.0484375 0.053125
0 0.678125 0.72421875 0.0828125 0.084375
0 0.865625 0.1421875 0.0515625 0.0453125
0 0.44375 0.61328125 0.0796875 0.071875
0 0.3625 0.5765625 0.0890625 0.06875
0 0.28828125 0.24375 0.0703125 0.0421875
0 0.56015625 0.8296875 0.0734375 0.0703125
0 0.6375 0.43125 0.0625 0.0625
0 0.2796875 0.73984375 0.0859375 0.0734375
0 0.05546875 0.284375 0.053125 0.040625
0 0.734375 0.5640625 0.0578125 0.065625
0 0.6890625 0.93671875 0.059375 0.05
0 0.88828125 0.95625 0.05625 0.0421875
0 0.8171875 0.41875 0.0375 0.0515625
0 0.578125 0.4875 0.078125 0.06875
0 0.89609375 0.4375 0.071875 0.08125
0 0.06640625 0.93203125 0.084375 0.103125
0 0.8640625 0.87578125 0.053125 0.040625
0 0.1375 0.84765625 0.0625 0.0875
0 0.41875 0.671875 0.0453125 0.0484375
0 0.68671875 0.084375 0.0359375 0.0328125
0 0.48984375 0.65 0.03125 0.04375
0 0.7875 0.85859375 0.0609375 0.05
0 0.1328125 0.21875 0.0421875 0.0390625
0 0.20703125 0.23984375 0.0546875 0.0359375
0 0.35625 0.62890625 0.0578125 0.0515625
0 0.6484375 0.77109375 0.05 0.0625
0 0.72734375 0.4265625 0.05625 0.0546875
0 0.809375 0.82578125 0.053125 0.046875
0 0.1015625 0.40234375 0.040625 0.053125
0 0.3828125 0.6671875 0.0375 0.0421875
0 0.3234375 0.0265625 0.046875 0.053125
0 0.20234375 0.83203125 0.1046875 0.0875
0 0.7765625 0.290625 0.059375 0.0703125
0 0.16328125 0.3453125 0.053125 0.05625
0 0.2765625 0.63125 0.0390625 0.0484375
0 0.5953125 0.8921875 0.0546875 0.06875
0 0.19921875 0.06640625 0.0515625 0.0546875
0 0.62265625 0.65703125 0.0578125 0.0859375
0 0.5515625 0.15078125 0.05625 0.05
0 0.95625 0.3453125 0.0515625 0.05625
0 0.221875 0.27734375 0.059375 0.0453125
0 0.95234375 0.48125 0.0921875 0.1109375
0 0.7515625 0.93828125 0.05 0.0609375
0 0.24375 0.62578125 0.05 0.0515625
0 0.50546875 0.41796875 0.0625 0.0515625
0 0.2203125 0.21875 0.0421875 0.040625
0 0.0765625 0.5625 0.140625 0.1203125
0 0.70703125 0.89765625 0.046875 0.053125
0 0.82734375 0.90703125 0.0484375 0.040625
0 0.05625 0.33046875 0.025 0.025
0 0.5875 0.56328125 0.059375 0.0703125
0 0.7 0.17578125 0.053125 0.059375
0 0.865625 0.34140625 0.0515625 0.046875
0 0.29453125 0.84765625 0.0765625 0.1078125
0 0.34453125 0.2671875 0.03125 0.0328125
0 0.50546875 0.75234375 0.04375 0.0484375
0 0.1 0.18359375 0.05625 0.0484375
0 0.85078125 0.42578125 0.0375 0.0734375
0 0.08828125 0.35390625 0.0484375 0.0421875
0 0.65234375 0.55078125 0.0875 0.0734375
0 0.88515625 0.26640625 0.0640625 0.0546875
0 0.35625 0.30703125 0.0421875 0.040625
0 0.85703125 0.51171875 0.0515625 0.0609375
0 0.59921875 0.79921875 0.0640625 0.0609375
0 0.58203125 0.1765625 0.0609375 0.05625
0 0.459375 0.94921875 0.0765625 0.0671875
0 0.14765625 0.30078125 0.0453125 0.040625
0 0.50390625 0.6921875 0.0484375 0.05625
0 0.234375 0.4890625 0.2125 0.221875
0 0.0984375 0.31328125 0.034375 0.0375
0 0.09140625 0.7875 0.0609375 0.04375
0 0.8796875 0.92109375 0.0609375 0.053125
0 0.68125 0.43515625 0.04375 0.05625
0 0.73359375 0.478125 0.065625 0.0515625
0 0.6359375 0.87265625 0.0453125 0.0578125
0 0.38359375 0.83828125 0.0734375 0.0921875
0 0.70234375 0.31640625 0.0421875 0.05625
0 0.91015625 0.08046875 0.0546875 0.0640625
0 0.04375 0.40625 0.0609375 0.0375
0 0.6671875 0.246875 0.075 0.0578125
0 0.3140625 0.63046875 0.04375 0.046875
0 0.4609375 0.7671875 0.053125 0.0625
0 0.6796875 0.86171875 0.0359375 0.0375
0 0.52734375 0.65078125 0.0484375 0.0484375
0 0.96015625 0.7421875 0.0765625 0.078125
0 0.33671875 0.134375 0.096875 0.1109375
0 0.83125 0.10625 0.06875 0.0609375
0 0.0921875 0.70703125 0.053125 0.0546875
0 0.534375 0.85078125 0.0546875 0.05625
0 0.54609375 0.9703125 0.053125 0.0578125
0 0.16875 0.7265625 0.084375 0.0921875
0 0.9390625 0.72265625 0.053125 0.0515625
0 0.60546875 0.2703125 0.0484375 0.0453125
0 0.82578125 0.28828125 0.0359375 0.065625
0 0.19921875 0.62734375 0.05625 0.0640625
0 0.93203125 0.58984375 0.0921875 0.0796875
0 0.86875 0.303125 0.0515625 0.053125
0 0.734375 0.0921875 0.059375 0.05625
0 0.7828125 0.55390625 0.04375 0.053125
0 0.90546875 0.22734375 0.0609375 0.0484375
0 0.46875 0.1484375 0.0765625 0.0765625
0 0.740625 0.8109375 0.071875 0.0734375
0 0.36875 0.7640625 0.0546875 0.0671875
0 0.18203125 0.20078125 0.04375 0.0296875
0 0.2828125 0.17578125 0.0375 0.0375
0 0.2703125 0.21328125 0.03125 0.025
0 0.66328125 0.3328125 0.05625 0.0546875
0 0.4578125 0.7109375 0.0546875 0.0484375
0 0.83515625 0.70234375 0.103125 0.0640625
0 0.81171875 0.4546875 0.075 0.06875
0 0.67734375 0.81015625 0.046875 0.065625
0 0.16875 0.228125 0.0296875 0.025
0 0.84375 0.59609375 0.0921875 0.0890625
0 0.9515625 0.9625 0.0609375 0.0734375
0 0.734375 0.3265625 0.0234375 0.0265625
0 0.3671875 0.4015625 0.053125 0.053125
0 0.7734375 0.36796875 0.0546875 0.05
0 0.5671875 0.69921875 0.078125 0.071875
0 0.6421875 0.12109375 0.0359375 0.046875
0 0.1359375 0.07578125 0.0515625 0.05
0 0.59765625 0.73984375 0.06875 0.059375
0 0.4921875 0.915625 0.0609375 0.0671875
0 0.09921875 0.284375 0.0234375 0.03125
0 0.275 0.309375 0.0390625 0.0421875
0 0.66171875 0.91171875 0.05 0.0578125
0 0.81640625 0.51875 0.0609375 0.0546875
0 0.375 0.921875 0.084375 0.0875
0 0.6125 0.07578125 0.0203125 0.0296875
0 0.68359375 0.36875 0.0484375 0.05625
0 0.065625 0.84609375 0.0828125 0.0671875
0 0.50390625 0.9703125 0.0375 0.046875
0 0.40234375 0.7125 0.05625 0.0484375