0 0.4546875 0.89140625 0.0671875 0.084375
0 0.4109375 0.80859375 0.0484375 0.0859375
0 0.6421875 0.221875 0.0828125 0.1015625
0 0.5546875 0.30859375 0.1109375 0.1109375
0 0.2484375 0.5953125 0.0625 0.0671875
0 0.47265625 0.10703125 0.06875 0.0875
0 0.4671875 0.821875 0.0609375 0.065625
0 0.1546875 0.17109375 0.0765625 0.0625
0 0.11875 0.415625 0.0828125 0.084375
0 0.88515625 0.903125 0.0765625 0.0734375
0 0.93359375 0.81171875 0.0703125 0.0609375
0 0.28359375 0.20078125 0.0921875 0.0609375
0 0.5921875 0.409375 0.1609375 0.115625
0 0.28125 0.271875 0.0953125 0.1015625
0 0.8125 0.65546875 0.1 0.0875
0 0.37109375 0.19296875 0.0546875 0.1078125
0 0.27421875 0.125 0.1078125 0.10625
0 0.55 0.046875 0.0890625 0.0890625
0 0.940625 0.24609375 0.0921875 0.075
0 0.7359375 0.75234375 0.0515625 0.0578125
0 0.6484375 0.81640625 0.078125 0.090625
0 0.07734375 0.34765625 0.0921875 0.040625
0 0.06171875 0.49921875 0.1234375 0.1734375
0 0.88203125 0.47578125 0.0921875 0.0859375
0 0.628125 0.94296875 0.1109375 0.1109375
0 0.06484375 0.66796875 0.09375 0.090625
0 0.45234375 0.3015625 0.0875 0.08125
0 0.25625 0.0421875 0.084375 0.084375
0 0.0921875 0.2875 0.0875 0.1078125
0 0.81171875 0.07421875 0.09375 0.078125
0 0.57109375 0.65859375 0.1390625 0.16875
0 0.3921875 0.88671875 0.0625 0.090625
0 0.9546875 0.28828125 0.0890625 0.084375
0 0.315625 0.0375 0.0609375 0.075
0 0.115625 0.9015625 0.071875 0.0890625
0 0.25078125 0.225 0.05 0.0484375
0 0.21015625 0.15625 0.065625 0.090625
0 0.91015625 0.4046875 0.0765625 0.0578125
0 0.621875 0.3109375 0.0375 0.0953125
0 0.9078125 0.125 0.0859375 0.084375
0 0.09453125 0.090625 0.146875 0.125
0 0.6390625 0.4984375 0.078125 0.0953125
0 0.1109375 0.5828125 0.1015625 0.10625
0 0.2859375 0.4578125 0.0953125 0.096875
0 0.35546875 0.5578125 0.1171875 0.1046875
0 0.6859375 0.10390625 0.0640625 0.0578125
0 0.7125 0.50234375 0.08125 0.096875
0 0.696875 0.33046875 0.1125 0.1015625
0 0.85078125 0.2578125 0.1078125 0.1046875
0 0.80703125 0.85546875 0.090625 0.1171875
0 0.5 0.540625 0.0796875 0.0765625
0 0.515625 0.14375 0.053125 0.0765625
0 0.91875 0.62734375 0.115625 0.1125
0 0.4 0.928125 0.075 0.0859375
0 0.48125 0.196875 0.0625 0.084375
0 0.953125 0.72578125 0.09375 0.096875
0 0.2953125 0.60546875 0.0703125 0.0953125
0 0.796875 0.46640625 0.0875 0.0984375
0 0.18828125 0.221875 0.0734375 0.06875
0 0.465625 0.72109375 0.0734375 0.10625
0 0.509375 0.7796875 0.084375 0.0765625
0 0.18125 0.4875 0.1046875 0.0875
0 0.790625 0.34765625 0.0765625 0.0828125
0 0.146875 0.65390625 0.05 0.046875
0 0.74609375 0.5515625 0.1046875 0.1296875
0 0.39375 0.33203125 0.0828125 0.0890625
0 0.9546875 0.515625 0.0890625 0.0796875
0 0.69609375 0.39296875 0.040625 0.0703125
0 0.575 0.84921875 0.071875 0.0859375
0 0.72578125 0.91640625 0.1046875 0.1109375
0 0.79609375 0.1546875 0.1125 0.103125
0 0.2484375 0.7046875 0.084375 0.11875
0 0.171875 0.7921875 0.0765625 0.065625
0 0.1546875 0.75390625 0.075 0.075
0 0.17109375 0.69765625 0.0546875 0.0640625
0 0.34609375 0.4 0.0546875 0.075
0 0.6875 0.67578125 0.0984375 0.11875
0 0.3640625 0.7921875 0.046875 0.0765625
0 0.121875 0.7125 0.053125 0.059375
0 0.8390625 0.56640625 0.1046875 0.090625
0 0.24609375 0.821875 0.1484375 0.1359375
0 0.35625 0.70078125 0.096875 0.1140625
0 0.1390625 0.2359375 0.0765625 0.090625
0 0.79140625 0.29296875 0.0875 0.05
0 0.70234375 0.04375 0.1484375 0.0875
0 0.42109375 0.2140625 0.078125 0.109375
0 0.60390625 0.10703125 0.10625 0.1171875
0 0.4234375 0.459375 0.10625 0.121875