0 0.51953125 0.43359375 0.0453125 0.05625
0 0.49609375 0.54453125 0.0546875 0.053125
0 0.478125 0.1234375 0.0625 0.0609375
0 0.884375 0.63828125 0.075 0.059375
0 0.67265625 0.18671875 0.0953125 0.1265625
0 0.915625 0.05234375 0.0484375 0.0640625
0 0.63046875 0.875 0.06875 0.0625
0 0.5875 0.06875 0.1015625 0.096875
0 0.34296875 0.61875 0.1140625 0.1046875
0 0.396875 0.3125 0.0625 0.0609375
0 0.47109375 0.33359375 0.065625 0.0609375
0 0.5375 0.0359375 0.10625 0.071875
0 0.1109375 0.890625 0.0828125 0.0953125
0 0.91796875 0.59375 0.0609375 0.0546875
0 0.109375 0.52421875 0.0859375 0.0546875
0 0.4046875 0.425 0.065625 0.065625
0 0.76953125 0.05546875 0.078125 0.084375
0 0.54609375 0.7328125 0.0703125 0.0875
0 0.3546875 0.115625 0.0703125 0.071875
0 0.04921875 0.70546875 0.0984375 0.075
0 0.240625 0.9296875 0.0890625 0.103125
0 0.7890625 0.69609375 0.078125 0.0671875
0 0.66328125 0.0921875 0.0734375 0.0671875
0 0.75625 0.88671875 0.0796875 0.0828125
0 0.78359375 0.50625 0.0828125 0.078125
0 0.2984375 0.75625 0.053125 0.075
0 0.2625 0.37265625 0.078125 0.05625
0 0.871875 0.8109375 0.1 0.1015625
0 0.83515625 0.36328125 0.0765625 0.1015625
0 0.14296875 0.64765625 0.0984375 0.0796875
0 0.14453125 0.0625 0.115625 0.0953125
0 0.6453125 0.36875 0.128125 0.11875
0 0.70234375 0.31875 0.0671875 0.05625
0 0.9546875 0.146875 0.0890625 0.0875
0 0.92578125 0.8453125 0.0953125 0.1
0 0.5109375 0.47578125 0.05 0.0484375
0 0.7078125 0.7828125 0.103125 0.1
0 0.20078125 0.4234375 0.071875 0.0625
0 0.7578125 0.2515625 0.0703125 0.0625
0 0.8640625 0.57109375 0.0890625 0.071875
0 0.24453125 0.3375 0.078125 0.0640625
0 0.23203125 0.57890625 0.134375 0.1140625
0 0.13515625 0.228125 0.0828125 0.0671875
0 0.928125 0.390625 0.0859375 0.11875
0 0.4234375 0.78203125 0.0609375 0.0703125
0 0.51171875 0.6 0.0984375 0.09375
0 0.76640625 0.34765625 0.1109375 0.071875
0 0.48515625 0.39765625 0.0859375 0.1109375
0 0.60078125 0.14296875 0.084375 0.09375
0 0.35 0.759375 0.071875 0.078125
0 0.49296875 0.18125 0.0609375 0.0609375
0 0.7125 0.48671875 0.0875 0.084375
0 0.6671875 0.0375 0.075 0.0609375
0 0.75390625 0.30078125 0.0734375 0.0515625
0 0.2828125 0.41875 0.1109375 0.0875
0 0.565625 0.3390625 0.06875 0.065625
0 0.8265625 0.06171875 0.078125 0.0953125
0 0.15703125 0.27578125 0.090625 0.071875
0 0.790625 0.85078125 0.071875 0.0765625
0 0.80546875 0.80078125 0.08125 0.0828125
0 0.88359375 0.95703125 0.0984375 0.0828125
0 0.55390625 0.49921875 0.0359375 0.0484375
0 0.4375 0.30546875 0.05625 0.053125
0 0.640625 0.940625 0.10625 0.1171875
0 0.628125 0.7703125 0.0703125 0.0875
0 0.40859375 0.55390625 0.0859375 0.059375
0 0.2375 0.23828125 0.0625 0.0546875
0 0.89453125 0.18828125 0.1078125 0.1140625
0 0.67578125 0.56796875 0.06875 0.0671875
0 0.709375 0.26640625 0.0609375 0.065625
0 0.0953125 0.61328125 0.103125 0.1109375
0 0.728125 0.19140625 0.0765625 0.0953125
0 0.875 0.06953125 0.071875 0.0828125
0 0.26796875 0.88125 0.05 0.0890625
0 0.56953125 0.4296875 0.0625 0.05625
0 0.92578125 0.72734375 0.0734375 0.0828125
0 0.1421875 0.8 0.071875 0.0734375
0 0.68984375 0.70703125 0.090625 0.090625
0 0.5265625 0.36328125 0.0421875 0.05625
0 0.82265625 0.91875 0.0984375 0.0828125
0 0.84765625 0.67578125 0.075 0.0703125
0 0.41640625 0.234375 0.084375 0.084375
0 0.94921875 0.06796875 0.075 0.0734375
0 0.79296875 0.640625 0.1 0.084375
0 0.59140625 0.2453125 0.090625 0.103125
0 0.46640625 0.2046875 0.0453125 0.0453125
0 0.515625 0.7984375 0.0765625 0.0921875
0 0.44921875 0.05859375 0.0796875 0.103125
0 0.4640625 0.93828125 0.0796875 0.0859375
0 0.728125 0.40390625 0.0890625 0.075
0 0.8875 0.36328125 0.075 0.115625
0 0.72890625 0.1109375 0.090625 0.1140625
0 0.0890625 0.28203125 0.071875 0.046875
0 0.1 0.4140625 0.09375 0.071875
0 0.27734375 0.11640625 0.103125 0.10625
0 0.53125 0.8609375 0.0484375 0.08125
0 0.771875 0.73984375 0.046875 0.0515625
0 0.32265625 0.1953125 0.10625 0.1015625
0 0.65 0.24140625 0.059375 0.0734375
0 0.1296875 0.3234375 0.0765625 0.0625
0 0.596875 0.4890625 0.046875 0.05625
0 0.440625 0.48203125 0.0671875 0.071875
0 0.3453125 0.56015625 0.0640625 0.05
0 0.765625 0.5765625 0.103125 0.10625
0 0.05 0.2234375 0.075 0.0609375