0 0.05390625 0.35234375 0.1078125 0.1015625
0 0.71484375 0.48515625 0.0515625 0.0921875
0 0.8765625 0.83828125 0.075 0.0609375
0 0.7953125 0.734375 0.0609375 0.0453125
0 0.72578125 0.41015625 0.06875 0.0609375
0 0.2109375 0.38671875 0.1015625 0.0828125
0 0.39453125 0.09765625 0.0640625 0.075
0 0.93125 0.64765625 0.0671875 0.0796875
0 0.04296875 0.18203125 0.0859375 0.075
0 0.7109375 0.85 0.1015625 0.075
0 0.45625 0.2046875 0.0859375 0.0984375
0 0.2328125 0.49140625 0.0765625 0.0796875
0 0.05625 0.865625 0.075 0.071875
0 0.265625 0.83515625 0.096875 0.1171875
0 0.915625 0.51953125 0.0984375 0.1015625
0 0.66875 0.62265625 0.1265625 0.10625
0 0.83125 0.66953125 0.0890625 0.1
0 0.65703125 0.4671875 0.071875 0.0890625
0 0.49921875 0.18515625 0.09375 0.1203125
0 0.8171875 0.79453125 0.1 0.0875
0 0.2953125 0.17578125 0.0921875 0.0953125
0 0.1265625 0.85546875 0.11875 0.1140625
0 0.63671875 0.80390625 0.0640625 0.0546875
0 0.2671875 0.07421875 0.0640625 0.0546875
0 0.034375 0.05859375 0.0609375 0.0640625
0 0.84453125 0.59296875 0.0875 0.0921875
0 0.77578125 0.2171875 0.1 0.06875
0 0.675 0.33671875 0.084375 0.090625
0 0.81171875 0.15078125 0.0796875 0.0765625
0 0.6109375 0.73984375 0.0640625 0.075
0 0.47734375 0.29375 0.0796875 0.0734375
0 0.034375 0.75234375 0.06875 0.075
0 0.7671875 0.07421875 0.0734375 0.0921875
0 0.5796875 0.6390625 0.0953125 0.0890625
0 0.39453125 0.6234375 0.06875 0.0765625
0 0.95 0.1578125 0.1 0.1109375
0 0.93515625 0.8953125 0.0875 0.0796875
0 0.88828125 0.696875 0.0921875 0.075
0 0.58125 0.515625 0.096875 0.0953125
0 0.61328125 0.040625 0.0546875 0.08125
0 0.3375 0.3671875 0.084375 0.0875
0 0.1546875 0.3578125 0.078125 0.0640625
0 0.62890625 0.696875 0.0765625 0.0609375
0 0.76640625 0.884375 0.0921875 0.1
0 0.31328125 0.96328125 0.078125 0.071875
0 0.91328125 0.965625 0.0921875 0.06875
0 0.34375 0.78515625 0.0640625 0.0796875
0 0.50390625 0.878125 0.065625 0.065625
0 0.59375 0.79140625 0.04375 0.0453125
0 0.41328125 0.484375 0.084375 0.0796875
0 0.31875 0.91953125 0.0609375 0.05
0 0.75078125 0.271875 0.084375 0.0953125
0 0.96328125 0.803125 0.071875 0.075
0 0.2859375 0.69296875 0.1046875 0.1375
0 0.5234375 0.8 0.0640625 0.06875
0 0.63984375 0.25234375 0.075 0.071875
0 0.33359375 0.0625 0.0671875 0.0796875
0 0.51484375 0.52109375 0.075 0.084375
0 0.93046875 0.3609375 0.1234375 0.1078125
0 0.328125 0.49609375 0.0796875 0.0859375
0 0.20390625 0.75625 0.103125 0.0828125
0 0.2484375 0.92109375 0.059375 0.065625
0 0.23203125 0.9703125 0.084375 0.0578125
0 0.58359375 0.41796875 0.08125 0.084375
0 0.9703125 0.7125 0.059375 0.0671875
0 0.659375 0.915625 0.0609375 0.0609375
0 0.08359375 0.934375 0.0734375 0.071875
0 0.68125 0.9578125 0.05 0.0578125
0 0.36328125 0.9078125 0.0609375 0.0515625
0 0.57734375 0.18359375 0.06875 0.0875
0 0.15625 0.478125 0.0703125 0.071875
0 0.18125 0.60546875 0.1125 0.078125
0 0.0625 0.24453125 0.084375 0.05625
0 0.37578125 0.03046875 0.078125 0.0609375
0 0.79609375 0.396875 0.0578125 0.0578125
0 0.40078125 0.384375 0.0703125 0.059375
0 0.1171875 0.17578125 0.05625 0.0546875
0 0.0953125 0.296875 0.0921875 0.065625
0 0.35625 0.68046875 0.0734375 0.0953125
0 0.69609375 0.22109375 0.0703125 0.0609375
0 0.46796875 0.8203125 0.0625 0.065625
0 0.39375 0.79453125 0.059375 0.0625
0 0.11640625 0.05390625 0.0625 0.0578125
0 0.1046875 0.415625 0.0703125 0.059375
0 0.859375 0.259375 0.09375 0.10625
0 0.8921875 0.59765625 0.0671875 0.0828125
0 0.65546875 0.86875 0.0515625 0.0640625
0 0.4890625 0.06953125 0.0859375 0.1234375
0 0.28125 0.503125 0.0703125 0.0859375
0 0.5078125 0.3921875 0.09375 0.10625
0 0.7125 0.703125 0.059375 0.0625
0 0.1890625 0.903125 0.0640625 0.0546875
0 0.121875 0.64921875 0.078125 0.078125
0 0.9640625 0.290625 0.0703125 0.0703125
0 0.55859375 0.7515625 0.0671875 0.0734375
0 0.465625 0.46640625 0.06875 0.0765625
0 0.41875 0.7203125 0.0671875 0.0671875
0 0.759375 0.62890625 0.0859375 0.10625
0 0.58046875 0.959375 0.0875 0.071875
0 0.91484375 0.04609375 0.103125 0.0921875
0 0.58671875 0.84921875 0.071875 0.0703125
0 0.4328125 0.8734375 0.0828125 0.0921875
0 0.8296875 0.06953125 0.0859375 0.0890625
0 0.47109375 0.6453125 0.1078125 0.1
0 0.79140625 0.96484375 0.06875 0.0609375
0 0.8140625 0.3296875 0.0671875 0.0625