0 0.34453125 0.321875 0.25625 0.2828125
0 0.190625 0.12265625 0.225 0.2453125
0 0.07109375 0.5421875 0.1421875 0.146875
0 0.121875 0.425 0.24375 0.2015625
0 0.12734375 0.20078125 0.2546875 0.3
0 0.5546875 0.23359375 0.1703125 0.1546875
0 0.3828125 0.678125 0.11875 0.134375
0 0.9546875 0.8671875 0.0890625 0.1390625
0 0.31875 0.90390625 0.1953125 0.190625
0 0.1671875 0.615625 0.234375 0.2203125
0 0.80546875 0.509375 0.146875 0.1515625
0 0.190625 0.78671875 0.2 0.175
0 0.07890625 0.93046875 0.1578125 0.134375
0 0.5640625 0.63046875 0.2296875 0.1859375
0 0.646875 0.815625 0.1671875 0.1859375
0 0.61953125 0.1109375 0.209375 0.221875
0 0.80625 0.8421875 0.2453125 0.2546875
0 0.78125 0.1765625 0.221875 0.265625
0 0.646875 0.81484375 0.1703125 0.1859375
0 0.5578125 0.334375 0.184375 0.1609375
0 0.275 0.10078125 0.1578125 0.2015625
0 0.44140625 0.1671875 0.209375 0.2078125
0 0.909375 0.61015625 0.178125 0.1828125
0 0.509375 0.88984375 0.134375 0.1546875
0 0.34609375 0.534375 0.2234375 0.2171875
0 0.5578125 0.46015625 0.2515625 0.1953125
0 0.6671875 0.334375 0.1296875 0.2