0 0.68828125 0.778125 0.140625 0.13125
0 0.3953125 0.59140625 0.0921875 0.0875
0 0.17734375 0.275 0.0828125 0.090625
0 0.42734375 0.84375 0.084375 0.078125
0 0.58203125 0.25390625 0.15625 0.1484375
0 0.790625 0.3984375 0.1015625 0.1140625
0 0.6765625 0.53515625 0.15625 0.153125
0 0.31875 0.3375 0.1 0.0796875
0 0.54375 0.50625 0.0875 0.09375
0 0.1578125 0.43984375 0.1140625 0.1
0 0.44921875 0.628125 0.115625 0.1140625
0 0.76015625 0.11015625 0.134375 0.115625
0 0.69140625 0.21640625 0.103125 0.096875
0 0.45703125 0.53125 0.0875 0.096875
0 0.3390625 0.8140625 0.084375 0.0859375
0 0.753125 0.47421875 0.071875 0.0796875
0 0.51953125 0.615625 0.053125 0.0515625
0 0.2234375 0.228125 0.1421875 0.128125
0 0.89140625 0.26171875 0.1265625 0.1515625
0 0.87578125 0.84375 0.11875 0.14375
0 0.09453125 0.365625 0.1515625 0.115625
0 0.35703125 0.38125 0.06875 0.10625
0 0.71875 0.90859375 0.15 0.13125
0 0.07421875 0.7609375 0.0796875 0.103125
0 0.5953125 0.8828125 0.103125 0.1296875
0 0.825 0.925 0.1015625 0.140625
0 0.4625 0.42890625 0.10625 0.1015625
0 0.5515625 0.153125 0.0921875 0.0875
0 0.26953125 0.4484375 0.06875 0.1203125
0 0.3578125 0.87890625 0.0890625 0.071875
0 0.1484375 0.08671875 0.1234375 0.13125
0 0.07109375 0.1640625 0.121875 0.1015625
0 0.05390625 0.28203125 0.1078125 0.1078125
0 0.71953125 0.15859375 0.0671875 0.0765625
0 0.1875 0.51875 0.134375 0.09375
0 0.425 0.07578125 0.15 0.1515625
0 0.57578125 0.36328125 0.0984375 0.1265625
0 0.60390625 0.778125 0.075 0.1
0 0.6921875 0.7109375 0.11875 0.0921875
0 0.81015625 0.66875 0.0859375 0.096875
0 0.7109375 0.284375 0.1046875 0.084375
0 0.078125 0.5984375 0.11875 0.0921875
0 0.49765625 0.6625 0.0515625 0.0640625
0 0.8953125 0.59375 0.128125 0.115625
0 0.6625 0.37109375 0.1296875 0.134375
0 0.32265625 0.46171875 0.06875 0.078125
0 0.89140625 0.38359375 0.1359375 0.1140625
0 0.41484375 0.38046875 0.1015625 0.121875
0 0.33984375 0.734375 0.0765625 0.08125
0 0.76328125 0.7921875 0.1171875 0.1359375
0 0.4828125 0.7515625 0.06875 0.1
0 0.39609375 0.9375 0.134375 0.121875
0 0.48203125 0.490625 0.0640625 0.0765625
0 0.7875 0.58203125 0.0890625 0.103125
0 0.928125 0.49140625 0.1390625 0.1609375
0 0.87734375 0.6796875 0.0921875 0.103125
0 0.5515625 0.5796875 0.109375 0.0921875
0 0.821875 0.5203125 0.0890625 0.1046875
0 0.95234375 0.646875 0.09375 0.1109375
0 0.2359375 0.8625 0.103125 0.1
0 0.3890625 0.74140625 0.0578125 0.0921875
0 0.6015625 0.08515625 0.0953125 0.0765625
0 0.63125 0.1546875 0.1359375 0.1203125
0 0.16015625 0.8953125 0.13125 0.15
0 0.91015625 0.91171875 0.0921875 0.0953125
0 0.15859375 0.7390625 0.1015625 0.1125
0 0.534375 0.72109375 0.09375 0.0984375
0 0.86171875 0.4515625 0.1078125 0.084375
0 0.3546875 0.65859375 0.090625 0.090625
0 0.1 0.64765625 0.1 0.071875
0 0.896875 0.12109375 0.13125 0.15
0 0.31875 0.39921875 0.0734375 0.06875
0 0.06015625 0.8984375 0.1203125 0.115625
0 0.48515625 0.8765625 0.13125 0.153125
0 0.503125 0.3265625 0.09375 0.146875
0 0.2671875 0.74296875 0.1484375 0.146875
0 0.80078125 0.1859375 0.103125 0.115625
0 0.3734375 0.5 0.10625 0.115625
0 0.05 0.22265625 0.1 0.075
0 0.07265625 0.46875 0.084375 0.065625
0 0.21796875 0.3828125 0.1296875 0.1265625
0 0.303125 0.596875 0.0921875 0.084375
0 0.69140625 0.63984375 0.1171875 0.1015625
0 0.203125 0.634375 0.153125 0.153125
0 0.9234375 0.765625 0.0984375 0.109375
0 0.34453125 0.55703125 0.065625 0.059375
0 0.1203125 0.81328125 0.0984375 0.084375
0 0.83203125 0.7421875 0.0921875 0.075
0 0.43359375 0.69296875 0.0921875 0.0703125
0 0.05859375 0.0625 0.1171875 0.125
0 0.42890625 0.77265625 0.0765625 0.1
0 0.05 0.51953125 0.1 0.0828125
0 0.11875 0.24296875 0.096875 0.096875
0 0.28515625 0.8953125 0.090625 0.0953125
0 0.540625 0.80078125 0.075 0.0859375
0 0.11640625 0.54140625 0.1140625 0.0796875
0 0.3015625 0.5296875 0.06875 0.0640625
0 0.65625 0.0515625 0.05625 0.0765625