0 0.49765625 0.0953125 0.2125 0.153125
0 0.30703125 0.14140625 0.228125 0.2296875
0 0.328125 0.32890625 0.125 0.1453125
0 0.7046875 0.903125 0.1421875 0.1640625
0 0.18125 0.615625 0.240625 0.171875
0 0.5625 0.9203125 0.0796875 0.0796875
0 0.37890625 0.77265625 0.134375 0.134375
0 0.64375 0.7953125 0.0703125 0.0734375
0 0.0578125 0.5015625 0.115625 0.178125
0 0.60859375 0.9078125 0.075 0.1734375
0 0.178125 0.1609375 0.14375 0.1890625
0 0.928125 0.08203125 0.1421875 0.1640625
0 0.296875 0.89296875 0.0875 0.0828125
0 0.06015625 0.31640625 0.1203125 0.16875
0 0.828125 0.5015625 0.225 0.2234375
0 0.04609375 0.915625 0.0921875 0.1109375
0 0.4359375 0.82421875 0.1140625 0.11875
0 0.06015625 0.15390625 0.1203125 0.1546875
0 0.5171875 0.88515625 0.0921875 0.1
0 0.52109375 0.790625 0.1265625 0.140625
0 0.5140625 0.50859375 0.1625 0.1515625
0 0.7640625 0.70859375 0.1796875 0.184375
0 0.18125 0.3109375 0.1765625 0.1625
0 0.2765625 0.8109375 0.115625 0.1078125
0 0.14375 0.40625 0.15625 0.13125
0 0.67578125 0.4609375 0.1640625 0.1625
0 0.2703125 0.7265625 0.1265625 0.146875
0 0.80078125 0.8203125 0.0796875 0.0921875
0 0.7109375 0.146875 0.1296875 0.171875
0 0.821875 0.09453125 0.1671875 0.1890625
0 0.353125 0.8578125 0.0875 0.0859375
0 0.37734375 0.621875 0.096875 0.1125
0 0.7015625 0.296875 0.184375 0.1875
0 0.14921875 0.5328125 0.1859375 0.15
0 0.11640625 0.7390625 0.0984375 0.0953125
0 0.55078125 0.26171875 0.19375 0.234375
0 0.87109375 0.79140625 0.121875 0.115625
0 0.17578125 0.8046875 0.1203125 0.1390625
0 0.1125 0.9109375 0.11875 0.11875
0 0.88359375 0.67890625 0.1625 0.1625
0 0.5953125 0.6203125 0.240625 0.23125
0 0.90078125 0.35234375 0.196875 0.20625
0 0.0640625 0.78984375 0.1203125 0.1734375