0 0.2515625 0.2171875 0.1171875 0.115625
0 0.43984375 0.2234375 0.1671875 0.1
0 0.21953125 0.5953125 0.103125 0.1078125
0 0.571875 0.2703125 0.096875 0.084375
0 0.26953125 0.32109375 0.134375 0.128125
0 0.55859375 0.1578125 0.096875 0.1421875
0 0.6453125 0.31015625 0.1015625 0.071875
0 0.92421875 0.8984375 0.15 0.184375
0 0.39765625 0.60546875 0.0984375 0.09375
0 0.4703125 0.64296875 0.075 0.0828125
0 0.39140625 0.265625 0.0625 0.0671875
0 0.06875 0.52734375 0.0828125 0.0828125
0 0.475 0.39609375 0.0890625 0.1390625
0 0.38671875 0.35703125 0.1109375 0.1109375
0 0.29296875 0.41015625 0.11875 0.0921875
0 0.43203125 0.8390625 0.0890625 0.1171875
0 0.6359375 0.11796875 0.0796875 0.0984375
0 0.39453125 0.0734375 0.1578125 0.146875