0 0.65703125 0.74609375 0.065625 0.0921875
0 0.2625 0.2 0.0890625 0.09375
0 0.9125 0.64765625 0.0703125 0.0484375
0 0.2828125 0.11953125 0.05625 0.0984375
0 0.57578125 0.0875 0.0671875 0.1078125
0 0.92578125 0.92421875 0.08125 0.0796875
0 0.77890625 0.62890625 0.0890625 0.059375
0 0.053125 0.6859375 0.09375 0.0734375
0 0.5515625 0.61015625 0.0515625 0.059375
0 0.45234375 0.1375 0.0640625 0.10625
0 0.52265625 0.0484375 0.071875 0.09375
0 0.7328125 0.73984375 0.084375 0.0859375
0 0.35625 0.703125 0.0671875 0.0625
0 0.81484375 0.78125 0.0921875 0.078125
0 0.67265625 0.53203125 0.08125 0.0625
0 0.1703125 0.715625 0.1 0.0796875
0 0.09453125 0.74296875 0.1 0.0828125
0 0.796875 0.9328125 0.090625 0.1
0 0.5859375 0.38359375 0.059375 0.0453125
0 0.19765625 0.04765625 0.0984375 0.0953125
0 0.48984375 0.3296875 0.0625 0.0546875
0 0.53984375 0.6625 0.05625 0.078125
0 0.0625 0.1921875 0.1 0.08125
0 0.49453125 0.6453125 0.04375 0.0578125
0 0.48203125 0.8984375 0.0921875 0.103125
0 0.8109375 0.27265625 0.0875 0.071875
0 0.878125 0.865625 0.1 0.0984375
0 0.396875 0.40390625 0.0828125 0.06875
0 0.25390625 0.53984375 0.053125 0.05
0 0.5859375 0.28828125 0.0640625 0.075
0 0.27578125 0.83515625 0.1125 0.1421875
0 0.82890625 0.72734375 0.0453125 0.0546875
0 0.2046875 0.71640625 0.078125 0.0875
0 0.38203125 0.78984375 0.078125 0.1015625
0 0.50078125 0.21484375 0.05625 0.0765625
0 0.1015625 0.32109375 0.1046875 0.0765625
0 0.3921875 0.653125 0.0484375 0.05625
0 0.8640625 0.1953125 0.0796875 0.071875
0 0.378125 0.603125 0.0546875 0.05625
0 0.9375 0.7328125 0.11875 0.090625
0 0.140625 0.875 0.08125 0.0703125
0 0.63359375 0.3328125 0.0796875 0.06875
0 0.53515625 0.4359375 0.075 0.084375
0 0.23515625 0.628125 0.0578125 0.0515625
0 0.2359375 0.44375 0.1 0.0640625
0 0.71484375 0.3359375 0.06875 0.0546875
0 0.95546875 0.35859375 0.0859375 0.0609375
0 0.40234375 0.51171875 0.053125 0.0515625
0 0.36328125 0.14921875 0.075 0.08125
0 0.72578125 0.83828125 0.078125 0.0984375
0 0.63671875 0.603125 0.0765625 0.075
0 0.5328125 0.13359375 0.0609375 0.0953125
0 0.67890625 0.875 0.0765625 0.103125
0 0.3015625 0.6140625 0.0890625 0.0640625
0 0.64375 0.803125 0.04375 0.04375
0 0.3984375 0.19140625 0.090625 0.0734375
0 0.35390625 0.28515625 0.0640625 0.0609375
0 0.73046875 0.47578125 0.1078125 0.0609375
0 0.73515625 0.41171875 0.071875 0.0484375
0 0.5796875 0.4828125 0.0734375 0.0828125
0 0.44296875 0.86484375 0.0609375 0.084375
0 0.5921875 0.1875 0.0859375 0.08125
0 0.51015625 0.15703125 0.04375 0.059375
0 0.66875 0.69140625 0.0453125 0.0421875
0 0.409375 0.728125 0.05 0.059375
0 0.85546875 0.61875 0.0953125 0.06875
0 0.3515625 0.0921875 0.0828125 0.0921875
0 0.7265625 0.046875 0.0703125 0.0890625
0 0.30078125 0.3203125 0.075 0.0625
0 0.1296875 0.66796875 0.0875 0.0796875
0 0.153125 0.09453125 0.1078125 0.103125
0 0.19765625 0.8125 0.0859375 0.078125
0 0.9109375 0.8140625 0.1078125 0.0984375
0 0.17578125 0.40625 0.103125 0.08125
0 0.125 0.4546875 0.13125 0.0984375
0 0.275 0.48515625 0.0796875 0.0921875
0 0.57421875 0.7265625 0.046875 0.0703125
0 0.7390625 0.56640625 0.084375 0.065625
0 0.47421875 0.7421875 0.04375 0.059375
0 0.42578125 0.94375 0.059375 0.0828125
0 0.59453125 0.55078125 0.05 0.075
0 0.24921875 0.5859375 0.0796875 0.0609375
0 0.69140625 0.61640625 0.0609375 0.05625
0 0.49609375 0.37890625 0.090625 0.06875
0 0.54296875 0.54453125 0.0578125 0.0671875
0 0.06640625 0.56796875 0.096875 0.103125
0 0.16015625 0.8265625 0.075 0.0578125
0 0.24140625 0.128125 0.0703125 0.090625
0 0.14453125 0.2359375 0.08125 0.0703125
0 0.359375 0.55078125 0.0703125 0.0640625
0 0.71796875 0.17109375 0.06875 0.084375
0 0.6546875 0.04453125 0.06875 0.0890625
0 0.7640625 0.20703125 0.084375 0.0765625
0 0.17890625 0.51328125 0.0765625 0.05625
0 0.45390625 0.6453125 0.0515625 0.06875
0 0.51171875 0.72734375 0.0734375 0.0921875
0 0.18359375 0.63828125 0.0921875 0.09375
0 0.2 0.28828125 0.109375 0.084375
0 0.37109375 0.89765625 0.0609375 0.0875
0 0.32890625 0.65703125 0.06875 0.0734375
0 0.90390625 0.475 0.1265625 0.0703125
0 0.3984375 0.31875 0.065625 0.0640625
0 0.4578125 0.44140625 0.0703125 0.0640625
0 0.1546875 0.153125 0.103125 0.09375
0 0.43984375 0.05390625 0.053125 0.0875
0 0.4078125 0.24921875 0.0921875 0.0734375
0 0.915625 0.22578125 0.1 0.075
0 0.44921875 0.56953125 0.0625 0.065625
0 0.66171875 0.4265625 0.0796875 0.059375
0 0.6125 0.709375 0.059375 0.071875
0 0.91328125 0.1515625 0.0796875 0.0640625
0 0.2890625 0.3859375 0.078125 0.0640625
0 0.90859375 0.40078125 0.1109375 0.0796875
0 0.79765625 0.0671875 0.1015625 0.1015625
0 0.21796875 0.8375 0.11875 0.1296875
0 0.525 0.3015625 0.0546875 0.0625
0 0.8421875 0.32109375 0.0796875 0.0625
0 0.72265625 0.6953125 0.0828125 0.084375
0 0.3453125 0.47109375 0.071875 0.0796875
0 0.10078125 0.79765625 0.1171875 0.1015625
0 0.134375 0.5828125 0.121875 0.0796875
0 0.87109375 0.9609375 0.0453125 0.0515625
0 0.77890625 0.7125 0.08125 0.0765625
0 0.26171875 0.678125 0.0671875 0.078125
0 0.72109375 0.64375 0.0546875 0.0625
0 0.6203125 0.64921875 0.0625 0.06875
0 0.81953125 0.50625 0.0984375 0.053125
0 0.203125 0.91953125 0.0921875 0.090625
0 0.6125 0.82421875 0.05625 0.115625
0 0.23828125 0.75 0.08125 0.0875
0 0.53203125 0.79375 0.0765625 0.084375
0 0.3140625 0.034375 0.0546875 0.06875