0 0.24296875 0.2109375 0.1 0.09375
0 0.6375 0.25703125 0.034375 0.0296875
0 0.45078125 0.76875 0.075 0.0671875
0 0.884375 0.0859375 0.1921875 0.171875
0 0.6265625 0.51796875 0.059375 0.0546875
0 0.18203125 0.375 0.0671875 0.053125
0 0.6625 0.74296875 0.0828125 0.0671875
0 0.4640625 0.8828125 0.0609375 0.0671875
0 0.11328125 0.2546875 0.06875 0.0765625
0 0.11484375 0.103125 0.05625 0.0484375
0 0.44296875 0.9296875 0.0359375 0.04375
0 0.0546875 0.09140625 0.0640625 0.0609375
0 0.05078125 0.30390625 0.0765625 0.0671875
0 0.4703125 0.178125 0.05625 0.05625
0 0.48046875 0.9390625 0.0484375 0.0515625
0 0.22265625 0.7828125 0.0703125 0.053125
0 0.5796875 0.36015625 0.0703125 0.065625
0 0.16796875 0.28515625 0.0484375 0.0640625
0 0.7890625 0.525 0.0828125 0.0765625
0 0.490625 0.26953125 0.04375 0.0484375
0 0.8625 0.290625 0.0734375 0.059375
0 0.12890625 0.73671875 0.084375 0.0515625
0 0.24921875 0.82109375 0.0609375 0.0609375
0 0.36796875 0.778125 0.0734375 0.071875
0 0.56953125 0.84921875 0.0421875 0.046875
0 0.734375 0.86953125 0.0515625 0.0515625
0 0.771875 0.83203125 0.0484375 0.04375
0 0.90625 0.86796875 0.0515625 0.0484375
0 0.3984375 0.8125 0.0640625 0.0609375
0 0.70078125 0.26875 0.0375 0.0421875
0 0.35 0.0859375 0.1390625 0.134375
0 0.909375 0.915625 0.071875 0.0578125
0 0.2375 0.109375 0.065625 0.06875
0 0.48125 0.54140625 0.0359375 0.0453125
0 0.22265625 0.32890625 0.0828125 0.0625
0 0.4375 0.68359375 0.071875 0.075
0 0.7484375 0.43203125 0.084375 0.0796875
0 0.6828125 0.92109375 0.084375 0.0921875
0 0.5265625 0.8390625 0.053125 0.0640625
0 0.7296875 0.70625 0.065625 0.0734375
0 0.803125 0.81875 0.0421875 0.040625
0 0.73203125 0.05 0.0984375 0.1
0 0.3375 0.30625 0.053125 0.059375
0 0.609375 0.2328125 0.034375 0.0265625
0 0.0390625 0.0390625 0.075 0.0515625
0 0.178125 0.115625 0.0625 0.0484375
0 0.17421875 0.89375 0.071875 0.0703125
0 0.8765625 0.8328125 0.04375 0.040625
0 0.94140625 0.88671875 0.03125 0.04375
0 0.5765625 0.70625 0.0875 0.0703125
0 0.771875 0.2640625 0.0703125 0.053125
0 0.25625 0.92578125 0.0640625 0.075
0 0.51796875 0.640625 0.0328125 0.0328125
0 0.40703125 0.48671875 0.0359375 0.0375
0 0.1109375 0.80703125 0.071875 0.05625
0 0.4515625 0.346875 0.0484375 0.0453125
0 0.05078125 0.79375 0.075 0.071875
0 0.41640625 0.85703125 0.0453125 0.04375
0 0.4453125 0.403125 0.0328125 0.0359375
0 0.64140625 0.46796875 0.08125 0.0671875
0 0.14140625 0.190625 0.065625 0.0578125
0 0.32109375 0.36796875 0.0515625 0.0546875
0 0.82890625 0.4125 0.071875 0.1
0 0.35546875 0.92578125 0.06875 0.0828125
0 0.96015625 0.91796875 0.0359375 0.04375
0 0.2765625 0.95390625 0.059375 0.0484375
0 0.421875 0.1625 0.0578125 0.0625
0 0.0484375 0.703125 0.0609375 0.0515625
0 0.0328125 0.140625 0.0609375 0.0484375
0 0.05390625 0.178125 0.084375 0.0546875
0 0.43359375 0.084375 0.0578125 0.06875
0 0.3046875 0.76015625 0.0609375 0.0984375
0 0.04140625 0.2296875 0.0828125 0.0703125
0 0.18046875 0.4125 0.09375 0.065625
0 0.5171875 0.17265625 0.059375 0.06875
0 0.22421875 0.271875 0.0859375 0.0734375