0 0.12734375 0.8890625 0.0765625 0.0484375
0 0.0859375 0.64453125 0.075 0.0625
0 0.61875 0.9 0.1015625 0.11875
0 0.59765625 0.7953125 0.140625 0.115625
0 0.33359375 0.16875 0.1703125 0.2
0 0.76171875 0.20390625 0.109375 0.09375
0 0.1515625 0.76015625 0.0703125 0.071875
0 0.54921875 0.85703125 0.08125 0.09375
0 0.215625 0.33515625 0.1265625 0.1578125
0 0.94375 0.64453125 0.1109375 0.125
0 0.90859375 0.865625 0.13125 0.0984375
0 0.5328125 0.57578125 0.1 0.1203125
0 0.36328125 0.3296875 0.1265625 0.1265625
0 0.59765625 0.21640625 0.165625 0.21875
0 0.05703125 0.28203125 0.1140625 0.146875
0 0.14375 0.6953125 0.06875 0.059375
0 0.06171875 0.57265625 0.0828125 0.0984375
0 0.42890625 0.2328125 0.15 0.1890625
0 0.259375 0.875 0.14375 0.1140625
0 0.79296875 0.578125 0.1453125 0.1453125
0 0.72109375 0.47578125 0.1140625 0.1140625
0 0.20234375 0.4921875 0.1265625 0.1234375
0 0.52890625 0.34765625 0.0984375 0.1109375
0 0.45703125 0.55859375 0.0953125 0.109375
0 0.86640625 0.25390625 0.146875 0.1796875
0 0.11875 0.5875 0.09375 0.096875
0 0.79140625 0.865625 0.0921875 0.0984375
0 0.06328125 0.6796875 0.1109375 0.06875
0 0.078125 0.85234375 0.0578125 0.06875
0 0.9046875 0.51015625 0.1625 0.159375
0 0.521875 0.7265625 0.1390625 0.1328125
0 0.725 0.3046875 0.1671875 0.140625
0 0.1 0.05 0.159375 0.1
0 0.58046875 0.67890625 0.0890625 0.096875
0 0.75625 0.709375 0.153125 0.1375
0 0.1703125 0.43125 0.13125 0.0953125
0 0.48046875 0.6546875 0.1109375 0.0984375
0 0.73671875 0.81796875 0.1296875 0.1234375
0 0.58984375 0.065625 0.1578125 0.13125
0 0.89296875 0.7640625 0.134375 0.1359375
0 0.103125 0.80625 0.0546875 0.075
0 0.45625 0.42109375 0.1625 0.1609375
0 0.8203125 0.415625 0.121875 0.1265625
0 0.0578125 0.753125 0.115625 0.103125
0 0.490625 0.09921875 0.096875 0.1453125
0 0.671875 0.59765625 0.090625 0.1109375
0 0.36484375 0.59921875 0.125 0.13125
0 0.4609375 0.91796875 0.0875 0.10625
0 0.72421875 0.11796875 0.1375 0.1390625
0 0.9390625 0.35859375 0.1203125 0.1296875
0 0.0578125 0.5 0.115625 0.09375
0 0.36796875 0.49609375 0.096875 0.109375
0 0.28125 0.06015625 0.1265625 0.1203125
0 0.16640625 0.20625 0.159375 0.1203125
0 0.7015625 0.87421875 0.090625 0.11875
0 0.90625 0.10078125 0.1796875 0.178125
0 0.53984375 0.4609375 0.08125 0.0953125
0 0.3859375 0.0671875 0.0828125 0.0859375
0 0.18359375 0.61875 0.084375 0.125
0 0.675 0.428125 0.115625 0.1171875