0 0.11171875 0.4109375 0.2046875 0.2125
0 0.57109375 0.73046875 0.1875 0.203125
0 0.2359375 0.5484375 0.1140625 0.1109375
0 0.04765625 0.4953125 0.0953125 0.19375
0 0.69296875 0.4578125 0.1984375 0.240625
0 0.81171875 0.603125 0.2234375 0.1546875
0 0.55625 0.8515625 0.1796875 0.18125
0 0.128125 0.15078125 0.25625 0.3015625
0 0.68203125 0.18359375 0.2484375 0.278125
0 0.896875 0.240625 0.2046875 0.359375
0 0.33515625 0.90703125 0.153125 0.1828125
0 0.93828125 0.603125 0.121875 0.2453125
0 0.36796875 0.3234375 0.3296875 0.2953125
0 0.10546875 0.6875 0.2109375 0.2234375
0 0.46484375 0.8953125 0.16875 0.20625
0 0.096875 0.8921875 0.19375 0.2125
0 0.45390625 0.49609375 0.315625 0.3375
0 0.92578125 0.7875 0.1453125 0.2171875
0 0.7828125 0.5296875 0.18125 0.1265625
0 0.225 0.73828125 0.1890625 0.1953125
0 0.31640625 0.63515625 0.184375 0.190625
0 0.79375 0.29453125 0.19375 0.25625
0 0.48671875 0.6875 0.1296875 0.1296875
0 0.4125 0.7109375 0.1 0.15
0 0.8703125 0.90703125 0.16875 0.184375
0 0.86484375 0.68984375 0.14375 0.1203125
0 0.8734375 0.78125 0.0875 0.084375
0 0.7375 0.89140625 0.221875 0.215625
0 0.35546875 0.11328125 0.2921875 0.2265625
0 0.31484375 0.803125 0.15 0.1625
0 0.19609375 0.9390625 0.190625 0.1203125
0 0.7453125 0.7328125 0.215625 0.240625