0 0.74296875 0.6734375 0.0984375 0.0984375
0 0.48046875 0.41484375 0.1546875 0.178125
0 0.36015625 0.6453125 0.153125 0.1734375
0 0.22890625 0.20859375 0.0875 0.1234375
0 0.21875 0.30703125 0.11875 0.1
0 0.7375 0.4375 0.1171875 0.115625
0 0.78046875 0.8046875 0.128125 0.1265625
0 0.74921875 0.334375 0.1078125 0.1078125
0 0.2546875 0.490625 0.2109375 0.15
0 0.15546875 0.88125 0.1953125 0.1578125
0 0.5390625 0.684375 0.1078125 0.090625
0 0.90625 0.1734375 0.140625 0.125
0 0.35625 0.35 0.159375 0.140625
0 0.09765625 0.0546875 0.184375 0.109375
0 0.2390625 0.57734375 0.15625 0.0828125
0 0.91953125 0.91015625 0.1609375 0.1765625
0 0.84375 0.3578125 0.084375 0.071875
0 0.234375 0.396875 0.165625 0.1046875
0 0.63671875 0.934375 0.1265625 0.13125
0 0.3484375 0.06640625 0.1359375 0.1328125
0 0.07421875 0.67578125 0.1484375 0.1359375
0 0.61875 0.81328125 0.1203125 0.115625
0 0.1125 0.6 0.13125 0.1453125
0 0.46796875 0.9078125 0.121875 0.1125
0 0.66640625 0.30078125 0.1734375 0.19375
0 0.4296875 0.51953125 0.11875 0.1109375
0 0.08984375 0.37890625 0.1421875 0.165625
0 0.05859375 0.146875 0.08125 0.0875
0 0.3078125 0.17890625 0.1015625 0.103125
0 0.2328125 0.65703125 0.134375 0.121875
0 0.384375 0.209375 0.225 0.234375
0 0.796875 0.9328125 0.121875 0.1328125
0 0.509375 0.759375 0.1234375 0.1171875
0 0.8546875 0.52265625 0.2890625 0.3078125
0 0.878125 0.7375 0.1015625 0.096875
0 0.15625 0.1703125 0.1515625 0.18125
0 0.65859375 0.07734375 0.1390625 0.1546875
0 0.4875 0.5765625 0.16875 0.1453125
0 0.81640625 0.253125 0.128125 0.1359375
0 0.58359375 0.41953125 0.115625 0.1484375