0 0.8671875 0.0703125 0.075 0.0953125
0 0.190625 0.53671875 0.13125 0.078125
0 0.53515625 0.8078125 0.1 0.1109375
0 0.740625 0.815625 0.09375 0.0796875
0 0.090625 0.2640625 0.16875 0.15625
0 0.71796875 0.63515625 0.0875 0.0921875
0 0.39609375 0.640625 0.0796875 0.1046875
0 0.253125 0.71171875 0.1046875 0.1453125
0 0.46875 0.059375 0.1125 0.11875
0 0.38828125 0.140625 0.1078125 0.11875
0 0.77890625 0.2328125 0.1421875 0.16875
0 0.39453125 0.06171875 0.0609375 0.071875
0 0.7484375 0.7421875 0.0984375 0.09375
0 0.14609375 0.04375 0.0859375 0.0875
0 0.1015625 0.83125 0.171875 0.1609375
0 0.89140625 0.2203125 0.0875 0.096875
0 0.7546875 0.884375 0.1109375 0.0890625
0 0.559375 0.5109375 0.125 0.140625
0 0.58828125 0.11015625 0.103125 0.1078125
0 0.4125 0.87265625 0.090625 0.103125
0 0.803125 0.14453125 0.075 0.0640625
0 0.6046875 0.0328125 0.084375 0.0609375
0 0.4859375 0.88203125 0.0921875 0.1109375
0 0.67734375 0.25703125 0.0828125 0.0859375
0 0.328125 0.5765625 0.0796875 0.0828125
0 0.66796875 0.6984375 0.1171875 0.1515625
0 0.31015625 0.3828125 0.05625 0.0765625
0 0.9234375 0.50625 0.096875 0.10625
0 0.94765625 0.61015625 0.103125 0.11875
0 0.34375 0.6796875 0.0828125 0.11875
0 0.13203125 0.08984375 0.075 0.0671875
0 0.68203125 0.36875 0.103125 0.1265625
0 0.19921875 0.1859375 0.1546875 0.19375
0 0.65390625 0.5546875 0.0859375 0.0875
0 0.89921875 0.14765625 0.0921875 0.0828125
0 0.3578125 0.4421875 0.0734375 0.084375
0 0.58125 0.6421875 0.121875 0.1140625
0 0.575 0.721875 0.10625 0.09375
0 0.75 0.396875 0.0546875 0.0953125
0 0.3296875 0.07265625 0.0875 0.096875
0 0.86484375 0.7078125 0.11875 0.125
0 0.0734375 0.5375 0.146875 0.171875
0 0.7875 0.06875 0.0921875 0.1109375
0 0.50546875 0.134375 0.109375 0.075
0 0.7140625 0.5625 0.0671875 0.0515625
0 0.80859375 0.396875 0.1140625 0.1390625
0 0.88359375 0.5390625 0.0875 0.0734375
0 0.71484375 0.453125 0.0859375 0.071875
0 0.534375 0.36484375 0.04375 0.0671875
0 0.9453125 0.36328125 0.1078125 0.1125
0 0.07890625 0.6625 0.0875 0.078125
0 0.1484375 0.32578125 0.0609375 0.0640625
0 0.2171875 0.04375 0.08125 0.0875
0 0.9078125 0.103125 0.0625 0.071875
0 0.85234375 0.2796875 0.0484375 0.0640625
0 0.503125 0.45703125 0.10625 0.115625
0 0.21171875 0.61875 0.18125 0.128125
0 0.7375 0.95859375 0.1109375 0.08125
0 0.95546875 0.9390625 0.0875 0.1203125
0 0.8109375 0.671875 0.1234375 0.115625
0 0.23828125 0.79453125 0.1234375 0.0921875
0 0.6171875 0.3015625 0.0796875 0.078125
0 0.5125 0.2140625 0.1046875 0.1203125
0 0.09296875 0.1484375 0.1 0.1078125
0 0.4921875 0.59453125 0.1109375 0.1265625
0 0.95078125 0.04609375 0.071875 0.046875
0 0.22265625 0.3359375 0.125 0.1140625
0 0.95390625 0.196875 0.0609375 0.0625
0 0.375 0.3515625 0.0796875 0.084375
0 0.84765625 0.45625 0.0796875 0.071875
0 0.55703125 0.28515625 0.0734375 0.065625
0 0.3453125 0.23671875 0.10625 0.103125
0 0.68515625 0.10390625 0.1125 0.115625
0 0.2765625 0.4453125 0.084375 0.1
0 0.17734375 0.46875 0.1234375 0.103125
0 0.2640625 0.06875 0.059375 0.078125
0 0.63671875 0.85703125 0.121875 0.11875
0 0.46640625 0.69609375 0.0953125 0.0859375
0 0.79296875 0.59921875 0.1296875 0.121875
0 0.95 0.82734375 0.1 0.0953125
0 0.59375 0.209375 0.109375 0.1015625
0 0.5796875 0.38125 0.1125 0.115625
0 0.4421875 0.7796875 0.1 0.0953125
0 0.21953125 0.87421875 0.1375 0.134375
0 0.403125 0.5296875 0.1078125 0.10625
0 0.43203125 0.41640625 0.0890625 0.1015625
0 0.66328125 0.771875 0.0828125 0.0734375
0 0.134375 0.725 0.109375 0.096875
0 0.06171875 0.37734375 0.1234375 0.1171875
0 0.271875 0.2328125 0.0828125 0.103125
0 0.22265625 0.40234375 0.0875 0.0515625
0 0.8984375 0.78125 0.1484375 0.1421875
0 0.55 0.9078125 0.090625 0.103125
0 0.35 0.7890625 0.0953125 0.1171875
0 0.45546875 0.259375 0.1125 0.14375