0 0.22109375 0.1765625 0.1078125 0.140625
0 0.790625 0.7796875 0.1203125 0.1265625
0 0.65703125 0.8609375 0.134375 0.1140625
0 0.22421875 0.93359375 0.0890625 0.096875
0 0.22578125 0.8484375 0.078125 0.0796875
0 0.93515625 0.1125 0.128125 0.1890625
0 0.30859375 0.209375 0.1109375 0.1328125
0 0.88984375 0.396875 0.1234375 0.0953125
0 0.21875 0.27890625 0.0953125 0.115625
0 0.2515625 0.05390625 0.146875 0.1078125
0 0.525 0.553125 0.121875 0.1390625
0 0.31796875 0.3484375 0.140625 0.16875
0 0.68125 0.421875 0.1265625 0.0953125
0 0.7125 0.59453125 0.10625 0.103125
0 0.51875 0.15234375 0.096875 0.1078125
0 0.09296875 0.3796875 0.1375 0.1015625
0 0.225 0.534375 0.0953125 0.1
0 0.51953125 0.94921875 0.11875 0.1
0 0.3765625 0.70078125 0.134375 0.153125
0 0.50859375 0.27890625 0.09375 0.1265625
0 0.40625 0.375 0.0828125 0.09375
0 0.6875 0.51328125 0.0953125 0.0875
0 0.6171875 0.459375 0.0828125 0.059375
0 0.75390625 0.85078125 0.1046875 0.125
0 0.1265625 0.1390625 0.1296875 0.2046875
0 0.28828125 0.68984375 0.1109375 0.0875
0 0.61953125 0.21640625 0.103125 0.1078125
0 0.3078125 0.0828125 0.1515625 0.14375
0 0.546875 0.67421875 0.1203125 0.1296875
0 0.696875 0.23515625 0.109375 0.13125
0 0.4078125 0.259375 0.103125 0.1359375
0 0.546875 0.81328125 0.1390625 0.1734375
0 0.2046875 0.7109375 0.0984375 0.075
0 0.5078125 0.209375 0.1109375 0.0875
0 0.5953125 0.51640625 0.1125 0.1015625
0 0.053125 0.10703125 0.10625 0.2046875
0 0.7671875 0.46953125 0.109375 0.121875
0 0.2953125 0.47265625 0.1140625 0.0875
0 0.8546875 0.64921875 0.146875 0.1453125
0 0.82265625 0.94140625 0.0875 0.115625
0 0.90390625 0.559375 0.0875 0.0875
0 0.8578125 0.32578125 0.1140625 0.09375
0 0.30078125 0.8265625 0.0796875 0.0828125
0 0.85703125 0.05859375 0.125 0.1171875
0 0.28984375 0.8890625 0.1265625 0.1203125
0 0.3953125 0.93828125 0.1015625 0.1109375
0 0.58515625 0.27109375 0.0859375 0.096875
0 0.45078125 0.45703125 0.15 0.165625
0 0.5546875 0.11484375 0.078125 0.121875
0 0.58828125 0.3453125 0.103125 0.0875
0 0.81328125 0.5375 0.1234375 0.11875
0 0.20546875 0.77890625 0.1390625 0.096875
0 0.07578125 0.4671875 0.15 0.171875
0 0.0625 0.29921875 0.115625 0.134375
0 0.3140625 0.76640625 0.0921875 0.071875
0 0.4234375 0.13359375 0.1234375 0.1578125
0 0.0890625 0.5703125 0.103125 0.1296875
0 0.34296875 0.52421875 0.09375 0.0984375
0 0.5625 0.4296875 0.1015625 0.10625
0 0.203125 0.4203125 0.1375 0.1296875
0 0.16640625 0.540625 0.14375 0.1359375
0 0.69140625 0.33828125 0.1203125 0.1
0 0.915625 0.46953125 0.16875 0.134375
0 0.7484375 0.94140625 0.0953125 0.09375
0 0.79140625 0.375 0.11875 0.1265625
0 0.6609375 0.94453125 0.115625 0.1078125
0 0.43671875 0.853125 0.1296875 0.1875
0 0.6453125 0.6875 0.1171875 0.1046875
0 0.88359375 0.79140625 0.1546875 0.1859375
0 0.27421875 0.5953125 0.134375 0.1359375
0 0.0875 0.75859375 0.1578125 0.1453125
0 0.37890625 0.59765625 0.0796875 0.090625
0 0.8296875 0.234375 0.1625 0.165625
0 0.70703125 0.10390625 0.203125 0.18125
0 0.19296875 0.6375 0.0984375 0.103125
0 0.15625 0.83125 0.103125 0.084375
0 0.515625 0.0546875 0.1078125 0.109375
0 0.68046875 0.75078125 0.1453125 0.1421875
0 0.1421875 0.90078125 0.10625 0.0984375
0 0.82421875 0.1015625 0.0859375 0.1296875
0 0.63046875 0.6 0.10625 0.10625
0 0.9421875 0.2890625 0.1015625 0.1703125
0 0.36796875 0.8265625 0.1125 0.1234375