0 0.22890625 0.14453125 0.1046875 0.1078125
0 0.29921875 0.67265625 0.0765625 0.071875
0 0.70703125 0.1640625 0.1265625 0.15
0 0.115625 0.44921875 0.1265625 0.103125
0 0.45078125 0.41796875 0.040625 0.040625
0 0.9046875 0.534375 0.0828125 0.0703125
0 0.871875 0.09921875 0.1375 0.1296875
0 0.546875 0.46328125 0.1109375 0.1171875
0 0.82421875 0.15078125 0.0734375 0.090625
0 0.25390625 0.39453125 0.059375 0.0578125
0 0.40078125 0.5078125 0.1609375 0.1703125
0 0.2703125 0.47265625 0.0640625 0.08125
0 0.4125 0.821875 0.053125 0.071875
0 0.6828125 0.24765625 0.0875 0.090625
0 0.4671875 0.34453125 0.0734375 0.0625
0 0.5171875 0.2609375 0.0859375 0.1
0 0.3515625 0.315625 0.103125 0.0734375
0 0.0359375 0.18359375 0.071875 0.1078125
0 0.4171875 0.91640625 0.0703125 0.0734375
0 0.64140625 0.75234375 0.11875 0.1125
0 0.071875 0.34765625 0.0859375 0.0765625
0 0.70546875 0.36328125 0.1703125 0.1515625
0 0.36875 0.215625 0.1078125 0.11875
0 0.1453125 0.31796875 0.06875 0.0625
0 0.846875 0.2609375 0.134375 0.128125
0 0.35 0.61171875 0.0765625 0.06875
0 0.9484375 0.42109375 0.1015625 0.075
0 0.2375 0.28359375 0.1171875 0.0671875
0 0.45390625 0.66953125 0.109375 0.1171875
0 0.1390625 0.26171875 0.0828125 0.0734375
0 0.1765625 0.06328125 0.1328125 0.1265625
0 0.70703125 0.94375 0.109375 0.1109375
0 0.30625 0.07734375 0.1421875 0.1546875
0 0.234375 0.72265625 0.1203125 0.159375
0 0.459375 0.0671875 0.140625 0.134375
0 0.67578125 0.82890625 0.0875 0.0640625
0 0.4703125 0.2203125 0.1 0.1046875
0 0.4078125 0.7640625 0.1078125 0.1109375