0 0.8125 0.49609375 0.1390625 0.08125
0 0.071875 0.80859375 0.1296875 0.1109375
0 0.41796875 0.26953125 0.153125 0.159375
0 0.19296875 0.940625 0.16875 0.11875
0 0.14140625 0.68984375 0.125 0.1015625
0 0.89453125 0.196875 0.1171875 0.08125
0 0.44609375 0.33203125 0.075 0.0828125
0 0.4234375 0.0546875 0.1390625 0.109375
0 0.71640625 0.85546875 0.1296875 0.1265625
0 0.190625 0.13828125 0.0859375 0.1046875
0 0.30078125 0.3140625 0.121875 0.1265625
0 0.9109375 0.5921875 0.16875 0.178125
0 0.7875 0.7875 0.146875 0.1453125
0 0.2640625 0.23515625 0.053125 0.053125
0 0.74765625 0.64140625 0.1109375 0.09375
0 0.9203125 0.43125 0.146875 0.109375
0 0.296875 0.7046875 0.0625 0.0703125
0 0.7328125 0.921875 0.1421875 0.1421875
0 0.8203125 0.26953125 0.1015625 0.096875
0 0.83828125 0.33203125 0.159375 0.0828125
0 0.340625 0.65234375 0.0734375 0.0796875
0 0.203125 0.36484375 0.09375 0.0703125
0 0.55625 0.47421875 0.1125 0.125
0 0.746875 0.56015625 0.0984375 0.0984375
0 0.61875 0.68203125 0.0875 0.1015625
0 0.63203125 0.54609375 0.1265625 0.1
0 0.83984375 0.91171875 0.1078125 0.1046875
0 0.4640625 0.728125 0.1359375 0.1296875
0 0.66796875 0.45859375 0.0875 0.084375
0 0.2640625 0.18359375 0.0796875 0.0734375
0 0.53203125 0.3609375 0.115625 0.1234375