0 0.13125 0.3265625 0.1015625 0.0921875
0 0.7703125 0.08828125 0.103125 0.1
0 0.60546875 0.265625 0.090625 0.0984375
0 0.4453125 0.63359375 0.0515625 0.046875
0 0.6171875 0.4359375 0.05625 0.05
0 0.24765625 0.8796875 0.0984375 0.134375
0 0.44609375 0.8 0.053125 0.0625
0 0.403125 0.31875 0.128125 0.1703125
0 0.04609375 0.1171875 0.0921875 0.08125
0 0.284375 0.0875 0.146875 0.121875
0 0.10546875 0.265625 0.0625 0.0578125
0 0.059375 0.890625 0.11875 0.103125
0 0.28828125 0.7875 0.084375 0.090625
0 0.08203125 0.80078125 0.1203125 0.1265625
0 0.7578125 0.17578125 0.1234375 0.1375
0 0.22734375 0.1984375 0.1421875 0.13125
0 0.2015625 0.3953125 0.1375 0.1390625
0 0.378125 0.47265625 0.04375 0.05625
0 0.3828125 0.61875 0.0796875 0.09375
0 0.6578125 0.17578125 0.10625 0.1625
0 0.7171875 0.03828125 0.1140625 0.0703125
0 0.33984375 0.215625 0.096875 0.1
0 0.42265625 0.1578125 0.09375 0.0984375
0 0.1921875 0.271875 0.1265625 0.10625
0 0.57421875 0.1875 0.10625 0.0859375
0 0.05078125 0.303125 0.084375 0.0890625
0 0.603125 0.0984375 0.115625 0.0921875
0 0.11640625 0.125 0.1046875 0.103125
0 0.490625 0.24296875 0.1265625 0.134375
0 0.3265625 0.6234375 0.0453125 0.05625
0 0.44296875 0.9046875 0.075 0.0578125
0 0.62109375 0.48515625 0.0546875 0.065625
0 0.50078125 0.1234375 0.0625 0.0875
0 0.05078125 0.375 0.1015625 0.084375
0 0.30703125 0.340625 0.1140625 0.2046875
0 0.18125 0.07734375 0.1015625 0.1078125
0 0.12109375 0.88671875 0.1296875 0.16875
0 0.03828125 0.7671875 0.0765625 0.15