0 0.29296875 0.4234375 0.0875 0.0765625
0 0.91875 0.6296875 0.1140625 0.1078125
0 0.15 0.21953125 0.090625 0.0640625
0 0.7234375 0.26953125 0.115625 0.10625
0 0.2390625 0.8125 0.1109375 0.121875
0 0.475 0.34453125 0.0828125 0.0765625
0 0.57734375 0.746875 0.0703125 0.090625
0 0.50625 0.85078125 0.121875 0.1203125
0 0.51171875 0.72265625 0.078125 0.09375
0 0.91953125 0.1734375 0.1125 0.103125
0 0.22421875 0.2984375 0.0796875 0.0875
0 0.765625 0.35625 0.0546875 0.06875
0 0.6359375 0.82265625 0.1078125 0.0984375
0 0.85390625 0.709375 0.0609375 0.0796875
0 0.16328125 0.76640625 0.1140625 0.11875
0 0.38125 0.6859375 0.0890625 0.0859375
0 0.78125 0.54921875 0.0921875 0.0765625
0 0.6828125 0.33203125 0.10625 0.084375
0 0.1015625 0.6375 0.0796875 0.1015625
0 0.790625 0.80234375 0.0671875 0.0796875
0 0.27109375 0.66015625 0.06875 0.0734375
0 0.42109375 0.3984375 0.059375 0.0703125
0 0.49375 0.13125 0.1 0.1453125
0 0.0671875 0.23125 0.0875 0.078125
0 0.56015625 0.06953125 0.0640625 0.0953125
0 0.91796875 0.8046875 0.0703125 0.0796875
0 0.6703125 0.4265625 0.09375 0.075
0 0.10390625 0.8421875 0.0765625 0.0875
0 0.85078125 0.46171875 0.084375 0.071875
0 0.59375 0.91015625 0.090625 0.103125
0 0.746875 0.43359375 0.0859375 0.0953125
0 0.13515625 0.55859375 0.0859375 0.1
0 0.40546875 0.815625 0.0828125 0.1078125
0 0.1171875 0.4953125 0.134375 0.11875
0 0.615625 0.35078125 0.04375 0.040625
0 0.15234375 0.4078125 0.0921875 0.0796875
0 0.26953125 0.3109375 0.05 0.0609375
0 0.26953125 0.86640625 0.0859375 0.1046875
0 0.53125 0.41171875 0.053125 0.0609375
0 0.84609375 0.10546875 0.053125 0.0578125
0 0.06484375 0.6984375 0.11875 0.103125
0 0.628125 0.390625 0.059375 0.0625
0 0.35390625 0.11953125 0.0671875 0.090625
0 0.0734375 0.16328125 0.1109375 0.1
0 0.21640625 0.4390625 0.0890625 0.0921875
0 0.93046875 0.38984375 0.071875 0.0765625
0 0.33046875 0.2109375 0.0875 0.0921875
0 0.95078125 0.30859375 0.0796875 0.0671875
0 0.62265625 0.5453125 0.096875 0.0953125
0 0.721875 0.88359375 0.0703125 0.0859375
0 0.88046875 0.41328125 0.078125 0.08125
0 0.30859375 0.109375 0.0640625 0.090625
0 0.28671875 0.59765625 0.0921875 0.0953125
0 0.64140625 0.7453125 0.0625 0.096875
0 0.33203125 0.84609375 0.0765625 0.10625
0 0.196875 0.571875 0.0765625 0.0765625
0 0.8515625 0.296875 0.0421875 0.05
0 0.32421875 0.053125 0.06875 0.0734375
0 0.4609375 0.93828125 0.0609375 0.065625
0 0.8609375 0.1546875 0.084375 0.0859375
0 0.23359375 0.709375 0.0734375 0.0828125
0 0.76171875 0.05625 0.0765625 0.09375
0 0.28203125 0.4875 0.0859375 0.084375
0 0.32890625 0.55234375 0.046875 0.0609375
0 0.73125 0.675 0.0625 0.084375
0 0.6671875 0.578125 0.08125 0.0796875
0 0.1578125 0.06171875 0.0609375 0.0640625
0 0.1546875 0.26328125 0.078125 0.059375
0 0.36484375 0.7515625 0.071875 0.0875
0 0.47421875 0.4125 0.065625 0.071875
0 0.81953125 0.62109375 0.075 0.10625
0 0.5546875 0.3734375 0.08125 0.0765625
0 0.8015625 0.7015625 0.0828125 0.084375
0 0.8984375 0.26875 0.0875 0.0859375
0 0.80625 0.29140625 0.05625 0.0625
0 0.4265625 0.1859375 0.1 0.1140625
0 0.86328125 0.92734375 0.1046875 0.134375
0 0.21328125 0.9421875 0.078125 0.1046875
0 0.696875 0.75234375 0.0671875 0.0828125
0 0.30390625 0.7015625 0.0890625 0.09375
0 0.8203125 0.37890625 0.08125 0.096875
0 0.05859375 0.88125 0.0875 0.1078125
0 0.8796875 0.75078125 0.0671875 0.075
0 0.58125 0.678125 0.078125 0.0734375
0 0.40859375 0.0796875 0.06875 0.0953125
0 0.684375 0.16484375 0.090625 0.096875
0 0.76171875 0.615625 0.0625 0.0765625
0 0.565625 0.303125 0.0765625 0.0890625
0 0.14140625 0.921875 0.103125 0.13125
0 0.1171875 0.08671875 0.0796875 0.0796875
0 0.3984375 0.5125 0.0953125 0.0921875
0 0.53203125 0.58046875 0.06875 0.0765625