0 0.475 0.7109375 0.0515625 0.0640625
0 0.90703125 0.9203125 0.0875 0.0984375
0 0.5578125 0.11796875 0.0875 0.121875
0 0.83984375 0.8015625 0.1015625 0.125
0 0.61953125 0.6015625 0.0765625 0.10625
0 0.82109375 0.36484375 0.071875 0.0609375
0 0.29375 0.73125 0.0703125 0.071875
0 0.2046875 0.878125 0.1046875 0.0984375
0 0.23203125 0.790625 0.0796875 0.0703125
0 0.19140625 0.75703125 0.05 0.053125
0 0.51953125 0.528125 0.06875 0.0765625
0 0.23359375 0.3890625 0.0796875 0.084375
0 0.96484375 0.196875 0.0625 0.0609375
0 0.93203125 0.8515625 0.0984375 0.109375
0 0.43125 0.83828125 0.0609375 0.075
0 0.9109375 0.21875 0.0671875 0.0640625
0 0.53671875 0.60546875 0.084375 0.078125
0 0.334375 0.07890625 0.0921875 0.109375
0 0.16953125 0.82734375 0.0828125 0.090625
0 0.675 0.94609375 0.0796875 0.0796875
0 0.53515625 0.8515625 0.071875 0.078125
0 0.0671875 0.07421875 0.1015625 0.0875
0 0.946875 0.3625 0.071875 0.0671875
0 0.54296875 0.0515625 0.0703125 0.053125
0 0.5328125 0.4703125 0.0921875 0.084375
0 0.1234375 0.1546875 0.0828125 0.08125
0 0.74453125 0.7359375 0.0453125 0.053125
0 0.6859375 0.05859375 0.065625 0.0640625
0 0.37421875 0.2171875 0.10625 0.090625
0 0.65078125 0.515625 0.06875 0.071875
0 0.3734375 0.4328125 0.0671875 0.059375
0 0.58046875 0.5484375 0.0796875 0.0734375
0 0.43671875 0.24609375 0.0609375 0.0625
0 0.4859375 0.2265625 0.06875 0.078125
0 0.334375 0.6390625 0.0796875 0.071875
0 0.95390625 0.2546875 0.075 0.0546875
0 0.13125 0.27734375 0.0703125 0.06875
0 0.59140625 0.2546875 0.0734375 0.08125
0 0.15078125 0.56640625 0.084375 0.075
0 0.6234375 0.19140625 0.10625 0.0984375
0 0.303125 0.8203125 0.0859375 0.1015625
0 0.87109375 0.51484375 0.1203125 0.090625
0 0.06953125 0.1203125 0.053125 0.059375
0 0.38828125 0.65625 0.06875 0.078125
0 0.2140625 0.503125 0.0859375 0.0765625
0 0.30625 0.27265625 0.075 0.0921875
0 0.221875 0.2359375 0.0828125 0.09375
0 0.49140625 0.42109375 0.0796875 0.0734375
0 0.84765625 0.95546875 0.0828125 0.0796875
0 0.36953125 0.6953125 0.065625 0.0640625
0 0.94375 0.6375 0.06875 0.0640625
0 0.13671875 0.76953125 0.06875 0.0765625
0 0.646875 0.33203125 0.0703125 0.0890625
0 0.3859375 0.29296875 0.0828125 0.1
0 0.309375 0.559375 0.0578125 0.06875
0 0.79140625 0.8625 0.1015625 0.1109375
0 0.36171875 0.5703125 0.0625 0.0859375
0 0.459375 0.50234375 0.0734375 0.0796875
0 0.91640625 0.4140625 0.0359375 0.0453125
0 0.37578125 0.48671875 0.0734375 0.084375
0 0.43515625 0.09140625 0.121875 0.0984375
0 0.69296875 0.50234375 0.05625 0.0546875
0 0.84921875 0.15 0.0640625 0.08125
0 0.178125 0.11796875 0.0859375 0.0984375
0 0.7046875 0.1 0.06875 0.0609375
0 0.69140625 0.8765625 0.0796875 0.11875
0 0.69765625 0.634375 0.115625 0.0890625
0 0.10078125 0.4671875 0.0859375 0.078125
0 0.8625 0.25390625 0.0625 0.05
0 0.86328125 0.40859375 0.08125 0.0546875
0 0.73046875 0.15625 0.0671875 0.084375
0 0.1453125 0.60625 0.0609375 0.05625
0 0.940625 0.040625 0.090625 0.0796875
0 0.59609375 0.771875 0.059375 0.084375
0 0.37734375 0.79765625 0.096875 0.103125
0 0.0421875 0.403125 0.084375 0.065625
0 0.24921875 0.10234375 0.1125 0.1515625
0 0.79140625 0.16953125 0.06875 0.084375
0 0.09296875 0.92421875 0.103125 0.0953125
0 0.3125 0.48359375 0.0859375 0.0875
0 0.50390625 0.13984375 0.0578125 0.084375
0 0.94375 0.56328125 0.0828125 0.0796875
0 0.90234375 0.3703125 0.0640625 0.0453125
0 0.89453125 0.61015625 0.0890625 0.0640625
0 0.66953125 0.5828125 0.09375 0.075
0 0.69296875 0.1453125 0.059375 0.0640625
0 0.09453125 0.22109375 0.10625 0.09375
0 0.56953125 0.02578125 0.0671875 0.0515625
0 0.68515625 0.234375 0.0859375 0.0890625
0 0.6390625 0.79921875 0.084375 0.109375
0 0.13359375 0.65234375 0.0765625 0.0703125
0 0.18203125 0.0609375 0.0828125 0.071875
0 0.109375 0.82265625 0.075 0.0859375
0 0.7515625 0.3578125 0.0671875 0.0765625
0 0.59765625 0.4859375 0.065625 0.084375
0 0.75625 0.56875 0.10625 0.090625
0 0.4703125 0.17265625 0.06875 0.071875
0 0.54140625 0.803125 0.0796875 0.071875
0 0.86953125 0.0953125 0.0875 0.0859375
0 0.3078125 0.92421875 0.075 0.084375
0 0.4125 0.5609375 0.059375 0.06875
0 0.7984375 0.10625 0.0484375 0.05625
0 0.77421875 0.734375 0.0453125 0.065625
0 0.2359375 0.6265625 0.075 0.078125
0 0.471875 0.81328125 0.075 0.0953125
0 0.6984375 0.3375 0.0671875 0.09375
0 0.0859375 0.60703125 0.0796875 0.0953125
0 0.4796875 0.3265625 0.0703125 0.071875
0 0.43671875 0.709375 0.0421875 0.046875
0 0.70625 0.76953125 0.11875 0.125
0 0.17890625 0.28828125 0.065625 0.075
0 0.8921875 0.2875 0.059375 0.04375
0 0.82421875 0.671875 0.1 0.0875
0 0.44375 0.44453125 0.0671875 0.0734375
0 0.48046875 0.6515625 0.0765625 0.0875
0 0.775 0.078125 0.0703125 0.0859375
0 0.23046875 0.54765625 0.05 0.0578125
0 0.11953125 0.4234375 0.053125 0.0515625
0 0.48359375 0.91015625 0.0609375 0.078125
0 0.58984375 0.36171875 0.05625 0.065625
0 0.24453125 0.2015625 0.065625 0.06875
0 0.3125 0.41015625 0.071875 0.078125
0 0.58828125 0.31875 0.0703125 0.071875
0 0.040625 0.8578125 0.08125 0.103125
0 0.39453125 0.14921875 0.065625 0.0921875
0 0.1671875 0.41015625 0.1125 0.128125
0 0.76640625 0.52734375 0.0875 0.06875
0 0.75625 0.1953125 0.0640625 0.0875
0 0.53984375 0.7375 0.0859375 0.0828125
0 0.19609375 0.7109375 0.06875 0.071875
0 0.153125 0.22421875 0.0703125 0.06875
0 0.59453125 0.86015625 0.0828125 0.08125
0 0.07734375 0.68515625 0.1046875 0.090625
0 0.52265625 0.9234375 0.0640625 0.0921875
0 0.5375 0.39375 0.05625 0.0515625
0 0.73046875 0.6953125 0.075 0.065625
0 0.4828125 0.28046875 0.0640625 0.0671875
0 0.315625 0.1765625 0.0828125 0.0765625
0 0.665625 0.43984375 0.103125 0.1203125
0 0.6296875 0.1171875 0.0890625 0.0890625