0 0.38645833333333335 0.9223958333333333 0.13177083333333334 0.15520833333333334
0 0.9135416666666667 0.09739583333333333 0.115625 0.19479166666666667
0 0.10677083333333333 0.38385416666666666 0.10104166666666667 0.1125
0 0.275 0.9489583333333333 0.09635416666666667 0.0984375
0 0.75625 0.49895833333333334 0.1265625 0.08802083333333334
0 0.81875 0.11901041666666666 0.1515625 0.15
0 0.87734375 0.71953125 0.08072916666666667 0.0609375
0 0.18098958333333334 0.9533854166666667 0.09895833333333333 0.0921875
0 0.06171875 0.15755208333333334 0.1234375 0.16614583333333333
0 0.28177083333333336 0.7927083333333333 0.115625 0.0765625
0 0.35182291666666665 0.35 0.14270833333333333 0.1796875
0 0.65234375 0.5049479166666667 0.09739583333333333 0.14479166666666668
0 0.6622395833333333 0.07578125 0.14166666666666666 0.1515625
0 0.5643229166666667 0.9065104166666667 0.10208333333333333 0.17135416666666667
0 0.04609375 0.903125 0.0921875 0.13385416666666666
0 0.8481770833333333 0.3078125 0.21927083333333333 0.22760416666666666
0 0.89765625 0.9203125 0.09479166666666666 0.09791666666666667
0 0.9575520833333333 0.21145833333333333 0.04739583333333333 0.035416666666666666
0 0.4747395833333333 0.5830729166666667 0.140625 0.22864583333333333
0 0.5497395833333333 0.525 0.08489583333333334 0.109375
0 0.6666666666666666 0.2674479166666667 0.14791666666666667 0.1609375
0 0.7552083333333334 0.6484375 0.29270833333333335 0.23854166666666668
0 0.7658854166666667 0.04401041666666667 0.171875 0.08802083333333334
0 0.29192708333333334 0.64375 0.23489583333333333 0.221875
0 0.7067708333333333 0.39348958333333334 0.10416666666666667 0.11822916666666666
0 0.53359375 0.4078125 0.171875 0.1453125
0 0.9770833333333333 0.15651041666666668 0.04479166666666667 0.11666666666666667
0 0.9486979166666667 0.58125 0.09375 0.1546875
0 0.9544270833333334 0.70625 0.0828125 0.09270833333333334
0 0.7364583333333333 0.7854166666666667 0.0734375 0.059895833333333336
0 0.22604166666666667 0.8505208333333333 0.13072916666666667 0.12083333333333333
0 0.321875 0.8557291666666667 0.05572916666666667 0.058333333333333334
0 0.5484375 0.2375 0.13229166666666667 0.1875
0 0.6484375 0.9104166666666667 0.075 0.0828125
0 0.9880208333333333 0.08098958333333334 0.022916666666666665 0.034895833333333334
0 0.16744791666666667 0.27109375 0.07447916666666667 0.07916666666666666
0 0.4856770833333333 0.028385416666666666 0.13333333333333333 0.05520833333333333
0 0.6302083333333334 0.9786458333333333 0.09635416666666667 0.042708333333333334
0 0.06197916666666667 0.5013020833333334 0.12395833333333334 0.11614583333333334
0 0.9872395833333333 0.034895833333333334 0.025520833333333333 0.05520833333333333
0 0.15546875 0.17005208333333333 0.06510416666666667 0.12135416666666667
0 0.8244791666666667 0.9723958333333333 0.13020833333333334 0.05520833333333333
0 0.06015625 0.5921875 0.1203125 0.14322916666666666
0 0.12916666666666668 0.6502604166666667 0.10885416666666667 0.11770833333333333
0 0.39609375 0.7158854166666667 0.06666666666666667 0.05
0 0.45 0.2908854166666667 0.1140625 0.14375
0 0.07473958333333333 0.7697916666666667 0.14947916666666666 0.16927083333333334
0 0.7361979166666667 0.93046875 0.0953125 0.08958333333333333
0 0.29192708333333334 0.49114583333333334 0.18020833333333333 0.11770833333333333
0 0.22890625 0.35833333333333334 0.09739583333333333 0.09114583333333333
0 0.98046875 0.290625 0.036458333333333336 0.10885416666666667
0 0.9744791666666667 0.8388020833333333 0.0421875 0.14635416666666667
0 0.48020833333333335 0.9182291666666667 0.0640625 0.14947916666666666
0 0.04348958333333333 0.03671875 0.08697916666666666 0.0734375
0 0.08567708333333333 0.28098958333333335 0.1 0.084375
0 0.3953125 0.79453125 0.07552083333333333 0.07708333333333334
0 0.35703125 0.06901041666666667 0.19583333333333333 0.13802083333333334
0 0.22135416666666666 0.07552083333333333 0.1359375 0.1296875
0 0.32395833333333335 0.21145833333333333 0.27239583333333334 0.16354166666666667
0 0.3802083333333333 0.55234375 0.1125 0.1375
0 0.8765625 0.4588541666666667 0.13645833333333332 0.14583333333333334
0 0.5247395833333334 0.09869791666666666 0.15572916666666667 0.11354166666666667
0 0.03125 0.31197916666666664 0.0625 0.140625
0 0.032552083333333336 0.41692708333333334 0.06510416666666667 0.06041666666666667
0 0.18723958333333332 0.47578125 0.058854166666666666 0.09010416666666667
0 0.6546875 0.8036458333333333 0.09479166666666666 0.06979166666666667
0 0.55859375 0.7458333333333333 0.12447916666666667 0.08489583333333334
0 0.9783854166666667 0.9395833333333333 0.0328125 0.052083333333333336
0 0.9671875 0.9856770833333334 0.05416666666666667 0.028645833333333332
0 0.7138020833333333 0.8338541666666667 0.0375 0.03854166666666667
0 0.840625 0.8356770833333333 0.21770833333333334 0.18333333333333332