0 0.39947916666666666 0.07708333333333334 0.134375 0.15416666666666667
0 0.9119791666666667 0.9057291666666667 0.11875 0.18854166666666666
0 0.11067708333333333 0.609375 0.103125 0.1140625
0 0.28854166666666664 0.04869791666666667 0.09791666666666667 0.09739583333333333
0 0.7619791666666667 0.50546875 0.128125 0.09010416666666667
0 0.81796875 0.8864583333333333 0.15416666666666667 0.15260416666666668
0 0.88671875 0.2872395833333333 0.08177083333333333 0.0625
0 0.19453125 0.04401041666666667 0.10052083333333334 0.08802083333333334
0 0.06458333333333334 0.8346354166666666 0.1203125 0.16822916666666668
0 0.29296875 0.20364583333333333 0.1171875 0.07864583333333333
0 0.35494791666666664 0.6473958333333333 0.14583333333333334 0.18229166666666666
0 0.6580729166666667 0.49765625 0.1 0.14635416666666667
0 0.6604166666666667 0.925 0.14427083333333332 0.15
0 0.5770833333333333 0.09479166666666666 0.10520833333333333 0.17291666666666666
0 0.05625 0.0890625 0.1 0.13541666666666666
0 0.85078125 0.6981770833333333 0.2234375 0.23125
0 0.9109375 0.08671875 0.09635416666666667 0.09947916666666666
0 0.9583333333333334 0.7966145833333333 0.04791666666666667 0.036458333333333336
0 0.48203125 0.4166666666666667 0.14479166666666668 0.23125
0 0.55625 0.47604166666666664 0.08697916666666666 0.1109375
0 0.6682291666666667 0.7354166666666667 0.15052083333333333 0.16354166666666667
0 0.7635416666666667 0.35598958333333336 0.296875 0.24375
0 0.76328125 0.9575520833333333 0.1734375 0.08489583333333334
0 0.30026041666666664 0.35260416666666666 0.2390625 0.22604166666666667
0 0.7109375 0.61015625 0.10625 0.11979166666666667
0 0.5377604166666666 0.5927083333333333 0.17447916666666666 0.1484375
0 0.9765625 0.8518229166666667 0.046875 0.1171875
0 0.95390625 0.4265625 0.0921875 0.15625
0 0.9609375 0.30182291666666666 0.078125 0.09427083333333333
0 0.7473958333333334 0.21875 0.07447916666666667 0.0609375
0 0.23802083333333332 0.14479166666666668 0.1328125 0.12291666666666666
0 0.3338541666666667 0.14140625 0.05677083333333333 0.059375
0 0.5494791666666666 0.76328125 0.13541666666666666 0.18958333333333333
0 0.6611979166666667 0.09244791666666667 0.0765625 0.08385416666666666
0 0.98671875 0.92734375 0.0234375 0.035416666666666666
0 0.16927083333333334 0.7231770833333333 0.07604166666666666 0.08020833333333334
0 0.48333333333333334 0.9713541666666666 0.134375 0.057291666666666664
0 0.64453125 0.023697916666666666 0.096875 0.044270833333333336
0 0.06666666666666667 0.4908854166666667 0.128125 0.11822916666666666
0 0.9848958333333333 0.97265625 0.0265625 0.0546875
0 0.15546875 0.8239583333333333 0.0671875 0.12239583333333333
0 0.8385416666666666 0.03333333333333333 0.13125 0.057291666666666664
0 0.065625 0.4002604166666667 0.1265625 0.1453125
0 0.13776041666666666 0.34322916666666664 0.1109375 0.11979166666666667
0 0.40572916666666664 0.28229166666666666 0.06770833333333333 0.051041666666666666
0 0.45208333333333334 0.7083333333333334 0.11666666666666667 0.14583333333333334
0 0.0828125 0.22291666666666668 0.1578125 0.171875
0 0.7497395833333333 0.07369791666666667 0.096875 0.09114583333333333
0 0.29765625 0.5052083333333334 0.18229166666666666 0.12083333333333333
0 0.23229166666666667 0.6369791666666667 0.09895833333333333 0.09270833333333334
0 0.9815104166666667 0.7177083333333333 0.03697916666666667 0.109375
0 0.9817708333333334 0.16927083333333334 0.036458333333333336 0.146875
0 0.4934895833333333 0.08151041666666667 0.06666666666666667 0.15052083333333333
0 0.04505208333333333 0.9552083333333333 0.0796875 0.075
0 0.08776041666666666 0.71171875 0.1015625 0.0859375
0 0.40651041666666665 0.20364583333333333 0.07708333333333334 0.078125
0 0.35546875 0.9283854166666666 0.1984375 0.14114583333333333
0 0.22005208333333334 0.91953125 0.13802083333333334 0.13177083333333334
0 0.325 0.7854166666666667 0.275 0.16822916666666668
0 0.38697916666666665 0.44557291666666665 0.11510416666666666 0.13958333333333334
0 0.8815104166666666 0.54765625 0.1390625 0.14791666666666667
0 0.5234375 0.9015625 0.1578125 0.11614583333333334
0 0.034895833333333334 0.6796875 0.06302083333333333 0.14166666666666666
0 0.036458333333333336 0.575 0.06666666666666667 0.06145833333333333
0 0.19296875 0.51875 0.06041666666666667 0.09114583333333333
0 0.665625 0.19921875 0.09583333333333334 0.07135416666666666
0 0.56875 0.2552083333333333 0.12604166666666666 0.08697916666666666
0 0.9872395833333333 0.06901041666666667 0.025520833333333333 0.05260416666666667
0 0.9768229166666667 0.02265625 0.04635416666666667 0.0296875
0 0.7255208333333333 0.17005208333333333 0.03802083333333333 0.0390625
0 0.85234375 0.1703125 0.22083333333333333 0.18697916666666667