0 0.6080729166666666 0.9223958333333333 0.13072916666666667 0.15520833333333334
0 0.0859375 0.09739583333333333 0.11458333333333333 0.19479166666666667
0 0.8908854166666667 0.38385416666666666 0.10052083333333334 0.1125
0 0.71953125 0.9489583333333333 0.09583333333333334 0.0984375
0 0.24088541666666666 0.49895833333333334 0.12604166666666666 0.08802083333333334
0 0.18046875 0.11901041666666666 0.15052083333333333 0.15
0 0.11848958333333333 0.71953125 0.08020833333333334 0.0609375
0 0.8135416666666667 0.9533854166666667 0.0984375 0.0921875
0 0.9380208333333333 0.15755208333333334 0.12395833333333334 0.16614583333333333
0 0.7135416666666666 0.7927083333333333 0.11510416666666666 0.0765625
0 0.64609375 0.35 0.14166666666666666 0.1796875
0 0.34479166666666666 0.5049479166666667 0.09635416666666667 0.14479166666666668
0 0.3372395833333333 0.07578125 0.140625 0.1515625
0 0.43046875 0.9065104166666667 0.10104166666666667 0.17135416666666667
0 0.9513020833333333 0.903125 0.096875 0.13385416666666666
0 0.15 0.3078125 0.21770833333333334 0.22760416666666666
0 0.096875 0.9203125 0.09427083333333333 0.09791666666666667
0 0.04114583333333333 0.21145833333333333 0.04739583333333333 0.035416666666666666
0 0.521875 0.5830729166666667 0.1390625 0.22864583333333333
0 0.4471354166666667 0.525 0.084375 0.109375
0 0.33177083333333335 0.2674479166666667 0.146875 0.1609375
0 0.24114583333333334 0.6484375 0.2911458333333333 0.23854166666666668
0 0.23385416666666667 0.04401041666666667 0.17135416666666667 0.08802083333333334
0 0.7044270833333334 0.64375 0.23385416666666667 0.221875
0 0.2908854166666667 0.39348958333333334 0.10364583333333334 0.11822916666666666
0 0.4640625 0.4078125 0.17083333333333334 0.1453125
0 0.022135416666666668 0.15651041666666668 0.044270833333333336 0.11666666666666667
0 0.04791666666666667 0.58125 0.09270833333333334 0.1546875
0 0.04140625 0.70625 0.08229166666666667 0.09270833333333334
0 0.25885416666666666 0.7854166666666667 0.07291666666666667 0.059895833333333336
0 0.7690104166666667 0.8505208333333333 0.13020833333333334 0.12083333333333333
0 0.6731770833333334 0.8557291666666667 0.05520833333333333 0.058333333333333334
0 0.45026041666666666 0.2375 0.13125 0.1875
0 0.3463541666666667 0.9104166666666667 0.07447916666666667 0.0828125
0 0.011458333333333333 0.08098958333333334 0.022916666666666665 0.034895833333333334
0 0.8309895833333333 0.27109375 0.07395833333333333 0.07916666666666666
0 0.5140625 0.028385416666666666 0.1328125 0.05520833333333333
0 0.3640625 0.9786458333333333 0.09635416666666667 0.042708333333333334
0 0.93671875 0.5013020833333334 0.1265625 0.11614583333333334
0 0.0125 0.034895833333333334 0.025 0.05520833333333333
0 0.8434895833333333 0.17005208333333333 0.06458333333333334 0.12135416666666667
0 0.16979166666666667 0.9723958333333333 0.1296875 0.05520833333333333
0 0.93828125 0.5921875 0.12291666666666666 0.14322916666666666
0 0.8669270833333333 0.6502604166666667 0.10833333333333334 0.11770833333333333
0 0.5997395833333333 0.7158854166666667 0.06614583333333333 0.05
0 0.5484375 0.2908854166666667 0.11302083333333333 0.14375
0 0.9231770833333334 0.7697916666666667 0.15364583333333334 0.16927083333333334
0 0.25833333333333336 0.93046875 0.09479166666666666 0.08958333333333333
0 0.7052083333333333 0.49114583333333334 0.1796875 0.11770833333333333
0 0.7690104166666667 0.35833333333333334 0.096875 0.09114583333333333
0 0.01796875 0.290625 0.0359375 0.10885416666666667
0 0.020572916666666666 0.8388020833333333 0.04114583333333333 0.14635416666666667
0 0.5143229166666666 0.9182291666666667 0.06302083333333333 0.14947916666666666
0 0.9565104166666667 0.03671875 0.08697916666666666 0.0734375
0 0.9127604166666666 0.28098958333333335 0.09947916666666666 0.084375
0 0.6 0.79453125 0.075 0.07708333333333334
0 0.6424479166666667 0.06901041666666667 0.19479166666666667 0.13802083333333334
0 0.778125 0.07552083333333333 0.13541666666666666 0.1296875
0 0.6747395833333333 0.21145833333333333 0.2713541666666667 0.16354166666666667
0 0.6166666666666667 0.55234375 0.11145833333333334 0.1375
0 0.12083333333333333 0.4588541666666667 0.13541666666666666 0.14583333333333334
0 0.4747395833333333 0.09869791666666666 0.15520833333333334 0.11354166666666667
0 0.96796875 0.31197916666666664 0.0640625 0.140625
0 0.96640625 0.41692708333333334 0.0671875 0.06041666666666667
0 0.8098958333333334 0.47578125 0.058333333333333334 0.09010416666666667
0 0.340625 0.8036458333333333 0.09427083333333333 0.06979166666666667
0 0.43697916666666664 0.7458333333333333 0.12395833333333334 0.08489583333333334
0 0.016145833333333335 0.9395833333333333 0.03229166666666667 0.052083333333333336
0 0.027083333333333334 0.9856770833333334 0.05416666666666667 0.028645833333333332
0 0.28125 0.8338541666666667 0.0375 0.03854166666666667
0 0.15442708333333333 0.8356770833333333 0.21666666666666667 0.18333333333333332