0 0.6005208333333333 0.07708333333333334 0.13333333333333333 0.15416666666666667
0 0.09270833333333334 0.9057291666666667 0.11770833333333333 0.18854166666666666
0 0.89296875 0.609375 0.10260416666666666 0.1140625
0 0.71171875 0.04869791666666667 0.09739583333333333 0.09739583333333333
0 0.24088541666666666 0.50546875 0.12760416666666666 0.09010416666666667
0 0.18723958333333332 0.8864583333333333 0.153125 0.15260416666666668
0 0.11484375 0.2872395833333333 0.08125 0.0625
0 0.8052083333333333 0.04401041666666667 0.1 0.08802083333333334
0 0.9401041666666666 0.8346354166666666 0.11979166666666667 0.16822916666666668
0 0.7083333333333334 0.20364583333333333 0.11666666666666667 0.07864583333333333
0 0.6486979166666667 0.6473958333333333 0.14479166666666668 0.18229166666666666
0 0.34479166666666666 0.49765625 0.09895833333333333 0.14635416666666667
0 0.34453125 0.925 0.14322916666666666 0.15
0 0.4234375 0.09479166666666666 0.10416666666666667 0.17291666666666666
0 0.9442708333333333 0.0890625 0.09895833333333333 0.13541666666666666
0 0.15338541666666666 0.6981770833333333 0.221875 0.23125
0 0.08958333333333333 0.08671875 0.09583333333333334 0.09947916666666666
0 0.04635416666666667 0.7966145833333333 0.04791666666666667 0.036458333333333336
0 0.5203125 0.4166666666666667 0.14322916666666666 0.23125
0 0.4466145833333333 0.47604166666666664 0.08645833333333333 0.1109375
0 0.3359375 0.7354166666666667 0.14947916666666666 0.16354166666666667
0 0.23854166666666668 0.35598958333333336 0.2953125 0.24375
0 0.24166666666666667 0.9575520833333333 0.17291666666666666 0.08489583333333334
0 0.7018229166666666 0.35260416666666666 0.2375 0.22604166666666667
0 0.29270833333333335 0.61015625 0.10572916666666667 0.11979166666666667
0 0.465625 0.5927083333333333 0.1734375 0.1484375
0 0.028125 0.8518229166666667 0.04635416666666667 0.1171875
0 0.047135416666666666 0.4265625 0.09427083333333333 0.15625
0 0.03984375 0.30182291666666666 0.0796875 0.09427083333333333
0 0.25390625 0.21875 0.07395833333333333 0.0609375
0 0.7627604166666667 0.14479166666666668 0.13229166666666667 0.12291666666666666
0 0.6669270833333333 0.14140625 0.05625 0.059375
0 0.4549479166666667 0.76328125 0.134375 0.18958333333333333
0 0.33932291666666664 0.09244791666666667 0.07604166666666666 0.08385416666666666
0 0.01875 0.92734375 0.0234375 0.035416666666666666
0 0.8348958333333333 0.7231770833333333 0.07552083333333333 0.08020833333333334
0 0.5223958333333333 0.9713541666666666 0.13385416666666666 0.057291666666666664
0 0.35572916666666665 0.023697916666666666 0.096875 0.044270833333333336
0 0.9361979166666666 0.4908854166666667 0.12760416666666666 0.11822916666666666
0 0.0203125 0.97265625 0.026041666666666668 0.0546875
0 0.84921875 0.8239583333333333 0.06666666666666667 0.12239583333333333
0 0.16171875 0.03333333333333333 0.13072916666666667 0.057291666666666664
0 0.93671875 0.4002604166666667 0.12552083333333333 0.1453125
0 0.8643229166666667 0.34322916666666664 0.11041666666666666 0.11979166666666667
0 0.5958333333333333 0.28229166666666666 0.0671875 0.051041666666666666
0 0.5520833333333334 0.7083333333333334 0.115625 0.14583333333333334
0 0.9184895833333333 0.22291666666666668 0.15677083333333333 0.171875
0 0.25078125 0.07369791666666667 0.09635416666666667 0.09114583333333333
0 0.7052083333333333 0.5052083333333334 0.18177083333333333 0.12083333333333333
0 0.7713541666666667 0.6369791666666667 0.0984375 0.09270833333333334
0 0.021614583333333333 0.7177083333333333 0.03802083333333333 0.109375
0 0.018229166666666668 0.16927083333333334 0.036458333333333336 0.146875
0 0.50703125 0.08151041666666667 0.065625 0.15052083333333333
0 0.96015625 0.9552083333333333 0.0796875 0.075
0 0.91640625 0.71171875 0.10104166666666667 0.0859375
0 0.5947916666666667 0.20364583333333333 0.0765625 0.078125
0 0.65 0.9283854166666666 0.19739583333333333 0.14114583333333333
0 0.7854166666666667 0.91953125 0.1375 0.13177083333333334
0 0.6796875 0.7854166666666667 0.27395833333333336 0.16822916666666668
0 0.615625 0.44557291666666665 0.1140625 0.13958333333333334
0 0.12161458333333333 0.54765625 0.13802083333333334 0.14791666666666667
0 0.4817708333333333 0.9015625 0.15729166666666666 0.11614583333333334
0 0.96875 0.6796875 0.0625 0.14166666666666666
0 0.9666666666666667 0.575 0.06666666666666667 0.06145833333333333
0 0.81015625 0.51875 0.059895833333333336 0.09114583333333333
0 0.33541666666666664 0.19921875 0.0953125 0.07135416666666666
0 0.4328125 0.2552083333333333 0.12552083333333333 0.08697916666666666
0 0.0125 0.06901041666666667 0.025 0.05260416666666667
0 0.022916666666666665 0.02265625 0.04583333333333333 0.0296875
0 0.2755208333333333 0.17005208333333333 0.03802083333333333 0.0390625
0 0.14869791666666668 0.1703125 0.21979166666666666 0.18697916666666667