0 0.6153645833333333 0.9205729166666666 0.13333333333333333 0.15729166666666666
0 0.07890625 0.1046875 0.11770833333333333 0.196875
0 0.8888020833333333 0.3770833333333333 0.10260416666666666 0.1140625
0 0.72734375 0.9450520833333333 0.09739583333333333 0.1
0 0.24088541666666666 0.5033854166666667 0.12760416666666666 0.09010416666666667
0 0.17395833333333333 0.12473958333333333 0.153125 0.15260416666666668
0 0.12239583333333333 0.7260416666666667 0.08125 0.0625
0 0.8213541666666667 0.9479166666666666 0.1 0.09375
0 0.93203125 0.15 0.12708333333333333 0.16822916666666668
0 0.7184895833333333 0.7890625 0.11666666666666667 0.07864583333333333
0 0.6434895833333333 0.34739583333333335 0.14479166666666668 0.18229166666666666
0 0.34479166666666666 0.5075520833333333 0.09895833333333333 0.14635416666666667
0 0.3299479166666667 0.07864583333333333 0.14322916666666666 0.15416666666666667
0 0.4375 0.9075520833333334 0.10416666666666667 0.17291666666666666
0 0.9544270833333334 0.8953125 0.09114583333333333 0.13541666666666666
0 0.14661458333333333 0.3140625 0.221875 0.23125
0 0.10416666666666667 0.92734375 0.09583333333333334 0.09947916666666666
0 0.03619791666666667 0.21953125 0.04791666666666667 0.036458333333333336
0 0.5234375 0.5825520833333333 0.14322916666666666 0.23125
0 0.44765625 0.5260416666666666 0.08645833333333333 0.1109375
0 0.32786458333333335 0.2703125 0.14947916666666666 0.16354166666666667
0 0.24375 0.6528645833333333 0.2953125 0.24375
0 0.22604166666666667 0.04869791666666667 0.17291666666666666 0.09114583333333333
0 0.70703125 0.6401041666666667 0.2375 0.22604166666666667
0 0.2890625 0.3971354166666667 0.10572916666666667 0.11979166666666667
0 0.4625 0.4083333333333333 0.1734375 0.1484375
0 0.01953125 0.16484375 0.0390625 0.1171875
0 0.049479166666666664 0.5890625 0.0953125 0.15625
0 0.04505208333333333 0.7143229166666667 0.08385416666666666 0.09427083333333333
0 0.2638020833333333 0.7895833333333333 0.07395833333333333 0.0609375
0 0.775 0.8458333333333333 0.13229166666666667 0.12291666666666666
0 0.6794270833333333 0.8526041666666667 0.05625 0.059375
0 0.44557291666666665 0.23828125 0.134375 0.18958333333333333
0 0.3536458333333333 0.9130208333333333 0.07604166666666666 0.08385416666666666
0 0.0078125 0.08958333333333333 0.015625 0.035416666666666666
0 0.8268229166666666 0.26536458333333335 0.07552083333333333 0.08020833333333334
0 0.50546875 0.028385416666666666 0.13385416666666666 0.05677083333333333
0 0.3723958333333333 0.9794270833333333 0.096875 0.04114583333333333
0 0.9361979166666666 0.4934895833333333 0.12760416666666666 0.11822916666666666
0 0.00859375 0.04348958333333333 0.0171875 0.05572916666666667
0 0.8377604166666667 0.1640625 0.06666666666666667 0.12239583333333333
0 0.17786458333333333 0.9747395833333333 0.13072916666666667 0.050520833333333334
0 0.9385416666666667 0.5846354166666666 0.12291666666666666 0.1453125
0 0.86953125 0.64375 0.11041666666666666 0.11979166666666667
0 0.6033854166666667 0.7140625 0.0671875 0.051041666666666666
0 0.5447916666666667 0.29010416666666666 0.115625 0.14583333333333334
0 0.9247395833333333 0.7619791666666667 0.15052083333333333 0.171875
0 0.26588541666666665 0.9346354166666667 0.09635416666666667 0.09114583333333333
0 0.7049479166666667 0.4875 0.18177083333333333 0.12083333333333333
0 0.76640625 0.3536458333333333 0.0984375 0.09270833333333334
0 0.016666666666666666 0.2989583333333333 0.03333333333333333 0.109375
0 0.0265625 0.8471354166666667 0.04375 0.146875
0 0.5216145833333333 0.91796875 0.065625 0.15052083333333333
0 0.9481770833333333 0.03307291666666667 0.08802083333333334 0.06614583333333333
0 0.9088541666666666 0.27369791666666665 0.10104166666666667 0.0859375
0 0.6052083333333333 0.7927083333333333 0.0765625 0.078125
0 0.6346354166666667 0.06848958333333334 0.19739583333333333 0.13697916666666668
0 0.7705729166666667 0.07083333333333333 0.1375 0.13177083333333334
0 0.6697916666666667 0.20833333333333334 0.27395833333333336 0.16822916666666668
0 0.6174479166666667 0.5502604166666667 0.1140625 0.13958333333333334
0 0.12005208333333334 0.46536458333333336 0.13802083333333334 0.14791666666666667
0 0.46770833333333334 0.09921875 0.15729166666666666 0.11614583333333334
0 0.9645833333333333 0.30390625 0.06666666666666667 0.14166666666666666
0 0.96484375 0.4088541666666667 0.06822916666666666 0.06145833333333333
0 0.809375 0.4703125 0.059895833333333336 0.09114583333333333
0 0.3458333333333333 0.8065104166666667 0.0953125 0.07135416666666666
0 0.44140625 0.746875 0.12552083333333333 0.08697916666666666
0 0.023958333333333335 0.9479166666666666 0.03333333333333333 0.05260416666666667
0 0.03567708333333333 0.9893229166666667 0.0546875 0.021354166666666667
0 0.2872395833333333 0.8375 0.03802083333333333 0.0390625
0 0.16041666666666668 0.8416666666666667 0.21979166666666666 0.18697916666666667