0 0.29739583333333336 0.30546875 0.1203125 0.1171875
0 0.9135416666666667 0.12526041666666668 0.13072916666666667 0.1140625
0 0.3763020833333333 0.3888020833333333 0.1984375 0.16614583333333333
0 0.5044270833333333 0.5989583333333334 0.15677083333333333 0.18229166666666666
0 0.2109375 0.23697916666666666 0.0890625 0.1140625
0 0.05234375 0.22994791666666667 0.1046875 0.13072916666666667
0 0.38671875 0.20651041666666667 0.16666666666666666 0.18385416666666668
0 0.08723958333333333 0.9203125 0.12395833333333334 0.12083333333333333
0 0.16953125 0.83828125 0.06770833333333333 0.0921875
0 0.8010416666666667 0.4192708333333333 0.07083333333333333 0.058333333333333334
0 0.6908854166666667 0.42604166666666665 0.13697916666666668 0.10364583333333334
0 0.7390625 0.7622395833333333 0.12760416666666666 0.20572916666666666
0 0.9192708333333334 0.6140625 0.08958333333333333 0.1046875
0 0.64765625 0.7184895833333333 0.07708333333333334 0.103125
0 0.8591145833333333 0.7127604166666667 0.1203125 0.15208333333333332
0 0.5763020833333333 0.53671875 0.10677083333333333 0.10104166666666667
0 0.6283854166666667 0.9182291666666667 0.159375 0.13958333333333334
0 0.5346354166666667 0.078125 0.14635416666666667 0.10885416666666667
0 0.95 0.234375 0.09010416666666667 0.11510416666666666
0 0.5072916666666667 0.7151041666666667 0.08072916666666667 0.07916666666666666
0 0.42135416666666664 0.87109375 0.20520833333333333 0.2526041666666667
0 0.46588541666666666 0.45625 0.1515625 0.109375
0 0.8106770833333333 0.909375 0.059895833333333336 0.078125
0 0.9557291666666666 0.7955729166666666 0.0796875 0.10677083333333333
0 0.024739583333333332 0.9861979166666667 0.0390625 0.027083333333333334
0 0.23255208333333333 0.4473958333333333 0.10052083333333334 0.10052083333333334
0 0.8606770833333334 0.8135416666666667 0.1171875 0.0765625
0 0.12786458333333334 0.62109375 0.115625 0.14010416666666667
0 0.03802083333333333 0.6388020833333333 0.07604166666666666 0.09375
0 0.23177083333333334 0.7481770833333333 0.0859375 0.059895833333333336
0 0.21848958333333332 0.1453125 0.03697916666666667 0.034375
0 0.9755208333333333 0.9479166666666666 0.03854166666666667 0.06770833333333333
0 0.3484375 0.5395833333333333 0.11666666666666667 0.1546875
0 0.07369791666666667 0.5098958333333333 0.14739583333333334 0.15520833333333334
0 0.9692708333333333 0.70078125 0.05364583333333333 0.08125
0 0.8776041666666666 0.9114583333333334 0.08020833333333334 0.08645833333333333
0 0.059375 0.08828125 0.11875 0.16197916666666667
0 0.22604166666666667 0.9125 0.10052083333333334 0.08958333333333333
0 0.384375 0.4940104166666667 0.0640625 0.0859375
0 0.13385416666666666 0.7783854166666667 0.12239583333333333 0.146875
0 0.7463541666666667 0.9390625 0.09010416666666667 0.10572916666666667
0 0.859375 0.2833333333333333 0.16666666666666666 0.19114583333333332
0 0.97890625 0.6200520833333333 0.035416666666666666 0.06822916666666666
0 0.20833333333333334 0.346875 0.084375 0.09270833333333334
0 0.46510416666666665 0.016145833333333335 0.11041666666666666 0.03229166666666667
0 0.6575520833333334 0.84609375 0.06770833333333333 0.08125
0 0.6606770833333333 0.05286458333333333 0.09947916666666666 0.07760416666666667
0 0.24010416666666667 0.8265625 0.08802083333333334 0.09739583333333333
0 0.9104166666666667 0.9544270833333334 0.1453125 0.06979166666666667
0 0.90859375 0.45598958333333334 0.17864583333333334 0.24947916666666667
0 0.1359375 0.11536458333333334 0.11979166666666667 0.09270833333333334
0 0.65 0.010416666666666666 0.0625 0.020833333333333332
0 0.8255208333333334 0.9682291666666667 0.05625 0.042708333333333334
0 0.3098958333333333 0.04505208333333333 0.13697916666666668 0.09010416666666667
0 0.24713541666666666 0.5838541666666667 0.140625 0.13697916666666668
0 0.746875 0.5489583333333333 0.15833333333333333 0.209375
0 0.9736979166666667 0.85859375 0.043229166666666666 0.058854166666666666
0 0.6213541666666667 0.6244791666666667 0.12708333333333333 0.13020833333333334
0 0.7552083333333334 0.053385416666666664 0.10625 0.10677083333333333
0 0.4627604166666667 0.015885416666666666 0.11302083333333333 0.03177083333333333
0 0.66796875 0.15807291666666667 0.15104166666666666 0.17135416666666667
0 0.01484375 0.8958333333333334 0.028645833333333332 0.08697916666666666
0 0.15286458333333333 0.03619791666666667 0.06041666666666667 0.06354166666666666
0 0.1296875 0.22578125 0.07604166666666666 0.16302083333333334
0 0.165625 0.9747395833333333 0.043229166666666666 0.0484375
0 0.06848958333333334 0.39895833333333336 0.13697916666666668 0.1
0 0.7036458333333333 0.29661458333333335 0.17916666666666667 0.17708333333333334
0 0.20885416666666667 0.016145833333333335 0.05572916666666667 0.0265625
0 0.046875 0.3255208333333333 0.09375 0.08229166666666667
0 0.5184895833333333 0.31953125 0.19583333333333333 0.10364583333333334
0 0.5440104166666667 0.19895833333333332 0.13072916666666667 0.13229166666666667
0 0.41354166666666664 0.06041666666666667 0.08489583333333334 0.09427083333333333
0 0.2203125 0.08984375 0.049479166666666664 0.04010416666666667
0 0.21484375 0.052083333333333336 0.06197916666666667 0.0375
0 0.16822916666666668 0.4046875 0.0390625 0.036458333333333336
0 0.5138020833333333 0.378125 0.0703125 0.04583333333333333
0 0.23411458333333332 0.6802083333333333 0.09270833333333334 0.0875
0 0.31614583333333335 0.684375 0.075 0.07864583333333333
0 0.0375 0.7984375 0.075 0.13958333333333334
0 0.049479166666666664 0.721875 0.09895833333333333 0.0828125
0 0.3067708333333333 0.7604166666666666 0.065625 0.046875
0 0.73046875 0.8783854166666667 0.06041666666666667 0.057291666666666664
0 0.7653645833333333 0.7015625 0.07708333333333334 0.10677083333333333
0 0.5841145833333333 0.44635416666666666 0.09270833333333334 0.08802083333333334
0 0.8026041666666667 0.15494791666666666 0.13177083333333334 0.10833333333333334
0 0.8583333333333333 0.039322916666666666 0.11145833333333334 0.07864583333333333
0 0.8875 0.8609375 0.04791666666666667 0.041666666666666664
0 0.9221354166666667 0.8598958333333333 0.03229166666666667 0.04895833333333333
0 0.9549479166666667 0.871875 0.03229166666666667 0.030208333333333334
0 0.9497395833333333 0.9018229166666667 0.06510416666666667 0.03958333333333333
0 0.5744791666666667 0.7200520833333334 0.07447916666666667 0.07864583333333333
0 0.4234375 0.5802083333333333 0.0515625 0.1078125
0 0.26796875 0.21796875 0.0828125 0.08385416666666666
0 0.2604166666666667 0.16067708333333333 0.0796875 0.04479166666666667
0 0.11979166666666667 0.32890625 0.030729166666666665 0.04375
0 0.3658854166666667 0.7033854166666667 0.071875 0.084375