0 0.3046875 0.6940104166666666 0.1171875 0.11979166666666667
0 0.14557291666666666 0.07291666666666667 0.1140625 0.13020833333333334
0 0.39036458333333335 0.6174479166666667 0.16614583333333333 0.19739583333333333
0 0.6046875 0.49583333333333335 0.18229166666666666 0.15572916666666667
0 0.2328125 0.7783854166666667 0.1140625 0.08854166666666667
0 0.2203125 0.93984375 0.13072916666666667 0.11041666666666666
0 0.20859375 0.6015625 0.18385416666666668 0.165625
0 0.91171875 0.9216145833333333 0.12083333333333333 0.1234375
0 0.8328125 0.8372395833333334 0.0921875 0.0671875
0 0.4354166666666667 0.19401041666666666 0.058333333333333334 0.0703125
0 0.43854166666666666 0.30416666666666664 0.10364583333333334 0.13645833333333332
0 0.7765625 0.26588541666666665 0.20572916666666666 0.1265625
0 0.6346354166666667 0.08151041666666667 0.1046875 0.0890625
0 0.7296875 0.35598958333333336 0.103125 0.0765625
0 0.7309895833333333 0.14453125 0.15208333333333332 0.11927083333333334
0 0.5450520833333333 0.42213541666666665 0.10104166666666667 0.10625
0 0.9286458333333333 0.3809895833333333 0.13958333333333334 0.15833333333333333
0 0.08541666666666667 0.45026041666666666 0.10885416666666667 0.14583333333333334
0 0.2559895833333333 0.0421875 0.11510416666666666 0.084375
0 0.72109375 0.49635416666666665 0.07916666666666666 0.08020833333333334
0 0.8739583333333333 0.5864583333333333 0.2520833333333333 0.20364583333333333
0 0.4609375 0.5299479166666666 0.109375 0.15104166666666666
0 0.92578125 0.19869791666666667 0.078125 0.059375
0 0.8171875 0.04895833333333333 0.10677083333333333 0.08177083333333333
0 0.9794270833333333 0.9833333333333333 0.034895833333333334 0.03333333333333333
0 0.44375 0.7627604166666667 0.10052083333333334 0.1
0 0.8317708333333333 0.14609375 0.0765625 0.11666666666666667
0 0.6138020833333333 0.87265625 0.14010416666666667 0.11458333333333333
0 0.6283854166666667 0.9625 0.09375 0.075
0 0.74453125 0.7723958333333333 0.059895833333333336 0.08541666666666667
0 0.14140625 0.7682291666666666 0.034375 0.03697916666666667
0 0.9682291666666667 0.03046875 0.06354166666666666 0.04635416666666667
0 0.5403645833333334 0.65 0.1546875 0.115625
0 0.50078125 0.9244791666666666 0.15520833333333334 0.15104166666666666
0 0.7234375 0.03203125 0.08125 0.057291666666666664
0 0.93046875 0.13203125 0.08645833333333333 0.0796875
0 0.08229166666666667 0.9299479166666667 0.15416666666666667 0.12760416666666666
0 0.90859375 0.7830729166666667 0.08958333333333333 0.1
0 0.49583333333333335 0.6127604166666667 0.0859375 0.06354166666666666
0 0.7713541666666667 0.8713541666666667 0.146875 0.12135416666666667
0 0.9502604166666667 0.2635416666666667 0.09947916666666666 0.08958333333333333
0 0.30182291666666666 0.13177083333333334 0.19114583333333332 0.165625
0 0.6427083333333333 0.020572916666666666 0.06822916666666666 0.0375
0 0.34296875 0.7841145833333333 0.09270833333333334 0.08385416666666666
0 0.020052083333333335 0.5182291666666666 0.034375 0.11041666666666666
0 0.8575520833333333 0.35 0.08125 0.0671875
0 0.06458333333333334 0.32369791666666664 0.07760416666666667 0.09895833333333333
0 0.8231770833333333 0.7666666666666667 0.09739583333333333 0.0875
0 0.9697916666666667 0.10052083333333334 0.06041666666666667 0.14479166666666668
0 0.47630208333333335 0.08802083333333334 0.24947916666666667 0.17604166666666668
0 0.10859375 0.8497395833333333 0.09270833333333334 0.11927083333333334
0 0.01796875 0.33255208333333336 0.028125 0.0625
0 0.98203125 0.18541666666666667 0.0359375 0.05625
0 0.046614583333333334 0.6739583333333333 0.08645833333333333 0.13645833333333332
0 0.5809895833333333 0.75234375 0.13697916666666668 0.13958333333333334
0 0.5638020833333334 0.2520833333333333 0.209375 0.15729166666666666
0 0.88125 0.030989583333333334 0.059375 0.04895833333333333
0 0.634375 0.3796875 0.13020833333333334 0.1265625
0 0.06328125 0.22864583333333333 0.11666666666666667 0.10572916666666667
0 0.019791666666666666 0.5205729166666667 0.033854166666666664 0.11302083333333333
0 0.17005208333333333 0.31927083333333334 0.17135416666666667 0.15
0 0.8846354166666667 0.9895833333333334 0.08697916666666666 0.020833333333333332
0 0.03333333333333333 0.83046875 0.057291666666666664 0.059895833333333336
0 0.21875 0.8591145833333333 0.16302083333333334 0.075
0 0.971875 0.8450520833333334 0.05416666666666667 0.042708333333333334
0 0.39010416666666664 0.928125 0.1 0.14166666666666666
0 0.30963541666666666 0.2877604166666667 0.17708333333333334 0.178125
0 0.014583333333333334 0.7736979166666667 0.020833333333333332 0.05572916666666667
0 0.315625 0.9479166666666666 0.08229166666666667 0.09947916666666666
0 0.3263020833333333 0.4734375 0.10364583333333334 0.1953125
0 0.20651041666666667 0.44427083333333334 0.13229166666666667 0.13020833333333334
0 0.06328125 0.57109375 0.09427083333333333 0.084375
0 0.08619791666666667 0.7645833333333333 0.04010416666666667 0.049479166666666664
0 0.048177083333333336 0.7692708333333333 0.0375 0.06197916666666667
0 0.39895833333333336 0.82578125 0.036458333333333336 0.0390625
0 0.3846354166666667 0.4796875 0.04583333333333333 0.06979166666666667
0 0.6765625 0.7682291666666666 0.0875 0.0921875
0 0.6838541666666667 0.6861979166666666 0.07864583333333333 0.07447916666666667
0 0.78828125 0.9653645833333333 0.13958333333333334 0.06927083333333334
0 0.71171875 0.9520833333333333 0.0828125 0.09583333333333334
0 0.7596354166666667 0.69765625 0.046875 0.06510416666666667
0 0.8921875 0.27786458333333336 0.057291666666666664 0.059895833333333336
0 0.7166666666666667 0.23776041666666667 0.10677083333333333 0.0765625
0 0.4552083333333333 0.41171875 0.08802083333333334 0.0921875
0 0.17161458333333332 0.18463541666666666 0.10833333333333334 0.13125
0 0.0515625 0.12526041666666668 0.09114583333333333 0.1109375
0 0.88046875 0.12057291666666667 0.041666666666666664 0.04791666666666667
0 0.88046875 0.0859375 0.04895833333333333 0.03177083333333333
0 0.8934895833333333 0.053385416666666664 0.030208333333333334 0.03229166666666667
0 0.9231770833333334 0.05963541666666667 0.03958333333333333 0.06510416666666667
0 0.7286458333333333 0.42916666666666664 0.07864583333333333 0.07395833333333333
0 0.58359375 0.5760416666666667 0.1078125 0.051041666666666666
0 0.21588541666666666 0.7208333333333333 0.08385416666666666 0.08229166666666667
0 0.15833333333333333 0.7265625 0.04479166666666667 0.0796875
0 0.3216145833333333 0.8721354166666667 0.04375 0.030729166666666665
0 0.7044270833333334 0.6372395833333333 0.084375 0.07135416666666666