0 0.6955729166666667 0.30807291666666664 0.11822916666666666 0.11510416666666666
0 0.07838541666666667 0.13828125 0.12864583333333332 0.11197916666666667
0 0.6171875 0.3924479166666667 0.19583333333333333 0.16302083333333334
0 0.490625 0.6046875 0.15364583333333334 0.1796875
0 0.7817708333333333 0.23776041666666667 0.08697916666666666 0.1125
0 0.9434895833333333 0.228125 0.10885416666666667 0.12864583333333332
0 0.60546875 0.21067708333333332 0.16354166666666667 0.18125
0 0.909375 0.91875 0.121875 0.11875
0 0.8265625 0.8385416666666666 0.06614583333333333 0.09114583333333333
0 0.19270833333333334 0.43020833333333336 0.06979166666666667 0.057291666666666664
0 0.3026041666666667 0.43515625 0.13541666666666666 0.1015625
0 0.25677083333333334 0.7723958333333333 0.12395833333333334 0.20364583333333333
0 0.07552083333333333 0.62734375 0.08802083333333334 0.103125
0 0.34791666666666665 0.7270833333333333 0.07552083333333333 0.10208333333333333
0 0.13645833333333332 0.7247395833333333 0.11770833333333333 0.15
0 0.41822916666666665 0.54375 0.10520833333333333 0.09947916666666666
0 0.36796875 0.9263020833333333 0.15677083333333333 0.13697916666666668
0 0.45703125 0.08463541666666667 0.14479166666666668 0.10625
0 0.04348958333333333 0.24791666666666667 0.08697916666666666 0.11354166666666667
0 0.48828125 0.72109375 0.07916666666666666 0.07760416666666667
0 0.575 0.8755208333333333 0.20104166666666667 0.24895833333333334
0 0.528125 0.46145833333333336 0.15 0.10677083333333333
0 0.1859375 0.9205729166666666 0.058333333333333334 0.07708333333333334
0 0.03958333333333333 0.809375 0.07916666666666666 0.10520833333333333
0 0.9721354166666667 0.9854166666666667 0.03854166666666667 0.029166666666666667
0 0.7611979166666667 0.4484375 0.09895833333333333 0.09895833333333333
0 0.13567708333333334 0.8255208333333334 0.11614583333333334 0.07447916666666667
0 0.8669270833333333 0.6203125 0.11302083333333333 0.13802083333333334
0 0.9580729166666667 0.6364583333333333 0.07708333333333334 0.0921875
0 0.7638020833333333 0.74921875 0.08489583333333334 0.058333333333333334
0 0.7736979166666667 0.14609375 0.036458333333333336 0.033854166666666664
0 0.020052083333333335 0.9622395833333334 0.04010416666666667 0.06770833333333333
0 0.64609375 0.54296875 0.1140625 0.15260416666666668
0 0.9223958333333333 0.5083333333333333 0.15052083333333333 0.15260416666666668
0 0.026041666666666668 0.7153645833333333 0.052083333333333336 0.08020833333333334
0 0.11901041666666666 0.9239583333333333 0.07864583333333333 0.08489583333333334
0 0.9369791666666667 0.08619791666666667 0.12604166666666666 0.15989583333333332
0 0.7708333333333334 0.9135416666666667 0.09895833333333333 0.08802083333333334
0 0.6098958333333333 0.4979166666666667 0.0625 0.08489583333333334
0 0.8622395833333333 0.7778645833333333 0.11979166666666667 0.14479166666666668
0 0.25052083333333336 0.9486979166666667 0.08854166666666667 0.10260416666666666
0 0.13359375 0.2953125 0.16354166666666667 0.18854166666666666
0 0.01640625 0.634375 0.0328125 0.06770833333333333
0 0.7848958333333333 0.34791666666666665 0.0828125 0.09114583333333333
0 0.5265625 0.019791666666666666 0.10989583333333333 0.033854166666666664
0 0.33880208333333334 0.8549479166666667 0.06614583333333333 0.08020833333333334
0 0.33098958333333334 0.06145833333333333 0.09791666666666667 0.07604166666666666
0 0.75625 0.8278645833333333 0.08645833333333333 0.09583333333333334
0 0.08645833333333333 0.9669270833333333 0.14427083333333332 0.06614583333333333
0 0.08645833333333333 0.46901041666666665 0.17291666666666666 0.24635416666666668
0 0.8559895833333333 0.11484375 0.11822916666666666 0.090625
0 0.3411458333333333 0.015364583333333333 0.06197916666666667 0.027083333333333334
0 0.17135416666666667 0.9796875 0.05572916666666667 0.040625
0 0.6817708333333333 0.04765625 0.13541666666666666 0.08854166666666667
0 0.74765625 0.5854166666666667 0.13802083333333334 0.134375
0 0.24791666666666667 0.559375 0.1546875 0.20677083333333332
0 0.021875 0.8729166666666667 0.04375 0.058333333333333334
0 0.3736979166666667 0.6322916666666667 0.125 0.128125
0 0.23619791666666667 0.05859375 0.10416666666666667 0.11510416666666666
0 0.52890625 0.01953125 0.1125 0.03333333333333333
0 0.32395833333333335 0.16692708333333334 0.14791666666666667 0.16875
0 0.9815104166666667 0.8932291666666666 0.027083333333333334 0.08645833333333333
0 0.8385416666666666 0.0359375 0.059375 0.0625
0 0.8627604166666667 0.225 0.0734375 0.16197916666666667
0 0.83125 0.9755208333333333 0.0421875 0.04895833333333333
0 0.9276041666666667 0.39765625 0.140625 0.09739583333333333
0 0.28932291666666665 0.30625 0.17604166666666668 0.17395833333333333
0 0.7825520833333334 0.016927083333333332 0.05520833333333333 0.025520833333333333
0 0.94921875 0.3234375 0.0984375 0.08072916666666667
0 0.4747395833333333 0.32578125 0.19427083333333334 0.10052083333333334
0 0.44817708333333334 0.20546875 0.12864583333333332 0.13020833333333334
0 0.5783854166666667 0.06458333333333334 0.08333333333333333 0.09270833333333334
0 0.7713541666666667 0.09088541666666666 0.04895833333333333 0.0390625
0 0.7768229166666667 0.05286458333333333 0.06145833333333333 0.036458333333333336
0 0.8252604166666667 0.4046875 0.03854166666666667 0.0359375
0 0.47942708333333334 0.384375 0.06927083333333334 0.04479166666666667
0 0.7611979166666667 0.68125 0.09114583333333333 0.0859375
0 0.6791666666666667 0.6869791666666667 0.0734375 0.07760416666666667
0 0.9588541666666667 0.7963541666666667 0.07395833333333333 0.13854166666666667
0 0.9466145833333334 0.7197916666666667 0.09895833333333333 0.08125
0 0.6888020833333334 0.7627604166666667 0.06510416666666667 0.04583333333333333
0 0.26588541666666665 0.88828125 0.059375 0.05625
0 0.22994791666666667 0.7119791666666667 0.075 0.10572916666666667
0 0.40989583333333335 0.45364583333333336 0.09114583333333333 0.08645833333333333
0 0.18932291666666667 0.16614583333333333 0.1296875 0.10625
0 0.1328125 0.04505208333333333 0.10989583333333333 0.0890625
0 0.10885416666666667 0.8736979166666666 0.04739583333333333 0.040625
0 0.07447916666666667 0.8731770833333333 0.03125 0.0484375
0 0.04140625 0.8856770833333333 0.03177083333333333 0.0296875
0 0.047135416666666666 0.9153645833333334 0.06458333333333334 0.03854166666666667
0 0.42109375 0.72734375 0.07291666666666667 0.07760416666666667
0 0.5713541666666667 0.5848958333333333 0.049479166666666664 0.10677083333333333
0 0.7244791666666667 0.21979166666666666 0.08125 0.08229166666666667
0 0.7315104166666667 0.16223958333333333 0.07916666666666666 0.043229166666666666
0 0.8734375 0.32838541666666665 0.030208333333333334 0.043229166666666666
0 0.6294270833333333 0.7067708333333333 0.0703125 0.08333333333333333