0 0.29921875 0.30546875 0.11979166666666667 0.1171875
0 0.9143229166666667 0.12526041666666668 0.13020833333333334 0.1140625
0 0.37864583333333335 0.3888020833333333 0.19739583333333333 0.16614583333333333
0 0.5078125 0.5989583333333334 0.15572916666666667 0.18229166666666666
0 0.21223958333333334 0.23697916666666666 0.08854166666666667 0.1140625
0 0.05286458333333333 0.22994791666666667 0.10572916666666667 0.13072916666666667
0 0.3880208333333333 0.20651041666666667 0.165625 0.18385416666666668
0 0.09270833333333334 0.9203125 0.1234375 0.12083333333333333
0 0.17447916666666666 0.83828125 0.0671875 0.0921875
0 0.8033854166666666 0.4192708333333333 0.0703125 0.058333333333333334
0 0.6934895833333333 0.42604166666666665 0.13645833333333332 0.10364583333333334
0 0.7434895833333334 0.7622395833333333 0.1265625 0.20572916666666666
0 0.9229166666666667 0.6140625 0.0890625 0.1046875
0 0.6518229166666667 0.7184895833333333 0.0765625 0.103125
0 0.86328125 0.7127604166666667 0.11927083333333334 0.15208333333333332
0 0.5794270833333334 0.53671875 0.10625 0.10104166666666667
0 0.6338541666666667 0.9182291666666667 0.15833333333333333 0.13958333333333334
0 0.53515625 0.078125 0.14583333333333334 0.10885416666666667
0 0.9513020833333333 0.234375 0.08958333333333333 0.11510416666666666
0 0.5114583333333333 0.7151041666666667 0.08020833333333334 0.07916666666666666
0 0.4265625 0.87109375 0.20364583333333333 0.2526041666666667
0 0.46848958333333335 0.45625 0.15104166666666666 0.109375
0 0.8158854166666667 0.909375 0.059375 0.078125
0 0.9604166666666667 0.7955729166666666 0.07916666666666666 0.10677083333333333
0 0.03046875 0.9861979166666667 0.0390625 0.027083333333333334
0 0.23515625 0.4473958333333333 0.1 0.10052083333333334
0 0.8653645833333333 0.8135416666666667 0.11666666666666667 0.0765625
0 0.13151041666666666 0.62109375 0.11458333333333333 0.14010416666666667
0 0.040625 0.6388020833333333 0.078125 0.09375
0 0.23619791666666667 0.7481770833333333 0.08541666666666667 0.059895833333333336
0 0.21927083333333333 0.1453125 0.03697916666666667 0.034375
0 0.9809895833333333 0.9479166666666666 0.03802083333333333 0.06770833333333333
0 0.3515625 0.5395833333333333 0.115625 0.1546875
0 0.075 0.5098958333333333 0.15 0.15520833333333334
0 0.9734375 0.70078125 0.053125 0.08125
0 0.8828125 0.9114583333333334 0.0796875 0.08645833333333333
0 0.059375 0.08828125 0.11875 0.16197916666666667
0 0.23125 0.9125 0.1 0.08958333333333333
0 0.38723958333333336 0.4940104166666667 0.06354166666666666 0.0859375
0 0.13828125 0.7783854166666667 0.12135416666666667 0.146875
0 0.7518229166666667 0.9390625 0.08958333333333333 0.10572916666666667
0 0.8609375 0.2833333333333333 0.165625 0.19114583333333332
0 0.9825520833333333 0.6200520833333333 0.034895833333333334 0.06822916666666666
0 0.21041666666666667 0.346875 0.08385416666666666 0.09270833333333334
0 0.46510416666666665 0.016145833333333335 0.11041666666666666 0.03229166666666667
0 0.6625 0.84609375 0.0671875 0.08125
0 0.6609375 0.05286458333333333 0.09895833333333333 0.07760416666666667
0 0.24479166666666666 0.8265625 0.0875 0.09739583333333333
0 0.9158854166666667 0.9544270833333334 0.14479166666666668 0.06979166666666667
0 0.9111979166666667 0.45598958333333334 0.17708333333333334 0.24947916666666667
0 0.13671875 0.11536458333333334 0.11927083333333334 0.09270833333333334
0 0.65 0.010416666666666666 0.0625 0.020833333333333332
0 0.83125 0.9682291666666667 0.05625 0.042708333333333334
0 0.31015625 0.04505208333333333 0.13645833333333332 0.09010416666666667
0 0.25052083333333336 0.5838541666666667 0.13958333333333334 0.13697916666666668
0 0.75 0.5489583333333333 0.15729166666666666 0.209375
0 0.9786458333333333 0.85859375 0.042708333333333334 0.058854166666666666
0 0.625 0.6244791666666667 0.1265625 0.13020833333333334
0 0.75546875 0.053385416666666664 0.10572916666666667 0.10677083333333333
0 0.4627604166666667 0.015885416666666666 0.11302083333333333 0.03177083333333333
0 0.6690104166666667 0.15807291666666667 0.15 0.17135416666666667
0 0.020052083333333335 0.8958333333333334 0.028125 0.08697916666666666
0 0.153125 0.03619791666666667 0.059895833333333336 0.06354166666666666
0 0.13098958333333333 0.22578125 0.075 0.16302083333333334
0 0.17135416666666667 0.9747395833333333 0.042708333333333334 0.0484375
0 0.06953125 0.39895833333333336 0.1390625 0.1
0 0.70546875 0.29661458333333335 0.178125 0.17708333333333334
0 0.20885416666666667 0.016145833333333335 0.05572916666666667 0.0265625
0 0.04765625 0.3255208333333333 0.0953125 0.08229166666666667
0 0.5203125 0.31953125 0.1953125 0.10364583333333334
0 0.5453125 0.19895833333333332 0.13020833333333334 0.13229166666666667
0 0.41380208333333335 0.06041666666666667 0.084375 0.09427083333333333
0 0.22083333333333333 0.08984375 0.049479166666666664 0.04010416666666667
0 0.21510416666666668 0.052083333333333336 0.06197916666666667 0.0375
0 0.17057291666666666 0.4046875 0.0390625 0.036458333333333336
0 0.5161458333333333 0.378125 0.06979166666666667 0.04583333333333333
0 0.23802083333333332 0.6802083333333333 0.0921875 0.0875
0 0.32005208333333335 0.684375 0.07447916666666667 0.07864583333333333
0 0.041666666666666664 0.7984375 0.07552083333333333 0.13958333333333334
0 0.053125 0.721875 0.1 0.0828125
0 0.3111979166666667 0.7604166666666666 0.06510416666666667 0.046875
0 0.7356770833333334 0.8783854166666667 0.059895833333333336 0.057291666666666664
0 0.76953125 0.7015625 0.0765625 0.10677083333333333
0 0.58671875 0.44635416666666666 0.0921875 0.08802083333333334
0 0.8036458333333333 0.15494791666666666 0.13125 0.10833333333333334
0 0.85859375 0.039322916666666666 0.1109375 0.07864583333333333
0 0.8924479166666667 0.8609375 0.04791666666666667 0.041666666666666664
0 0.9270833333333334 0.8598958333333333 0.03177083333333333 0.04895833333333333
0 0.96015625 0.871875 0.03229166666666667 0.030208333333333334
0 0.9549479166666667 0.9018229166666667 0.06510416666666667 0.03958333333333333
0 0.5786458333333333 0.7200520833333334 0.07395833333333333 0.07864583333333333
0 0.42682291666666666 0.5802083333333333 0.051041666666666666 0.1078125
0 0.26927083333333335 0.21796875 0.08229166666666667 0.08385416666666666
0 0.26145833333333335 0.16067708333333333 0.0796875 0.04479166666666667
0 0.12161458333333333 0.32890625 0.030729166666666665 0.04375
0 0.37005208333333334 0.7033854166666667 0.07135416666666666 0.084375