0 0.30390625 0.3026041666666667 0.11458333333333333 0.11770833333333333
0 0.13776041666666666 0.9208333333333333 0.11145833333333334 0.128125
0 0.3888020833333333 0.38046875 0.16197916666666667 0.19479166666666667
0 0.6018229166666667 0.5059895833333333 0.17864583333333334 0.15260416666666668
0 0.23333333333333334 0.21692708333333333 0.11197916666666667 0.08645833333333333
0 0.22265625 0.05520833333333333 0.128125 0.10833333333333334
0 0.20703125 0.3932291666666667 0.18020833333333333 0.1625
0 0.9135416666666667 0.08541666666666667 0.11822916666666666 0.12135416666666667
0 0.83359375 0.16848958333333333 0.090625 0.065625
0 0.42916666666666664 0.8046875 0.05677083333333333 0.06927083333333334
0 0.43333333333333335 0.6947916666666667 0.10052083333333334 0.13489583333333333
0 0.7708333333333334 0.7388020833333333 0.203125 0.12291666666666666
0 0.6268229166666667 0.9208333333333333 0.10260416666666666 0.0875
0 0.725 0.6479166666666667 0.1015625 0.075
0 0.7239583333333334 0.859375 0.14947916666666666 0.11666666666666667
0 0.54140625 0.5786458333333333 0.09895833333333333 0.1046875
0 0.92421875 0.6265625 0.1359375 0.15572916666666667
0 0.08203125 0.5424479166666667 0.10520833333333333 0.14427083333333332
0 0.24765625 0.9557291666666666 0.11302083333333333 0.0875
0 0.7182291666666667 0.5075520833333333 0.07708333333333334 0.07864583333333333
0 0.8723958333333334 0.4200520833333333 0.24791666666666667 0.19947916666666668
0 0.4583333333333333 0.46927083333333336 0.10572916666666667 0.14947916666666666
0 0.91953125 0.80859375 0.0765625 0.0578125
0 0.8091145833333333 0.9565104166666667 0.1046875 0.08020833333333334
0 0.9822916666666667 0.022135416666666668 0.034375 0.03854166666666667
0 0.4440104166666667 0.23619791666666667 0.0984375 0.0984375
0 0.8247395833333333 0.8596354166666667 0.07395833333333333 0.115625
0 0.6153645833333333 0.12942708333333333 0.1375 0.11197916666666667
0 0.6309895833333333 0.03828125 0.09166666666666666 0.0765625
0 0.7447916666666666 0.23177083333333334 0.0578125 0.084375
0 0.14166666666666666 0.22552083333333334 0.033854166666666664 0.036458333333333336
0 0.9619791666666667 0.97734375 0.0671875 0.0453125
0 0.5390625 0.35078125 0.15208333333333332 0.11302083333333333
0 0.5028645833333333 0.07473958333333333 0.1515625 0.14947916666666666
0 0.7151041666666667 0.971875 0.0796875 0.05572916666666667
0 0.9231770833333334 0.8755208333333333 0.084375 0.078125
0 0.08072916666666667 0.0625 0.159375 0.125
0 0.9091145833333333 0.22395833333333334 0.0875 0.0984375
0 0.4942708333333333 0.38723958333333336 0.084375 0.06197916666666667
0 0.7729166666666667 0.13333333333333333 0.14427083333333332 0.11875
0 0.9479166666666666 0.7440104166666667 0.10364583333333334 0.08802083333333334
0 0.29453125 0.8645833333333334 0.1875 0.1625
0 0.634375 0.9817708333333334 0.06770833333333333 0.036458333333333336
0 0.34322916666666664 0.21302083333333333 0.090625 0.08229166666666667
0 0.016666666666666666 0.4734375 0.03333333333333333 0.10989583333333333
0 0.8528645833333334 0.65625 0.0796875 0.065625
0 0.05963541666666667 0.66875 0.07552083333333333 0.09739583333333333
0 0.8234375 0.2390625 0.0953125 0.0859375
0 0.9669270833333333 0.9078125 0.06614583333333333 0.14375
0 0.46848958333333335 0.91171875 0.2453125 0.17291666666666666
0 0.10989583333333333 0.14348958333333334 0.09010416666666667 0.11770833333333333
0 0.01328125 0.6588541666666666 0.0265625 0.06197916666666667
0 0.97890625 0.8229166666666666 0.04114583333333333 0.05572916666666667
0 0.04375 0.31796875 0.0875 0.13489583333333333
0 0.5809895833333333 0.24895833333333334 0.13333333333333333 0.1375
0 0.5578125 0.7489583333333333 0.20572916666666666 0.15364583333333334
0 0.87265625 0.9755208333333333 0.0578125 0.04791666666666667
0 0.6302083333333334 0.62265625 0.12760416666666666 0.12447916666666667
0 0.057291666666666664 0.7635416666666667 0.11458333333333333 0.10364583333333334
0 0.01640625 0.47109375 0.0328125 0.1125
0 0.16510416666666666 0.675 0.16770833333333332 0.146875
0 0.8875 0.01328125 0.08645833333333333 0.0265625
0 0.030989583333333334 0.16119791666666666 0.06197916666666667 0.058854166666666666
0 0.22005208333333334 0.1359375 0.16145833333333334 0.07239583333333334
0 0.9729166666666667 0.16302083333333334 0.05364583333333333 0.041666666666666664
0 0.3921875 0.07005208333333333 0.09635416666666667 0.14010416666666667
0 0.30442708333333335 0.7088541666666667 0.17291666666666666 0.175
0 0.0125 0.21744791666666666 0.025 0.05520833333333333
0 0.31796875 0.04895833333333333 0.08020833333333334 0.09791666666666667
0 0.3229166666666667 0.5234375 0.09947916666666666 0.19375
0 0.20286458333333332 0.5505208333333333 0.1296875 0.128125
0 0.061197916666666664 0.42135416666666664 0.0921875 0.0828125
0 0.08645833333333333 0.228125 0.03854166666666667 0.04895833333333333
0 0.0484375 0.22291666666666668 0.0359375 0.06145833333333333
0 0.4 0.17239583333333333 0.0359375 0.03854166666666667
0 0.3815104166666667 0.5182291666666666 0.044270833333333336 0.06927083333333334
0 0.6768229166666667 0.23489583333333333 0.08541666666666667 0.090625
0 0.6830729166666667 0.31692708333333336 0.07708333333333334 0.07291666666666667
0 0.790625 0.036458333333333336 0.13802083333333334 0.07291666666666667
0 0.7143229166666667 0.04921875 0.08072916666666667 0.0984375
0 0.7588541666666667 0.3067708333333333 0.0453125 0.06458333333333334
0 0.88671875 0.72890625 0.05572916666666667 0.058854166666666666
0 0.7106770833333333 0.7658854166666667 0.10520833333333333 0.07447916666666667
0 0.4513020833333333 0.5875 0.0859375 0.090625
0 0.16510416666666666 0.8096354166666667 0.10572916666666667 0.12916666666666668
0 0.044270833333333336 0.8669270833333333 0.08854166666666667 0.109375
0 0.8729166666666667 0.8859375 0.04010416666666667 0.04739583333333333
0 0.87265625 0.9205729166666666 0.0484375 0.030729166666666665
0 0.8854166666666666 0.9533854166666667 0.0296875 0.03177083333333333
0 0.9151041666666667 0.94765625 0.03802083333333333 0.06458333333333334
0 0.7247395833333333 0.5747395833333333 0.07708333333333334 0.07239583333333334
0 0.5815104166666667 0.42526041666666664 0.10625 0.04895833333333333
0 0.215625 0.27421875 0.08177083333333333 0.08072916666666667
0 0.15807291666666667 0.2674479166666667 0.042708333333333334 0.07916666666666666
0 0.32317708333333334 0.12473958333333333 0.043229166666666666 0.030208333333333334
0 0.703125 0.36640625 0.0828125 0.06979166666666667