0 0.6921875 0.30052083333333335 0.1203125 0.11666666666666667
0 0.07213541666666666 0.14505208333333333 0.13072916666666667 0.11354166666666667
0 0.6151041666666667 0.38671875 0.1984375 0.16510416666666666
0 0.49244791666666665 0.6018229166666667 0.15677083333333333 0.18125
0 0.7770833333333333 0.22838541666666667 0.0890625 0.11354166666666667
0 0.9385416666666667 0.21484375 0.1109375 0.13020833333333334
0 0.6002604166666666 0.20520833333333333 0.16666666666666666 0.1828125
0 0.91640625 0.90625 0.12395833333333334 0.1203125
0 0.8325520833333333 0.8278645833333333 0.06770833333333333 0.09166666666666666
0 0.19140625 0.434375 0.07083333333333333 0.0578125
0 0.3015625 0.43671875 0.13697916666666668 0.10260416666666666
0 0.26145833333333335 0.775 0.12760416666666666 0.20520833333333333
0 0.07786458333333333 0.6341145833333334 0.08958333333333333 0.10416666666666667
0 0.35182291666666665 0.7276041666666667 0.07708333333333334 0.10260416666666666
0 0.14036458333333332 0.7302083333333333 0.1203125 0.1515625
0 0.41901041666666666 0.5427083333333333 0.10677083333333333 0.10052083333333334
0 0.37552083333333336 0.9263020833333333 0.159375 0.13854166666666667
0 0.44973958333333336 0.0828125 0.14635416666666667 0.1078125
0 0.041666666666666664 0.2557291666666667 0.08333333333333333 0.11458333333333333
0 0.4921875 0.7182291666666667 0.08072916666666667 0.07864583333333333
0 0.5815104166666667 0.8708333333333333 0.20520833333333333 0.2515625
0 0.52734375 0.4578125 0.1515625 0.10833333333333334
0 0.19322916666666667 0.9247395833333333 0.059895833333333336 0.07760416666666667
0 0.044270833333333336 0.8169270833333333 0.08229166666666667 0.10625
0 0.9776041666666667 0.9736979166666667 0.03333333333333333 0.034895833333333334
0 0.76015625 0.4393229166666667 0.10052083333333334 0.1
0 0.14114583333333333 0.8309895833333333 0.1171875 0.07604166666666666
0 0.8690104166666667 0.6088541666666667 0.115625 0.13958333333333334
0 0.9588541666666667 0.62265625 0.07552083333333333 0.09322916666666667
0 0.76796875 0.7401041666666667 0.0859375 0.059375
0 0.7674479166666667 0.13697916666666668 0.03697916666666667 0.034375
0 0.024739583333333332 0.9682291666666667 0.046875 0.06354166666666666
0 0.646875 0.5364583333333334 0.11666666666666667 0.15416666666666667
0 0.921875 0.4953125 0.1515625 0.15416666666666667
0 0.028385416666666666 0.7231770833333333 0.05677083333333333 0.08072916666666667
0 0.1265625 0.9296875 0.08020833333333334 0.0859375
0 0.9294270833333333 0.07682291666666667 0.12864583333333332 0.15364583333333334
0 0.7778645833333333 0.9041666666666667 0.10052083333333334 0.0890625
0 0.6098958333333333 0.4921875 0.0640625 0.08541666666666667
0 0.8669270833333333 0.76640625 0.12239583333333333 0.14635416666666667
0 0.25807291666666665 0.9497395833333333 0.09010416666666667 0.10052083333333334
0 0.12994791666666666 0.30104166666666665 0.16666666666666666 0.19010416666666666
0 0.01796875 0.6427083333333333 0.0359375 0.06822916666666666
0 0.78203125 0.33828125 0.084375 0.0921875
0 0.5182291666666666 0.016927083333333332 0.11041666666666666 0.033854166666666664
0 0.3450520833333333 0.85546875 0.06770833333333333 0.08072916666666667
0 0.3234375 0.06276041666666667 0.09947916666666666 0.07708333333333334
0 0.7619791666666667 0.81875 0.08802083333333334 0.096875
0 0.09479166666666666 0.9697916666666667 0.1453125 0.06041666666666667
0 0.08697916666666666 0.47578125 0.17395833333333333 0.2484375
0 0.84921875 0.10364583333333334 0.11979166666666667 0.0921875
0 0.33255208333333336 0.016145833333333335 0.0625 0.027604166666666666
0 0.1796875 0.9815104166666667 0.05625 0.03697916666666667
0 0.6736979166666667 0.042708333333333334 0.13697916666666668 0.08541666666666667
0 0.7489583333333333 0.5765625 0.140625 0.1359375
0 0.24869791666666666 0.5622395833333333 0.15833333333333333 0.20833333333333334
0 0.02578125 0.8809895833333333 0.049479166666666664 0.058854166666666666
0 0.37604166666666666 0.6322916666666667 0.12708333333333333 0.1296875
0 0.22838541666666667 0.06197916666666667 0.10625 0.11614583333333334
0 0.5205729166666667 0.016666666666666666 0.11302083333333333 0.03333333333333333
0 0.3182291666666667 0.16822916666666668 0.15104166666666666 0.1703125
0 0.984375 0.87890625 0.021354166666666667 0.08697916666666666
0 0.8302083333333333 0.028385416666666666 0.06041666666666667 0.05677083333333333
0 0.8578125 0.21380208333333334 0.07604166666666666 0.1625
0 0.8393229166666667 0.9669270833333333 0.043229166666666666 0.05416666666666667
0 0.92578125 0.3846354166666667 0.1421875 0.09895833333333333
0 0.2859375 0.30807291666666664 0.17916666666666667 0.17604166666666668
0 0.7736979166666667 0.01015625 0.05572916666666667 0.0203125
0 0.94609375 0.31015625 0.1 0.08177083333333333
0 0.47161458333333334 0.3234375 0.19583333333333333 0.10260416666666666
0 0.44296875 0.20390625 0.13072916666666667 0.13177083333333334
0 0.5708333333333333 0.059895833333333336 0.08489583333333334 0.09375
0 0.7640625 0.08177083333333333 0.049479166666666664 0.03958333333333333
0 0.7690104166666667 0.04375 0.06197916666666667 0.03697916666666667
0 0.8234375 0.39427083333333335 0.0390625 0.036458333333333336
0 0.47734375 0.38177083333333334 0.0703125 0.0453125
0 0.7643229166666666 0.6721354166666667 0.09270833333333334 0.08697916666666666
0 0.6822916666666666 0.6799479166666667 0.075 0.078125
0 0.9609375 0.7825520833333334 0.0703125 0.1390625
0 0.9479166666666666 0.70625 0.09635416666666667 0.08229166666666667
0 0.6932291666666667 0.75546875 0.065625 0.04635416666666667
0 0.27265625 0.890625 0.06041666666666667 0.05677083333333333
0 0.23359375 0.7153645833333333 0.07708333333333334 0.10625
0 0.40911458333333334 0.45286458333333335 0.09270833333333334 0.0875
0 0.18359375 0.17057291666666666 0.13177083333333334 0.1078125
0 0.125 0.05078125 0.11145833333333334 0.090625
0 0.11536458333333334 0.8796875 0.04791666666666667 0.04114583333333333
0 0.08072916666666667 0.8799479166666667 0.03229166666666667 0.04895833333333333
0 0.048177083333333336 0.8932291666666666 0.03229166666666667 0.030208333333333334
0 0.05416666666666667 0.9229166666666667 0.06510416666666667 0.0390625
0 0.425 0.7260416666666667 0.07447916666666667 0.078125
0 0.57265625 0.5802083333333333 0.0515625 0.10729166666666666
0 0.71953125 0.21171875 0.0828125 0.08333333333333333
0 0.72578125 0.15416666666666667 0.0796875 0.044270833333333336
0 0.8703125 0.31666666666666665 0.030729166666666665 0.04375
0 0.6330729166666667 0.70078125 0.071875 0.08385416666666666