0 0.6981770833333333 0.7036458333333333 0.1203125 0.1171875
0 0.07786458333333333 0.85546875 0.13072916666666667 0.1140625
0 0.62109375 0.6169270833333333 0.1984375 0.16614583333333333
0 0.4981770833333333 0.4010416666666667 0.15677083333333333 0.18229166666666666
0 0.7828125 0.7760416666666666 0.0890625 0.1140625
0 0.94453125 0.790625 0.1109375 0.13072916666666667
0 0.60625 0.7981770833333334 0.16666666666666666 0.18385416666666668
0 0.9221354166666667 0.09921875 0.12395833333333334 0.12083333333333333
0 0.83828125 0.17708333333333334 0.06770833333333333 0.0921875
0 0.19739583333333333 0.5666666666666667 0.07083333333333333 0.058333333333333334
0 0.30755208333333334 0.5651041666666666 0.13697916666666668 0.10364583333333334
0 0.2671875 0.2265625 0.12760416666666666 0.20572916666666666
0 0.08359375 0.36640625 0.08958333333333333 0.1046875
0 0.3575520833333333 0.27447916666666666 0.07708333333333334 0.103125
0 0.14609375 0.27057291666666666 0.1203125 0.15208333333333332
0 0.42473958333333334 0.4596354166666667 0.10677083333333333 0.10104166666666667
0 0.3815104166666667 0.07604166666666666 0.159375 0.13958333333333334
0 0.45546875 0.9197916666666667 0.14635416666666667 0.10885416666666667
0 0.046614583333333334 0.74453125 0.08489583333333334 0.11510416666666666
0 0.4979166666666667 0.28463541666666664 0.08072916666666667 0.07916666666666666
0 0.5872395833333334 0.13255208333333332 0.20520833333333333 0.2526041666666667
0 0.5330729166666667 0.5453125 0.1515625 0.109375
0 0.19921875 0.07630208333333334 0.059895833333333336 0.078125
0 0.05 0.18333333333333332 0.08229166666666667 0.10677083333333333
0 0.9833333333333333 0.031510416666666666 0.03333333333333333 0.034895833333333334
0 0.7661458333333333 0.5651041666666666 0.10052083333333334 0.10052083333333334
0 0.14713541666666666 0.16979166666666667 0.1171875 0.0765625
0 0.875 0.39609375 0.115625 0.14010416666666667
0 0.9635416666666666 0.38255208333333335 0.07291666666666667 0.09375
0 0.7739583333333333 0.2643229166666667 0.0859375 0.059895833333333336
0 0.7731770833333333 0.8674479166666667 0.03697916666666667 0.034375
0 0.030729166666666665 0.03203125 0.046875 0.0640625
0 0.6526041666666667 0.4674479166666667 0.11666666666666667 0.1546875
0 0.9260416666666667 0.5096354166666667 0.14791666666666667 0.15520833333333334
0 0.03359375 0.27708333333333335 0.0578125 0.08125
0 0.13255208333333332 0.07109375 0.08020833333333334 0.08645833333333333
0 0.9354166666666667 0.9255208333333333 0.12864583333333332 0.14895833333333333
0 0.78359375 0.10026041666666667 0.10052083333333334 0.08958333333333333
0 0.615625 0.5114583333333333 0.0640625 0.0859375
0 0.87265625 0.23854166666666668 0.12239583333333333 0.146875
0 0.2638020833333333 0.05182291666666667 0.09010416666666667 0.10104166666666667
0 0.1359375 0.6997395833333333 0.16666666666666666 0.19114583333333332
0 0.02265625 0.3572916666666667 0.03802083333333333 0.06822916666666666
0 0.7880208333333333 0.66640625 0.084375 0.09270833333333334
0 0.5239583333333333 0.9841145833333333 0.11041666666666666 0.03177083333333333
0 0.35078125 0.14661458333333333 0.06770833333333333 0.08125
0 0.32916666666666666 0.9390625 0.09947916666666666 0.07760416666666667
0 0.7677083333333333 0.18567708333333333 0.08802083333333334 0.09739583333333333
0 0.10078125 0.030729166666666665 0.1453125 0.06145833333333333
0 0.09114583333333333 0.5247395833333334 0.17760416666666667 0.24947916666666667
0 0.8549479166666667 0.9013020833333333 0.11979166666666667 0.09270833333333334
0 0.33828125 0.9856770833333334 0.0625 0.028125
0 0.18541666666666667 0.019270833333333334 0.05625 0.03697916666666667
0 0.6794270833333333 0.9591145833333333 0.13697916666666668 0.08177083333333333
0 0.7546875 0.4278645833333333 0.140625 0.13697916666666668
0 0.2546875 0.4393229166666667 0.15833333333333333 0.209375
0 0.03177083333333333 0.11927083333333334 0.049479166666666664 0.059375
0 0.38177083333333334 0.3697916666666667 0.12708333333333333 0.13020833333333334
0 0.23411458333333332 0.9393229166666667 0.10625 0.11666666666666667
0 0.5263020833333333 0.9846354166666667 0.11302083333333333 0.030729166666666665
0 0.32421875 0.83359375 0.15104166666666666 0.17135416666666667
0 0.98984375 0.12682291666666667 0.0203125 0.08697916666666666
0 0.8361979166666667 0.9739583333333334 0.06041666666666667 0.052083333333333336
0 0.8638020833333333 0.7911458333333333 0.07604166666666666 0.16302083333333334
0 0.8453125 0.03802083333333333 0.043229166666666666 0.05416666666666667
0 0.9302083333333333 0.6208333333333333 0.13958333333333334 0.1
0 0.2916666666666667 0.6934895833333333 0.17916666666666667 0.17708333333333334
0 0.7794270833333333 0.9916666666666667 0.05572916666666667 0.016666666666666666
0 0.9510416666666667 0.6953125 0.09791666666666667 0.08229166666666667
0 0.47734375 0.6794270833333333 0.19583333333333333 0.10364583333333334
0 0.44895833333333335 0.7986979166666667 0.13072916666666667 0.13229166666666667
0 0.5765625 0.9434895833333333 0.08489583333333334 0.09427083333333333
0 0.7700520833333333 0.92265625 0.049479166666666664 0.04010416666666667
0 0.7747395833333334 0.9606770833333333 0.06197916666666667 0.0375
0 0.8294270833333334 0.6104166666666667 0.0390625 0.036458333333333336
0 0.48333333333333334 0.62109375 0.0703125 0.04583333333333333
0 0.7700520833333333 0.33229166666666665 0.09270833333333334 0.0875
0 0.6880208333333333 0.32395833333333335 0.075 0.07864583333333333
0 0.9658854166666667 0.22317708333333333 0.06822916666666666 0.13958333333333334
0 0.9528645833333333 0.2986979166666667 0.09427083333333333 0.0828125
0 0.6989583333333333 0.24869791666666666 0.065625 0.046875
0 0.27838541666666666 0.1109375 0.06041666666666667 0.057291666666666664
0 0.23932291666666666 0.2859375 0.07708333333333334 0.10677083333333333
0 0.41484375 0.5494791666666666 0.09270833333333334 0.08802083333333334
0 0.18958333333333333 0.83046875 0.13177083333333334 0.10833333333333334
0 0.13072916666666667 0.95 0.11145833333333334 0.09114583333333333
0 0.12135416666666667 0.12109375 0.04791666666666667 0.041666666666666664
0 0.08671875 0.12057291666666667 0.03229166666666667 0.04895833333333333
0 0.05390625 0.10703125 0.03229166666666667 0.030208333333333334
0 0.06015625 0.07734375 0.06510416666666667 0.03958333333333333
0 0.43072916666666666 0.2765625 0.07447916666666667 0.07864583333333333
0 0.5783854166666667 0.4231770833333333 0.0515625 0.1078125
0 0.7255208333333333 0.7924479166666667 0.0828125 0.08385416666666666
0 0.7315104166666667 0.85 0.0796875 0.04479166666666667
0 0.8760416666666667 0.68828125 0.030729166666666665 0.04375
0 0.6390625 0.3028645833333333 0.071875 0.084375