0 0.2989583333333333 0.7317708333333334 0.14635416666666667 0.18489583333333334
0 0.17864583333333334 0.08046875 0.15625 0.15729166666666666
0 0.49140625 0.6440104166666667 0.1125 0.10520833333333333
0 0.2125 0.93203125 0.1640625 0.1359375
0 0.54765625 0.80546875 0.16145833333333334 0.17552083333333332
0 0.16484375 0.3033854166666667 0.16197916666666667 0.15052083333333333
0 0.6692708333333334 0.26875 0.08802083333333334 0.10677083333333333
0 0.4127604166666667 0.7658854166666667 0.13333333333333333 0.1546875
0 0.528125 0.3953125 0.10416666666666667 0.1375
0 0.040625 0.18385416666666668 0.07864583333333333 0.0640625
0 0.27005208333333336 0.19635416666666666 0.13489583333333333 0.0828125
0 0.10078125 0.7544270833333333 0.05 0.053125
0 0.49192708333333335 0.1828125 0.08020833333333334 0.08645833333333333
0 0.6802083333333333 0.8528645833333334 0.11927083333333334 0.17447916666666666
0 0.81484375 0.7484375 0.23072916666666668 0.2265625
0 0.38203125 0.4934895833333333 0.06510416666666667 0.0859375
0 0.503125 0.26927083333333335 0.0875 0.08177083333333333
0 0.9559895833333333 0.953125 0.08802083333333334 0.09375
0 0.5395833333333333 0.91953125 0.04739583333333333 0.0421875
0 0.5260416666666666 0.7130208333333333 0.0546875 0.051041666666666666
0 0.028385416666666666 0.3927083333333333 0.05260416666666667 0.06145833333333333
0 0.6041666666666666 0.09375 0.08229166666666667 0.07916666666666666
0 0.39947916666666666 0.90390625 0.0609375 0.08333333333333333
0 0.9234375 0.4903645833333333 0.153125 0.1859375
0 0.765625 0.9010416666666666 0.051041666666666666 0.059895833333333336
0 0.9216145833333333 0.2911458333333333 0.15677083333333333 0.23020833333333332
0 0.15260416666666668 0.19921875 0.059895833333333336 0.06041666666666667
0 0.04088541666666667 0.2390625 0.04635416666666667 0.04479166666666667
0 0.29609375 0.11223958333333334 0.10052083333333334 0.0796875
0 0.7458333333333333 0.95 0.04010416666666667 0.046875
0 0.31536458333333334 0.9174479166666667 0.090625 0.0921875
0 0.4627604166666667 0.9098958333333333 0.07291666666666667 0.07447916666666667
0 0.37057291666666664 0.95 0.041666666666666664 0.059895833333333336
0 0.4744791666666667 0.9752604166666666 0.05260416666666667 0.049479166666666664
0 0.4127604166666667 0.03802083333333333 0.07604166666666666 0.071875
0 0.8380208333333333 0.5809895833333333 0.0859375 0.07864583333333333
0 0.5091145833333334 0.94921875 0.034375 0.03802083333333333
0 0.5890625 0.25390625 0.06145833333333333 0.04895833333333333
0 0.04635416666666667 0.6609375 0.06302083333333333 0.07760416666666667
0 0.5552083333333333 0.32135416666666666 0.05520833333333333 0.046875
0 0.6786458333333333 0.96171875 0.05625 0.0421875
0 0.5752604166666667 0.9552083333333333 0.1640625 0.08958333333333333
0 0.6106770833333334 0.28880208333333335 0.051041666666666666 0.0625
0 0.6760416666666667 0.7013020833333333 0.03854166666666667 0.03333333333333333
0 0.11458333333333333 0.1671875 0.051041666666666666 0.05416666666666667
0 0.6658854166666667 0.027604166666666666 0.08958333333333333 0.046875
0 0.31692708333333336 0.27682291666666664 0.058854166666666666 0.0625
0 0.016927083333333332 0.13098958333333333 0.03229166666666667 0.044270833333333336
0 0.13776041666666666 0.022395833333333334 0.040625 0.042708333333333334
0 0.396875 0.17291666666666666 0.08229166666666667 0.0859375
0 0.4239583333333333 0.9822916666666667 0.059895833333333336 0.035416666666666666
0 0.24088541666666666 0.63671875 0.0765625 0.071875
0 0.60859375 0.37161458333333336 0.058333333333333334 0.059895833333333336
0 0.023958333333333335 0.8747395833333333 0.03802083333333333 0.12552083333333333
0 0.0296875 0.07942708333333333 0.052083333333333336 0.053125
0 0.075 0.047135416666666666 0.06875 0.09375
0 0.4484375 0.44557291666666665 0.08020833333333334 0.11354166666666667
0 0.565625 0.52421875 0.096875 0.09270833333333334
0 0.5872395833333334 0.1796875 0.11302083333333333 0.1046875
0 0.72421875 0.44921875 0.15833333333333333 0.0875
0 0.6658854166666667 0.5768229166666666 0.2203125 0.18125
0 0.7072916666666667 0.3567708333333333 0.0828125 0.071875
0 0.6526041666666667 0.07916666666666666 0.03125 0.03802083333333333
0 0.9622395833333334 0.6546875 0.07552083333333333 0.20572916666666666
0 0.05390625 0.3046875 0.10208333333333333 0.1203125
0 0.5927083333333333 0.68203125 0.06302083333333333 0.053125
0 0.33541666666666664 0.9841145833333333 0.1296875 0.03177083333333333
0 0.7138020833333333 0.40208333333333335 0.0265625 0.029166666666666667
0 0.05390625 0.13619791666666667 0.043229166666666666 0.03958333333333333
0 0.396875 0.24166666666666667 0.075 0.07083333333333333
0 0.9934895833333334 0.8859375 0.013020833333333334 0.05572916666666667
0 0.54453125 0.02734375 0.059895833333333336 0.0484375
0 0.8372395833333334 0.5807291666666666 0.08541666666666667 0.07864583333333333
0 0.7934895833333333 0.0546875 0.1859375 0.10104166666666667
0 0.7815104166666667 0.23229166666666667 0.2520833333333333 0.2609375
0 0.859375 0.6721354166666667 0.10052083333333334 0.10260416666666666
0 0.5268229166666667 0.31302083333333336 0.030208333333333334 0.03854166666666667
0 0.2825520833333333 0.23958333333333334 0.0515625 0.044270833333333336
0 0.325 0.32734375 0.0390625 0.0390625
0 0.6177083333333333 0.38958333333333334 0.0765625 0.10052083333333334
0 0.8893229166666666 0.8184895833333333 0.1515625 0.11197916666666667
0 0.8447916666666667 0.95234375 0.09583333333333334 0.0953125
0 0.47369791666666666 0.53203125 0.109375 0.12447916666666667
0 0.5942708333333333 0.9223958333333333 0.04583333333333333 0.034375
0 0.15104166666666666 0.9005208333333333 0.030729166666666665 0.043229166666666666
0 0.13229166666666667 0.7263020833333333 0.0546875 0.05364583333333333
0 0.9234375 0.07213541666666666 0.06354166666666666 0.0515625
0 0.9611979166666667 0.021614583333333333 0.07760416666666667 0.0328125
0 0.9596354166666666 0.11875 0.050520833333333334 0.12083333333333333
0 0.98984375 0.12161458333333333 0.0203125 0.08541666666666667