0 0.27005208333333336 0.7052083333333333 0.18385416666666668 0.1453125
0 0.9205729166666666 0.821875 0.15625 0.15520833333333334
0 0.35885416666666664 0.5122395833333333 0.1046875 0.11197916666666667
0 0.06822916666666666 0.79296875 0.13645833333333332 0.16302083333333334
0 0.19765625 0.45703125 0.17447916666666666 0.16041666666666668
0 0.69765625 0.8369791666666667 0.14947916666666666 0.1609375
0 0.73515625 0.33229166666666665 0.10625 0.0875
0 0.23645833333333333 0.5916666666666667 0.15416666666666667 0.13229166666666667
0 0.6078125 0.47421875 0.13697916666666668 0.103125
0 0.81640625 0.9604166666666667 0.06354166666666666 0.078125
0 0.8052083333333333 0.7309895833333333 0.08177083333333333 0.134375
0 0.24609375 0.9036458333333334 0.05260416666666667 0.049479166666666664
0 0.8200520833333333 0.5091145833333334 0.0859375 0.0796875
0 0.15104166666666666 0.32473958333333336 0.17395833333333333 0.11822916666666666
0 0.25625 0.18958333333333333 0.225 0.22916666666666666
0 0.50859375 0.6208333333333333 0.08541666666666667 0.06458333333333334
0 0.73359375 0.4984375 0.08125 0.08697916666666666
0 0.05026041666666667 0.046875 0.09739583333333333 0.09322916666666667
0 0.08359375 0.465625 0.041666666666666664 0.04739583333333333
0 0.29010416666666666 0.478125 0.050520833333333334 0.05416666666666667
0 0.6075520833333333 0.9739583333333334 0.0609375 0.052083333333333336
0 0.9096354166666667 0.3963541666666667 0.07864583333333333 0.08177083333333333
0 0.0984375 0.6057291666666667 0.0828125 0.06041666666666667
0 0.5151041666666667 0.07760416666666667 0.18489583333333334 0.15520833333333334
0 0.10338541666666666 0.23958333333333334 0.059375 0.050520833333333334
0 0.7143229166666667 0.07890625 0.22916666666666666 0.1578125
0 0.8015625 0.8484375 0.059895833333333336 0.059375
0 0.7611979166666667 0.9604166666666667 0.044270833333333336 0.04635416666666667
0 0.8895833333333333 0.7044270833333334 0.07916666666666666 0.1
0 0.054427083333333334 0.2596354166666667 0.046875 0.03958333333333333
0 0.084375 0.68984375 0.09166666666666666 0.09010416666666667
0 0.09270833333333334 0.5424479166666667 0.07395833333333333 0.07239583333333334
0 0.052083333333333336 0.6348958333333333 0.059895833333333336 0.04114583333333333
0 0.026302083333333334 0.53125 0.051041666666666666 0.052083333333333336
0 0.9643229166666667 0.5875 0.07135416666666666 0.07552083333333333
0 0.4239583333333333 0.16536458333333334 0.078125 0.08541666666666667
0 0.05364583333333333 0.49635416666666665 0.03802083333333333 0.034375
0 0.7494791666666667 0.4125 0.0484375 0.0609375
0 0.33932291666666664 0.9575520833333333 0.07708333333333334 0.0625
0 0.6817708333333333 0.4466145833333333 0.04635416666666667 0.0546875
0 0.0421875 0.3268229166666667 0.041666666666666664 0.05625
0 0.04609375 0.43020833333333336 0.0921875 0.16354166666666667
0 0.71484375 0.39088541666666665 0.06197916666666667 0.050520833333333334
0 0.3026041666666667 0.328125 0.03333333333333333 0.03854166666666667
0 0.83359375 0.8864583333333333 0.05364583333333333 0.050520833333333334
0 0.9763020833333333 0.334375 0.04635416666666667 0.0890625
0 0.725 0.6846354166666667 0.06197916666666667 0.058333333333333334
0 0.8690104166666667 0.9838541666666667 0.044270833333333336 0.03229166666666667
0 0.9783854166666667 0.8622395833333333 0.042708333333333334 0.040625
0 0.8294270833333334 0.6041666666666666 0.08541666666666667 0.08177083333333333
0 0.019010416666666665 0.5817708333333333 0.0375 0.059895833333333336
0 0.3645833333333333 0.7627604166666667 0.07135416666666666 0.07604166666666666
0 0.63203125 0.39348958333333334 0.059375 0.0578125
0 0.12526041666666668 0.98125 0.12552083333333333 0.0375
0 0.9208333333333333 0.9708333333333333 0.05260416666666667 0.0515625
0 0.9533854166666667 0.9252604166666667 0.09322916666666667 0.06822916666666666
0 0.55703125 0.5541666666666667 0.11302083333333333 0.0796875
0 0.4791666666666667 0.4375 0.0921875 0.09635416666666667
0 0.8236979166666667 0.41380208333333335 0.10416666666666667 0.1125
0 0.5549479166666667 0.27838541666666666 0.08645833333333333 0.1578125
0 0.4270833333333333 0.3375 0.18020833333333333 0.21927083333333333
0 0.6473958333333333 0.2947916666666667 0.07135416666666666 0.08229166666666667
0 0.9247395833333333 0.34791666666666665 0.03802083333333333 0.03125
0 0.35078125 0.03958333333333333 0.20520833333333333 0.078125
0 0.6955729166666667 0.9479166666666666 0.11979166666666667 0.1015625
0 0.32135416666666666 0.41119791666666666 0.05260416666666667 0.0625
0 0.016666666666666666 0.6703125 0.03333333333333333 0.1296875
0 0.6020833333333333 0.28854166666666664 0.029166666666666667 0.0265625
0 0.8640625 0.946875 0.03958333333333333 0.043229166666666666
0 0.7606770833333333 0.6044270833333333 0.0703125 0.07447916666666667
0 0.11979166666666667 0.009114583333333334 0.05572916666666667 0.018229166666666668
0 0.97578125 0.4557291666666667 0.04791666666666667 0.059375
0 0.42421875 0.16614583333333333 0.078125 0.08489583333333334
0 0.95 0.20677083333333332 0.1 0.18541666666666667
0 0.7721354166666666 0.21979166666666666 0.259375 0.25052083333333336
0 0.3328125 0.14453125 0.10208333333333333 0.1
0 0.6901041666666666 0.475 0.03854166666666667 0.030208333333333334
0 0.7619791666666667 0.71875 0.04375 0.0515625
0 0.6744791666666666 0.6768229166666667 0.0390625 0.0390625
0 0.6140625 0.3846354166666667 0.1 0.07604166666666666
0 0.18671875 0.11536458333333334 0.1109375 0.15104166666666666
0 0.05 0.16067708333333333 0.1 0.0953125
0 0.4708333333333333 0.5294270833333333 0.12395833333333334 0.10885416666666667
0 0.08098958333333334 0.41119791666666666 0.033854166666666664 0.04583333333333333
0 0.10026041666666667 0.8541666666666666 0.043229166666666666 0.030729166666666665
0 0.27447916666666666 0.871875 0.053125 0.05416666666666667
0 0.9333333333333333 0.07682291666666667 0.051041666666666666 0.06302083333333333
0 0.9838541666666667 0.038802083333333334 0.03229166666666667 0.07760416666666667
0 0.88671875 0.04114583333333333 0.1203125 0.05
0 0.8841145833333334 0.010416666666666666 0.08541666666666667 0.020833333333333332