0 0.709375 0.7299479166666667 0.14635416666666667 0.18385416666666668
0 0.8223958333333333 0.07942708333333333 0.15625 0.15625
0 0.5158854166666667 0.6411458333333333 0.1125 0.1046875
0 0.7984375 0.9317708333333333 0.1640625 0.13645833333333332
0 0.46171875 0.80234375 0.16145833333333334 0.17447916666666666
0 0.8388020833333333 0.30234375 0.16197916666666667 0.14947916666666666
0 0.3338541666666667 0.26484375 0.08802083333333334 0.10625
0 0.59609375 0.7635416666666667 0.13333333333333333 0.15416666666666667
0 0.4765625 0.3921875 0.10416666666666667 0.13697916666666668
0 0.9611979166666667 0.18359375 0.07760416666666667 0.06354166666666666
0 0.73203125 0.19479166666666667 0.13489583333333333 0.08177083333333333
0 0.9080729166666667 0.75390625 0.05 0.05260416666666667
0 0.51015625 0.17994791666666668 0.08020833333333334 0.0859375
0 0.3296875 0.8489583333333334 0.11927083333333334 0.17395833333333333
0 0.19401041666666666 0.74375 0.23072916666666668 0.225
0 0.6236979166666666 0.49140625 0.06510416666666667 0.08541666666666667
0 0.5 0.26640625 0.0875 0.08125
0 0.05234375 0.9497395833333333 0.09375 0.09739583333333333
0 0.4708333333333333 0.91640625 0.04739583333333333 0.041666666666666664
0 0.4822916666666667 0.7098958333333333 0.0546875 0.050520833333333334
0 0.975 0.3924479166666667 0.05 0.0609375
0 0.396875 0.09036458333333333 0.08229166666666667 0.07864583333333333
0 0.6109375 0.9015625 0.0609375 0.0828125
0 0.08046875 0.48489583333333336 0.15625 0.18489583333333334
0 0.24479166666666666 0.8966145833333333 0.051041666666666666 0.059375
0 0.08046875 0.28567708333333336 0.159375 0.22916666666666666
0 0.8494791666666667 0.1984375 0.059895833333333336 0.059895833333333336
0 0.96171875 0.23880208333333333 0.04635416666666667 0.044270833333333336
0 0.7049479166666667 0.11041666666666666 0.10052083333333334 0.07916666666666666
0 0.26510416666666664 0.9455729166666667 0.04010416666666667 0.046875
0 0.6950520833333333 0.915625 0.090625 0.09166666666666666
0 0.54765625 0.9072916666666667 0.07291666666666667 0.07395833333333333
0 0.6403645833333333 0.9479166666666666 0.041666666666666664 0.059895833333333336
0 0.5369791666666667 0.9736979166666667 0.05260416666666667 0.051041666666666666
0 0.5877604166666667 0.03567708333333333 0.07604166666666666 0.07135416666666666
0 0.16875 0.5760416666666667 0.0859375 0.078125
0 0.5018229166666667 0.9463541666666667 0.034375 0.03802083333333333
0 0.4140625 0.25052083333333336 0.06145833333333333 0.0484375
0 0.9614583333333333 0.6606770833333333 0.06302083333333333 0.07708333333333334
0 0.4484375 0.3182291666666667 0.05520833333333333 0.04635416666666667
0 0.33229166666666665 0.9578125 0.05625 0.041666666666666664
0 0.4356770833333333 0.95390625 0.1640625 0.0921875
0 0.3924479166666667 0.28515625 0.051041666666666666 0.06197916666666667
0 0.33229166666666665 0.6973958333333333 0.03854166666666667 0.03333333333333333
0 0.8875 0.16640625 0.051041666666666666 0.05364583333333333
0 0.3346354166666667 0.023697916666666666 0.08958333333333333 0.04635416666666667
0 0.6861979166666666 0.275 0.058854166666666666 0.06197916666666667
0 0.9841145833333333 0.13098958333333333 0.03177083333333333 0.044270833333333336
0 0.8622395833333333 0.021614583333333333 0.040625 0.042708333333333334
0 0.6052083333333333 0.17057291666666666 0.08229166666666667 0.08541666666666667
0 0.5875 0.9809895833333333 0.059895833333333336 0.0375
0 0.76640625 0.6354166666666666 0.0765625 0.07135416666666666
0 0.39557291666666666 0.36796875 0.058333333333333334 0.059375
0 0.98359375 0.8747395833333333 0.0328125 0.12552083333333333
0 0.9713541666666666 0.07916666666666666 0.052083333333333336 0.05260416666666667
0 0.9255208333333333 0.046614583333333334 0.06875 0.09322916666666667
0 0.5567708333333333 0.44296875 0.08020833333333334 0.11302083333333333
0 0.440625 0.5208333333333334 0.096875 0.0921875
0 0.41484375 0.17630208333333333 0.11302083333333333 0.10416666666666667
0 0.28098958333333335 0.44505208333333335 0.15833333333333333 0.08645833333333333
0 0.34088541666666666 0.5729166666666666 0.2203125 0.18020833333333333
0 0.296875 0.35260416666666666 0.0828125 0.07135416666666666
0 0.3484375 0.07526041666666666 0.03125 0.03802083333333333
0 0.04348958333333333 0.64921875 0.07916666666666666 0.20520833333333333
0 0.94921875 0.30442708333333335 0.1015625 0.11979166666666667
0 0.41510416666666666 0.6786458333333333 0.06302083333333333 0.05260416666666667
0 0.6760416666666667 0.9833333333333333 0.1296875 0.03333333333333333
0 0.2908854166666667 0.39791666666666664 0.0265625 0.029166666666666667
0 0.94765625 0.1359375 0.043229166666666666 0.03958333333333333
0 0.6057291666666667 0.23932291666666666 0.075 0.0703125
0 0.014322916666666666 0.8802083333333334 0.01875 0.05572916666666667
0 0.45598958333333334 0.02421875 0.059895833333333336 0.04791666666666667
0 0.16953125 0.57578125 0.08541666666666667 0.078125
0 0.20703125 0.05 0.1859375 0.1
0 0.22109375 0.22786458333333334 0.2520833333333333 0.259375
0 0.1484375 0.6671875 0.10052083333333334 0.10208333333333333
0 0.47682291666666665 0.3098958333333333 0.030208333333333334 0.03854166666666667
0 0.7200520833333334 0.23802083333333332 0.0515625 0.04375
0 0.6786458333333333 0.3255208333333333 0.0390625 0.0390625
0 0.38697916666666665 0.3859375 0.0765625 0.1
0 0.12005208333333334 0.81328125 0.1515625 0.1109375
0 0.16614583333333333 0.95 0.09583333333333334 0.1
0 0.5325520833333334 0.5291666666666667 0.109375 0.12395833333333334
0 0.4166666666666667 0.9190104166666667 0.04583333333333333 0.033854166666666664
0 0.859375 0.8997395833333334 0.030729166666666665 0.043229166666666666
0 0.8760416666666667 0.7255208333333333 0.0546875 0.053125
0 0.07708333333333334 0.06666666666666667 0.06354166666666666 0.051041666666666666
0 0.038802083333333334 0.016145833333333335 0.07760416666666667 0.03229166666666667
0 0.04192708333333333 0.11328125 0.050520833333333334 0.1203125
0 0.011197916666666667 0.11588541666666667 0.021354166666666667 0.08541666666666667