0 0.26223958333333336 0.7010416666666667 0.1875 0.1484375
0 0.9098958333333333 0.8291666666666667 0.15989583333333332 0.1578125
0 0.35572916666666665 0.5098958333333333 0.10729166666666666 0.11354166666666667
0 0.06432291666666666 0.7854166666666667 0.12864583333333332 0.165625
0 0.19583333333333333 0.4518229166666667 0.178125 0.16354166666666667
0 0.68671875 0.8403645833333333 0.153125 0.16354166666666667
0 0.7359375 0.33645833333333336 0.10833333333333334 0.08958333333333333
0 0.23151041666666666 0.5869791666666667 0.15729166666666666 0.13489583333333333
0 0.60546875 0.47604166666666664 0.1390625 0.10572916666666667
0 0.80234375 0.9630208333333333 0.065625 0.07395833333333333
0 0.796875 0.7361979166666667 0.08489583333333334 0.1359375
0 0.23385416666666667 0.89921875 0.05416666666666667 0.050520833333333334
0 0.8169270833333333 0.5145833333333333 0.08802083333333334 0.08125
0 0.15234375 0.31875 0.1765625 0.12135416666666667
0 0.26067708333333334 0.18541666666666667 0.23072916666666668 0.2328125
0 0.5028645833333333 0.62109375 0.08697916666666666 0.06614583333333333
0 0.7307291666666667 0.5026041666666666 0.08333333333333333 0.08854166666666667
0 0.05807291666666667 0.043229166666666666 0.09947916666666666 0.08645833333333333
0 0.08177083333333333 0.4583333333333333 0.043229166666666666 0.04791666666666667
0 0.2877604166666667 0.4744791666666667 0.052083333333333336 0.05520833333333333
0 0.5934895833333333 0.9744791666666667 0.0625 0.051041666666666666
0 0.9091145833333333 0.4036458333333333 0.08072916666666667 0.08333333333333333
0 0.09322916666666667 0.5986979166666667 0.084375 0.06197916666666667
0 0.521875 0.07838541666666667 0.18854166666666666 0.15677083333333333
0 0.10677083333333333 0.2328125 0.0609375 0.0515625
0 0.72109375 0.0828125 0.2328125 0.16197916666666667
0 0.7903645833333334 0.8536458333333333 0.06145833333333333 0.06041666666666667
0 0.7473958333333334 0.96484375 0.04583333333333333 0.046875
0 0.8817708333333333 0.7111979166666667 0.08125 0.1015625
0 0.05703125 0.2518229166666667 0.04739583333333333 0.040625
0 0.07734375 0.6825520833333333 0.09375 0.09166666666666666
0 0.08880208333333334 0.5354166666666667 0.07552083333333333 0.0734375
0 0.04609375 0.6270833333333333 0.06041666666666667 0.0421875
0 0.02421875 0.5229166666666667 0.0484375 0.053125
0 0.959375 0.5955729166666667 0.0734375 0.0765625
0 0.42864583333333334 0.1640625 0.08020833333333334 0.08697916666666666
0 0.051041666666666666 0.48854166666666665 0.03854166666666667 0.034895833333333334
0 0.7486979166666666 0.41692708333333334 0.05 0.06197916666666667
0 0.32578125 0.9546875 0.07864583333333333 0.0640625
0 0.6799479166666667 0.44973958333333336 0.04791666666666667 0.05572916666666667
0 0.04348958333333333 0.31875 0.043229166666666666 0.05677083333333333
0 0.04635416666666667 0.42239583333333336 0.09270833333333334 0.16510416666666666
0 0.7143229166666667 0.39453125 0.06354166666666666 0.0515625
0 0.30390625 0.32473958333333336 0.033854166666666664 0.0390625
0 0.8216145833333334 0.8921875 0.05520833333333333 0.0515625
0 0.9755208333333333 0.3424479166666667 0.0453125 0.09010416666666667
0 0.7177083333333333 0.6885416666666667 0.06354166666666666 0.059375
0 0.8546875 0.98671875 0.04479166666666667 0.0265625
0 0.9669270833333333 0.8705729166666667 0.043229166666666666 0.04114583333333333
0 0.8239583333333333 0.6098958333333333 0.0875 0.08333333333333333
0 0.016927083333333332 0.5734375 0.033854166666666664 0.06041666666666667
0 0.35546875 0.7604166666666666 0.0734375 0.07708333333333334
0 0.6315104166666666 0.3958333333333333 0.0609375 0.058854166666666666
0 0.11119791666666666 0.9747395833333333 0.12604166666666666 0.03958333333333333
0 0.9065104166666667 0.97578125 0.05416666666666667 0.0484375
0 0.9403645833333333 0.9330729166666667 0.09479166666666666 0.06979166666666667
0 0.5528645833333333 0.5552083333333333 0.11510416666666666 0.08177083333333333
0 0.47760416666666666 0.43723958333333335 0.09427083333333333 0.09791666666666667
0 0.8229166666666666 0.41953125 0.10677083333333333 0.1140625
0 0.5572916666666666 0.2794270833333333 0.09010416666666667 0.159375
0 0.4278645833333333 0.33619791666666665 0.18489583333333334 0.22239583333333332
0 0.64921875 0.29739583333333336 0.0734375 0.08333333333333333
0 0.9252604166666667 0.35546875 0.03854166666666667 0.03177083333333333
0 0.35833333333333334 0.038802083333333334 0.20729166666666668 0.07760416666666667
0 0.6822916666666666 0.9497395833333333 0.121875 0.10052083333333334
0 0.32057291666666665 0.4080729166666667 0.05416666666666667 0.06354166666666666
0 0.013802083333333333 0.6619791666666667 0.027604166666666666 0.13020833333333334
0 0.6041666666666666 0.2903645833333333 0.0296875 0.027083333333333334
0 0.85078125 0.953125 0.04010416666666667 0.04375
0 0.7552083333333334 0.6088541666666667 0.071875 0.07552083333333333
0 0.128125 0.005989583333333334 0.05625 0.011979166666666667
0 0.9734375 0.4640625 0.0484375 0.06041666666666667
0 0.42890625 0.16484375 0.08020833333333334 0.08645833333333333
0 0.9502604166666667 0.21432291666666667 0.09791666666666667 0.18697916666666667
0 0.77578125 0.22447916666666667 0.26510416666666664 0.2552083333333333
0 0.33828125 0.14166666666666666 0.10416666666666667 0.1015625
0 0.6877604166666667 0.4783854166666667 0.0390625 0.030729166666666665
0 0.75390625 0.7231770833333333 0.0453125 0.052083333333333336
0 0.6674479166666667 0.6799479166666667 0.03958333333333333 0.03958333333333333
0 0.6138020833333333 0.38671875 0.10208333333333333 0.07760416666666667
0 0.19296875 0.10989583333333333 0.11458333333333333 0.153125
0 0.05520833333333333 0.15286458333333333 0.10208333333333333 0.096875
0 0.4671875 0.52890625 0.1265625 0.1109375
0 0.08020833333333334 0.40390625 0.035416666666666666 0.04635416666666667
0 0.0890625 0.8471354166666667 0.04375 0.03125
0 0.2630208333333333 0.86796875 0.0546875 0.05520833333333333
0 0.9401041666666666 0.084375 0.05260416666666667 0.0640625
0 0.9872395833333333 0.04739583333333333 0.025520833333333333 0.078125
0 0.89453125 0.04791666666666667 0.121875 0.052083333333333336
0 0.8927083333333333 0.0171875 0.0859375 0.022395833333333334