0 0.7263020833333333 0.2908854166666667 0.18645833333333334 0.1484375
0 0.0765625 0.18515625 0.153125 0.1578125
0 0.6408854166666667 0.48541666666666666 0.10677083333333333 0.11354166666666667
0 0.9265625 0.19947916666666668 0.1390625 0.165625
0 0.803125 0.5377604166666666 0.17708333333333334 0.16354166666666667
0 0.29661458333333335 0.16640625 0.15208333333333332 0.16354166666666667
0 0.2677083333333333 0.671875 0.1078125 0.08958333333333333
0 0.7619791666666667 0.4036458333333333 0.15625 0.13489583333333333
0 0.3927083333333333 0.5276041666666667 0.13854166666666667 0.10572916666666667
0 0.17552083333333332 0.04505208333333333 0.06510416666666667 0.07916666666666666
0 0.19088541666666667 0.27447916666666666 0.08385416666666666 0.1359375
0 0.746875 0.09192708333333334 0.05364583333333333 0.050520833333333334
0 0.17994791666666668 0.49635416666666665 0.0875 0.08125
0 0.8520833333333333 0.6692708333333334 0.17604166666666668 0.12135416666666667
0 0.74921875 0.8059895833333334 0.22916666666666666 0.2328125
0 0.48932291666666666 0.37942708333333336 0.08645833333333333 0.06614583333333333
0 0.26640625 0.5057291666666667 0.0828125 0.08854166666666667
0 0.95390625 0.9453125 0.0921875 0.09479166666666666
0 0.9169270833333333 0.5270833333333333 0.042708333333333334 0.04791666666666667
0 0.71015625 0.5182291666666666 0.0515625 0.05520833333333333
0 0.3841145833333333 0.027864583333333335 0.06197916666666667 0.053125
0 0.0921875 0.6106770833333334 0.08020833333333334 0.08333333333333333
0 0.8997395833333334 0.38723958333333336 0.08385416666666666 0.06197916666666667
0 0.4921875 0.9216145833333333 0.1875 0.15677083333333333
0 0.9010416666666666 0.7533854166666667 0.06041666666666667 0.0515625
0 0.29296875 0.921875 0.23177083333333334 0.15625
0 0.19244791666666666 0.15677083333333333 0.0609375 0.06041666666666667
0 0.23072916666666668 0.044270833333333336 0.0453125 0.046875
0 0.10703125 0.30234375 0.08072916666666667 0.1015625
0 0.9497395833333333 0.7325520833333333 0.04739583333333333 0.040625
0 0.9122395833333333 0.3028645833333333 0.09322916666666667 0.09166666666666666
0 0.9065104166666667 0.4505208333333333 0.075 0.0734375
0 0.9455729166666667 0.3572916666666667 0.06041666666666667 0.0421875
0 0.9731770833333333 0.46041666666666664 0.052083333333333336 0.053125
0 0.03515625 0.4205729166666667 0.0703125 0.0765625
0 0.5817708333333333 0.8333333333333334 0.0796875 0.08697916666666666
0 0.9463541666666667 0.49583333333333335 0.03854166666666667 0.034895833333333334
0 0.2520833333333333 0.5919270833333333 0.049479166666666664 0.06197916666666667
0 0.6526041666666667 0.03958333333333333 0.078125 0.0640625
0 0.31927083333333334 0.5565104166666667 0.04739583333333333 0.05572916666666667
0 0.9606770833333333 0.6651041666666667 0.042708333333333334 0.05677083333333333
0 0.9536458333333333 0.56171875 0.09270833333333334 0.16510416666666666
0 0.2869791666666667 0.6127604166666667 0.06302083333333333 0.0515625
0 0.7002604166666667 0.6684895833333333 0.033854166666666664 0.0390625
0 0.15963541666666667 0.11953125 0.0546875 0.0515625
0 0.0265625 0.6739583333333333 0.04791666666666667 0.09010416666666667
0 0.271875 0.31927083333333334 0.06302083333333333 0.059375
0 0.12265625 0.02265625 0.04479166666666667 0.0328125
0 0.018489583333333334 0.14609375 0.03697916666666667 0.04114583333333333
0 0.16875 0.4015625 0.08697916666666666 0.08333333333333333
0 0.9794270833333333 0.40989583333333335 0.03854166666666667 0.06041666666666667
0 0.6307291666666667 0.23489583333333333 0.07291666666666667 0.07708333333333334
0 0.3697916666666667 0.6088541666666667 0.06041666666666667 0.058854166666666666
0 0.8661458333333333 0.015885416666666666 0.12604166666666666 0.03177083333333333
0 0.07109375 0.036458333333333336 0.05364583333333333 0.05260416666666667
0 0.043229166666666666 0.0828125 0.08645833333333333 0.06979166666666667
0 0.44192708333333336 0.446875 0.11458333333333333 0.08177083333333333
0 0.521875 0.5622395833333333 0.09375 0.09791666666666667
0 0.17786458333333333 0.5919270833333333 0.10625 0.1140625
0 0.44895833333333335 0.72265625 0.0890625 0.159375
0 0.57578125 0.6611979166666667 0.18385416666666668 0.22239583333333332
0 0.35625 0.7078125 0.07291666666666667 0.08333333333333333
0 0.07786458333333333 0.659375 0.03854166666666667 0.03177083333333333
0 0.6572916666666667 0.9578125 0.20677083333333332 0.08177083333333333
0 0.29661458333333335 0.05546875 0.12135416666666667 0.10364583333333334
0 0.6802083333333333 0.5856770833333333 0.05364583333333333 0.06354166666666666
0 0.9802083333333333 0.32135416666666666 0.035416666666666666 0.13020833333333334
0 0.4015625 0.71328125 0.0296875 0.027083333333333334
0 0.128125 0.05963541666666667 0.04010416666666667 0.04375
0 0.2375 0.4002604166666667 0.07135416666666666 0.07552083333333333
0 0.8888020833333333 0.9841145833333333 0.05625 0.019270833333333334
0 0.025 0.5526041666666667 0.04895833333333333 0.06041666666666667
0 0.5815104166666667 0.8325520833333333 0.0796875 0.08645833333333333
0 0.05520833333333333 0.8010416666666667 0.103125 0.18697916666666667
0 0.2328125 0.7848958333333333 0.2635416666666667 0.2552083333333333
0 0.6734375 0.8526041666666667 0.10364583333333334 0.1015625
0 0.3104166666666667 0.5283854166666667 0.0390625 0.030729166666666665
0 0.23411458333333332 0.2859375 0.04479166666666667 0.052083333333333336
0 0.3223958333333333 0.3263020833333333 0.03958333333333333 0.03958333333333333
0 0.3880208333333333 0.6174479166666667 0.1015625 0.07760416666666667
0 0.8200520833333333 0.8791666666666667 0.11354166666666667 0.153125
0 0.95234375 0.83125 0.0953125 0.096875
0 0.5286458333333334 0.4700520833333333 0.12604166666666666 0.1109375
0 0.9205729166666666 0.5815104166666667 0.034895833333333334 0.04635416666666667
0 0.8934895833333333 0.13880208333333333 0.04375 0.03125
0 0.7190104166666667 0.12421875 0.05416666666666667 0.05520833333333333
0 0.07421875 0.9307291666666667 0.052083333333333336 0.0640625
0 0.02421875 0.9651041666666667 0.033854166666666664 0.06979166666666667
0 0.12135416666666667 0.965625 0.12135416666666667 0.052083333333333336
0 0.12421875 0.9924479166666667 0.0859375 0.015104166666666667