0 0.7299479166666667 0.2989583333333333 0.18385416666666668 0.14635416666666667
0 0.07942708333333333 0.17864583333333334 0.15625 0.15625
0 0.6411458333333333 0.49140625 0.1046875 0.1125
0 0.9317708333333333 0.2125 0.13645833333333332 0.1640625
0 0.80234375 0.54765625 0.17447916666666666 0.16145833333333334
0 0.30234375 0.16484375 0.14947916666666666 0.16197916666666667
0 0.26484375 0.6692708333333334 0.10625 0.08802083333333334
0 0.7635416666666667 0.4127604166666667 0.15416666666666667 0.13333333333333333
0 0.3921875 0.528125 0.13697916666666668 0.10416666666666667
0 0.18359375 0.040625 0.06354166666666666 0.07864583333333333
0 0.19479166666666667 0.27005208333333336 0.08177083333333333 0.13489583333333333
0 0.75390625 0.10078125 0.05260416666666667 0.05
0 0.17994791666666668 0.49192708333333335 0.0859375 0.08020833333333334
0 0.8489583333333334 0.6802083333333333 0.17395833333333333 0.11927083333333334
0 0.74375 0.81484375 0.225 0.23072916666666668
0 0.49140625 0.38203125 0.08541666666666667 0.06510416666666667
0 0.26640625 0.503125 0.08125 0.0875
0 0.9497395833333333 0.9559895833333333 0.09739583333333333 0.08802083333333334
0 0.91640625 0.5395833333333333 0.041666666666666664 0.04739583333333333
0 0.7098958333333333 0.5260416666666666 0.050520833333333334 0.0546875
0 0.3924479166666667 0.028385416666666666 0.0609375 0.05260416666666667
0 0.09036458333333333 0.6041666666666666 0.07864583333333333 0.08229166666666667
0 0.9015625 0.39947916666666666 0.0828125 0.0609375
0 0.48489583333333336 0.9234375 0.18489583333333334 0.153125
0 0.8966145833333333 0.765625 0.059375 0.051041666666666666
0 0.28567708333333336 0.9216145833333333 0.22916666666666666 0.15677083333333333
0 0.1984375 0.15260416666666668 0.059895833333333336 0.059895833333333336
0 0.23880208333333333 0.04088541666666667 0.044270833333333336 0.04635416666666667
0 0.11041666666666666 0.29609375 0.07916666666666666 0.10052083333333334
0 0.9455729166666667 0.7458333333333333 0.046875 0.04010416666666667
0 0.915625 0.31536458333333334 0.09166666666666666 0.090625
0 0.9072916666666667 0.4627604166666667 0.07395833333333333 0.07291666666666667
0 0.9479166666666666 0.37057291666666664 0.059895833333333336 0.041666666666666664
0 0.9736979166666667 0.4744791666666667 0.051041666666666666 0.05260416666666667
0 0.03567708333333333 0.4127604166666667 0.07135416666666666 0.07604166666666666
0 0.5760416666666667 0.8380208333333333 0.078125 0.0859375
0 0.9463541666666667 0.5091145833333334 0.03802083333333333 0.034375
0 0.25052083333333336 0.5890625 0.0484375 0.06145833333333333
0 0.6606770833333333 0.04635416666666667 0.07708333333333334 0.06302083333333333
0 0.3182291666666667 0.5552083333333333 0.04635416666666667 0.05520833333333333
0 0.9578125 0.6786458333333333 0.041666666666666664 0.05625
0 0.95390625 0.5752604166666667 0.0921875 0.1640625
0 0.28515625 0.6106770833333334 0.06197916666666667 0.051041666666666666
0 0.6973958333333333 0.6760416666666667 0.03333333333333333 0.03854166666666667
0 0.16640625 0.11458333333333333 0.05364583333333333 0.051041666666666666
0 0.023697916666666666 0.6658854166666667 0.04635416666666667 0.08958333333333333
0 0.275 0.31692708333333336 0.06197916666666667 0.058854166666666666
0 0.13098958333333333 0.016927083333333332 0.044270833333333336 0.03229166666666667
0 0.021614583333333333 0.13776041666666666 0.042708333333333334 0.040625
0 0.17057291666666666 0.396875 0.08541666666666667 0.08229166666666667
0 0.9809895833333333 0.4239583333333333 0.0375 0.059895833333333336
0 0.6354166666666666 0.24088541666666666 0.07135416666666666 0.0765625
0 0.36796875 0.60859375 0.059375 0.058333333333333334
0 0.8747395833333333 0.023958333333333335 0.12552083333333333 0.03802083333333333
0 0.07916666666666666 0.0296875 0.05260416666666667 0.052083333333333336
0 0.046614583333333334 0.075 0.09322916666666667 0.06875
0 0.44296875 0.4484375 0.11302083333333333 0.08020833333333334
0 0.5208333333333334 0.565625 0.0921875 0.096875
0 0.17630208333333333 0.5872395833333334 0.10416666666666667 0.11302083333333333
0 0.44505208333333335 0.72421875 0.08645833333333333 0.15833333333333333
0 0.5729166666666666 0.6658854166666667 0.18020833333333333 0.2203125
0 0.35260416666666666 0.7072916666666667 0.07135416666666666 0.0828125
0 0.07526041666666666 0.6526041666666667 0.03802083333333333 0.03125
0 0.64921875 0.9622395833333334 0.20520833333333333 0.07552083333333333
0 0.30442708333333335 0.05390625 0.11979166666666667 0.10208333333333333
0 0.6786458333333333 0.5927083333333333 0.05260416666666667 0.06302083333333333
0 0.9833333333333333 0.33541666666666664 0.03333333333333333 0.1296875
0 0.39791666666666664 0.7138020833333333 0.029166666666666667 0.0265625
0 0.1359375 0.05390625 0.03958333333333333 0.043229166666666666
0 0.23932291666666666 0.396875 0.0703125 0.075
0 0.8802083333333334 0.9934895833333334 0.05572916666666667 0.013020833333333334
0 0.02421875 0.54453125 0.04791666666666667 0.059895833333333336
0 0.57578125 0.8372395833333334 0.078125 0.08541666666666667
0 0.05 0.7934895833333333 0.1 0.1859375
0 0.22786458333333334 0.7815104166666667 0.259375 0.2520833333333333
0 0.6671875 0.859375 0.10208333333333333 0.10052083333333334
0 0.3098958333333333 0.5268229166666667 0.03854166666666667 0.030208333333333334
0 0.23802083333333332 0.2825520833333333 0.04375 0.0515625
0 0.3255208333333333 0.325 0.0390625 0.0390625
0 0.3859375 0.6177083333333333 0.1 0.0765625
0 0.81328125 0.8893229166666666 0.1109375 0.1515625
0 0.95 0.8447916666666667 0.1 0.09583333333333334
0 0.5291666666666667 0.47369791666666666 0.12395833333333334 0.109375
0 0.9190104166666667 0.5942708333333333 0.033854166666666664 0.04583333333333333
0 0.8997395833333334 0.15104166666666666 0.043229166666666666 0.030729166666666665
0 0.7255208333333333 0.13229166666666667 0.053125 0.0546875
0 0.06666666666666667 0.9234375 0.051041666666666666 0.06354166666666666
0 0.016145833333333335 0.9611979166666667 0.03229166666666667 0.07760416666666667
0 0.11328125 0.9596354166666666 0.1203125 0.050520833333333334
0 0.11588541666666667 0.98984375 0.08541666666666667 0.0203125