0 0.31953125 0.0609375 0.125 0.11458333333333333
0 0.3375 0.15494791666666666 0.14114583333333333 0.115625
0 0.7427083333333333 0.22317708333333333 0.19479166666666667 0.178125
0 0.39010416666666664 0.7380208333333333 0.1671875 0.17239583333333333
0 0.21380208333333334 0.46979166666666666 0.14895833333333333 0.13802083333333334
0 0.15026041666666667 0.93984375 0.18177083333333333 0.1203125
0 0.3098958333333333 0.9502604166666667 0.146875 0.09947916666666666
0 0.41848958333333336 0.5744791666666667 0.0359375 0.035416666666666666
0 0.7111979166666667 0.63671875 0.14427083333333332 0.10885416666666667
0 0.04401041666666667 0.47942708333333334 0.08802083333333334 0.17447916666666666
0 0.7661458333333333 0.36953125 0.175 0.13958333333333334
0 0.7736979166666667 0.06875 0.13802083333333334 0.1375
0 0.30703125 0.37890625 0.14635416666666667 0.1640625
0 0.32265625 0.25286458333333334 0.10520833333333333 0.07864583333333333
0 0.6549479166666666 0.8096354166666667 0.09114583333333333 0.08645833333333333
0 0.46458333333333335 0.11276041666666667 0.06197916666666667 0.050520833333333334
0 0.8869791666666667 0.32760416666666664 0.08020833333333334 0.08229166666666667
0 0.046875 0.8453125 0.08385416666666666 0.11614583333333334
0 0.42135416666666664 0.2872395833333333 0.203125 0.190625
0 0.027604166666666666 0.09010416666666667 0.05520833333333333 0.103125
0 0.59609375 0.12317708333333334 0.07552083333333333 0.058854166666666666
0 0.13984375 0.121875 0.050520833333333334 0.06875
0 0.9421875 0.6140625 0.115625 0.14895833333333333
0 0.196875 0.09401041666666667 0.16041666666666668 0.17760416666666667
0 0.5166666666666667 0.5739583333333333 0.18072916666666666 0.1171875
0 0.6546875 0.05130208333333333 0.128125 0.10260416666666666
0 0.03359375 0.24010416666666667 0.0671875 0.13645833333333332
0 0.9268229166666667 0.26588541666666665 0.140625 0.12760416666666666
0 0.5302083333333333 0.23333333333333334 0.1796875 0.18958333333333333
0 0.4669270833333333 0.053385416666666664 0.12760416666666666 0.10677083333333333
0 0.16328125 0.20208333333333334 0.07135416666666666 0.08854166666666667
0 0.103125 0.6088541666666667 0.15260416666666668 0.12604166666666666
0 0.6013020833333333 0.04505208333333333 0.03125 0.03229166666666667
0 0.6447916666666667 0.9731770833333333 0.08020833333333334 0.05
0 0.8908854166666667 0.5473958333333333 0.13541666666666666 0.1390625
0 0.21484375 0.23515625 0.12447916666666667 0.11354166666666667
0 0.5651041666666666 0.05026041666666667 0.08697916666666666 0.10052083333333334
0 0.2942708333333333 0.5833333333333334 0.23802083333333332 0.175
0 0.4015625 0.44479166666666664 0.10729166666666666 0.09947916666666666
0 0.03671875 0.9791666666666666 0.0578125 0.041666666666666664
0 0.0765625 0.11302083333333333 0.053125 0.0875
0 0.9846354166666667 0.20234375 0.021354166666666667 0.07239583333333334
0 0.27630208333333334 0.81171875 0.09375 0.1734375
0 0.08984375 0.19114583333333332 0.07395833333333333 0.06979166666666667
0 0.26276041666666666 0.6872395833333333 0.16510416666666666 0.06614583333333333
0 0.8955729166666667 0.03463541666666667 0.1140625 0.06927083333333334
0 0.5440104166666667 0.9846354166666667 0.1328125 0.030729166666666665
0 0.9723958333333333 0.7619791666666667 0.05520833333333333 0.1625
0 0.7057291666666666 0.4434895833333333 0.1578125 0.13645833333333332
0 0.259375 0.6841145833333333 0.16770833333333332 0.06510416666666667
0 0.12682291666666667 0.23020833333333332 0.046875 0.06197916666666667
0 0.12083333333333333 0.77109375 0.23541666666666666 0.2375
0 0.12213541666666666 0.3333333333333333 0.24427083333333333 0.17291666666666666
0 0.9713541666666666 0.328125 0.05364583333333333 0.12552083333333333
0 0.5307291666666667 0.44088541666666664 0.1828125 0.146875
0 0.5302083333333333 0.06927083333333334 0.016145833333333335 0.019791666666666666
0 0.87109375 0.7239583333333334 0.15572916666666667 0.15416666666666667
0 0.93984375 0.1515625 0.05416666666666667 0.06822916666666666
0 0.96640625 0.9130208333333333 0.0671875 0.13541666666666666
0 0.7231770833333333 0.9653645833333333 0.14427083333333332 0.0640625
0 0.8979166666666667 0.446875 0.20416666666666666 0.165625
0 0.61015625 0.17838541666666666 0.06666666666666667 0.0453125
0 0.38046875 0.8606770833333334 0.165625 0.09427083333333333
0 0.8700520833333333 0.7239583333333334 0.1578125 0.15416666666666667
0 0.9447916666666667 0.044270833333333336 0.09583333333333334 0.08854166666666667
0 0.022916666666666665 0.61484375 0.044270833333333336 0.13385416666666666
0 0.06510416666666667 0.20364583333333333 0.0296875 0.051041666666666666
0 0.7302083333333333 0.03984375 0.09895833333333333 0.0796875
0 0.6645833333333333 0.90078125 0.11354166666666667 0.09583333333333334
0 0.7518229166666667 0.5533854166666666 0.16927083333333334 0.14947916666666666
0 0.10286458333333333 0.43333333333333335 0.165625 0.084375
0 0.5244791666666667 0.82421875 0.059895833333333336 0.1390625
0 0.5182291666666666 0.671875 0.20572916666666666 0.0890625
0 0.4515625 0.94765625 0.125 0.07135416666666666
0 0.47604166666666664 0.8565104166666667 0.0765625 0.15625