0 0.6671875 0.9421875 0.1234375 0.1125
0 0.6515625 0.8479166666666667 0.13958333333333334 0.11302083333333333
0 0.24817708333333333 0.77265625 0.19270833333333334 0.175
0 0.6125 0.2640625 0.16510416666666666 0.16979166666666667
0 0.7825520833333334 0.53515625 0.14791666666666667 0.13541666666666666
0 0.8572916666666667 0.0625 0.18020833333333333 0.12447916666666667
0 0.69765625 0.05078125 0.14583333333333334 0.1015625
0 0.5802083333333333 0.4270833333333333 0.035416666666666666 0.034895833333333334
0 0.2890625 0.35963541666666665 0.14270833333333333 0.10625
0 0.9533854166666667 0.5283854166666667 0.08802083333333334 0.17291666666666666
0 0.22786458333333334 0.62578125 0.1734375 0.13645833333333332
0 0.21328125 0.9291666666666667 0.13645833333333332 0.14166666666666666
0 0.6872395833333333 0.6244791666666667 0.14479166666666668 0.16145833333333334
0 0.6684895833333333 0.7502604166666667 0.10416666666666667 0.07708333333333334
0 0.3494791666666667 0.18776041666666668 0.09010416666666667 0.08489583333333334
0 0.5234375 0.8877604166666667 0.06145833333333333 0.049479166666666664
0 0.10625 0.665625 0.07916666666666666 0.08072916666666667
0 0.9580729166666667 0.16276041666666666 0.08229166666666667 0.11458333333333333
0 0.5708333333333333 0.7140625 0.20104166666666667 0.18697916666666667
0 0.9635416666666666 0.91796875 0.0625 0.10208333333333333
0 0.3921875 0.875 0.075 0.0578125
0 0.8481770833333333 0.884375 0.05 0.06770833333333333
0 0.057291666666666664 0.378125 0.11458333333333333 0.146875
0 0.7908854166666667 0.9111979166666667 0.15833333333333333 0.175
0 0.48203125 0.42578125 0.17916666666666667 0.1140625
0 0.33177083333333335 0.94765625 0.12708333333333333 0.1046875
0 0.96015625 0.76796875 0.071875 0.13541666666666666
0 0.06744791666666666 0.7265625 0.13489583333333333 0.125
0 0.46067708333333335 0.7661458333333333 0.17760416666666667 0.18645833333333334
0 0.5197916666666667 0.9471354166666667 0.1265625 0.1046875
0 0.8268229166666666 0.8036458333333333 0.0703125 0.0875
0 0.8963541666666667 0.39817708333333335 0.15104166666666666 0.1234375
0 0.3854166666666667 0.953125 0.030729166666666665 0.03177083333333333
0 0.36328125 0.024479166666666666 0.0796875 0.0484375
0 0.10729166666666666 0.44583333333333336 0.13385416666666666 0.13697916666666668
0 0.7760416666666666 0.7697916666666667 0.12291666666666666 0.11145833333333334
0 0.42161458333333335 0.9484375 0.0859375 0.09895833333333333
0 0.7046875 0.4203125 0.2359375 0.17083333333333334
0 0.5942708333333333 0.55703125 0.10625 0.09739583333333333
0 0.9713541666666666 0.024479166666666666 0.057291666666666664 0.04895833333333333
0 0.9114583333333334 0.8942708333333333 0.052083333333333336 0.08645833333333333
0 0.008072916666666667 0.7890625 0.016145833333333335 0.071875
0 0.728125 0.1921875 0.09166666666666666 0.171875
0 0.9 0.8158854166666667 0.0734375 0.06875
0 0.7385416666666667 0.31692708333333336 0.16458333333333333 0.06354166666666666
0 0.09088541666666666 0.9619791666666667 0.11354166666666667 0.07447916666666667
0 0.46432291666666664 0.014322916666666666 0.13229166666666667 0.028645833333333332
0 0.028645833333333332 0.22942708333333334 0.057291666666666664 0.16145833333333334
0 0.29010416666666666 0.5528645833333333 0.15625 0.13385416666666666
0 0.7419270833333333 0.32005208333333335 0.1671875 0.06197916666666667
0 0.8640625 0.7763020833333333 0.04635416666666667 0.0609375
0 0.8825520833333333 0.23567708333333334 0.2328125 0.23333333333333334
0 0.8716145833333333 0.6729166666666667 0.24375 0.16875
0 0.023958333333333335 0.6635416666666667 0.04791666666666667 0.12447916666666667
0 0.46510416666666665 0.55859375 0.18125 0.14375
0 0.45677083333333335 0.9302083333333333 0.015625 0.019270833333333334
0 0.13125 0.26953125 0.15416666666666667 0.1515625
0 0.04921875 0.840625 0.05364583333333333 0.0671875
0 0.03671875 0.07864583333333333 0.0734375 0.134375
0 0.28463541666666664 0.030729166666666665 0.14375 0.06145833333333333
0 0.09973958333333334 0.5458333333333333 0.19947916666666668 0.16197916666666667
0 0.3796875 0.81953125 0.06614583333333333 0.044270833333333336
0 0.625 0.14140625 0.16458333333333333 0.09166666666666666
0 0.13229166666666667 0.26953125 0.15625 0.1515625
0 0.04453125 0.9518229166666666 0.0890625 0.09479166666666666
0 0.9765625 0.39348958333333334 0.042708333333333334 0.13333333333333333
0 0.925 0.80390625 0.029166666666666667 0.050520833333333334
0 0.25625 0.9583333333333334 0.09791666666666667 0.0828125
0 0.3419270833333333 0.09635416666666667 0.1125 0.09375
0 0.24661458333333333 0.4421875 0.16770833333333332 0.14635416666666667
0 0.8924479166666667 0.5736979166666667 0.16458333333333333 0.08177083333333333
0 0.48020833333333335 0.17552083333333332 0.058333333333333334 0.13802083333333334
0 0.4830729166666667 0.32786458333333335 0.2046875 0.08541666666666667
0 0.5559895833333334 0.053385416666666664 0.12447916666666667 0.06927083333333334
0 0.5294270833333333 0.14401041666666667 0.075 0.15520833333333334