0 0.9390625 0.325 0.11458333333333333 0.12552083333333333
0 0.8450520833333334 0.3424479166666667 0.115625 0.14166666666666666
0 0.7768229166666667 0.7471354166666667 0.178125 0.19583333333333333
0 0.26197916666666665 0.39166666666666666 0.17239583333333333 0.16822916666666668
0 0.5302083333333333 0.21692708333333333 0.13802083333333334 0.15
0 0.059895833333333336 0.15052083333333333 0.11979166666666667 0.18229166666666666
0 0.04973958333333333 0.31015625 0.09947916666666666 0.14739583333333334
0 0.42552083333333335 0.42109375 0.035416666666666666 0.0359375
0 0.36328125 0.71328125 0.10885416666666667 0.14479166666666668
0 0.5200520833333333 0.047135416666666666 0.17447916666666666 0.0890625
0 0.63046875 0.7697916666666667 0.13958333333333334 0.17604166666666668
0 0.9309895833333334 0.7791666666666667 0.13802083333333334 0.1390625
0 0.62109375 0.3106770833333333 0.1640625 0.14739583333333334
0 0.7471354166666667 0.32708333333333334 0.07864583333333333 0.10572916666666667
0 0.19036458333333334 0.6559895833333333 0.08645833333333333 0.09166666666666666
0 0.8872395833333333 0.46979166666666666 0.050520833333333334 0.0625
0 0.6723958333333333 0.8908854166666667 0.08229166666666667 0.08072916666666667
0 0.1546875 0.04765625 0.11614583333333334 0.084375
0 0.7127604166666667 0.42552083333333335 0.190625 0.20416666666666666
0 0.909375 0.0328125 0.103125 0.05572916666666667
0 0.8768229166666667 0.6013020833333333 0.058854166666666666 0.07604166666666666
0 0.878125 0.14505208333333333 0.06875 0.051041666666666666
0 0.3859375 0.94296875 0.14895833333333333 0.1140625
0 0.9059895833333333 0.20208333333333334 0.17760416666666667 0.16145833333333334
0 0.42604166666666665 0.5192708333333333 0.1171875 0.18125
0 0.9484375 0.66015625 0.103125 0.12864583333333332
0 0.7598958333333333 0.03802083333333333 0.13645833333333332 0.06822916666666666
0 0.7341145833333333 0.9302083333333333 0.12760416666666666 0.13958333333333334
0 0.7666666666666667 0.5346354166666667 0.18958333333333333 0.18072916666666666
0 0.9466145833333334 0.47239583333333335 0.10677083333333333 0.128125
0 0.7979166666666667 0.16796875 0.08854166666666667 0.071875
0 0.39114583333333336 0.10546875 0.12604166666666666 0.153125
0 0.9549479166666667 0.6067708333333334 0.03229166666666667 0.03125
0 0.026822916666666665 0.6450520833333333 0.05 0.08072916666666667
0 0.45260416666666664 0.8934895833333333 0.1390625 0.13645833333333332
0 0.76484375 0.21927083333333333 0.11354166666666667 0.125
0 0.9497395833333333 0.5705729166666667 0.10052083333333334 0.0875
0 0.4166666666666667 0.29661458333333335 0.175 0.2390625
0 0.5552083333333333 0.4046875 0.09947916666666666 0.1078125
0 0.020572916666666666 0.03671875 0.04114583333333333 0.0578125
0 0.8869791666666667 0.08177083333333333 0.0875 0.05364583333333333
0 0.79765625 0.9893229166666667 0.07239583333333334 0.021354166666666667
0 0.18828125 0.27734375 0.1734375 0.09479166666666666
0 0.8088541666666667 0.09453125 0.06979166666666667 0.07447916666666667
0 0.31276041666666665 0.26458333333333334 0.06614583333333333 0.165625
0 0.9653645833333333 0.9013020833333333 0.06927083333333334 0.11458333333333333
0 0.015104166666666667 0.5440104166666667 0.030208333333333334 0.1328125
0 0.2375 0.9729166666666667 0.1625 0.05416666666666667
0 0.5565104166666667 0.7088541666666667 0.13645833333333332 0.15885416666666666
0 0.31588541666666664 0.26119791666666664 0.06510416666666667 0.16822916666666668
0 0.7697916666666667 0.13125 0.06197916666666667 0.04739583333333333
0 0.22890625 0.12213541666666666 0.2375 0.23697916666666666
0 0.6661458333333333 0.12604166666666666 0.17291666666666666 0.2453125
0 0.671875 0.9739583333333334 0.12552083333333333 0.052083333333333336
0 0.5591145833333333 0.5338541666666666 0.146875 0.18385416666666668
0 0.9307291666666667 0.5356770833333333 0.019791666666666666 0.016145833333333335
0 0.2760416666666667 0.87265625 0.15416666666666667 0.15677083333333333
0 0.8484375 0.9447916666666667 0.06822916666666666 0.0546875
0 0.08645833333333333 0.96640625 0.13541666666666666 0.0671875
0 0.03463541666666667 0.7234375 0.0640625 0.14479166666666668
0 0.5526041666666667 0.89921875 0.165625 0.2015625
0 0.8216145833333334 0.61484375 0.0453125 0.0671875
0 0.13932291666666666 0.38125 0.09427083333333333 0.16614583333333333
0 0.2760416666666667 0.8716145833333333 0.15416666666666667 0.15885416666666666
0 0.9557291666666666 0.9502604166666667 0.08854166666666667 0.09635416666666667
0 0.38515625 0.025260416666666667 0.13385416666666666 0.04479166666666667
0 0.7963541666666667 0.06979166666666667 0.051041666666666666 0.030208333333333334
0 0.96015625 0.7356770833333334 0.0796875 0.09947916666666666
0 0.09921875 0.6651041666666667 0.09583333333333334 0.1140625
0 0.4466145833333333 0.7544270833333333 0.14947916666666666 0.1703125
0 0.5666666666666667 0.10625 0.084375 0.16614583333333333
0 0.17578125 0.5255208333333333 0.1390625 0.0609375
0 0.328125 0.5200520833333333 0.0890625 0.20625
0 0.05234375 0.4518229166666667 0.07135416666666666 0.12552083333333333
0 0.14348958333333334 0.47682291666666665 0.15625 0.07760416666666667