0 0.1328125 0.42578125 0.265625 0.2140625
0 0.74296875 0.51796875 0.1578125 0.1359375
0 0.87890625 0.49921875 0.175 0.1609375
0 0.9578125 0.32421875 0.071875 0.0875
0 0.3203125 0.50078125 0.2390625 0.1953125
0 0.11328125 0.2359375 0.2265625 0.2734375
0 0.85234375 0.3953125 0.20625 0.115625
0 0.3359375 0.2359375 0.2484375 0.178125
0 0.43828125 0.36875 0.178125 0.1640625
0 0.92890625 0.6359375 0.1390625 0.159375
0 0.321875 0.34453125 0.1671875 0.13125
0 0.28828125 0.60703125 0.2296875 0.1828125
0 0.35078125 0.7875 0.2640625 0.25625
0 0.125 0.634375 0.190625 0.1390625
0 0.709375 0.8296875 0.3265625 0.228125
0 0.78515625 0.26015625 0.3015625 0.2671875
0 0.94140625 0.1859375 0.1140625 0.1765625
0 0.1265625 0.53515625 0.234375 0.13125
0 0.27578125 0.10859375 0.2328125 0.2171875
0 0.80625 0.06328125 0.203125 0.1265625
0 0.16875 0.79609375 0.2328125 0.2796875
0 0.4125 0.10234375 0.1734375 0.2046875