0 0.7671875 0.18203125 0.1765625 0.1796875
0 0.721875 0.05625 0.1140625 0.1125
0 0.93359375 0.3359375 0.1296875 0.1546875
0 0.47421875 0.8546875 0.1078125 0.1203125
0 0.2765625 0.9125 0.2453125 0.1703125
0 0.94140625 0.68125 0.115625 0.1234375
0 0.109375 0.1859375 0.2046875 0.178125
0 0.6375 0.22265625 0.103125 0.109375
0 0.90078125 0.22109375 0.11875 0.1125
0 0.5640625 0.49140625 0.096875 0.096875
0 0.80390625 0.7828125 0.2921875 0.3046875
0 0.228125 0.54609375 0.1109375 0.13125
0 0.87109375 0.47578125 0.2484375 0.203125
0 0.09296875 0.2953125 0.1140625 0.1203125
0 0.25546875 0.74375 0.2484375 0.2140625
0 0.446875 0.053125 0.1609375 0.10625
0 0.59296875 0.6171875 0.2015625 0.184375
0 0.37890625 0.1515625 0.2484375 0.2578125
0 0.06171875 0.84765625 0.1234375 0.20625
0 0.590625 0.11015625 0.2125 0.2203125
0 0.32578125 0.48203125 0.2015625 0.2234375
0 0.6734375 0.5 0.121875 0.11875
0 0.603125 0.90234375 0.196875 0.1328125
0 0.07734375 0.44140625 0.1546875 0.1796875
0 0.42109375 0.73203125 0.1171875 0.128125
0 0.78828125 0.3359375 0.184375 0.19375
0 0.5546875 0.390625 0.1625 0.1578125
0 0.946875 0.584375 0.103125 0.10625
0 0.14765625 0.8890625 0.134375 0.1890625
0 0.584375 0.7640625 0.2109375 0.171875