0 0.55703125 0.3296875 0.1046875 0.103125
0 0.440625 0.5203125 0.125 0.0921875
0 0.55625 0.5484375 0.0890625 0.115625
0 0.76484375 0.37578125 0.0859375 0.0859375
0 0.26328125 0.57734375 0.0875 0.0765625
0 0.71640625 0.6875 0.1296875 0.1640625
0 0.93046875 0.90859375 0.1 0.103125
0 0.775 0.15703125 0.0890625 0.103125
0 0.86875 0.74296875 0.1125 0.11875
0 0.52109375 0.78359375 0.1046875 0.11875
0 0.4140625 0.76171875 0.1234375 0.1171875
0 0.74921875 0.7828125 0.103125 0.1015625
0 0.80859375 0.203125 0.0890625 0.1078125
0 0.3421875 0.525 0.0609375 0.05625
0 0.446875 0.57890625 0.1015625 0.075
0 0.05546875 0.63359375 0.1109375 0.0953125
0 0.6359375 0.47734375 0.0828125 0.0765625
0 0.6796875 0.15 0.140625 0.1375
0 0.40859375 0.2328125 0.0703125 0.0734375
0 0.85703125 0.1109375 0.128125 0.165625
0 0.484375 0.4453125 0.103125 0.0984375
0 0.64453125 0.39609375 0.1046875 0.1109375
0 0.18671875 0.85625 0.1 0.0921875
0 0.5484375 0.42265625 0.0828125 0.1015625
0 0.2546875 0.44375 0.115625 0.084375
0 0.9171875 0.31953125 0.1640625 0.153125
0 0.12578125 0.9015625 0.1 0.0765625
0 0.14765625 0.3109375 0.059375 0.040625
0 0.390625 0.82890625 0.0921875 0.096875
0 0.37109375 0.31328125 0.134375 0.096875
0 0.13515625 0.796875 0.1359375 0.1
0 0.22578125 0.0890625 0.1265625 0.0953125
0 0.3125 0.175 0.0953125 0.0703125
0 0.2703125 0.05546875 0.0859375 0.1109375
0 0.51015625 0.21875 0.0875 0.115625
0 0.840625 0.5640625 0.1421875 0.0828125
0 0.92578125 0.44140625 0.0953125 0.0890625
0 0.85546875 0.49453125 0.121875 0.1015625
0 0.50625 0.87265625 0.0734375 0.084375
0 0.259375 0.8828125 0.0703125 0.0796875
0 0.30546875 0.396875 0.1234375 0.13125
0 0.09140625 0.71171875 0.1296875 0.0828125
0 0.9296875 0.8296875 0.08125 0.078125
0 0.09296875 0.08671875 0.140625 0.1296875
0 0.63359375 0.07734375 0.1546875 0.1546875
0 0.4734375 0.84609375 0.0734375 0.071875
0 0.2109375 0.3453125 0.103125 0.1
0 0.37734375 0.459375 0.1 0.0953125
0 0.13984375 0.20703125 0.128125 0.15
0 0.68671875 0.5515625 0.0765625 0.0953125
0 0.609375 0.69296875 0.125 0.1515625
0 0.775 0.4359375 0.1421875 0.1234375
0 0.6015625 0.80078125 0.0875 0.1015625
0 0.43359375 0.13828125 0.071875 0.10625
0 0.034375 0.36328125 0.06875 0.0515625
0 0.95390625 0.55625 0.0921875 0.1078125
0 0.1546875 0.05546875 0.0984375 0.1109375
0 0.0484375 0.790625 0.0796875 0.1125
0 0.93984375 0.6953125 0.11875 0.1578125
0 0.06640625 0.23125 0.1328125 0.13125
0 0.72421875 0.26328125 0.1359375 0.1390625
0 0.69375 0.809375 0.0828125 0.1
0 0.8421875 0.29765625 0.0703125 0.0609375
0 0.384375 0.08984375 0.0828125 0.096875
0 0.3453125 0.5828125 0.0859375 0.103125
0 0.33359375 0.24375 0.0921875 0.075
0 0.17890625 0.61484375 0.1171875 0.0890625
0 0.8265625 0.63515625 0.13125 0.0984375
0 0.21796875 0.678125 0.128125 0.134375
0 0.15859375 0.38046875 0.103125 0.0859375
0 0.27421875 0.7890625 0.1625 0.1328125
0 0.325 0.66953125 0.128125 0.1171875
0 0.11484375 0.46953125 0.1640625 0.1234375
0 0.6953125 0.91328125 0.09375 0.0984375
0 0.05625 0.30234375 0.1125 0.059375
0 0.24453125 0.27734375 0.103125 0.1015625
0 0.41875 0.92109375 0.0921875 0.0921875
0 0.84375 0.4 0.075 0.0796875
0 0.2265625 0.16484375 0.14375 0.1359375
0 0.7609375 0.078125 0.096875 0.0796875
0 0.62109375 0.56875 0.078125 0.090625
0 0.8046875 0.925 0.084375 0.0984375
0 0.1765625 0.553125 0.1140625 0.0640625
0 0.21484375 0.92890625 0.078125 0.0703125
0 0.35 0.89453125 0.071875 0.0921875