0 0.4578125 0.9625 0.078125 0.0703125
0 0.04296875 0.60390625 0.0859375 0.078125
0 0.771875 0.09765625 0.0703125 0.1265625
0 0.61484375 0.753125 0.0734375 0.0734375
0 0.91640625 0.6484375 0.071875 0.071875
0 0.30625 0.44921875 0.0703125 0.0703125
0 0.3515625 0.41328125 0.0921875 0.090625
0 0.6765625 0.7109375 0.1 0.1140625
0 0.83046875 0.57265625 0.084375 0.0640625
0 0.815625 0.396875 0.0828125 0.0921875
0 0.32734375 0.67734375 0.0875 0.08125
0 0.31796875 0.9625 0.09375 0.071875
0 0.575 0.15859375 0.0890625 0.10625
0 0.5359375 0.93515625 0.0453125 0.0671875
0 0.8875 0.91796875 0.0609375 0.0734375
0 0.85 0.615625 0.0921875 0.0671875
0 0.959375 0.53203125 0.078125 0.1375
0 0.0984375 0.434375 0.1265625 0.0953125
0 0.24296875 0.42734375 0.10625 0.1234375
0 0.1828125 0.35546875 0.1015625 0.1140625
0 0.75390625 0.17421875 0.1 0.0625
0 0.20703125 0.7078125 0.096875 0.06875
0 0.47421875 0.09375 0.0609375 0.0765625
0 0.25078125 0.04453125 0.0578125 0.0625
0 0.33359375 0.365625 0.0671875 0.0640625
0 0.565625 0.671875 0.05625 0.040625
0 0.10078125 0.57109375 0.0859375 0.0796875
0 0.29921875 0.11640625 0.0453125 0.08125
0 0.87421875 0.95625 0.075 0.0546875
0 0.23203125 0.93359375 0.0796875 0.075
0 0.38203125 0.0546875 0.0484375 0.0640625
0 0.33203125 0.9 0.0671875 0.05
0 0.85390625 0.6984375 0.0890625 0.0796875
0 0.78828125 0.72109375 0.115625 0.1203125
0 0.39140625 0.825 0.0421875 0.053125
0 0.43984375 0.34765625 0.1078125 0.078125
0 0.440625 0.196875 0.075 0.0890625
0 0.86953125 0.73125 0.053125 0.04375
0 0.6421875 0.13671875 0.0640625 0.0890625
0 0.95546875 0.70546875 0.053125 0.0515625
0 0.3296875 0.7421875 0.0875 0.071875
0 0.48828125 0.8171875 0.06875 0.1046875
0 0.8140625 0.9 0.0890625 0.10625
0 0.95703125 0.26484375 0.084375 0.1234375
0 0.57578125 0.44375 0.0484375 0.0546875
0 0.33671875 0.61171875 0.0546875 0.059375
0 0.09140625 0.73671875 0.15625 0.1296875
0 0.0609375 0.4875 0.084375 0.0546875
0 0.28125 0.2546875 0.059375 0.0640625
0 0.51953125 0.59921875 0.06875 0.071875
0 0.28203125 0.64453125 0.0859375 0.0796875
0 0.82109375 0.20546875 0.0625 0.040625
0 0.5078125 0.32265625 0.0734375 0.09375
0 0.2546875 0.1171875 0.065625 0.090625
0 0.634375 0.8 0.0609375 0.0515625
0 0.62109375 0.67734375 0.0828125 0.0875
0 0.88125 0.340625 0.0796875 0.0984375
0 0.6171875 0.43125 0.071875 0.0859375
0 0.48203125 0.41328125 0.0828125 0.090625
0 0.35078125 0.0734375 0.05625 0.0734375
0 0.40546875 0.11328125 0.08125 0.0765625
0 0.3 0.0546875 0.046875 0.05625
0 0.5796875 0.92109375 0.0625 0.0375
0 0.215625 0.78125 0.1390625 0.1140625
0 0.3828125 0.94375 0.0875 0.0734375
0 0.396875 0.8703125 0.08125 0.0734375
0 0.38671875 0.5578125 0.0921875 0.059375
0 0.55546875 0.7109375 0.071875 0.0546875
0 0.553125 0.071875 0.0921875 0.090625
0 0.67109375 0.48359375 0.1109375 0.1265625
0 0.14296875 0.88828125 0.0953125 0.0875
0 0.7140625 0.7890625 0.0890625 0.090625
0 0.9296875 0.58125 0.0875 0.084375
0 0.703125 0.2734375 0.103125 0.071875
0 0.3765625 0.20390625 0.0640625 0.0796875
0 0.88203125 0.25546875 0.103125 0.0859375
0 0.84921875 0.840625 0.10625 0.109375
0 0.5375 0.884375 0.0484375 0.0390625
0 0.44921875 0.60546875 0.0609375 0.0625
0 0.30625 0.79453125 0.0390625 0.0359375
0 0.72265625 0.1015625 0.084375 0.0640625
0 0.0859375 0.35546875 0.090625 0.115625
0 0.503125 0.2359375 0.0703125 0.0703125
0 0.73984375 0.3578125 0.1078125 0.1078125
0 0.4078125 0.43984375 0.1015625 0.1078125
0 0.62421875 0.890625 0.0703125 0.0765625
0 0.7171875 0.9 0.0625 0.0421875
0 0.44375 0.9078125 0.1078125 0.078125
0 0.390625 0.63046875 0.071875 0.0875
0 0.909375 0.790625 0.0984375 0.0890625
0 0.8296875 0.140625 0.1046875 0.11875
0 0.165625 0.94296875 0.0796875 0.075
0 0.27734375 0.3421875 0.0953125 0.1078125
0 0.9609375 0.42421875 0.0765625 0.0828125
0 0.63359375 0.846875 0.06875 0.075
0 0.24609375 0.67421875 0.0671875 0.05625
0 0.265625 0.5734375 0.078125 0.0859375
0 0.66015625 0.38828125 0.09375 0.090625
0 0.275 0.86171875 0.0703125 0.075
0 0.8609375 0.52421875 0.084375 0.084375
0 0.5390625 0.63359375 0.0625 0.0453125
0 0.0640625 0.1421875 0.0875 0.1046875
0 0.95078125 0.33125 0.0640625 0.0734375
0 0.8296875 0.3265625 0.078125 0.0765625
0 0.678125 0.8359375 0.05625 0.05625
0 0.55546875 0.7671875 0.0796875 0.0796875
0 0.35 0.15859375 0.05625 0.071875
0 0.3984375 0.68671875 0.05625 0.053125
0 0.57109375 0.2515625 0.0625 0.0796875
0 0.6984375 0.2125 0.0828125 0.0625
0 0.2875 0.9125 0.040625 0.0390625
0 0.5703125 0.8375 0.10625 0.1
0 0.39921875 0.50546875 0.1015625 0.0609375
0 0.93671875 0.7421875 0.0703125 0.0671875
0 0.759375 0.50546875 0.1140625 0.0875
0 0.20390625 0.046875 0.053125 0.0546875
0 0.1828125 0.61875 0.1609375 0.1296875
0 0.753125 0.43828125 0.09375 0.0890625
0 0.0578125 0.8375 0.115625 0.128125
0 0.5953125 0.959375 0.06875 0.053125
0 0.715625 0.1546875 0.075 0.0671875
0 0.51015625 0.67265625 0.075 0.0828125
0 0.50703125 0.51484375 0.103125 0.1125
0 0.35 0.8515625 0.065625 0.08125
0 0.43203125 0.76640625 0.1046875 0.084375
0 0.203125 0.85859375 0.0703125 0.0890625
0 0.44765625 0.7046875 0.0875 0.0765625
0 0.040625 0.69296875 0.08125 0.096875