0 0.31953125 0.7546875 0.09375 0.115625
0 0.2015625 0.80703125 0.1046875 0.1
0 0.26484375 0.73046875 0.0859375 0.0640625
0 0.5953125 0.22578125 0.0546875 0.078125
0 0.9046875 0.925 0.0578125 0.078125
0 0.4140625 0.7796875 0.0765625 0.075
0 0.75703125 0.51796875 0.059375 0.06875
0 0.45625 0.15390625 0.075 0.0671875
0 0.93515625 0.57578125 0.0828125 0.1078125
0 0.80234375 0.66796875 0.0859375 0.065625
0 0.259375 0.31796875 0.078125 0.1
0 0.30859375 0.30234375 0.0609375 0.084375
0 0.65390625 0.17421875 0.059375 0.05625
0 0.25625 0.8953125 0.1296875 0.11875
0 0.6015625 0.65703125 0.05625 0.05625
0 0.58984375 0.746875 0.0953125 0.11875
0 0.203125 0.38984375 0.0953125 0.0828125
0 0.79375 0.61015625 0.071875 0.0765625
0 0.1296875 0.12890625 0.05 0.0484375
0 0.6078125 0.0375 0.075 0.075
0 0.93125 0.76328125 0.0484375 0.0546875
0 0.8875 0.05 0.0953125 0.0765625
0 0.91796875 0.70078125 0.1015625 0.084375
0 0.7703125 0.78671875 0.146875 0.1078125
0 0.74921875 0.19453125 0.0765625 0.0890625
0 0.25078125 0.51875 0.115625 0.121875
0 0.1890625 0.18359375 0.078125 0.0609375
0 0.4203125 0.22109375 0.096875 0.0984375
0 0.5640625 0.465625 0.0734375 0.078125
0 0.9515625 0.8859375 0.075 0.0859375
0 0.484375 0.2421875 0.1 0.1140625
0 0.65546875 0.23984375 0.071875 0.0875
0 0.725 0.59375 0.05625 0.0546875
0 0.41796875 0.725 0.053125 0.05625
0 0.73671875 0.9234375 0.090625 0.1171875
0 0.0328125 0.3625 0.0625 0.0796875
0 0.6921875 0.0578125 0.090625 0.0703125
0 0.5421875 0.09375 0.06875 0.0671875
0 0.86875 0.75625 0.0828125 0.0890625
0 0.4765625 0.8109375 0.1 0.1296875
0 0.74140625 0.67421875 0.078125 0.1
0 0.6859375 0.5328125 0.0953125 0.103125
0 0.2875 0.1015625 0.1109375 0.121875
0 0.63828125 0.959375 0.071875 0.0796875
0 0.4359375 0.67109375 0.053125 0.0609375
0 0.39375 0.51796875 0.0578125 0.0890625
0 0.446875 0.09921875 0.05625 0.0671875
0 0.14765625 0.334375 0.0546875 0.053125
0 0.08203125 0.44296875 0.0546875 0.0609375
0 0.2375 0.215625 0.059375 0.05625
0 0.86796875 0.584375 0.0953125 0.0765625
0 0.53046875 0.1765625 0.065625 0.0765625
0 0.9453125 0.4859375 0.10625 0.0828125
0 0.63359375 0.47265625 0.075 0.0796875
0 0.071875 0.8453125 0.1 0.0890625
0 0.86015625 0.31640625 0.115625 0.0953125
0 0.14296875 0.04296875 0.1 0.0765625
0 0.7890625 0.72109375 0.0796875 0.0671875
0 0.8140625 0.51328125 0.04375 0.04375
0 0.040625 0.4953125 0.08125 0.11875
0 0.78984375 0.91953125 0.0640625 0.0578125
0 0.63515625 0.8046875 0.075 0.0953125
0 0.10625 0.58125 0.1421875 0.15
0 0.03359375 0.22109375 0.053125 0.0515625
0 0.2125 0.1015625 0.1046875 0.1015625
0 0.48515625 0.50390625 0.0859375 0.0953125
0 0.0515625 0.93203125 0.103125 0.1109375
0 0.54140625 0.6515625 0.0609375 0.065625
0 0.6890625 0.8375 0.0671875 0.065625
0 0.54453125 0.8125 0.065625 0.0734375
0 0.803125 0.4078125 0.071875 0.06875
0 0.48515625 0.33515625 0.09375 0.0890625
0 0.65625 0.37265625 0.084375 0.0984375
0 0.74140625 0.44765625 0.0703125 0.084375
0 0.91796875 0.17421875 0.0796875 0.065625
0 0.68828125 0.28359375 0.071875 0.084375
0 0.2015625 0.60546875 0.06875 0.06875
0 0.1578125 0.78359375 0.065625 0.05625
0 0.34140625 0.1734375 0.09375 0.09375
0 0.1203125 0.178125 0.0515625 0.059375
0 0.0546875 0.26640625 0.0640625 0.0640625
0 0.93515625 0.36796875 0.096875 0.109375
0 0.828125 0.1734375 0.0828125 0.0765625
0 0.078125 0.76015625 0.1125 0.0921875
0 0.26953125 0.81328125 0.071875 0.06875
0 0.8296875 0.10390625 0.075 0.0765625
0 0.57265625 0.94765625 0.0796875 0.103125
0 0.59609375 0.353125 0.0765625 0.0953125
0 0.1421875 0.6734375 0.0625 0.0625
0 0.5171875 0.4046875 0.0828125 0.090625
0 0.33203125 0.4984375 0.11875 0.159375
0 0.15703125 0.8890625 0.1296875 0.1765625
0 0.10390625 0.3078125 0.0796875 0.06875
0 0.47265625 0.653125 0.0609375 0.084375