0 0.55390625 0.59375 0.0515625 0.0515625
0 0.66796875 0.58671875 0.0546875 0.046875
0 0.81484375 0.59296875 0.0375 0.0375
0 0.06953125 0.884375 0.1390625 0.221875
0 0.134375 0.553125 0.0453125 0.04375
0 0.38125 0.27734375 0.0765625 0.0875
0 0.83671875 0.5328125 0.053125 0.040625
0 0.78203125 0.47578125 0.0375 0.05
0 0.4765625 0.47734375 0.06875 0.0390625
0 0.79609375 0.7921875 0.0421875 0.053125
0 0.87578125 0.37109375 0.05625 0.0609375
0 0.3203125 0.265625 0.0796875 0.09375
0 0.62578125 0.84765625 0.0484375 0.05625
0 0.94921875 0.85234375 0.059375 0.0453125
0 0.2640625 0.70234375 0.0515625 0.0609375
0 0.24375 0.3421875 0.0671875 0.0640625
0 0.62578125 0.5609375 0.0484375 0.0484375
0 0.1875 0.171875 0.053125 0.053125
0 0.39453125 0.6359375 0.0484375 0.0484375
0 0.55625 0.546875 0.0375 0.0484375
0 0.05390625 0.55 0.075 0.05625
0 0.64609375 0.4234375 0.04375 0.04375
0 0.15546875 0.4375 0.0625 0.053125
0 0.503125 0.70078125 0.0671875 0.0625
0 0.1875 0.25546875 0.1203125 0.1109375
0 0.34375 0.1046875 0.0875 0.0546875
0 0.05859375 0.23046875 0.05 0.05
0 0.83984375 0.65859375 0.0234375 0.025
0 0.92265625 0.303125 0.071875 0.0640625
0 0.64375 0.046875 0.053125 0.053125
0 0.48515625 0.440625 0.0421875 0.034375
0 0.4796875 0.83203125 0.0640625 0.0703125
0 0.4234375 0.70546875 0.04375 0.040625
0 0.27890625 0.1078125 0.0515625 0.0453125
0 0.4234375 0.47421875 0.0546875 0.05625
0 0.66015625 0.1875 0.0359375 0.03125
0 0.1015625 0.53359375 0.0515625 0.04375
0 0.95546875 0.11796875 0.0875 0.0984375
0 0.48515625 0.40703125 0.05 0.046875
0 0.73671875 0.1484375 0.1625 0.15
0 0.64140625 0.73046875 0.0359375 0.0390625
0 0.87578125 0.77421875 0.0296875 0.021875
0 0.57109375 0.8796875 0.021875 0.0296875
0 0.40703125 0.07265625 0.0625 0.0859375
0 0.60234375 0.8046875 0.034375 0.0375
0 0.5140625 0.1171875 0.103125 0.1078125
0 0.12109375 0.08984375 0.071875 0.0703125
0 0.628125 0.621875 0.0640625 0.059375
0 0.8296875 0.49375 0.0421875 0.0375
0 0.684375 0.7359375 0.0609375 0.0609375
0 0.70703125 0.83359375 0.078125 0.0890625
0 0.8484375 0.14765625 0.0640625 0.065625
0 0.146875 0.50625 0.0484375 0.0578125
0 0.76796875 0.61875 0.0359375 0.05
0 0.1828125 0.1140625 0.078125 0.075
0 0.58984375 0.3359375 0.03125 0.040625
0 0.18125 0.4671875 0.0625 0.075
0 0.70390625 0.6875 0.0578125 0.0609375
0 0.50859375 0.05234375 0.0890625 0.0640625
0 0.3859375 0.15078125 0.0515625 0.06875
0 0.76953125 0.73671875 0.040625 0.04375
0 0.2390625 0.93203125 0.19375 0.134375
0 0.48671875 0.36328125 0.040625 0.040625
0 0.434375 0.29765625 0.0625 0.0625
0 0.9046875 0.44140625 0.0765625 0.0609375
0 0.0546875 0.35625 0.103125 0.096875
0 0.665625 0.678125 0.0515625 0.0609375
0 0.7140625 0.59921875 0.084375 0.0765625
0 0.24453125 0.075 0.0640625 0.0875
0 0.37734375 0.46328125 0.053125 0.0515625
0 0.52890625 0.790625 0.04375 0.0515625
0 0.76171875 0.57421875 0.04375 0.04375
0 0.771875 0.8578125 0.046875 0.0609375
0 0.046875 0.0578125 0.09375 0.115625
0 0.3359375 0.54765625 0.040625 0.04375
0 0.19140625 0.546875 0.0703125 0.06875
0 0.42578125 0.70546875 0.040625 0.0359375
0 0.6015625 0.4 0.0484375 0.046875
0 0.3265625 0.196875 0.084375 0.08125
0 0.81328125 0.85703125 0.0421875 0.05
0 0.28203125 0.578125 0.0421875 0.0546875
0 0.09765625 0.275 0.0703125 0.0828125
0 0.83984375 0.415625 0.0546875 0.0609375
0 0.79296875 0.21953125 0.134375 0.134375
0 0.1421875 0.16015625 0.0671875 0.0703125
0 0.6734375 0.89921875 0.0421875 0.05625
0 0.88203125 0.6 0.04375 0.0328125
0 0.475 0.1859375 0.0546875 0.0828125
0 0.2484375 0.403125 0.05 0.05
0 0.77890625 0.69140625 0.0453125 0.046875
0 0.72109375 0.31015625 0.0484375 0.0453125
0 0.7859375 0.94140625 0.2265625 0.1140625
0 0.8765625 0.265625 0.0515625 0.04375
0 0.42734375 0.590625 0.0765625 0.0703125
0 0.734375 0.66171875 0.053125 0.0640625
0 0.15390625 0.5984375 0.0828125 0.0765625
0 0.521875 0.3828125 0.028125 0.025
0 0.1734375 0.6546875 0.0390625 0.0484375
0 0.18359375 0.8296875 0.128125 0.1234375
0 0.4359375 0.5375 0.0375 0.04375
0 0.46875 0.5640625 0.0421875 0.0578125
0 0.05 0.5875 0.0671875 0.046875
0 0.91796875 0.20859375 0.0953125 0.109375
0 0.9046875 0.56015625 0.0609375 0.0578125
0 0.8734375 0.11953125 0.071875 0.0625
0 0.6421875 0.3265625 0.034375 0.0328125
0 0.36171875 0.69609375 0.0765625 0.0921875
0 0.759375 0.79453125 0.0421875 0.04375
0 0.21015625 0.49921875 0.028125 0.03125
0 0.615625 0.3453125 0.0359375 0.0453125
0 0.64296875 0.36328125 0.0359375 0.0421875
0 0.90625 0.04140625 0.09375 0.0828125
0 0.4953125 0.51953125 0.0515625 0.053125
0 0.90390625 0.89453125 0.0625 0.059375
0 0.603125 0.7421875 0.0671875 0.0765625
0 0.4375 0.3515625 0.0640625 0.0703125
0 0.79296875 0.3921875 0.0859375 0.0765625
0 0.8421875 0.840625 0.0484375 0.046875
0 0.290625 0.05625 0.0765625 0.078125
0 0.82890625 0.70390625 0.0375 0.0359375
0 0.675 0.46953125 0.06875 0.0546875
0 0.6765625 0.54765625 0.0515625 0.03125
0 0.84296875 0.309375 0.1 0.0703125
0 0.1671875 0.3328125 0.1 0.109375
0 0.81640625 0.35 0.0703125 0.05625
0 0.9234375 0.80234375 0.0734375 0.0609375
0 0.51171875 0.57578125 0.0484375 0.0578125
0 0.7609375 0.42421875 0.0484375 0.046875
0 0.64453125 0.50078125 0.0390625 0.05
0 0.33359375 0.671875 0.0765625 0.0796875
0 0.3703125 0.6078125 0.0375 0.04375
0 0.10546875 0.2125 0.0484375 0.0484375
0 0.74609375 0.5125 0.0609375 0.05
0 0.2796875 0.51171875 0.053125 0.071875
0 0.21171875 0.61171875 0.0609375 0.0609375
0 0.9125 0.753125 0.0640625 0.04375
0 0.93515625 0.72421875 0.05 0.046875
0 0.421875 0.81875 0.0640625 0.0765625
0 0.0984375 0.57578125 0.0421875 0.03125
0 0.31640625 0.525 0.05625 0.05625
0 0.096875 0.6125 0.059375 0.0453125
0 0.84609375 0.60703125 0.0375 0.0390625
0 0.21796875 0.1890625 0.046875 0.0421875
0 0.21328125 0.6796875 0.075 0.06875
0 0.83046875 0.0703125 0.071875 0.0875
0 0.52734375 0.53125 0.046875 0.0484375
0 0.54375 0.31875 0.0640625 0.0796875
0 0.58984375 0.603125 0.05 0.05625
0 0.5859375 0.06015625 0.0859375 0.1015625
0 0.6484375 0.20703125 0.040625 0.040625
0 0.91328125 0.48515625 0.05625 0.053125
0 0.31171875 0.35703125 0.090625 0.0984375
0 0.26484375 0.16640625 0.09375 0.103125
0 0.6859375 0.3640625 0.0484375 0.0578125
0 0.303125 0.63984375 0.0546875 0.053125
0 0.484375 0.25234375 0.0609375 0.05625
0 0.621875 0.45546875 0.040625 0.0390625
0 0.609375 0.51796875 0.0390625 0.0421875
0 0.42109375 0.940625 0.1421875 0.1171875
0 0.91875 0.70078125 0.040625 0.04375
0 0.24140625 0.57109375 0.053125 0.0546875
0 0.9515625 0.5265625 0.0484375 0.0421875
0 0.528125 0.1984375 0.0671875 0.05
0 0.83671875 0.7984375 0.0453125 0.0421875
0 0.0484375 0.49609375 0.0359375 0.05625
0 0.24375 0.52109375 0.0625 0.059375
0 0.50234375 0.63515625 0.065625 0.0671875
0 0.7453125 0.334375 0.0453125 0.0421875
0 0.12890625 0.8703125 0.1265625 0.1359375
0 0.56171875 0.40859375 0.059375 0.06875
0 0.55859375 0.71640625 0.05 0.05
0 0.84765625 0.47421875 0.025 0.0234375
0 0.3859375 0.771875 0.0546875 0.0484375
0 0.24921875 0.4671875 0.0765625 0.0765625
0 0.7421875 0.04375 0.096875 0.0875
0 0.3390625 0.15 0.0765625 0.059375
0 0.43984375 0.75078125 0.05625 0.059375
0 0.4515625 0.08671875 0.0546875 0.06875
0 0.115625 0.33828125 0.065625 0.1015625
0 0.8078125 0.7453125 0.04375 0.05625
0 0.203125 0.0640625 0.059375 0.0484375
0 0.603125 0.2265625 0.0765625 0.0703125
0 0.06640625 0.51171875 0.046875 0.0484375
0 0.05234375 0.28203125 0.0390625 0.0546875
0 0.48828125 0.765625 0.06875 0.0796875
0 0.428125 0.1640625 0.090625 0.1046875
0 0.665625 0.15390625 0.0578125 0.046875
0 0.4625 0.5125 0.04375 0.0421875
0 0.6828125 0.63984375 0.04375 0.0328125
0 0.95703125 0.4640625 0.0484375 0.0640625
0 0.56640625 0.796875 0.0546875 0.05625
0 0.68046875 0.51875 0.0484375 0.05
0 0.32421875 0.4203125 0.0796875 0.05625
0 0.26953125 0.29609375 0.05625 0.05625
0 0.871875 0.7203125 0.06875 0.0734375
0 0.32109375 0.46953125 0.046875 0.0484375
0 0.69765625 0.275 0.0453125 0.0453125
0 0.6140625 0.1765625 0.0453125 0.053125
0 0.51953125 0.47421875 0.0328125 0.0359375