0 0.5859375 0.04765625 0.08125 0.0953125
0 0.3765625 0.26796875 0.0625 0.0765625
0 0.94921875 0.23046875 0.046875 0.0453125
0 0.9265625 0.12890625 0.0375 0.040625
0 0.09296875 0.78984375 0.09375 0.0796875
0 0.9046875 0.2890625 0.071875 0.0453125
0 0.8359375 0.271875 0.0515625 0.0484375
0 0.915625 0.91640625 0.090625 0.0984375
0 0.6296875 0.184375 0.0828125 0.084375
0 0.29921875 0.1703125 0.084375 0.0671875
0 0.30234375 0.05546875 0.1125 0.1109375
0 0.109375 0.2515625 0.10625 0.08125
0 0.9546875 0.35078125 0.090625 0.065625
0 0.5671875 0.33203125 0.05625 0.040625
0 0.55234375 0.37265625 0.065625 0.06875
0 0.771875 0.0796875 0.0640625 0.0875
0 0.4984375 0.16328125 0.0953125 0.109375
0 0.8546875 0.09140625 0.05625 0.0546875
0 0.38203125 0.4875 0.09375 0.0859375
0 0.0421875 0.42578125 0.084375 0.1171875
0 0.2265625 0.88046875 0.0890625 0.1125
0 0.73046875 0.80078125 0.0625 0.0703125
0 0.37109375 0.33125 0.0875 0.0859375
0 0.05546875 0.63671875 0.109375 0.1046875
0 0.70625 0.46484375 0.06875 0.0734375
0 0.528125 0.0640625 0.0453125 0.0546875
0 0.60234375 0.4078125 0.090625 0.084375
0 0.3015625 0.25390625 0.096875 0.103125
0 0.0484375 0.8953125 0.0671875 0.1078125
0 0.48359375 0.95078125 0.1125 0.096875
0 0.79140625 0.7125 0.0671875 0.0515625
0 0.690625 0.27265625 0.078125 0.0765625
0 0.63203125 0.359375 0.06875 0.084375
0 0.71953125 0.73828125 0.0796875 0.0796875
0 0.71328125 0.66640625 0.0890625 0.090625
0 0.11328125 0.5578125 0.0953125 0.08125
0 0.1328125 0.39609375 0.103125 0.0875
0 0.4 0.90625 0.103125 0.0953125
0 0.23515625 0.215625 0.053125 0.0484375
0 0.50078125 0.8125 0.075 0.0875
0 0.69140625 0.06953125 0.103125 0.115625
0 0.70234375 0.3390625 0.08125 0.0703125
0 0.509375 0.42109375 0.06875 0.0703125
0 0.30859375 0.375 0.06875 0.0796875
0 0.1109375 0.3171875 0.0875 0.0671875
0 0.703125 0.18046875 0.0703125 0.0625
0 0.47421875 0.0921875 0.0484375 0.0453125
0 0.63671875 0.83671875 0.05625 0.0640625
0 0.828125 0.20703125 0.0484375 0.0625
0 0.478125 0.2921875 0.1140625 0.109375
0 0.91015625 0.40859375 0.090625 0.0890625
0 0.278125 0.79296875 0.115625 0.0921875
0 0.1875 0.82734375 0.0671875 0.0703125
0 0.23046875 0.25625 0.0671875 0.06875
0 0.04453125 0.70625 0.0890625 0.09375
0 0.1421875 0.61875 0.096875 0.0953125
0 0.9609375 0.18046875 0.03125 0.0484375
0 0.0921875 0.446875 0.090625 0.0828125
0 0.7671875 0.62734375 0.08125 0.084375
0 0.14765625 0.80390625 0.071875 0.06875
0 0.04921875 0.5328125 0.0984375 0.0953125
0 0.215625 0.15234375 0.0765625 0.084375
0 0.61484375 0.78203125 0.0921875 0.0609375
0 0.40078125 0.03828125 0.0734375 0.071875
0 0.171875 0.2828125 0.059375 0.053125
0 0.9484375 0.30234375 0.075 0.071875
0 0.921875 0.084375 0.0515625 0.05625
0 0.37265625 0.4078125 0.0609375 0.0796875
0 0.45 0.06484375 0.0421875 0.0515625
0 0.34609375 0.571875 0.128125 0.0859375
0 0.82265625 0.803125 0.1234375 0.1375
0 0.1328125 0.90390625 0.1078125 0.14375
0 0.41015625 0.83828125 0.10625 0.1140625
0 0.828125 0.37421875 0.11875 0.10625
0 0.6375 0.7109375 0.0859375 0.0953125
0 0.125 0.1515625 0.1078125 0.1140625
0 0.87109375 0.23515625 0.040625 0.0375
0 0.31484375 0.67109375 0.1109375 0.1046875
0 0.059375 0.34375 0.053125 0.0484375
0 0.9171875 0.203125 0.06875 0.0671875
0 0.6859375 0.40625 0.0453125 0.0453125
0 0.64609375 0.5328125 0.109375 0.103125
0 0.2046875 0.953125 0.0421875 0.0484375
0 0.865625 0.4515625 0.084375 0.053125
0 0.9 0.146875 0.0359375 0.0328125
0 0.73203125 0.11484375 0.0828125 0.08125
0 0.31015625 0.88984375 0.0984375 0.128125
0 0.79765625 0.271875 0.0609375 0.0640625
0 0.77109375 0.228125 0.08125 0.0890625
0 0.75 0.49140625 0.0703125 0.059375
0 0.553125 0.48984375 0.0734375 0.0984375
0 0.4359375 0.41640625 0.0953125 0.096875
0 0.2890625 0.7328125 0.121875 0.08125
0 0.83359375 0.56640625 0.1765625 0.134375
0 0.38203125 0.10234375 0.0390625 0.04375
0 0.2359375 0.10234375 0.0578125 0.05625
0 0.540625 0.7359375 0.084375 0.0828125
0 0.7734375 0.4390625 0.078125 0.06875
0 0.590625 0.284375 0.0875 0.06875
0 0.5 0.3578125 0.0453125 0.0375
0 0.85859375 0.19296875 0.05 0.0640625