0 0.7484375 0.184375 0.1609375 0.190625
0 0.5984375 0.53046875 0.1359375 0.140625
0 0.66796875 0.79453125 0.1578125 0.1671875
0 0.415625 0.20234375 0.1765625 0.184375
0 0.14609375 0.0671875 0.2125 0.134375
0 0.60703125 0.27421875 0.1984375 0.1359375
0 0.40703125 0.4671875 0.1484375 0.1421875
0 0.91484375 0.2546875 0.15 0.11875
0 0.6484375 0.9328125 0.1140625 0.13125
0 0.19375 0.909375 0.18125 0.178125
0 0.7078125 0.6765625 0.0984375 0.11875
0 0.58359375 0.36875 0.1765625 0.1734375
0 0.75625 0.5390625 0.1234375 0.1578125
0 0.653125 0.1984375 0.1109375 0.0890625
0 0.103125 0.67265625 0.171875 0.13125
0 0.2203125 0.5078125 0.2328125 0.2078125
0 0.12578125 0.246875 0.2109375 0.1375
0 0.865625 0.20078125 0.1484375 0.153125
0 0.67421875 0.45234375 0.1140625 0.1328125
0 0.44765625 0.07734375 0.1671875 0.1546875
0 0.078125 0.5453125 0.15625 0.18125
0 0.82734375 0.778125 0.178125 0.228125
0 0.42578125 0.59453125 0.203125 0.159375
0 0.08046875 0.37109375 0.1609375 0.1640625
0 0.52890625 0.93515625 0.1578125 0.128125
0 0.878125 0.0671875 0.16875 0.134375
0 0.38046875 0.77734375 0.09375 0.109375
0 0.4 0.91171875 0.1265625 0.1625
0 0.31875 0.0921875 0.1 0.10625
0 0.065625 0.875 0.13125 0.190625
0 0.6109375 0.65390625 0.1375 0.1359375
0 0.18515625 0.33046875 0.2359375 0.1640625
0 0.76484375 0.40234375 0.1234375 0.134375
0 0.05 0.72734375 0.1 0.1265625
0 0.4953125 0.77265625 0.159375 0.190625
0 0.23046875 0.746875 0.11875 0.1265625
0 0.9046875 0.94921875 0.109375 0.090625
0 0.35703125 0.665625 0.1484375 0.14375