0 0.83125 0.08671875 0.125 0.1734375
0 0.63671875 0.1671875 0.103125 0.1640625
0 0.38046875 0.14609375 0.140625 0.165625
0 0.903125 0.9390625 0.146875 0.121875
0 0.85 0.38203125 0.121875 0.1234375
0 0.63359375 0.359375 0.153125 0.1078125
0 0.24609375 0.2296875 0.1796875 0.14375
0 0.5015625 0.365625 0.1453125 0.1890625
0 0.52421875 0.1671875 0.171875 0.1953125
0 0.91875 0.83984375 0.1265625 0.1171875
0 0.71484375 0.771875 0.125 0.178125
0 0.3859375 0.44140625 0.1015625 0.06875
0 0.35078125 0.728125 0.1515625 0.121875
0 0.19609375 0.48828125 0.09375 0.115625
0 0.8421875 0.25859375 0.121875 0.1578125
0 0.734375 0.14453125 0.0859375 0.0953125
0 0.66640625 0.709375 0.1015625 0.103125
0 0.51328125 0.93515625 0.1265625 0.1296875
0 0.7578125 0.4359375 0.1109375 0.1015625
0 0.096875 0.49453125 0.19375 0.2078125
0 0.42734375 0.2625 0.121875 0.084375
0 0.921875 0.26875 0.0953125 0.084375
0 0.60703125 0.75390625 0.103125 0.15625
0 0.14296875 0.834375 0.2859375 0.309375
0 0.646875 0.4546875 0.1625 0.13125
0 0.51015625 0.725 0.13125 0.125
0 0.734375 0.059375 0.1140625 0.11875
0 0.321875 0.0625 0.115625 0.0953125
0 0.28359375 0.15078125 0.084375 0.0765625
0 0.153125 0.146875 0.1125 0.1234375
0 0.76171875 0.265625 0.084375 0.078125
0 0.759375 0.3296875 0.096875 0.0921875
0 0.88671875 0.68203125 0.140625 0.1375
0 0.9375 0.33671875 0.05625 0.0890625
0 0.36484375 0.35 0.15 0.14375
0 0.21796875 0.34140625 0.196875 0.2
0 0.83828125 0.7578125 0.15 0.15625
0 0.81875 0.2953125 0.0515625 0.0640625
0 0.93203125 0.65078125 0.134375 0.1078125
0 0.06015625 0.23046875 0.1203125 0.16875