0 0.72265625 0.36640625 0.1390625 0.1265625
0 0.15234375 0.77421875 0.1 0.0875
0 0.28828125 0.55859375 0.0796875 0.0859375
0 0.29453125 0.040625 0.0625 0.071875
0 0.69140625 0.74140625 0.0859375 0.1265625
0 0.67734375 0.2609375 0.103125 0.1140625
0 0.8234375 0.46484375 0.109375 0.1078125
0 0.8828125 0.56796875 0.1 0.109375
0 0.234375 0.440625 0.0859375 0.075
0 0.45 0.20703125 0.05 0.0609375
0 0.6640625 0.0828125 0.0921875 0.0765625
0 0.353125 0.82734375 0.10625 0.1265625
0 0.365625 0.9109375 0.0953125 0.084375
0 0.5484375 0.18046875 0.0984375 0.1
0 0.76328125 0.659375 0.103125 0.1
0 0.828125 0.859375 0.1609375 0.1171875
0 0.1109375 0.3234375 0.1359375 0.10625
0 0.49609375 0.540625 0.084375 0.0875
0 0.22890625 0.12109375 0.08125 0.1109375
0 0.92734375 0.51796875 0.071875 0.065625
0 0.71015625 0.64140625 0.078125 0.0609375
0 0.38671875 0.384375 0.071875 0.0984375
0 0.4265625 0.3296875 0.0625 0.0671875
0 0.7796875 0.5625 0.1703125 0.1421875
0 0.4796875 0.31484375 0.0703125 0.0640625
0 0.38671875 0.7140625 0.1078125 0.1234375
0 0.20859375 0.6890625 0.109375 0.1140625
0 0.66953125 0.02734375 0.05 0.0484375
0 0.3890625 0.21484375 0.084375 0.1140625
0 0.72421875 0.175 0.1359375 0.1359375
0 0.1609375 0.61015625 0.0765625 0.059375
0 0.15078125 0.3734375 0.1015625 0.1109375
0 0.09375 0.47265625 0.1359375 0.1265625
0 0.1140625 0.6640625 0.1234375 0.0828125
0 0.921875 0.625 0.0578125 0.046875
0 0.52109375 0.29140625 0.078125 0.071875
0 0.540625 0.4765625 0.0546875 0.0625
0 0.48828125 0.2046875 0.053125 0.0828125
0 0.7109375 0.8921875 0.125 0.1140625
0 0.57890625 0.1203125 0.0609375 0.078125
0 0.109375 0.584375 0.0609375 0.0625
0 0.76328125 0.74765625 0.0890625 0.0921875
0 0.571875 0.58125 0.1359375 0.1390625
0 0.4703125 0.36484375 0.06875 0.0859375
0 0.6265625 0.72109375 0.05625 0.0640625
0 0.5296875 0.6765625 0.1171875 0.0875
0 0.81328125 0.20234375 0.0875 0.109375
0 0.18828125 0.5484375 0.115625 0.10625
0 0.48828125 0.60546875 0.0796875 0.075
0 0.4234375 0.86015625 0.090625 0.1109375
0 0.15703125 0.1046875 0.084375 0.11875
0 0.40234375 0.14296875 0.084375 0.0703125
0 0.59765625 0.2640625 0.0796875 0.0921875
0 0.49140625 0.43125 0.078125 0.0515625
0 0.5296875 0.37421875 0.090625 0.1015625
0 0.459375 0.16484375 0.05 0.05625
0 0.4453125 0.2734375 0.0609375 0.0703125
0 0.4921875 0.81640625 0.05625 0.071875
0 0.31875 0.94921875 0.1109375 0.1
0 0.04375 0.5734375 0.0875 0.0703125
0 0.621875 0.53671875 0.071875 0.0609375
0 0.24453125 0.8796875 0.1125 0.1234375
0 0.096875 0.03984375 0.0546875 0.05625
0 0.3640625 0.0640625 0.0578125 0.0859375
0 0.528125 0.11015625 0.0625 0.084375
0 0.65234375 0.49921875 0.0859375 0.0859375
0 0.31484375 0.1109375 0.0796875 0.1046875
0 0.88046875 0.5015625 0.0671875 0.0828125
0 0.9515625 0.57421875 0.0953125 0.1578125
0 0.25390625 0.6546875 0.0703125 0.075
0 0.484375 0.13359375 0.053125 0.0609375
0 0.2046875 0.83828125 0.0890625 0.10625
0 0.32109375 0.684375 0.1015625 0.1296875
0 0.64140625 0.61328125 0.0828125 0.0796875
0 0.83984375 0.67734375 0.09375 0.125
0 0.246875 0.03984375 0.05625 0.0796875
0 0.0546875 0.24453125 0.109375 0.146875
0 0.70703125 0.5953125 0.0734375 0.059375
0 0.41875 0.0734375 0.078125 0.0875
0 0.98203125 0.4765625 0.0359375 0.0484375
0 0.3828125 0.30234375 0.05625 0.071875
0 0.63046875 0.66171875 0.096875 0.075
0 0.61015625 0.3796875 0.109375 0.121875
0 0.6640625 0.44921875 0.0640625 0.0640625
0 0.5875 0.46875 0.0703125 0.0796875
0 0.25234375 0.878125 0.121875 0.11875
0 0.12421875 0.90390625 0.134375 0.1921875
0 0.04453125 0.86875 0.0890625 0.175
0 0.45 0.7734375 0.0765625 0.0921875
0 0.41875 0.50859375 0.0859375 0.10625
0 0.1984375 0.053125 0.06875 0.075
0 0.9546875 0.6890625 0.090625 0.1296875
0 0.325 0.36796875 0.0859375 0.115625
0 0.303125 0.29609375 0.0671875 0.0703125
0 0.38125 0.6328125 0.1125 0.0984375
0 0.55546875 0.9359375 0.1453125 0.1265625
0 0.040625 0.61875 0.053125 0.05
0 0.93515625 0.44765625 0.0765625 0.1
0 0.4828125 0.475 0.0765625 0.065625
0 0.19921875 0.19765625 0.05625 0.0703125
0 0.66796875 0.95078125 0.1171875 0.096875
0 0.0375 0.759375 0.075 0.0859375
0 0.09609375 0.7265625 0.1265625 0.0953125
0 0.4734375 0.06875 0.08125 0.109375
0 0.2421875 0.778125 0.075 0.071875
0 0.140625 0.03671875 0.040625 0.0578125
0 0.109375 0.12265625 0.0640625 0.1140625
0 0.8984375 0.66484375 0.046875 0.0671875
0 0.83125 0.94921875 0.13125 0.1015625
0 0.571875 0.74375 0.075 0.0765625
0 0.715625 0.44609375 0.103125 0.08125
0 0.278125 0.73671875 0.071875 0.075
0 0.86484375 0.31015625 0.15625 0.165625
0 0.89140625 0.1890625 0.1109375 0.128125