0 0.61640625 0.2953125 0.0671875 0.0796875
0 0.0609375 0.1359375 0.075 0.0875
0 0.06875 0.78828125 0.04375 0.0453125
0 0.359375 0.21171875 0.0859375 0.103125
0 0.61171875 0.83203125 0.0484375 0.053125
0 0.45703125 0.9125 0.0390625 0.0546875
0 0.18046875 0.76015625 0.05 0.0546875
0 0.33359375 0.8375 0.0359375 0.0390625
0 0.70390625 0.778125 0.0578125 0.059375
0 0.08828125 0.2578125 0.125 0.125
0 0.353125 0.63125 0.06875 0.0828125
0 0.525 0.26875 0.0640625 0.065625
0 0.66796875 0.03203125 0.05625 0.0625
0 0.21171875 0.959375 0.040625 0.0484375
0 0.6375 0.75546875 0.053125 0.046875
0 0.60234375 0.89453125 0.0546875 0.0578125
0 0.49375 0.66796875 0.0703125 0.0625
0 0.30390625 0.76484375 0.0578125 0.0765625
0 0.87265625 0.34375 0.0890625 0.1
0 0.84140625 0.1109375 0.103125 0.121875
0 0.2828125 0.103125 0.1203125 0.1359375
0 0.484375 0.89296875 0.046875 0.0375
0 0.2046875 0.8609375 0.034375 0.046875
0 0.67578125 0.8375 0.0609375 0.0640625
0 0.1078125 0.87109375 0.0421875 0.0375
0 0.23515625 0.8171875 0.040625 0.0484375
0 0.49140625 0.1890625 0.11875 0.1078125
0 0.93671875 0.7734375 0.1234375 0.1140625
0 0.8390625 0.6421875 0.153125 0.1765625
0 0.7953125 0.32734375 0.084375 0.09375
0 0.1046875 0.76953125 0.053125 0.04375
0 0.94375 0.659375 0.109375 0.1640625
0 0.1421875 0.7875 0.0484375 0.0375
0 0.65546875 0.93984375 0.071875 0.0796875
0 0.26328125 0.20078125 0.109375 0.090625
0 0.27109375 0.82109375 0.0453125 0.0484375
0 0.3984375 0.65234375 0.0484375 0.0859375
0 0.13125 0.12265625 0.1171875 0.10625
0 0.18828125 0.80078125 0.053125 0.053125
0 0.246875 0.3125 0.084375 0.090625
0 0.07109375 0.53359375 0.115625 0.1078125
0 0.159375 0.721875 0.059375 0.059375
0 0.90625 0.0671875 0.1015625 0.0890625
0 0.209375 0.74921875 0.046875 0.0484375
0 0.9546875 0.1296875 0.0859375 0.128125
0 0.203125 0.265625 0.11875 0.1140625
0 0.459375 0.74921875 0.053125 0.0609375
0 0.4015625 0.11015625 0.121875 0.1078125
0 0.525 0.78125 0.05625 0.0609375
0 0.4890625 0.7890625 0.053125 0.078125
0 0.1828125 0.9296875 0.0671875 0.071875
0 0.58046875 0.06015625 0.0515625 0.0640625
0 0.628125 0.1484375 0.0703125 0.0875
0 0.2125 0.63828125 0.0359375 0.046875
0 0.65859375 0.09765625 0.0640625 0.0921875
0 0.58203125 0.171875 0.0515625 0.0734375
0 0.21484375 0.515625 0.05 0.0609375
0 0.45546875 0.6 0.084375 0.08125
0 0.0875 0.7359375 0.0609375 0.059375
0 0.725 0.11484375 0.084375 0.1171875
0 0.2765625 0.73984375 0.053125 0.05625
0 0.390625 0.89296875 0.1078125 0.11875
0 0.52265625 0.09375 0.096875 0.090625
0 0.328125 0.95625 0.0484375 0.065625
0 0.575 0.74921875 0.0515625 0.059375
0 0.52421875 0.9625 0.053125 0.0546875
0 0.8234375 0.2296875 0.0796875 0.065625
0 0.25390625 0.93359375 0.0546875 0.0421875
0 0.73125 0.2796875 0.159375 0.1421875