0 0.5328125 0.475 0.196875 0.2046875
0 0.2421875 0.396875 0.10625 0.0921875
0 0.20703125 0.91796875 0.153125 0.1625
0 0.79375 0.096875 0.1546875 0.15
0 0.2640625 0.5015625 0.153125 0.134375
0 0.26484375 0.13515625 0.1109375 0.178125
0 0.13515625 0.1828125 0.1125 0.090625
0 0.34375 0.365625 0.1875 0.165625
0 0.47109375 0.528125 0.0734375 0.1046875
0 0.871875 0.74765625 0.1359375 0.1625
0 0.77578125 0.5546875 0.1578125 0.1875
0 0.68515625 0.22890625 0.20625 0.1890625
0 0.06484375 0.1125 0.1078125 0.1171875
0 0.67109375 0.9234375 0.153125 0.1515625
0 0.36953125 0.55078125 0.146875 0.1390625
0 0.3828125 0.6734375 0.15625 0.128125
0 0.13515625 0.82421875 0.1671875 0.165625
0 0.55390625 0.72578125 0.2015625 0.1578125
0 0.89375 0.41171875 0.209375 0.246875
0 0.4609375 0.07890625 0.1875 0.1578125
0 0.3453125 0.1484375 0.115625 0.15
0 0.33046875 0.93203125 0.1625 0.134375
0 0.75546875 0.7125 0.125 0.140625
0 0.53125 0.17578125 0.115625 0.1296875
0 0.4328125 0.165625 0.10625 0.10625
0 0.6734375 0.3546875 0.20625 0.14375
0 0.16015625 0.2890625 0.1078125 0.103125
0 0.17109375 0.10859375 0.11875 0.1203125
0 0.9203125 0.6390625 0.1578125 0.1953125
0 0.384375 0.81015625 0.2421875 0.2125
0 0.82890625 0.9 0.1859375 0.190625
0 0.13671875 0.2234375 0.125 0.08125
0 0.0703125 0.265625 0.1078125 0.1078125
0 0.5484375 0.9390625 0.1125 0.1203125
0 0.66796875 0.478125 0.15 0.1546875
0 0.62578125 0.0765625 0.2046875 0.153125
0 0.1109375 0.4125 0.1984375 0.1984375
0 0.04765625 0.8484375 0.0953125 0.209375
0 0.575 0.6171875 0.159375 0.125
0 0.14140625 0.59609375 0.2375 0.196875
0 0.26796875 0.2796875 0.1390625 0.1