0 0.0703125 0.24296875 0.0765625 0.071875
0 0.79453125 0.92265625 0.075 0.0921875
0 0.18671875 0.65703125 0.121875 0.090625
0 0.7265625 0.521875 0.0640625 0.05
0 0.09609375 0.1796875 0.078125 0.0640625
0 0.30859375 0.9140625 0.0796875 0.1125
0 0.05546875 0.271875 0.0828125 0.053125
0 0.51015625 0.9 0.0671875 0.1109375
0 0.83984375 0.11875 0.0703125 0.0609375
0 0.2828125 0.85078125 0.071875 0.090625
0 0.3453125 0.5046875 0.1 0.121875
0 0.82265625 0.228125 0.05625 0.046875
0 0.9125 0.8359375 0.1046875 0.0921875
0 0.34765625 0.08203125 0.0671875 0.0859375
0 0.0484375 0.63515625 0.096875 0.0640625
0 0.2515625 0.50546875 0.0796875 0.0671875
0 0.8890625 0.0515625 0.0921875 0.084375
0 0.77734375 0.6515625 0.0859375 0.0546875
0 0.21953125 0.43828125 0.1234375 0.1046875
0 0.6328125 0.190625 0.0765625 0.0640625
0 0.81953125 0.4046875 0.109375 0.0921875
0 0.646875 0.8953125 0.0671875 0.1046875
0 0.2578125 0.225 0.053125 0.05
0 0.87890625 0.48515625 0.1046875 0.0953125
0 0.7125 0.79375 0.1015625 0.1078125
0 0.75390625 0.1109375 0.078125 0.08125
0 0.4453125 0.83984375 0.0640625 0.0796875
0 0.42578125 0.9296875 0.0609375 0.090625
0 0.22421875 0.70625 0.1328125 0.10625
0 0.2984375 0.26875 0.0875 0.0953125
0 0.4375 0.56640625 0.0328125 0.0421875
0 0.7203125 0.90703125 0.0609375 0.084375
0 0.115625 0.63359375 0.075 0.053125
0 0.44765625 0.6890625 0.071875 0.0625
0 0.559375 0.9421875 0.059375 0.115625
0 0.30234375 0.54375 0.0453125 0.04375
0 0.6890625 0.86640625 0.0546875 0.0875
0 0.68828125 0.3109375 0.0796875 0.0640625
0 0.1234375 0.7828125 0.0953125 0.0921875
0 0.09765625 0.5328125 0.096875 0.059375
0 0.1 0.375 0.1 0.071875
0 0.95 0.33671875 0.096875 0.08125
0 0.49609375 0.39453125 0.10625 0.1015625
0 0.1078125 0.8546875 0.10625 0.1109375
0 0.6796875 0.1390625 0.05625 0.0421875
0 0.2828125 0.1015625 0.084375 0.084375
0 0.70078125 0.6125 0.0515625 0.0484375
0 0.79765625 0.06796875 0.05625 0.0625
0 0.5921875 0.25703125 0.0828125 0.0734375
0 0.22578125 0.29140625 0.0765625 0.06875
0 0.49140625 0.640625 0.0765625 0.0671875
0 0.58828125 0.80078125 0.0875 0.1125
0 0.61796875 0.4296875 0.0859375 0.0828125
0 0.0609375 0.946875 0.084375 0.071875
0 0.53828125 0.1234375 0.0625 0.096875
0 0.384375 0.7734375 0.0859375 0.0765625
0 0.146875 0.11875 0.053125 0.0640625
0 0.84296875 0.73125 0.0875 0.06875
0 0.846875 0.1640625 0.078125 0.0609375
0 0.30859375 0.3453125 0.0390625 0.053125
0 0.2125 0.82578125 0.0921875 0.1
0 0.37265625 0.203125 0.0875 0.1140625
0 0.21796875 0.12109375 0.084375 0.096875
0 0.453125 0.1390625 0.075 0.0875
0 0.6609375 0.08203125 0.0453125 0.071875
0 0.67890625 0.68125 0.0765625 0.0875
0 0.7421875 0.2421875 0.0703125 0.0734375
0 0.1890625 0.3796875 0.0609375 0.0484375
0 0.1640625 0.2140625 0.0796875 0.06875
0 0.740625 0.4515625 0.0828125 0.0578125
0 0.0828125 0.0453125 0.0890625 0.0859375
0 0.78359375 0.54609375 0.0578125 0.065625
0 0.325 0.74765625 0.075 0.071875
0 0.19375 0.91171875 0.0828125 0.08125
0 0.38671875 0.39921875 0.0578125 0.053125
0 0.86484375 0.61484375 0.1140625 0.1171875
0 0.93359375 0.13828125 0.071875 0.071875
0 0.4 0.134375 0.06875 0.0796875
0 0.6265625 0.753125 0.0984375 0.0890625
0 0.6734375 0.23515625 0.05 0.0484375
0 0.75390625 0.834375 0.0765625 0.0875
0 0.64453125 0.5359375 0.084375 0.0703125
0 0.29296875 0.35859375 0.05625 0.0578125
0 0.5578125 0.48671875 0.103125 0.134375