0 0.21328125 0.53203125 0.0984375 0.1203125
0 0.9296875 0.5515625 0.140625 0.0796875
0 0.06953125 0.4984375 0.1171875 0.11875
0 0.14765625 0.49765625 0.0828125 0.0953125
0 0.6015625 0.5890625 0.0984375 0.109375
0 0.128125 0.89609375 0.109375 0.1171875
0 0.53046875 0.3140625 0.1203125 0.1234375
0 0.2890625 0.33515625 0.115625 0.078125
0 0.74765625 0.53203125 0.121875 0.1078125
0 0.73828125 0.58515625 0.1625 0.1515625
0 0.8546875 0.07109375 0.13125 0.1359375
0 0.56328125 0.04375 0.1515625 0.0875
0 0.30390625 0.6234375 0.075 0.06875
0 0.12734375 0.1109375 0.0875 0.08125
0 0.4515625 0.9546875 0.0875 0.090625
0 0.07734375 0.05234375 0.1015625 0.1046875
0 0.94453125 0.8984375 0.109375 0.1296875
0 0.2828125 0.134375 0.1375 0.11875
0 0.15 0.203125 0.05625 0.0515625
0 0.49921875 0.1515625 0.1328125 0.1453125
0 0.57265625 0.459375 0.1109375 0.1359375
0 0.4625 0.04453125 0.071875 0.0890625
0 0.94140625 0.35546875 0.115625 0.0796875
0 0.9578125 0.1328125 0.0828125 0.1234375
0 0.584375 0.259375 0.0984375 0.1140625
0 0.13828125 0.959375 0.121875 0.0765625
0 0.78203125 0.93359375 0.09375 0.0875
0 0.734375 0.35625 0.1265625 0.10625
0 0.7703125 0.72734375 0.06875 0.0828125
0 0.83125 0.71484375 0.11875 0.1453125
0 0.0828125 0.13984375 0.109375 0.103125
0 0.47578125 0.45390625 0.0859375 0.0796875
0 0.2234375 0.22265625 0.0796875 0.0890625
0 0.71875 0.06484375 0.1109375 0.115625
0 0.259375 0.48359375 0.11875 0.1234375
0 0.21953125 0.88671875 0.1078125 0.1421875
0 0.0734375 0.8234375 0.146875 0.1625
0 0.46875 0.8359375 0.134375 0.1421875
0 0.65546875 0.521875 0.071875 0.0984375
0 0.18671875 0.04453125 0.103125 0.0890625
0 0.24375 0.75625 0.121875 0.0828125
0 0.37578125 0.06328125 0.1140625 0.1265625
0 0.1609375 0.3078125 0.1609375 0.1546875
0 0.375 0.2171875 0.1453125 0.1296875
0 0.22265625 0.61953125 0.0640625 0.071875
0 0.25 0.68515625 0.09375 0.084375
0 0.071875 0.6140625 0.103125 0.1140625
0 0.8171875 0.84296875 0.0984375 0.096875
0 0.73203125 0.2109375 0.1546875 0.1453125
0 0.16328125 0.6328125 0.103125 0.1296875
0 0.928125 0.8046875 0.090625 0.0921875
0 0.2875 0.84375 0.103125 0.1296875
0 0.8296875 0.36796875 0.078125 0.0828125
0 0.91015625 0.446875 0.13125 0.1078125
0 0.37109375 0.4703125 0.103125 0.115625
0 0.53203125 0.57265625 0.09375 0.0984375
0 0.91171875 0.6203125 0.1734375 0.153125
0 0.0484375 0.70859375 0.096875 0.1
0 0.05234375 0.3578125 0.1046875 0.1515625
0 0.87734375 0.26796875 0.11875 0.115625
0 0.7671875 0.79921875 0.1125 0.1
0 0.30703125 0.25390625 0.103125 0.1265625
0 0.87890625 0.8796875 0.0703125 0.1
0 0.39453125 0.6328125 0.1234375 0.121875