0 0.2828125 0.2125 0.1015625 0.10625
0 0.3328125 0.69296875 0.090625 0.0921875
0 0.3234375 0.49375 0.10625 0.0796875
0 0.91328125 0.75625 0.1 0.0875
0 0.20859375 0.1109375 0.128125 0.125
0 0.88515625 0.578125 0.0953125 0.103125
0 0.46015625 0.1953125 0.0765625 0.071875
0 0.509375 0.071875 0.040625 0.0484375
0 0.45 0.2515625 0.05625 0.05625
0 0.2984375 0.06484375 0.071875 0.071875
0 0.48671875 0.35390625 0.121875 0.1421875
0 0.44375 0.50234375 0.090625 0.0765625
0 0.9453125 0.053125 0.1078125 0.10625
0 0.2484375 0.26171875 0.075 0.0625
0 0.6859375 0.8671875 0.0625 0.103125
0 0.11796875 0.15546875 0.0921875 0.096875
0 0.41875 0.128125 0.065625 0.0796875
0 0.884375 0.27734375 0.11875 0.1203125
0 0.43046875 0.38515625 0.0921875 0.1
0 0.60546875 0.27578125 0.0625 0.109375
0 0.36328125 0.1140625 0.06875 0.078125
0 0.06171875 0.48359375 0.084375 0.090625
0 0.9125 0.1296875 0.0828125 0.0765625
0 0.1859375 0.26640625 0.0828125 0.0890625
0 0.22578125 0.403125 0.0921875 0.090625
0 0.5640625 0.3015625 0.05625 0.0890625
0 0.53203125 0.93125 0.1 0.125
0 0.69140625 0.60078125 0.2125 0.2171875
0 0.11015625 0.54375 0.0984375 0.0875
0 0.11953125 0.29140625 0.0765625 0.0875
0 0.6765625 0.06640625 0.0828125 0.1109375
0 0.1796875 0.51875 0.1 0.0671875
0 0.646875 0.784375 0.11875 0.115625
0 0.6484375 0.21640625 0.0578125 0.075
0 0.2046875 0.5703125 0.071875 0.065625
0 0.6875 0.3125 0.1109375 0.11875
0 0.3734375 0.1734375 0.0671875 0.0734375
0 0.80078125 0.54765625 0.0953125 0.1
0 0.0515625 0.68203125 0.1 0.1015625
0 0.15390625 0.3578125 0.0453125 0.04375
0 0.38515625 0.42421875 0.10625 0.1171875
0 0.2640625 0.3359375 0.0859375 0.0734375
0 0.325 0.33984375 0.0828125 0.0828125
0 0.31875 0.43125 0.0921875 0.071875
0 0.83828125 0.12890625 0.1015625 0.103125
0 0.571875 0.11796875 0.0953125 0.0859375
0 0.12109375 0.6453125 0.1171875 0.0953125
0 0.8671875 0.653125 0.1171875 0.090625
0 0.74296875 0.2265625 0.103125 0.115625
0 0.46640625 0.10234375 0.0703125 0.0890625
0 0.0421875 0.5984375 0.0828125 0.109375
0 0.0796875 0.396875 0.1015625 0.103125
0 0.15234375 0.59375 0.071875 0.0703125
0 0.7828125 0.3015625 0.1 0.084375
0 0.40625 0.615625 0.1421875 0.15625
0 0.7859375 0.071875 0.103125 0.128125
0 0.803125 0.40078125 0.128125 0.115625
0 0.55390625 0.209375 0.0859375 0.090625
0 0.1328125 0.46640625 0.084375 0.078125
0 0.80078125 0.73203125 0.1171875 0.0984375