0 0.6 0.63984375 0.0890625 0.0984375
0 0.446875 0.67890625 0.0765625 0.0859375
0 0.515625 0.284375 0.0875 0.1234375
0 0.275 0.396875 0.1171875 0.1234375
0 0.2734375 0.4953125 0.1171875 0.1
0 0.16796875 0.2125 0.11875 0.0953125
0 0.20703125 0.3125 0.1109375 0.0875
0 0.4609375 0.1296875 0.0875 0.1
0 0.60546875 0.3 0.078125 0.071875
0 0.56875 0.79609375 0.1109375 0.115625
0 0.40234375 0.59921875 0.084375 0.0859375
0 0.528125 0.696875 0.115625 0.1171875
0 0.7671875 0.12109375 0.1328125 0.13125
0 0.7546875 0.5703125 0.1421875 0.15
0 0.56796875 0.5234375 0.078125 0.1
0 0.89140625 0.375 0.0765625 0.0953125
0 0.3734375 0.821875 0.1171875 0.1140625
0 0.11953125 0.60546875 0.0875 0.1015625
0 0.26328125 0.0734375 0.0875 0.0984375
0 0.48203125 0.04765625 0.121875 0.0953125
0 0.0734375 0.70703125 0.0921875 0.075
0 0.81328125 0.75546875 0.11875 0.109375
0 0.6 0.37265625 0.0984375 0.0875
0 0.615625 0.22421875 0.0828125 0.0828125
0 0.18515625 0.775 0.1328125 0.1171875
0 0.9484375 0.33203125 0.1015625 0.13125
0 0.44765625 0.2515625 0.11875 0.0953125
0 0.6609375 0.790625 0.1375 0.1421875
0 0.13125 0.371875 0.1109375 0.0984375
0 0.65078125 0.4421875 0.0921875 0.0921875
0 0.93359375 0.06328125 0.1296875 0.1265625
0 0.67578125 0.93125 0.103125 0.1359375
0 0.1046875 0.46484375 0.1484375 0.1421875
0 0.73359375 0.45234375 0.1 0.1265625
0 0.8484375 0.57421875 0.071875 0.078125
0 0.575 0.04375 0.0875 0.0875
0 0.30234375 0.7765625 0.09375 0.0921875
0 0.63671875 0.53125 0.0875 0.1
0 0.49375 0.94921875 0.153125 0.0984375
0 0.428125 0.33125 0.075 0.10625
0 0.66796875 0.29296875 0.0609375 0.05625
0 0.340625 0.04375 0.0890625 0.0875
0 0.2203125 0.6703125 0.0984375 0.0984375
0 0.9328125 0.6171875 0.1078125 0.1078125
0 0.8765625 0.48359375 0.1 0.11875
0 0.3046875 0.88203125 0.1328125 0.1171875
0 0.15625 0.91875 0.10625 0.1109375
0 0.04375 0.615625 0.0875 0.103125
0 0.2890625 0.20078125 0.1640625 0.1921875
0 0.69453125 0.196875 0.109375 0.13125
0 0.55390625 0.15 0.1046875 0.134375
0 0.4453125 0.7359375 0.0640625 0.046875
0 0.759375 0.86953125 0.1125 0.128125
0 0.665625 0.69609375 0.140625 0.1296875
0 0.7984375 0.32890625 0.11875 0.1015625
0 0.7546875 0.7109375 0.0796875 0.0671875
0 0.603125 0.9375 0.078125 0.1
0 0.34375 0.459375 0.0875 0.1078125
0 0.2171875 0.82890625 0.0875 0.1109375
0 0.13984375 0.04453125 0.090625 0.0890625
0 0.80078125 0.4234375 0.071875 0.0953125
0 0.92265625 0.86328125 0.1421875 0.146875
0 0.25 0.546875 0.1140625 0.0875
0 0.46328125 0.55859375 0.1046875 0.103125
0 0.1 0.240625 0.1015625 0.1
0 0.85546875 0.26328125 0.13125 0.1203125
0 0.68828125 0.053125 0.15625 0.10625
0 0.49140625 0.86640625 0.10625 0.09375
0 0.30078125 0.6953125 0.071875 0.0796875
0 0.20234375 0.13671875 0.1 0.1078125
0 0.0609375 0.8546875 0.121875 0.134375
0 0.35859375 0.69609375 0.078125 0.11875
0 0.0578125 0.30859375 0.115625 0.11875