0 0.6484375 0.39375 0.0859375 0.0890625
0 0.49921875 0.928125 0.1171875 0.1421875
0 0.625 0.134375 0.075 0.059375
0 0.4203125 0.18515625 0.0546875 0.0609375
0 0.9515625 0.36796875 0.0953125 0.0828125
0 0.51015625 0.48828125 0.0875 0.1046875
0 0.48828125 0.11953125 0.0890625 0.103125
0 0.54609375 0.1921875 0.109375 0.109375
0 0.6375 0.71171875 0.1 0.1421875
0 0.9296875 0.88203125 0.140625 0.1546875
0 0.4375 0.24296875 0.121875 0.121875
0 0.840625 0.23359375 0.0609375 0.0609375
0 0.7921875 0.696875 0.0734375 0.0703125
0 0.9015625 0.7171875 0.065625 0.0515625
0 0.75625 0.5765625 0.1109375 0.0953125
0 0.92265625 0.5078125 0.1546875 0.1796875
0 0.5328125 0.696875 0.1125 0.1359375
0 0.7953125 0.3296875 0.09375 0.1265625
0 0.371875 0.0515625 0.159375 0.103125
0 0.92265625 0.06640625 0.1109375 0.1046875
0 0.78984375 0.9484375 0.1 0.1
0 0.62578125 0.46171875 0.1171875 0.0890625
0 0.85703125 0.41640625 0.05 0.065625
0 0.6421875 0.21796875 0.1125 0.146875
0 0.43671875 0.38046875 0.190625 0.1734375
0 0.58046875 0.3640625 0.0765625 0.0703125
0 0.95390625 0.6421875 0.053125 0.0671875
0 0.928125 0.20703125 0.096875 0.0765625
0 0.55703125 0.06484375 0.1390625 0.1296875
0 0.7765625 0.45703125 0.1109375 0.146875
0 0.7234375 0.0984375 0.1328125 0.1203125
0 0.409375 0.52578125 0.134375 0.13125
0 0.90390625 0.7734375 0.071875 0.0625
0 0.61875 0.29140625 0.1015625 0.0796875
0 0.72109375 0.7828125 0.1359375 0.1765625
0 0.884375 0.28515625 0.1046875 0.1046875
0 0.609375 0.93359375 0.1515625 0.1328125
0 0.6078125 0.5640625 0.18125 0.1625
0 0.83671875 0.115625 0.1203125 0.10625
0 0.5296875 0.80703125 0.1234375 0.1234375