0 0.55078125 0.95078125 0.1015625 0.096875
0 0.865625 0.040625 0.0953125 0.08125
0 0.41015625 0.5140625 0.0734375 0.084375
0 0.44140625 0.0578125 0.1046875 0.115625
0 0.84765625 0.3796875 0.1265625 0.134375
0 0.640625 0.06015625 0.1015625 0.10625
0 0.596875 0.40625 0.090625 0.0796875
0 0.8484375 0.096875 0.0640625 0.06875
0 0.15234375 0.7015625 0.125 0.109375
0 0.425 0.94375 0.1078125 0.1109375
0 0.67578125 0.93828125 0.1484375 0.0921875
0 0.13515625 0.47734375 0.0796875 0.0671875
0 0.4984375 0.9203125 0.0609375 0.0734375
0 0.81171875 0.1546875 0.0921875 0.09375
0 0.790625 0.05859375 0.0421875 0.0515625
0 0.7421875 0.0625 0.0625 0.071875
0 0.30703125 0.0546875 0.0796875 0.0671875
0 0.3984375 0.328125 0.1109375 0.08125
0 0.4140625 0.24375 0.1453125 0.1171875
0 0.2328125 0.46171875 0.075 0.0875
0 0.12734375 0.6203125 0.0671875 0.0671875
0 0.3890625 0.1015625 0.1125 0.115625
0 0.8609375 0.60703125 0.0671875 0.0671875
0 0.69765625 0.59921875 0.0734375 0.0640625
0 0.740625 0.8671875 0.059375 0.0765625
0 0.3390625 0.26484375 0.0703125 0.096875
0 0.5234375 0.74609375 0.1078125 0.11875
0 0.8078125 0.7578125 0.1234375 0.1296875
0 0.91328125 0.4296875 0.0890625 0.09375
0 0.6109375 0.59921875 0.1265625 0.1453125
0 0.91640625 0.11640625 0.0953125 0.1078125
0 0.70625 0.3 0.1203125 0.11875
0 0.43125 0.8609375 0.0875 0.1375
0 0.59375 0.290625 0.15 0.146875
0 0.2421875 0.7953125 0.1234375 0.1296875
0 0.8296875 0.64765625 0.065625 0.0765625
0 0.5671875 0.1421875 0.1609375 0.1765625
0 0.7734375 0.52578125 0.0578125 0.0734375
0 0.040625 0.69453125 0.08125 0.1015625
0 0.5390625 0.5875 0.0625 0.065625
0 0.69609375 0.51796875 0.103125 0.096875
0 0.21640625 0.625 0.1203125 0.125
0 0.0515625 0.26953125 0.103125 0.0890625
0 0.77734375 0.6109375 0.0984375 0.1140625
0 0.36328125 0.4578125 0.11875 0.0921875
0 0.79453125 0.34921875 0.09375 0.084375
0 0.4578125 0.709375 0.1625 0.178125
0 0.7125 0.725 0.078125 0.0890625
0 0.67578125 0.89453125 0.0671875 0.078125
0 0.88515625 0.1734375 0.0765625 0.078125
0 0.8359375 0.92109375 0.0875 0.096875
0 0.784375 0.88046875 0.0671875 0.059375
0 0.690625 0.2109375 0.1015625 0.09375
0 0.9296875 0.26015625 0.1 0.1234375
0 0.69921875 0.078125 0.065625 0.084375
0 0.690625 0.14140625 0.0828125 0.090625
0 0.2234375 0.93125 0.11875 0.1375
0 0.675 0.8125 0.159375 0.1390625
0 0.84921875 0.240625 0.109375 0.1390625
0 0.61875 0.4796875 0.090625 0.09375
0 0.2453125 0.58125 0.103125 0.0875
0 0.49140625 0.53671875 0.103125 0.10625
0 0.3640625 0.6859375 0.115625 0.153125
0 0.91640625 0.928125 0.084375 0.075
0 0.4125 0.40078125 0.10625 0.115625
0 0.928125 0.7953125 0.1015625 0.1109375
0 0.94375 0.61796875 0.1109375 0.0765625
0 0.328125 0.3765625 0.115625 0.1171875
0 0.790625 0.4609375 0.11875 0.09375
0 0.75703125 0.121875 0.0921875 0.1234375
0 0.78125 0.834375 0.0796875 0.0765625
0 0.61796875 0.73046875 0.1453125 0.1328125
0 0.1109375 0.80859375 0.059375 0.0796875
0 0.8734375 0.8484375 0.11875 0.1
0 0.43671875 0.61875 0.11875 0.10625
0 0.11796875 0.54453125 0.165625 0.1578125
0 0.92578125 0.68984375 0.1421875 0.10625
0 0.1484375 0.81328125 0.084375 0.115625
0 0.928125 0.55859375 0.0890625 0.1046875
0 0.5 0.40546875 0.103125 0.1390625
0 0.30625 0.103125 0.078125 0.084375
0 0.51875 0.82734375 0.1390625 0.1359375
0 0.13125 0.9296875 0.1203125 0.1390625
0 0.54453125 0.4828125 0.103125 0.1109375
0 0.61640625 0.2109375 0.06875 0.084375
0 0.8640625 0.5203125 0.125 0.1203125
0 0.3625 0.815625 0.09375 0.1265625
0 0.7078125 0.65078125 0.071875 0.05625
0 0.4203125 0.18125 0.1078125 0.1015625
0 0.94140625 0.359375 0.115625 0.11875