0 0.55625 0.06953125 0.11875 0.1390625
0 0.6640625 0.0484375 0.0890625 0.096875
0 0.5890625 0.6421875 0.1515625 0.140625
0 0.73046875 0.7203125 0.125 0.134375
0 0.6234375 0.46484375 0.1328125 0.134375
0 0.82578125 0.92109375 0.1203125 0.1546875
0 0.53515625 0.41640625 0.0796875 0.06875
0 0.18046875 0.80234375 0.1375 0.1421875
0 0.134375 0.29140625 0.171875 0.1296875
0 0.0921875 0.4375 0.153125 0.103125
0 0.92578125 0.04453125 0.1421875 0.0890625
0 0.1625 0.1421875 0.1 0.0984375
0 0.47578125 0.43984375 0.0625 0.078125
0 0.95 0.47734375 0.096875 0.096875
0 0.178125 0.94453125 0.1078125 0.1078125
0 0.4015625 0.57265625 0.1328125 0.146875
0 0.83984375 0.3875 0.1390625 0.1203125
0 0.76015625 0.87890625 0.0609375 0.0875
0 0.803125 0.66953125 0.1125 0.1046875
0 0.275 0.65703125 0.11875 0.1703125
0 0.35625 0.71640625 0.0890625 0.1125
0 0.06875 0.0859375 0.1375 0.171875
0 0.6953125 0.90390625 0.11875 0.1265625
0 0.54296875 0.57578125 0.1109375 0.096875
0 0.11328125 0.584375 0.15625 0.146875
0 0.5703125 0.903125 0.134375 0.11875
0 0.4546875 0.28984375 0.1453125 0.15
0 0.7828125 0.55859375 0.1546875 0.1703125
0 0.921875 0.28984375 0.134375 0.1390625
0 0.403125 0.93125 0.1453125 0.134375
0 0.259375 0.221875 0.128125 0.14375
0 0.83515625 0.46953125 0.1171875 0.075
0 0.54296875 0.1828125 0.10625 0.109375
0 0.7453125 0.35078125 0.1390625 0.1265625
0 0.58828125 0.803125 0.1234375 0.1265625
0 0.08359375 0.765625 0.15 0.184375
0 0.0765625 0.35078125 0.153125 0.1015625
0 0.34609375 0.1 0.1515625 0.190625
0 0.46953125 0.625 0.0765625 0.0640625
0 0.178125 0.49921875 0.146875 0.1125
0 0.3375 0.9140625 0.1375 0.128125
0 0.9375 0.64453125 0.121875 0.1796875
0 0.065625 0.934375 0.13125 0.1296875
0 0.9125 0.88671875 0.115625 0.1234375
0 0.540625 0.49765625 0.121875 0.10625
0 0.284375 0.8140625 0.1203125 0.125
0 0.46328125 0.08828125 0.11875 0.10625
0 0.30859375 0.41796875 0.1796875 0.184375
0 0.63828125 0.184375 0.1171875 0.1234375
0 0.734375 0.0875 0.140625 0.159375
0 0.8984375 0.7796875 0.153125 0.1453125
0 0.47265625 0.171875 0.0984375 0.103125
0 0.671875 0.7640625 0.090625 0.11875
0 0.81484375 0.81953125 0.1109375 0.115625
0 0.95 0.1296875 0.0796875 0.103125