0 0.340625 0.4765625 0.35 0.36875
0 0.87265625 0.27578125 0.253125 0.2171875
0 0.7859375 0.87265625 0.2640625 0.253125
0 0.41796875 0.8484375 0.259375 0.2296875
0 0.140625 0.059375 0.2625 0.11875
0 0.09375 0.35234375 0.1875 0.153125
0 0.7734375 0.0984375 0.3296875 0.196875
0 0.1859375 0.1984375 0.2984375 0.2828125
0 0.096875 0.525 0.19375 0.321875
0 0.871875 0.63125 0.25625 0.2140625
0 0.12890625 0.759375 0.2578125 0.1984375
0 0.18125 0.8921875 0.2984375 0.215625
0 0.5125 0.590625 0.203125 0.2421875
0 0.52734375 0.92421875 0.228125 0.15
0 0.59296875 0.33828125 0.2203125 0.2484375
0 0.39453125 0.1671875 0.209375 0.246875