0 0.75703125 0.26953125 0.1265625 0.1609375
0 0.90078125 0.18125 0.1890625 0.2046875
0 0.15390625 0.45078125 0.3078125 0.4
0 0.57421875 0.53671875 0.2 0.2125
0 0.8953125 0.4828125 0.2046875 0.1484375
0 0.6171875 0.35390625 0.165625 0.134375
0 0.7875 0.07734375 0.125 0.1546875
0 0.56875 0.73671875 0.1671875 0.2078125
0 0.64140625 0.89296875 0.246875 0.2109375
0 0.6890625 0.4546875 0.1296875 0.1421875
0 0.87265625 0.31015625 0.14375 0.15
0 0.7671875 0.39453125 0.121875 0.1421875
0 0.78984375 0.61875 0.1828125 0.165625
0 0.63984375 0.17265625 0.2578125 0.2375
0 0.15 0.1578125 0.2984375 0.2859375
0 0.9203125 0.36875 0.15625 0.1265625
0 0.87421875 0.79609375 0.246875 0.2890625
0 0.9359375 0.5796875 0.128125 0.1625
0 0.70234375 0.7203125 0.1546875 0.21875