0 0.090625 0.646875 0.18125 0.23125
0 0.7984375 0.18125 0.221875 0.1859375
0 0.94921875 0.35546875 0.0984375 0.175
0 0.6171875 0.8578125 0.1609375 0.20625
0 0.73359375 0.815625 0.1578125 0.1703125
0 0.55546875 0.61328125 0.1359375 0.1796875
0 0.7171875 0.66015625 0.15625 0.171875
0 0.39140625 0.33359375 0.1828125 0.165625
0 0.34375 0.48828125 0.1734375 0.225
0 0.83984375 0.728125 0.15 0.171875
0 0.1984375 0.49609375 0.1609375 0.228125
0 0.91328125 0.6578125 0.1703125 0.1875
0 0.2453125 0.8125 0.1390625 0.1953125
0 0.9359375 0.15625 0.125 0.2078125
0 0.57890625 0.16484375 0.125 0.159375
0 0.3609375 0.78359375 0.196875 0.2078125
0 0.86015625 0.05234375 0.1109375 0.1046875
0 0.49375 0.41171875 0.1453125 0.1609375
0 0.7484375 0.50859375 0.1421875 0.146875
0 0.13515625 0.8265625 0.153125 0.16875
0 0.80859375 0.334375 0.1578125 0.15
0 0.60546875 0.3390625 0.1953125 0.2109375
0 0.484375 0.76171875 0.115625 0.1171875
0 0.37265625 0.1328125 0.1453125 0.159375
0 0.1203125 0.384375 0.1171875 0.1375
0 0.715625 0.36328125 0.0765625 0.0796875
0 0.48671875 0.0859375 0.1390625 0.1703125
0 0.6671875 0.56875 0.1265625 0.178125
0 0.07421875 0.9359375 0.1484375 0.1265625
0 0.91171875 0.85859375 0.175 0.1859375
0 0.6578125 0.21328125 0.128125 0.1109375
0 0.3921875 0.60625 0.1890625 0.1859375
0 0.5203125 0.91171875 0.15 0.175
0 0.2484375 0.93828125 0.2328125 0.1203125
0 0.10859375 0.06015625 0.165625 0.1203125
0 0.06015625 0.46640625 0.1203125 0.15
0 0.4234375 0.22109375 0.1734375 0.1203125