0 0.23984375 0.63984375 0.121875 0.121875
0 0.94375 0.221875 0.0921875 0.0765625
0 0.8109375 0.82578125 0.1 0.115625
0 0.7796875 0.94921875 0.1421875 0.0984375
0 0.51015625 0.9078125 0.06875 0.0890625
0 0.79921875 0.0765625 0.14375 0.153125
0 0.44921875 0.521875 0.0875 0.0890625
0 0.65078125 0.425 0.1921875 0.1328125
0 0.42890625 0.95859375 0.10625 0.0828125
0 0.4359375 0.82578125 0.0734375 0.08125
0 0.59140625 0.8015625 0.0984375 0.071875
0 0.8875 0.6765625 0.05625 0.0703125
0 0.67109375 0.83515625 0.075 0.13125
0 0.890625 0.040625 0.071875 0.08125
0 0.68203125 0.2953125 0.0828125 0.0703125
0 0.26015625 0.4578125 0.084375 0.0875
0 0.21796875 0.1015625 0.128125 0.115625
0 0.1609375 0.3515625 0.1375 0.1390625
0 0.82421875 0.92578125 0.1140625 0.0859375
0 0.12734375 0.44140625 0.1015625 0.0640625
0 0.125 0.7421875 0.1078125 0.1
0 0.88359375 0.2953125 0.11875 0.0765625
0 0.428125 0.05546875 0.0484375 0.078125
0 0.3828125 0.2875 0.0734375 0.0828125
0 0.228125 0.1890625 0.084375 0.078125
0 0.70390625 0.796875 0.0796875 0.134375
0 0.4796875 0.64765625 0.125 0.1078125
0 0.65 0.70078125 0.0625 0.0875
0 0.378125 0.05625 0.078125 0.0859375
0 0.1609375 0.65234375 0.0984375 0.134375
0 0.6828125 0.353125 0.06875 0.0515625
0 0.16640625 0.87265625 0.1390625 0.1296875
0 0.946875 0.64375 0.1046875 0.109375
0 0.41015625 0.7265625 0.115625 0.1
0 0.34375 0.7921875 0.11875 0.115625
0 0.78046875 0.8625 0.078125 0.084375
0 0.89375 0.8140625 0.1078125 0.096875
0 0.0375 0.4953125 0.075 0.1015625
0 0.128125 0.1109375 0.090625 0.096875
0 0.17578125 0.5515625 0.115625 0.084375
0 0.559375 0.34609375 0.1140625 0.103125
0 0.33828125 0.95703125 0.09375 0.084375
0 0.759375 0.778125 0.0921875 0.09375
0 0.0484375 0.7578125 0.096875 0.1484375
0 0.1734375 0.48046875 0.090625 0.053125
0 0.796875 0.64375 0.159375 0.1140625
0 0.9453125 0.16796875 0.0609375 0.046875
0 0.296875 0.38125 0.084375 0.06875
0 0.725 0.16953125 0.1265625 0.1484375
0 0.4953125 0.0859375 0.0984375 0.1203125
0 0.47421875 0.3046875 0.078125 0.0765625
0 0.04609375 0.23828125 0.0921875 0.103125
0 0.57421875 0.18203125 0.078125 0.075
0 0.29609375 0.2609375 0.078125 0.0859375
0 0.33203125 0.16796875 0.11875 0.1390625
0 0.509375 0.796875 0.1078125 0.121875
0 0.81484375 0.521875 0.090625 0.0734375
0 0.321875 0.8703125 0.0984375 0.084375
0 0.59375 0.8734375 0.1109375 0.1203125
0 0.240625 0.03828125 0.140625 0.0765625
0 0.4390625 0.228125 0.0921875 0.09375
0 0.64296875 0.21640625 0.0765625 0.0890625
0 0.85078125 0.58203125 0.084375 0.0859375
0 0.5375 0.24140625 0.065625 0.0734375
0 0.1296875 0.22578125 0.1359375 0.1078125
0 0.94296875 0.90859375 0.1125 0.0765625
0 0.7375 0.32109375 0.0828125 0.0765625
0 0.034375 0.6484375 0.06875 0.0828125
0 0.87109375 0.7265625 0.090625 0.0703125
0 0.41796875 0.44375 0.1109375 0.1109375
0 0.33203125 0.5234375 0.121875 0.1703125
0 0.90546875 0.53125 0.0765625 0.06875
0 0.61875 0.609375 0.16875 0.1640625
0 0.40859375 0.88359375 0.06875 0.071875
0 0.2375 0.2421875 0.0484375 0.053125
0 0.93125 0.740625 0.0546875 0.0640625
0 0.48046875 0.18671875 0.0796875 0.0609375