0 0.54609375 0.34296875 0.0703125 0.06875
0 0.24765625 0.909375 0.05625 0.0765625
0 0.875 0.71875 0.0640625 0.0609375
0 0.11875 0.62890625 0.103125 0.0796875
0 0.74609375 0.284375 0.071875 0.0671875
0 0.9484375 0.6453125 0.075 0.0546875
0 0.55546875 0.6921875 0.115625 0.10625
0 0.2984375 0.25859375 0.0625 0.0625
0 0.66796875 0.79921875 0.071875 0.075
0 0.4546875 0.625 0.090625 0.075
0 0.42109375 0.9125 0.0390625 0.05625
0 0.4234375 0.48828125 0.053125 0.040625
0 0.08671875 0.28515625 0.1078125 0.0953125
0 0.9171875 0.08984375 0.0625 0.06875
0 0.2265625 0.053125 0.09375 0.103125
0 0.2421875 0.19921875 0.06875 0.05625
0 0.4 0.86015625 0.075 0.071875
0 0.29296875 0.55078125 0.0953125 0.096875
0 0.28828125 0.8375 0.0703125 0.0859375
0 0.7625 0.1671875 0.0609375 0.0484375
0 0.2421875 0.765625 0.0890625 0.1046875
0 0.80078125 0.8203125 0.06875 0.075
0 0.15234375 0.7046875 0.1078125 0.0875
0 0.13125 0.1 0.0921875 0.078125
0 0.62890625 0.39375 0.046875 0.05
0 0.93125 0.23046875 0.125 0.084375
0 0.06015625 0.0390625 0.09375 0.078125
0 0.83046875 0.6703125 0.0515625 0.0484375
0 0.8375 0.7375 0.0515625 0.0515625
0 0.85078125 0.10078125 0.1015625 0.0953125
0 0.8265625 0.2890625 0.084375 0.0640625
0 0.56796875 0.87734375 0.034375 0.05625
0 0.91015625 0.19921875 0.109375 0.0734375
0 0.9046875 0.309375 0.1125 0.084375
0 0.0859375 0.7625 0.06875 0.0640625
0 0.61328125 0.5625 0.0875 0.0796875
0 0.60625 0.19765625 0.0765625 0.0796875
0 0.303125 0.4421875 0.109375 0.109375
0 0.71796875 0.56484375 0.1046875 0.0875
0 0.83046875 0.203125 0.1140625 0.0875
0 0.4 0.9546875 0.0453125 0.0484375
0 0.509375 0.26171875 0.053125 0.05625
0 0.61015625 0.32109375 0.0765625 0.06875
0 0.6765625 0.0640625 0.109375 0.09375
0 0.6421875 0.140625 0.075 0.06875
0 0.19453125 0.4203125 0.1140625 0.1140625
0 0.3671875 0.10546875 0.0828125 0.0765625
0 0.690625 0.44375 0.06875 0.0640625
0 0.77734375 0.0453125 0.084375 0.084375
0 0.509375 0.7875 0.040625 0.0578125
0 0.7546875 0.73046875 0.1015625 0.0890625
0 0.21640625 0.2421875 0.065625 0.053125
0 0.43359375 0.571875 0.0796875 0.0765625
0 0.83984375 0.1546875 0.0890625 0.0859375
0 0.04765625 0.853125 0.0953125 0.0984375
0 0.8234375 0.93671875 0.0984375 0.096875
0 0.4734375 0.21484375 0.046875 0.0484375
0 0.46484375 0.43671875 0.075 0.071875
0 0.0953125 0.4953125 0.0796875 0.05
0 0.04609375 0.3734375 0.090625 0.0953125
0 0.8015625 0.078125 0.090625 0.1
0 0.5671875 0.8109375 0.040625 0.0515625
0 0.93125 0.11484375 0.115625 0.103125
0 0.71171875 0.215625 0.0984375 0.1078125
0 0.1796875 0.82734375 0.0796875 0.0625
0 0.3140625 0.91953125 0.0484375 0.0625
0 0.86328125 0.5953125 0.0953125 0.0703125
0 0.30078125 0.1359375 0.0875 0.0765625
0 0.57109375 0.2890625 0.0609375 0.0546875
0 0.6984375 0.6625 0.115625 0.103125
0 0.48125 0.3875 0.05625 0.04375
0 0.9453125 0.52421875 0.1 0.05625
0 0.88125 0.44296875 0.125 0.071875