0 0.9453125 0.30546875 0.109375 0.0625
0 0.890625 0.0515625 0.1140625 0.0796875
0 0.50625 0.8375 0.13125 0.1484375
0 0.38828125 0.1359375 0.0828125 0.0859375
0 0.3859375 0.2328125 0.0859375 0.075
0 0.640625 0.03515625 0.125 0.0703125
0 0.88828125 0.15625 0.1328125 0.134375
0 0.1125 0.33984375 0.0546875 0.0640625
0 0.30546875 0.13671875 0.0890625 0.0921875
0 0.30859375 0.90625 0.0859375 0.1171875
0 0.71875 0.95 0.0875 0.096875
0 0.5828125 0.1609375 0.10625 0.0875
0 0.28359375 0.24140625 0.08125 0.0734375
0 0.1484375 0.271875 0.1421875 0.1234375
0 0.609375 0.653125 0.15 0.1546875
0 0.94765625 0.55859375 0.103125 0.1234375
0 0.1796875 0.825 0.1109375 0.0953125
0 0.346875 0.04765625 0.109375 0.0953125
0 0.9546875 0.65234375 0.090625 0.09375
0 0.0421875 0.203125 0.084375 0.11875
0 0.5125 0.07890625 0.1375 0.1578125
0 0.97265625 0.13671875 0.04375 0.0625
0 0.95 0.76171875 0.1 0.1421875
0 0.20703125 0.0703125 0.1375 0.1171875
0 0.328125 0.5640625 0.1 0.09375
0 0.23359375 0.60546875 0.103125 0.1109375
0 0.60703125 0.38125 0.1125 0.134375
0 0.68671875 0.76015625 0.075 0.0921875
0 0.940625 0.36796875 0.115625 0.0703125
0 0.05390625 0.08046875 0.103125 0.1140625
0 0.3328125 0.40234375 0.1390625 0.1234375
0 0.2078125 0.41015625 0.0640625 0.0578125
0 0.4109375 0.58515625 0.0921875 0.1015625
0 0.5265625 0.275 0.1171875 0.121875
0 0.31875 0.65625 0.1109375 0.0953125
0 0.85859375 0.66875 0.0984375 0.075
0 0.74140625 0.0359375 0.071875 0.05625
0 0.609375 0.80703125 0.11875 0.1546875
0 0.25 0.49765625 0.1 0.0953125
0 0.75078125 0.6078125 0.1390625 0.1203125
0 0.23359375 0.7484375 0.115625 0.115625
0 0.3921875 0.87890625 0.0984375 0.1375
0 0.159375 0.6859375 0.109375 0.13125
0 0.2109375 0.1828125 0.1125 0.1203125
0 0.93671875 0.2328125 0.10625 0.0984375
0 0.62421875 0.0890625 0.0890625 0.084375
0 0.859375 0.6203125 0.1109375 0.0703125
0 0.06015625 0.671875 0.1 0.1265625
0 0.67734375 0.44375 0.1125 0.1078125
0 0.80859375 0.3484375 0.1484375 0.1546875
0 0.06875 0.9140625 0.071875 0.090625
0 0.14765625 0.934375 0.10625 0.1265625
0 0.05859375 0.41796875 0.1171875 0.14375
0 0.35625 0.4796875 0.1140625 0.078125
0 0.9359375 0.4359375 0.1265625 0.0640625
0 0.63984375 0.52578125 0.14375 0.13125
0 0.378125 0.3 0.09375 0.0703125
0 0.7890625 0.734375 0.1578125 0.1484375
0 0.578125 0.22265625 0.1109375 0.1
0 0.81953125 0.94921875 0.096875 0.0984375
0 0.84921875 0.8640625 0.1484375 0.1546875
0 0.11640625 0.13984375 0.0828125 0.0984375