0 0.715625 0.51953125 0.084375 0.06875
0 0.7546875 0.4609375 0.128125 0.1046875
0 0.690625 0.8296875 0.09375 0.128125
0 0.79296875 0.578125 0.0796875 0.0796875
0 0.54296875 0.39140625 0.1625 0.1625
0 0.2390625 0.91796875 0.134375 0.115625
0 0.75390625 0.11953125 0.065625 0.06875
0 0.65625 0.875 0.1015625 0.1125
0 0.7796875 0.5234375 0.0671875 0.0671875
0 0.2421875 0.8578125 0.0984375 0.0859375
0 0.91328125 0.084375 0.115625 0.10625
0 0.87734375 0.73359375 0.0921875 0.0859375
0 0.853125 0.521875 0.0703125 0.0640625
0 0.6359375 0.75859375 0.103125 0.1078125
0 0.665625 0.09296875 0.14375 0.1765625
0 0.83671875 0.125 0.0875 0.0953125
0 0.8734375 0.8140625 0.06875 0.08125
0 0.75 0.8140625 0.0734375 0.0984375
0 0.86640625 0.58984375 0.0796875 0.078125
0 0.6734375 0.95234375 0.09375 0.0921875
0 0.81875 0.78125 0.084375 0.0890625
0 0.75234375 0.1875 0.11875 0.0953125
0 0.91484375 0.603125 0.0625 0.0640625
0 0.71484375 0.7359375 0.075 0.0859375
0 0.9046875 0.6796875 0.0890625 0.0796875
0 0.803125 0.8515625 0.0765625 0.071875
0 0.74375 0.60390625 0.09375 0.0984375
0 0.77734375 0.275 0.15 0.14375
0 0.59296875 0.85 0.078125 0.0890625
0 0.57421875 0.6546875 0.1 0.121875
0 0.65703125 0.6140625 0.1125 0.0859375
0 0.9046875 0.3046875 0.1171875 0.0875
0 0.88515625 0.234375 0.1109375 0.0859375
0 0.88828125 0.9125 0.1203125 0.13125
0 0.65390625 0.2234375 0.109375 0.1109375
0 0.64375 0.35703125 0.1296875 0.146875
0 0.53671875 0.08828125 0.1640625 0.1765625
0 0.76875 0.6921875 0.0953125 0.0953125
0 0.05234375 0.91640625 0.1046875 0.0953125
0 0.63671875 0.4984375 0.0953125 0.1046875
0 0.83046875 0.6515625 0.071875 0.084375
0 0.85 0.35 0.06875 0.0765625
0 0.5671875 0.93984375 0.14375 0.11875
0 0.7328125 0.38046875 0.0515625 0.0765625
0 0.9109375 0.46640625 0.0875 0.0796875
0 0.13515625 0.796875 0.0890625 0.0953125
0 0.5296875 0.234375 0.146875 0.1609375
0 0.84375 0.45859375 0.0796875 0.0828125
0 0.5203125 0.8859375 0.078125 0.1015625
0 0.9203125 0.5359375 0.08125 0.078125