0 0.50625 0.90625 0.2953125 0.1859375
0 0.88984375 0.509375 0.21875 0.1515625
0 0.1125 0.1625 0.1125 0.1234375
0 0.06328125 0.3046875 0.1265625 0.2453125
0 0.66015625 0.0421875 0.1234375 0.084375
0 0.29609375 0.6671875 0.115625 0.096875
0 0.36015625 0.09140625 0.18125 0.1625
0 0.20078125 0.3265625 0.196875 0.146875
0 0.8796875 0.66171875 0.2296875 0.165625
0 0.7703125 0.2796875 0.175 0.203125
0 0.2109375 0.771875 0.2046875 0.1859375
0 0.54140625 0.06640625 0.1328125 0.1328125
0 0.12421875 0.94140625 0.178125 0.1140625
0 0.2046875 0.56328125 0.1859375 0.140625
0 0.1953125 0.19375 0.1546875 0.1546875
0 0.49609375 0.37109375 0.1921875 0.2453125
0 0.09453125 0.078125 0.1890625 0.15625
0 0.90703125 0.88359375 0.1828125 0.1921875
0 0.8953125 0.76953125 0.1109375 0.090625
0 0.0765625 0.73046875 0.153125 0.1328125
0 0.0578125 0.49375 0.115625 0.146875
0 0.546875 0.22265625 0.1109375 0.1078125
0 0.86640625 0.25625 0.0953125 0.1578125
0 0.42265625 0.75390625 0.2484375 0.2875
0 0.2109375 0.44765625 0.240625 0.146875
0 0.06328125 0.8703125 0.1265625 0.190625
0 0.665625 0.83046875 0.15625 0.11875
0 0.64609375 0.16953125 0.18125 0.2171875
0 0.81171875 0.85234375 0.1546875 0.13125
0 0.60078125 0.4046875 0.19375 0.2046875
0 0.33515625 0.18515625 0.146875 0.1828125
0 0.609375 0.71171875 0.1796875 0.2015625
0 0.146875 0.634375 0.1921875 0.14375
0 0.778125 0.7515625 0.1703125 0.153125
0 0.94375 0.42421875 0.1125 0.1078125