0 0.7109375 0.7015625 0.1109375 0.10625
0 0.54296875 0.92578125 0.0796875 0.1
0 0.390625 0.684375 0.1265625 0.1328125
0 0.60859375 0.896875 0.0921875 0.0609375
0 0.940625 0.80078125 0.115625 0.0984375
0 0.24609375 0.6390625 0.115625 0.0828125
0 0.78359375 0.64921875 0.090625 0.09375
0 0.9140625 0.725 0.096875 0.0921875
0 0.39375 0.79609375 0.0734375 0.0921875
0 0.790625 0.40625 0.1984375 0.18125
0 0.371875 0.52578125 0.20625 0.2515625
0 0.515625 0.68125 0.1296875 0.125
0 0.3296875 0.9390625 0.0875 0.0828125
0 0.5953125 0.8421875 0.0859375 0.0765625
0 0.62734375 0.1875 0.25625 0.2578125
0 0.52421875 0.33828125 0.0890625 0.159375
0 0.25546875 0.81640625 0.0953125 0.1125
0 0.82578125 0.725 0.0921875 0.0875
0 0.45390625 0.14375 0.159375 0.1421875
0 0.7765625 0.259375 0.2328125 0.2265625
0 0.6953125 0.81953125 0.146875 0.178125
0 0.5296875 0.83203125 0.0921875 0.109375
0 0.2515625 0.7 0.11875 0.08125
0 0.63046875 0.6921875 0.071875 0.0875
0 0.31328125 0.734375 0.08125 0.08125
0 0.22109375 0.7828125 0.0765625 0.090625
0 0.77421875 0.8109375 0.0875 0.115625
0 0.3359375 0.83125 0.0875 0.1234375
0 0.8546875 0.8046875 0.0875 0.0859375
0 0.60625 0.39140625 0.175 0.190625
0 0.39609375 0.29921875 0.21875 0.209375
0 0.26875 0.13046875 0.2875 0.2609375
0 0.60703125 0.7640625 0.096875 0.10625
0 0.615625 0.5703125 0.1265625 0.13125
0 0.459375 0.83203125 0.1046875 0.1171875
0 0.759375 0.09453125 0.2375 0.1890625
0 0.9296875 0.1296875 0.1375 0.1984375
0 0.4765625 0.9125 0.0640625 0.0609375
0 0.53515625 0.5625 0.0765625 0.1015625
0 0.39453125 0.8921875 0.08125 0.0890625
0 0.6609375 0.93125 0.1015625 0.0734375
0 0.44921875 0.734375 0.0640625 0.0796875
0 0.215625 0.5125 0.2203125 0.2484375