0 0.34375 0.3140625 0.0796875 0.0703125
0 0.140625 0.0625 0.16875 0.125
0 0.55703125 0.73671875 0.090625 0.103125
0 0.2296875 0.9359375 0.1078125 0.1171875
0 0.08046875 0.23828125 0.059375 0.059375
0 0.353125 0.12578125 0.0671875 0.0578125
0 0.70625 0.25390625 0.1203125 0.1125
0 0.26171875 0.3390625 0.10625 0.1140625
0 0.3578125 0.25234375 0.075 0.071875
0 0.46640625 0.53671875 0.0515625 0.0515625
0 0.4203125 0.05859375 0.1203125 0.1171875
0 0.71015625 0.6765625 0.0765625 0.084375
0 0.54140625 0.509375 0.0921875 0.1
0 0.625 0.0640625 0.0703125 0.0859375
0 0.8375 0.3203125 0.1046875 0.0984375
0 0.73046875 0.74921875 0.0859375 0.0875
0 0.57578125 0.834375 0.08125 0.103125
0 0.3171875 0.70703125 0.0703125 0.0984375
0 0.0546875 0.0703125 0.06875 0.084375
0 0.26796875 0.2828125 0.0671875 0.0609375
0 0.26328125 0.190625 0.0625 0.0609375
0 0.34375 0.4140625 0.1265625 0.1265625
0 0.63046875 0.6640625 0.0734375 0.0734375
0 0.865625 0.18359375 0.0609375 0.0859375
0 0.359375 0.6078125 0.0875 0.10625
0 0.86953125 0.84765625 0.1296875 0.1015625
0 0.8453125 0.05390625 0.11875 0.1078125
0 0.4109375 0.2859375 0.0625 0.078125
0 0.8453125 0.59453125 0.1125 0.090625
0 0.67265625 0.84765625 0.1109375 0.15
0 0.2796875 0.8078125 0.0609375 0.1109375
0 0.6125 0.5796875 0.0796875 0.078125
0 0.6484375 0.92421875 0.065625 0.071875
0 0.4140625 0.49140625 0.1140625 0.0953125
0 0.721875 0.32421875 0.0828125 0.071875
0 0.37578125 0.909375 0.0859375 0.146875
0 0.13828125 0.46328125 0.121875 0.1015625
0 0.946875 0.21484375 0.1046875 0.1015625
0 0.7359375 0.62734375 0.084375 0.075
0 0.21484375 0.40703125 0.1265625 0.1296875
0 0.8640625 0.7765625 0.1 0.0953125
0 0.31171875 0.92734375 0.0703125 0.128125
0 0.64140625 0.73671875 0.0984375 0.1109375
0 0.59765625 0.11328125 0.078125 0.071875
0 0.69921875 0.40390625 0.0984375 0.0984375
0 0.04296875 0.42265625 0.0859375 0.13125
0 0.81875 0.740625 0.0921875 0.0828125
0 0.29453125 0.23671875 0.0703125 0.0828125
0 0.12890625 0.33984375 0.128125 0.0953125
0 0.459375 0.2546875 0.06875 0.0953125
0 0.2359375 0.5578125 0.1125 0.121875
0 0.565625 0.2765625 0.1 0.13125
0 0.88046875 0.08125 0.09375 0.1
0 0.3890625 0.71328125 0.0921875 0.1203125
0 0.08828125 0.865625 0.10625 0.1078125
0 0.78046875 0.7890625 0.06875 0.059375
0 0.8125 0.215625 0.121875 0.125
0 0.5453125 0.05546875 0.1140625 0.1109375
0 0.74609375 0.134375 0.1265625 0.109375
0 0.57265625 0.65234375 0.0796875 0.0921875
0 0.67734375 0.496875 0.075 0.078125
0 0.11328125 0.39609375 0.0796875 0.05625
0 0.73828125 0.92734375 0.1234375 0.14375
0 0.48203125 0.7796875 0.1109375 0.1109375
0 0.68203125 0.09296875 0.075 0.0875
0 0.5015625 0.5453125 0.05625 0.059375
0 0.69296875 0.17734375 0.0734375 0.0734375
0 0.0671875 0.81875 0.134375 0.0953125
0 0.72421875 0.046875 0.1265625 0.09375
0 0.33359375 0.1734375 0.0953125 0.090625
0 0.609375 0.18984375 0.103125 0.10625
0 0.57421875 0.95859375 0.0765625 0.08125
0 0.034375 0.20859375 0.06875 0.0890625
0 0.93828125 0.675 0.11875 0.1578125
0 0.07421875 0.1515625 0.1 0.084375
0 0.85078125 0.9265625 0.103125 0.1203125
0 0.15390625 0.94609375 0.0859375 0.0796875
0 0.43125 0.1609375 0.1234375 0.1390625
0 0.34765625 0.8078125 0.1 0.1171875
0 0.4328125 0.36484375 0.1171875 0.1546875
0 0.58671875 0.8921875 0.0796875 0.0671875
0 0.265625 0.06484375 0.125 0.1296875
0 0.04609375 0.30390625 0.0921875 0.1109375
0 0.61328125 0.50390625 0.078125 0.0875
0 0.19375 0.84609375 0.1203125 0.1375
0 0.13671875 0.2109375 0.0953125 0.0875
0 0.79296875 0.671875 0.09375 0.103125
0 0.8640625 0.52421875 0.0765625 0.06875
0 0.85703125 0.6671875 0.053125 0.0671875
0 0.2875 0.51953125 0.0828125 0.090625
0 0.50390625 0.3859375 0.071875 0.0890625
0 0.53515625 0.16484375 0.0875 0.1046875
0 0.40859375 0.55078125 0.0859375 0.0640625
0 0.440625 0.86875 0.109375 0.1375
0 0.5453125 0.59921875 0.0640625 0.0734375
0 0.80625 0.546875 0.0578125 0.0703125
0 0.13046875 0.271875 0.0859375 0.0625
0 0.434375 0.62421875 0.065625 0.0953125
0 0.1984375 0.14140625 0.128125 0.146875
0 0.33203125 0.53671875 0.06875 0.0796875
0 0.80703125 0.39765625 0.121875 0.1140625
0 0.52421875 0.8734375 0.0703125 0.0796875
0 0.4796875 0.5859375 0.078125 0.0609375
0 0.5140625 0.25625 0.06875 0.1078125
0 0.46953125 0.71171875 0.0875 0.0953125
0 0.94609375 0.4625 0.103125 0.11875
0 0.9171875 0.1703125 0.078125 0.103125
0 0.9203125 0.3546875 0.109375 0.1390625
0 0.65625 0.34609375 0.0796875 0.084375
0 0.50546875 0.640625 0.0828125 0.096875
0 0.75625 0.54921875 0.0796875 0.1
0 0.071875 0.72109375 0.14375 0.11875
0 0.68828125 0.571875 0.0953125 0.1046875
0 0.2109375 0.26484375 0.078125 0.0859375