0 0.52734375 0.71484375 0.1015625 0.1265625
0 0.07109375 0.46640625 0.1421875 0.1421875
0 0.09921875 0.38828125 0.1578125 0.134375
0 0.66875 0.6421875 0.2015625 0.190625
0 0.24609375 0.31015625 0.140625 0.134375
0 0.83828125 0.57265625 0.1546875 0.1453125
0 0.71328125 0.17734375 0.1890625 0.215625
0 0.53828125 0.34375 0.1421875 0.15
0 0.21328125 0.65703125 0.1734375 0.1765625
0 0.3125 0.73984375 0.1890625 0.1828125
0 0.0828125 0.065625 0.165625 0.115625
0 0.90859375 0.10859375 0.18125 0.2171875
0 0.32421875 0.1203125 0.23125 0.240625
0 0.5328125 0.57109375 0.103125 0.128125
0 0.4859375 0.86015625 0.1453125 0.18125
0 0.15234375 0.3 0.0796875 0.0984375
0 0.64765625 0.11640625 0.171875 0.2328125
0 0.928125 0.58203125 0.0671875 0.1015625
0 0.7484375 0.3703125 0.2171875 0.25
0 0.24765625 0.415625 0.134375 0.1109375
0 0.95 0.49765625 0.1 0.121875
0 0.8875 0.38515625 0.1859375 0.2484375
0 0.84921875 0.87265625 0.1703125 0.221875
0 0.05 0.82734375 0.1 0.2640625
0 0.95 0.8953125 0.1 0.20625
0 0.5171875 0.46015625 0.1140625 0.1015625
0 0.2109375 0.52421875 0.1390625 0.1515625
0 0.90546875 0.81015625 0.121875 0.1765625
0 0.4546875 0.68515625 0.1515625 0.1375
0 0.153125 0.9265625 0.1390625 0.0953125
0 0.234375 0.18671875 0.1796875 0.1765625
0 0.3796875 0.8828125 0.190625 0.2296875
0 0.0953125 0.5890625 0.190625 0.1875
0 0.821875 0.203125 0.1109375 0.1328125
0 0.39921875 0.35546875 0.175 0.184375
0 0.4046875 0.53984375 0.178125 0.19375
0 0.32578125 0.48203125 0.109375 0.1265625
0 0.50625 0.12265625 0.175 0.2453125
0 0.7421875 0.06171875 0.103125 0.1234375
0 0.69609375 0.80546875 0.228125 0.21875
0 0.11328125 0.20625 0.1640625 0.203125
0 0.18046875 0.82421875 0.2125 0.196875