0 0.790625 0.5171875 0.196875 0.146875
0 0.871875 0.83125 0.209375 0.2390625
0 0.296875 0.05234375 0.1421875 0.1046875
0 0.196875 0.61796875 0.15625 0.1453125
0 0.1703125 0.10703125 0.1703125 0.125
0 0.2703125 0.4421875 0.165625 0.1984375
0 0.70234375 0.6234375 0.2015625 0.16875
0 0.1859375 0.84453125 0.234375 0.19375
0 0.95859375 0.928125 0.08125 0.1421875
0 0.37109375 0.2046875 0.13125 0.0921875
0 0.1640625 0.32890625 0.2015625 0.1515625
0 0.940625 0.27734375 0.115625 0.171875
0 0.83515625 0.33359375 0.1703125 0.1859375
0 0.42578125 0.59921875 0.1921875 0.15
0 0.62109375 0.26796875 0.1609375 0.1953125
0 0.753125 0.25390625 0.1671875 0.1890625
0 0.28828125 0.1265625 0.0890625 0.103125
0 0.9234375 0.48203125 0.1484375 0.184375
0 0.484375 0.21015625 0.1734375 0.146875
0 0.065625 0.196875 0.13125 0.1796875
0 0.7484375 0.75078125 0.1234375 0.140625
0 0.57265625 0.446875 0.1859375 0.2046875
0 0.58984375 0.15390625 0.15625 0.10625
0 0.23359375 0.75546875 0.1671875 0.1453125
0 0.3015625 0.665625 0.1890625 0.228125
0 0.959375 0.61328125 0.0796875 0.0828125
0 0.37578125 0.09921875 0.1515625 0.1703125
0 0.62734375 0.08125 0.1765625 0.1625
0 0.8296875 0.6953125 0.075 0.0640625
0 0.5109375 0.31796875 0.15625 0.1421875
0 0.08984375 0.71796875 0.1796875 0.1765625
0 0.4171875 0.415625 0.165625 0.165625
0 0.93515625 0.703125 0.128125 0.209375
0 0.146875 0.48828125 0.225 0.134375
0 0.74296875 0.434375 0.2125 0.1828125
0 0.8140625 0.9375 0.2296875 0.125
0 0.06015625 0.078125 0.1203125 0.15625
0 0.24453125 0.2125 0.16875 0.2171875
0 0.12265625 0.58046875 0.1796875 0.0984375
0 0.58359375 0.88046875 0.18125 0.196875
0 0.609375 0.68984375 0.1734375 0.2140625
0 0.909375 0.07890625 0.178125 0.1578125
0 0.75625 0.1296875 0.1578125 0.1390625
0 0.1265625 0.21484375 0.1328125 0.1484375
0 0.60546875 0.815625 0.153125 0.1546875
0 0.37890625 0.2984375 0.146875 0.11875
0 0.14375 0.415625 0.1453125 0.0875
0 0.04765625 0.34453125 0.0953125 0.1484375
0 0.45859375 0.73125 0.2046875 0.2125
0 0.48359375 0.0765625 0.1296875 0.153125
0 0.45859375 0.5328125 0.190625 0.1734375
0 0.4 0.8984375 0.16875 0.203125
0 0.7234375 0.8734375 0.146875 0.1796875
0 0.86796875 0.20078125 0.115625 0.1125
0 0.9640625 0.84609375 0.06875 0.1078125