0 0.0875 0.88203125 0.0515625 0.06875
0 0.93984375 0.33515625 0.0703125 0.0625
0 0.053125 0.5265625 0.06875 0.0703125
0 0.1625 0.2140625 0.1078125 0.0859375
0 0.5890625 0.35 0.059375 0.0546875
0 0.596875 0.8890625 0.0546875 0.0703125
0 0.4359375 0.890625 0.0734375 0.065625
0 0.45546875 0.1875 0.10625 0.096875
0 0.81796875 0.73046875 0.0890625 0.0875
0 0.1046875 0.33828125 0.059375 0.0421875
0 0.2515625 0.3328125 0.0625 0.0625
0 0.7734375 0.94921875 0.0640625 0.0765625
0 0.0453125 0.246875 0.090625 0.0640625
0 0.72109375 0.51875 0.078125 0.078125
0 0.48125 0.49453125 0.040625 0.034375
0 0.31953125 0.4953125 0.0640625 0.0640625
0 0.35625 0.08671875 0.0484375 0.065625
0 0.4 0.12890625 0.0453125 0.05625
0 0.571875 0.03984375 0.0953125 0.0796875
0 0.11640625 0.9234375 0.059375 0.06875
0 0.4703125 0.375 0.0515625 0.0546875
0 0.74921875 0.2078125 0.0453125 0.0546875
0 0.5234375 0.51953125 0.071875 0.0640625
0 0.53671875 0.2953125 0.0546875 0.0484375
0 0.72265625 0.2984375 0.0859375 0.0890625
0 0.36953125 0.83515625 0.059375 0.0609375
0 0.65234375 0.60546875 0.0578125 0.0640625
0 0.15390625 0.15 0.06875 0.06875
0 0.421875 0.8296875 0.0640625 0.0609375
0 0.14375 0.271875 0.0484375 0.0484375
0 0.81640625 0.32265625 0.0734375 0.0625
0 0.09921875 0.71328125 0.05625 0.0671875
0 0.26796875 0.240625 0.071875 0.0671875
0 0.71171875 0.3921875 0.0734375 0.071875
0 0.475 0.28984375 0.0421875 0.0453125
0 0.321875 0.3546875 0.0828125 0.0703125
0 0.53125 0.2015625 0.06875 0.0875
0 0.6796875 0.23359375 0.0390625 0.0453125
0 0.86484375 0.653125 0.0890625 0.05625
0 0.6703125 0.03984375 0.0765625 0.078125
0 0.65234375 0.53359375 0.0453125 0.046875
0 0.63046875 0.94609375 0.078125 0.0796875
0 0.40546875 0.45625 0.0859375 0.0859375
0 0.5015625 0.11328125 0.0375 0.0625
0 0.70546875 0.6265625 0.0703125 0.0859375
0 0.47578125 0.11328125 0.040625 0.0640625
0 0.93203125 0.1 0.0921875 0.090625
0 0.84375 0.61640625 0.05625 0.0671875
0 0.5296875 0.40703125 0.05625 0.0546875
0 0.47734375 0.4359375 0.046875 0.0453125
0 0.2359375 0.7625 0.0609375 0.0640625
0 0.53125 0.4640625 0.0453125 0.0421875
0 0.32578125 0.1125 0.05625 0.0609375
0 0.171875 0.06953125 0.08125 0.0875
0 0.5328125 0.88984375 0.0796875 0.0921875
0 0.2203125 0.2015625 0.0765625 0.090625
0 0.58359375 0.1875 0.0578125 0.0625
0 0.765625 0.11484375 0.0640625 0.059375
0 0.2015625 0.95625 0.05 0.05
0 0.91796875 0.81171875 0.0765625 0.0859375
0 0.884375 0.88359375 0.059375 0.0609375
0 0.77578125 0.15859375 0.0609375 0.05625
0 0.3984375 0.3203125 0.0546875 0.0484375
0 0.86640625 0.29296875 0.065625 0.0625
0 0.45 0.06640625 0.0546875 0.0828125
0 0.490625 0.04765625 0.0609375 0.078125
0 0.61796875 0.58203125 0.059375 0.05
0 0.24296875 0.0296875 0.0453125 0.059375
0 0.64453125 0.32578125 0.05625 0.0703125
0 0.78359375 0.4671875 0.0703125 0.05625
0 0.65390625 0.17265625 0.0453125 0.0609375
0 0.75703125 0.59453125 0.046875 0.0421875
0 0.91484375 0.37265625 0.08125 0.0765625
0 0.9078125 0.2 0.0921875 0.0765625
0 0.41171875 0.678125 0.0390625 0.0515625
0 0.3703125 0.37421875 0.040625 0.053125
0 0.384375 0.60546875 0.06875 0.0671875
0 0.13671875 0.5015625 0.059375 0.059375
0 0.734375 0.16953125 0.0578125 0.05625
0 0.225 0.290625 0.053125 0.053125
0 0.15625 0.88671875 0.0859375 0.084375
0 0.26015625 0.9234375 0.05 0.0671875
0 0.5921875 0.22578125 0.075 0.0796875
0 0.70703125 0.8765625 0.0859375 0.09375
0 0.63515625 0.14609375 0.04375 0.0546875
0 0.4703125 0.646875 0.1109375 0.1
0 0.5828125 0.428125 0.05 0.053125
0 0.83125 0.06875 0.078125 0.0953125
0 0.3765625 0.75234375 0.0484375 0.05
0 0.36328125 0.41875 0.0546875 0.0546875
0 0.8625 0.76953125 0.0609375 0.065625
0 0.27890625 0.80078125 0.05 0.053125
0 0.2984375 0.19375 0.071875 0.0828125
0 0.74765625 0.66953125 0.0546875 0.0640625
0 0.71875 0.0875 0.059375 0.0671875
0 0.25859375 0.58984375 0.05625 0.0515625
0 0.35078125 0.196875 0.059375 0.059375
0 0.60234375 0.503125 0.0421875 0.04375
0 0.6296875 0.38515625 0.05 0.0484375
0 0.21953125 0.69765625 0.1078125 0.103125
0 0.80390625 0.24375 0.05625 0.0484375
0 0.34140625 0.7625 0.05625 0.059375
0 0.81640625 0.85859375 0.071875 0.08125
0 0.1046875 0.1078125 0.0671875 0.075
0 0.359375 0.29140625 0.0515625 0.046875
0 0.91640625 0.28515625 0.0703125 0.06875
0 0.8125 0.2796875 0.0484375 0.0546875
0 0.79921875 0.54375 0.059375 0.06875
0 0.64765625 0.27265625 0.0453125 0.059375
0 0.32578125 0.24375 0.0765625 0.0703125
0 0.46875 0.77890625 0.0625 0.0609375
0 0.60390625 0.6953125 0.0640625 0.0796875