0 0.94453125 0.46640625 0.109375 0.11875
0 0.6828125 0.43671875 0.0875 0.09375
0 0.0984375 0.8671875 0.1390625 0.1171875
0 0.57734375 0.32578125 0.0921875 0.134375
0 0.62421875 0.2234375 0.065625 0.0875
0 0.6796875 0.12421875 0.071875 0.10625
0 0.59296875 0.43671875 0.125 0.1296875
0 0.225 0.87578125 0.1125 0.1546875
0 0.325 0.0625 0.1375 0.125
0 0.55625 0.67265625 0.1859375 0.1203125
0 0.5921875 0.1453125 0.1265625 0.1
0 0.83828125 0.21875 0.0765625 0.0734375
0 0.38828125 0.89765625 0.2328125 0.115625
0 0.9453125 0.35 0.1078125 0.1328125
0 0.77109375 0.459375 0.0828125 0.084375
0 0.396875 0.2421875 0.0875 0.0921875
0 0.046875 0.30390625 0.09375 0.1359375
0 0.55390625 0.21875 0.071875 0.1015625
0 0.46875 0.05703125 0.0640625 0.0890625
0 0.54453125 0.084375 0.078125 0.0875
0 0.38125 0.36796875 0.1484375 0.128125
0 0.78515625 0.3890625 0.0921875 0.0765625
0 0.58125 0.759375 0.1078125 0.1140625
0 0.86171875 0.06640625 0.1390625 0.1140625
0 0.696875 0.75078125 0.140625 0.1703125
0 0.14296875 0.359375 0.1265625 0.1125
0 0.69921875 0.8828125 0.1109375 0.134375
0 0.278125 0.1703125 0.1625 0.096875
0 0.4453125 0.2890625 0.128125 0.121875
0 0.83671875 0.7703125 0.1546875 0.2375
0 0.50859375 0.75078125 0.0828125 0.0921875
0 0.73046875 0.275 0.0796875 0.05625
0 0.32578125 0.29296875 0.109375 0.1078125
0 0.5640625 0.89765625 0.19375 0.2015625
0 0.6578125 0.3375 0.08125 0.103125
0 0.13359375 0.74609375 0.1703125 0.14375
0 0.5015625 0.37109375 0.1140625 0.1640625
0 0.90078125 0.215625 0.090625 0.084375
0 0.103125 0.23828125 0.1265625 0.1
0 0.875 0.146875 0.10625 0.0953125
0 0.8453125 0.3234375 0.1203125 0.1375
0 0.484375 0.11875 0.0734375 0.090625
0 0.7734375 0.08203125 0.0984375 0.0828125
0 0.75625 0.6921875 0.1421875 0.1375
0 0.17734375 0.078125 0.1453125 0.1296875
0 0.921875 0.7 0.1140625 0.1234375
0 0.74375 0.3375 0.084375 0.090625
0 0.15078125 0.8984375 0.11875 0.134375
0 0.1984375 0.296875 0.1578125 0.1453125
0 0.44453125 0.175 0.1640625 0.1125
0 0.075 0.14453125 0.15 0.1109375
0 0.42109375 0.76484375 0.209375 0.2234375
0 0.75390625 0.1625 0.15625 0.13125