0 0.4828125 0.92109375 0.08125 0.1
0 0.11875 0.55546875 0.08125 0.05625
0 0.2125 0.8375 0.0859375 0.0875
0 0.04140625 0.78515625 0.0828125 0.1203125
0 0.59921875 0.15546875 0.075 0.0765625
0 0.378125 0.8265625 0.0859375 0.115625
0 0.23984375 0.74609375 0.08125 0.06875
0 0.05546875 0.6703125 0.065625 0.0453125
0 0.3109375 0.740625 0.0734375 0.0796875
0 0.28828125 0.8109375 0.078125 0.0609375
0 0.05078125 0.61796875 0.053125 0.0578125
0 0.4578125 0.67421875 0.0859375 0.121875
0 0.25078125 0.66328125 0.1234375 0.1203125
0 0.4515625 0.8609375 0.0890625 0.090625
0 0.53671875 0.76015625 0.0484375 0.05625
0 0.09296875 0.6921875 0.0640625 0.06875
0 0.16328125 0.62578125 0.1015625 0.0875
0 0.0765625 0.4296875 0.0765625 0.084375
0 0.1921875 0.865625 0.1015625 0.1
0 0.3921875 0.9125 0.0765625 0.1015625
0 0.121875 0.79921875 0.1296875 0.10625
0 0.10078125 0.62109375 0.0671875 0.0875
0 0.56171875 0.9453125 0.1078125 0.109375
0 0.1078125 0.51875 0.1125 0.08125
0 0.12890625 0.7234375 0.0640625 0.071875
0 0.48828125 0.79765625 0.0859375 0.1125