0 0.1875 0.78046875 0.1109375 0.1
0 0.2953125 0.65390625 0.146875 0.146875
0 0.21796875 0.2078125 0.1625 0.1609375
0 0.1546875 0.875 0.1765625 0.171875
0 0.9 0.490625 0.13125 0.146875
0 0.35 0.30625 0.15625 0.1546875
0 0.34375 0.15859375 0.1203125 0.171875
0 0.75859375 0.1859375 0.1890625 0.1890625
0 0.42265625 0.434375 0.15625 0.1640625
0 0.184375 0.53125 0.184375 0.18125
0 0.4671875 0.72578125 0.1375 0.146875
0 0.1859375 0.328125 0.1140625 0.103125
0 0.77421875 0.334375 0.14375 0.1421875
0 0.67734375 0.07890625 0.125 0.1578125
0 0.7859375 0.58125 0.1859375 0.159375
0 0.44453125 0.059375 0.1484375 0.11875
0 0.80078125 0.45234375 0.125 0.115625
0 0.35859375 0.59453125 0.1015625 0.1
0 0.58984375 0.2375 0.165625 0.134375
0 0.36875 0.7296875 0.1265625 0.1546875
0 0.21484375 0.096875 0.1546875 0.19375
0 0.0984375 0.14765625 0.128125 0.16875
0 0.61875 0.346875 0.1734375 0.1609375
0 0.76875 0.08828125 0.2 0.146875
0 0.2515625 0.41015625 0.1453125 0.1578125
0 0.4828125 0.278125 0.128125 0.1390625
0 0.5203125 0.6234375 0.15625 0.1421875
0 0.903125 0.17421875 0.109375 0.0828125
0 0.2109375 0.6953125 0.134375 0.13125
0 0.92265625 0.35546875 0.1546875 0.1828125
0 0.39140625 0.9015625 0.1125 0.1578125
0 0.58515625 0.49375 0.171875 0.1890625
0 0.34609375 0.521875 0.1125 0.0921875
0 0.56328125 0.09921875 0.1375 0.1984375
0 0.54140625 0.86953125 0.19375 0.225
0 0.92578125 0.92890625 0.146875 0.140625
0 0.4703125 0.16484375 0.1 0.1078125
0 0.05703125 0.51953125 0.1140625 0.1453125
0 0.0875 0.309375 0.1140625 0.1234375