0 0.7984375 0.48203125 0.059375 0.046875
0 0.68671875 0.8609375 0.1 0.0859375
0 0.56875 0.15625 0.0890625 0.071875
0 0.78671875 0.33984375 0.0921875 0.1109375
0 0.50625 0.66640625 0.11875 0.0984375
0 0.8984375 0.04609375 0.0921875 0.0921875
0 0.87109375 0.79140625 0.0578125 0.0640625
0 0.9078125 0.33359375 0.05 0.05625
0 0.42265625 0.7234375 0.084375 0.0921875
0 0.0546875 0.7515625 0.09375 0.10625
0 0.87265625 0.96875 0.05625 0.0578125
0 0.071875 0.14609375 0.0953125 0.09375
0 0.1640625 0.171875 0.0921875 0.075
0 0.91328125 0.09296875 0.0515625 0.0515625
0 0.74140625 0.49609375 0.0609375 0.084375
0 0.921875 0.27421875 0.0875 0.0765625
0 0.81328125 0.071875 0.103125 0.1171875
0 0.17578125 0.23125 0.0640625 0.05
0 0.82734375 0.575 0.1125 0.0859375
0 0.84375 0.46328125 0.0671875 0.05
0 0.721875 0.91796875 0.0640625 0.0609375
0 0.27578125 0.63359375 0.0796875 0.1109375
0 0.434375 0.17578125 0.0734375 0.0796875
0 0.2421875 0.25390625 0.115625 0.1171875
0 0.753125 0.42109375 0.096875 0.075
0 0.37421875 0.425 0.0671875 0.0546875
0 0.34921875 0.28203125 0.0859375 0.134375
0 0.865625 0.3109375 0.065625 0.0671875
0 0.85625 0.184375 0.1171875 0.0953125
0 0.42734375 0.26875 0.0828125 0.1078125
0 0.36484375 0.03828125 0.1203125 0.0765625
0 0.14921875 0.4796875 0.125 0.13125
0 0.3359375 0.69296875 0.0765625 0.0734375
0 0.8609375 0.7265625 0.0859375 0.0640625
0 0.7484375 0.203125 0.1078125 0.1015625
0 0.503125 0.3984375 0.0765625 0.0828125
0 0.509375 0.453125 0.0578125 0.06875
0 0.7125 0.34453125 0.11875 0.109375
0 0.390625 0.875 0.0734375 0.0875
0 0.90703125 0.48828125 0.084375 0.084375
0 0.178125 0.92265625 0.0859375 0.1265625
0 0.478125 0.896875 0.0734375 0.1
0 0.88046875 0.54453125 0.0578125 0.0671875
0 0.68984375 0.4296875 0.040625 0.053125
0 0.61953125 0.053125 0.075 0.05625
0 0.40625 0.3875 0.071875 0.059375
0 0.6796875 0.5625 0.065625 0.10625
0 0.8921875 0.6625 0.06875 0.0546875
0 0.6421875 0.16015625 0.0578125 0.05625
0 0.88046875 0.42421875 0.0875 0.0765625
0 0.8296875 0.9203125 0.0734375 0.0625
0 0.409375 0.9515625 0.0765625 0.075
0 0.38125 0.19453125 0.0625 0.0609375
0 0.43828125 0.42734375 0.053125 0.06875
0 0.09921875 0.60625 0.0625 0.028125
0 0.92421875 0.55546875 0.0515625 0.0625
0 0.0484375 0.60546875 0.0421875 0.0484375
0 0.115625 0.94609375 0.0671875 0.0953125
0 0.5625 0.3859375 0.0625 0.05625
0 0.74375 0.95234375 0.065625 0.0578125
0 0.33359375 0.18125 0.0609375 0.0796875
0 0.253125 0.14609375 0.109375 0.11875
0 0.5484375 0.7609375 0.0953125 0.115625
0 0.434375 0.5890625 0.0859375 0.0984375
0 0.52890625 0.91015625 0.0515625 0.0671875
0 0.15546875 0.72265625 0.1125 0.121875
0 0.15546875 0.31328125 0.125 0.0921875
0 0.9359375 0.35 0.1265625 0.10625
0 0.21875 0.58671875 0.1140625 0.134375
0 0.83515625 0.65234375 0.08125 0.0671875
0 0.08984375 0.66328125 0.10625 0.0859375
0 0.08515625 0.571875 0.0734375 0.046875
0 0.70625 0.13203125 0.1109375 0.1375
0 0.6640625 0.715625 0.10625 0.0953125
0 0.5390625 0.59609375 0.084375 0.0984375
0 0.553125 0.46640625 0.0640625 0.059375
0 0.47265625 0.7125 0.0484375 0.053125
0 0.5328125 0.959375 0.10625 0.0796875
0 0.94140625 0.7703125 0.0625 0.05625
0 0.478125 0.32578125 0.0765625 0.0828125
0 0.628125 0.1046875 0.0421875 0.046875
0 0.9421875 0.60234375 0.05625 0.04375
0 0.64921875 0.63515625 0.090625 0.0796875
0 0.3734375 0.6484375 0.1 0.10625
0 0.5859375 0.6421875 0.075 0.0921875
0 0.8015625 0.82421875 0.1171875 0.121875
0 0.06484375 0.04609375 0.0921875 0.0703125
0 0.5625 0.9046875 0.0546875 0.0625
0 0.16015625 0.5671875 0.071875 0.06875
0 0.290625 0.078125 0.075 0.1
0 0.759375 0.70703125 0.1046875 0.134375
0 0.62890625 0.4828125 0.0875 0.0921875
0 0.24609375 0.45390625 0.121875 0.121875
0 0.16171875 0.08125 0.1015625 0.1015625
0 0.7046875 0.49921875 0.0515625 0.078125
0 0.11015625 0.36875 0.1109375 0.1
0 0.62421875 0.56796875 0.053125 0.0625
0 0.84765625 0.3765625 0.0796875 0.0796875
0 0.93671875 0.6453125 0.0828125 0.0703125
0 0.6421875 0.2421875 0.096875 0.1328125
0 0.74140625 0.5890625 0.0609375 0.053125
0 0.3625 0.14765625 0.06875 0.075
0 0.49296875 0.50546875 0.0640625 0.0640625
0 0.55546875 0.23984375 0.0875 0.0859375