0 0.52109375 0.15703125 0.1390625 0.15625
0 0.6484375 0.840625 0.2828125 0.315625
0 0.078125 0.82578125 0.15625 0.2015625
0 0.328125 0.2953125 0.171875 0.1734375
0 0.07890625 0.48125 0.1578125 0.13125
0 0.0640625 0.21875 0.128125 0.128125
0 0.15625 0.83984375 0.1953125 0.2734375
0 0.29921875 0.44765625 0.228125 0.1734375
0 0.89453125 0.12109375 0.2078125 0.2421875
0 0.7890625 0.471875 0.2109375 0.1875
0 0.11171875 0.10625 0.2140625 0.2125
0 0.49921875 0.3921875 0.1828125 0.1734375
0 0.475 0.5265625 0.159375 0.1375
0 0.70859375 0.18671875 0.2875 0.271875
0 0.8515625 0.26015625 0.196875 0.1546875
0 0.53828125 0.0515625 0.1875 0.103125
0 0.25859375 0.1140625 0.1734375 0.228125
0 0.6015625 0.565625 0.140625 0.1375
0 0.51796875 0.653125 0.13125 0.165625
0 0.32890625 0.63671875 0.165625 0.2234375
0 0.50625 0.915625 0.1296875 0.146875
0 0.64375 0.4140625 0.1875 0.2328125
0 0.4390625 0.64765625 0.115625 0.209375
0 0.45625 0.3265625 0.13125 0.134375
0 0.62421875 0.12734375 0.1125 0.1953125
0 0.08125 0.3453125 0.1625 0.221875
0 0.88984375 0.80390625 0.2171875 0.290625
0 0.378125 0.09765625 0.19375 0.1953125
0 0.24375 0.93125 0.1375 0.1359375
0 0.07578125 0.62265625 0.1515625 0.2109375
0 0.46328125 0.21953125 0.1375 0.1421875
0 0.69921875 0.684375 0.2046875 0.2328125
0 0.1671875 0.30625 0.2078125 0.240625
0 0.14453125 0.6671875 0.1078125 0.08125
0 0.20234375 0.565625 0.190625 0.2015625
0 0.35859375 0.89453125 0.13125 0.103125
0 0.8640625 0.40859375 0.26875 0.2703125
0 0.359375 0.8 0.2125 0.1609375
0 0.11328125 0.95390625 0.1140625 0.0890625