0 0.10885416666666667 0.7059895833333333 0.11145833333333334 0.09635416666666667
0 0.9151041666666667 0.7963541666666667 0.13802083333333334 0.12135416666666667
0 0.23541666666666666 0.20598958333333334 0.1625 0.1703125
0 0.05286458333333333 0.7481770833333333 0.10572916666666667 0.1125
0 0.9161458333333333 0.6299479166666667 0.16145833333333334 0.1796875
0 0.72109375 0.8065104166666667 0.06666666666666667 0.06875
0 0.2640625 0.75625 0.12916666666666668 0.16614583333333333
0 0.4908854166666667 0.09296875 0.12083333333333333 0.11354166666666667
0 0.8127604166666667 0.246875 0.11875 0.14166666666666666
0 0.4453125 0.6520833333333333 0.11822916666666666 0.08385416666666666
0 0.10963541666666667 0.10130208333333333 0.21927083333333333 0.19010416666666666
0 0.7247395833333333 0.3966145833333333 0.07916666666666666 0.07447916666666667
0 0.6489583333333333 0.6692708333333334 0.06510416666666667 0.109375
0 0.9244791666666666 0.1875 0.13854166666666667 0.19739583333333333
0 0.32526041666666666 0.95859375 0.10364583333333334 0.0828125
0 0.17265625 0.6979166666666666 0.03697916666666667 0.044270833333333336
0 0.9721354166666667 0.8533854166666667 0.04635416666666667 0.12135416666666667
0 0.37005208333333334 0.03619791666666667 0.11979166666666667 0.06614583333333333
0 0.06380208333333333 0.596875 0.12760416666666666 0.15989583333333332
0 0.8328125 0.08723958333333333 0.034375 0.041666666666666664
0 0.5822916666666667 0.40859375 0.08645833333333333 0.07760416666666667
0 0.7606770833333333 0.46484375 0.0375 0.059375
0 0.6270833333333333 0.30859375 0.05625 0.0890625
0 0.1578125 0.8119791666666667 0.1 0.10416666666666667
0 0.07864583333333333 0.2755208333333333 0.15729166666666666 0.209375
0 0.9536458333333333 0.9515625 0.08229166666666667 0.08020833333333334
0 0.5096354166666667 0.28828125 0.184375 0.13854166666666667
0 0.6981770833333333 0.14661458333333333 0.24270833333333333 0.2328125
0 0.9830729166666666 0.72421875 0.026041666666666668 0.05677083333333333
0 0.05651041666666667 0.9252604166666667 0.1125 0.14947916666666666
0 0.79140625 0.7184895833333333 0.0796875 0.08541666666666667
0 0.5015625 0.9528645833333333 0.11666666666666667 0.09427083333333333
0 0.44088541666666664 0.18411458333333333 0.06614583333333333 0.05625
0 0.490625 0.8955729166666667 0.06197916666666667 0.042708333333333334
0 0.03046875 0.8346354166666666 0.06041666666666667 0.08489583333333334
0 0.8963541666666667 0.09557291666666666 0.08125 0.07447916666666667
0 0.315625 0.6546875 0.041666666666666664 0.044270833333333336
0 0.21901041666666668 0.3078125 0.08697916666666666 0.08333333333333333
0 0.4278645833333333 0.8020833333333334 0.2171875 0.24010416666666667
0 0.6786458333333333 0.35572916666666665 0.1140625 0.14166666666666666
0 0.5200520833333333 0.18229166666666666 0.12916666666666668 0.090625
0 0.4557291666666667 0.5028645833333333 0.134375 0.19166666666666668
0 0.7494791666666667 0.6596354166666667 0.14427083333333332 0.09479166666666666
0 0.5174479166666667 0.45208333333333334 0.10989583333333333 0.1234375
0 0.7997395833333333 0.81015625 0.09010416666666667 0.08489583333333334
0 0.8432291666666667 0.8973958333333333 0.13489583333333333 0.134375
0 0.6130208333333333 0.47239583333333335 0.08072916666666667 0.07552083333333333
0 0.5583333333333333 0.5859375 0.16614583333333333 0.18489583333333334
0 0.6825520833333333 0.92265625 0.08697916666666666 0.1203125
0 0.93125 0.9153645833333334 0.06041666666666667 0.09270833333333334
0 0.8419270833333333 0.9768229166666667 0.08489583333333334 0.0359375
0 0.8075520833333333 0.5630208333333333 0.0921875 0.13020833333333334
0 0.59296875 0.73515625 0.09166666666666666 0.10833333333333334
0 0.3927083333333333 0.35104166666666664 0.08229166666666667 0.0625
0 0.5067708333333333 0.41302083333333334 0.07447916666666667 0.0609375
0 0.209375 0.9260416666666667 0.1984375 0.14791666666666667
0 0.7986979166666667 0.05651041666666667 0.1390625 0.11302083333333333
0 0.70234375 0.4765625 0.10520833333333333 0.0890625
0 0.44036458333333334 0.4 0.12916666666666668 0.08385416666666666
0 0.9369791666666667 0.04140625 0.109375 0.0828125
0 0.9578125 0.3763020833333333 0.08020833333333334 0.17447916666666666
0 0.8359375 0.38828125 0.16302083333333334 0.14895833333333333
0 0.9307291666666667 0.5197916666666667 0.051041666666666666 0.07708333333333334
0 0.9432291666666667 0.45677083333333335 0.09947916666666666 0.1
0 0.8442708333333333 0.4953125 0.14166666666666666 0.11041666666666666
0 0.7143229166666667 0.56953125 0.10416666666666667 0.10052083333333334
0 0.016927083333333332 0.45598958333333334 0.033854166666666664 0.11197916666666667
0 0.05546875 0.40651041666666665 0.0921875 0.06927083333333334
0 0.36744791666666665 0.10833333333333334 0.13020833333333334 0.08541666666666667
0 0.3640625 0.23359375 0.10625 0.18958333333333333
0 0.5885416666666666 0.8247395833333333 0.1109375 0.08802083333333334
0 0.58984375 0.925 0.109375 0.12447916666666667
0 0.21432291666666667 0.5166666666666667 0.26979166666666665 0.2791666666666667
0 0.365625 0.5682291666666667 0.06927083333333334 0.1140625
0 0.7104166666666667 0.72890625 0.08489583333333334 0.08177083333333333
0 0.28098958333333335 0.3424479166666667 0.128125 0.08541666666666667
0 0.2526041666666667 0.06380208333333333 0.1 0.096875
0 0.26171875 0.01328125 0.07135416666666666 0.019270833333333334
0 0.675 0.016666666666666666 0.09166666666666666 0.03333333333333333
0 0.5385416666666667 0.016145833333333335 0.07604166666666666 0.03229166666666667
0 0.7479166666666667 0.8934895833333333 0.06875 0.11666666666666667
0 0.759375 0.9809895833333333 0.0359375 0.0296875
0 0.4083333333333333 0.9606770833333333 0.07291666666666667 0.07864583333333333