0 0.8924479166666667 0.30078125 0.10989583333333333 0.09427083333333333
0 0.08645833333333333 0.19635416666666666 0.1359375 0.11875
0 0.7627604166666667 0.7984375 0.159375 0.16770833333333332
0 0.9481770833333333 0.2596354166666667 0.10364583333333334 0.1109375
0 0.08255208333333333 0.36276041666666664 0.16197916666666667 0.17708333333333334
0 0.28072916666666664 0.18958333333333333 0.065625 0.06770833333333333
0 0.7375 0.24791666666666667 0.1265625 0.1640625
0 0.5067708333333333 0.90703125 0.11875 0.11145833333333334
0 0.18567708333333333 0.74765625 0.11614583333333334 0.13958333333333334
0 0.55546875 0.34869791666666666 0.11666666666666667 0.08177083333333333
0 0.8901041666666667 0.90546875 0.21979166666666666 0.18645833333333334
0 0.27447916666666666 0.5994791666666667 0.078125 0.07291666666666667
0 0.35182291666666665 0.328125 0.06302083333333333 0.10833333333333334
0 0.07369791666666667 0.8049479166666667 0.13489583333333333 0.1953125
0 0.6776041666666667 0.04296875 0.10208333333333333 0.084375
0 0.8283854166666667 0.3078125 0.036458333333333336 0.04375
0 0.026302083333333334 0.13828125 0.0515625 0.1203125
0 0.62734375 0.9658854166666667 0.11875 0.0640625
0 0.9372395833333333 0.41067708333333336 0.12552083333333333 0.1578125
0 0.16484375 0.9067708333333333 0.033854166666666664 0.04114583333333333
0 0.4171875 0.58984375 0.08489583333333334 0.07604166666666666
0 0.23932291666666666 0.53046875 0.036458333333333336 0.058854166666666666
0 0.37161458333333336 0.6890625 0.0546875 0.08802083333333334
0 0.8440104166666667 0.19401041666666666 0.0984375 0.10260416666666666
0 0.9213541666666667 0.7315104166666667 0.15729166666666666 0.20677083333333332
0 0.04505208333333333 0.040364583333333336 0.08854166666666667 0.07864583333333333
0 0.48932291666666666 0.7114583333333333 0.18229166666666666 0.13541666666666666
0 0.29973958333333334 0.8497395833333333 0.23854166666666668 0.22864583333333333
0 0.015885416666666666 0.2671875 0.029166666666666667 0.05625
0 0.9455729166666667 0.078125 0.10885416666666667 0.15625
0 0.20989583333333334 0.27630208333333334 0.078125 0.08385416666666666
0 0.5010416666666667 0.046614583333333334 0.11510416666666666 0.09322916666666667
0 0.5572916666666666 0.8169270833333333 0.06510416666666667 0.05520833333333333
0 0.5114583333333333 0.1046875 0.06145833333333333 0.041666666666666664
0 0.9708333333333333 0.1734375 0.058333333333333334 0.08385416666666666
0 0.10130208333333333 0.8973958333333333 0.08020833333333334 0.07291666666666667
0 0.68515625 0.3484375 0.04114583333333333 0.04375
0 0.7799479166666666 0.6971354166666667 0.08541666666666667 0.08177083333333333
0 0.5736979166666667 0.19921875 0.21302083333333333 0.23645833333333333
0 0.3203125 0.6411458333333333 0.11145833333333334 0.13958333333333334
0 0.478125 0.8171875 0.12760416666666666 0.08854166666666667
0 0.5442708333333334 0.4979166666666667 0.13125 0.18958333333333333
0 0.2515625 0.3359375 0.14270833333333333 0.0921875
0 0.4822916666666667 0.54765625 0.1078125 0.12135416666666667
0 0.20208333333333334 0.18463541666666666 0.08854166666666667 0.08333333333333333
0 0.15911458333333334 0.09661458333333334 0.13229166666666667 0.13229166666666667
0 0.38671875 0.5255208333333333 0.0796875 0.07395833333333333
0 0.4421875 0.41302083333333334 0.16302083333333334 0.18229166666666666
0 0.31979166666666664 0.07421875 0.08489583333333334 0.11875
0 0.07135416666666666 0.07708333333333334 0.058854166666666666 0.09166666666666666
0 0.16067708333333333 0.0171875 0.084375 0.034375
0 0.19270833333333334 0.4315104166666667 0.09010416666666667 0.12864583333333332
0 0.40859375 0.26328125 0.08958333333333333 0.10677083333333333
0 0.6065104166666667 0.65078125 0.08125 0.0609375
0 0.49270833333333336 0.58671875 0.0734375 0.059895833333333336
0 0.7927083333333333 0.07838541666666667 0.19583333333333333 0.1453125
0 0.19869791666666667 0.94140625 0.13697916666666668 0.1171875
0 0.29765625 0.5197916666666667 0.10364583333333334 0.0875
0 0.5588541666666667 0.6010416666666667 0.12760416666666666 0.08177083333333333
0 0.059895833333333336 0.9552083333333333 0.1078125 0.08958333333333333
0 0.041666666666666664 0.615625 0.07708333333333334 0.1734375
0 0.16354166666666667 0.6057291666666667 0.16041666666666668 0.14635416666666667
0 0.06953125 0.47265625 0.049479166666666664 0.07604166666666666
0 0.05651041666666667 0.5354166666666667 0.09791666666666667 0.0984375
0 0.15572916666666667 0.4986979166666667 0.13958333333333334 0.1078125
0 0.28619791666666666 0.4265625 0.10260416666666666 0.09895833333333333
0 0.98359375 0.55234375 0.0328125 0.11145833333333334
0 0.94375 0.6013020833333333 0.09114583333333333 0.06770833333333333
0 0.63046875 0.8940104166666667 0.12864583333333332 0.08333333333333333
0 0.634375 0.76875 0.103125 0.18802083333333333
0 0.41354166666666664 0.17369791666666667 0.109375 0.0859375
0 0.4127604166666667 0.0734375 0.10729166666666666 0.12239583333333333
0 0.7856770833333333 0.48828125 0.26510416666666664 0.27447916666666666
0 0.6346354166666667 0.43411458333333336 0.0671875 0.11302083333333333
0 0.2908854166666667 0.2674479166666667 0.08333333333333333 0.08020833333333334
0 0.71796875 0.6611979166666667 0.1265625 0.08333333333333333
0 0.7450520833333333 0.9403645833333333 0.0984375 0.0953125
0 0.7354166666666667 0.9908854166666666 0.07083333333333333 0.018229166666666668
0 0.3221354166666667 0.98203125 0.09114583333333333 0.0359375
0 0.4588541666666667 0.9838541666666667 0.07552083333333333 0.03229166666666667
0 0.25442708333333336 0.10208333333333333 0.06666666666666667 0.115625
0 0.24322916666666666 0.014583333333333334 0.035416666666666666 0.029166666666666667
0 0.59453125 0.03984375 0.07135416666666666 0.0796875