0 0.890625 0.69921875 0.109375 0.09427083333333333
0 0.08541666666666667 0.8036458333333333 0.13541666666666666 0.11875
0 0.7580729166666667 0.2015625 0.15833333333333333 0.16770833333333332
0 0.94765625 0.7403645833333333 0.1046875 0.1109375
0 0.08046875 0.6372395833333333 0.1609375 0.17708333333333334
0 0.2796875 0.8104166666666667 0.06510416666666667 0.06770833333333333
0 0.7359375 0.7520833333333333 0.12552083333333333 0.1640625
0 0.5015625 0.09296875 0.11822916666666666 0.11145833333333334
0 0.18125 0.25234375 0.11510416666666666 0.13958333333333334
0 0.5533854166666666 0.6513020833333333 0.11614583333333334 0.08177083333333333
0 0.8869791666666667 0.09453125 0.2234375 0.18645833333333334
0 0.27109375 0.4005208333333333 0.07760416666666667 0.07291666666666667
0 0.35 0.671875 0.0625 0.10833333333333334
0 0.06901041666666667 0.19505208333333332 0.13385416666666666 0.1953125
0 0.67734375 0.95703125 0.1015625 0.084375
0 0.8265625 0.6921875 0.036458333333333336 0.04375
0 0.025520833333333333 0.86171875 0.051041666666666666 0.1203125
0 0.6216145833333333 0.03411458333333333 0.11822916666666666 0.0640625
0 0.9361979166666666 0.5893229166666667 0.12760416666666666 0.1578125
0 0.15963541666666667 0.09322916666666667 0.033854166666666664 0.04114583333333333
0 0.41380208333333335 0.41015625 0.084375 0.07604166666666666
0 0.23619791666666667 0.46953125 0.0359375 0.058854166666666666
0 0.36770833333333336 0.3109375 0.05416666666666667 0.08802083333333334
0 0.84296875 0.8059895833333334 0.09791666666666667 0.10260416666666666
0 0.9197916666666667 0.26848958333333334 0.16041666666666668 0.20677083333333332
0 0.04479166666666667 0.9596354166666666 0.08802083333333334 0.07864583333333333
0 0.48515625 0.28854166666666664 0.18125 0.13541666666666666
0 0.2947916666666667 0.15026041666666667 0.23697916666666666 0.22864583333333333
0 0.014322916666666666 0.7328125 0.028645833333333332 0.05625
0 0.9455729166666667 0.921875 0.10885416666666667 0.15625
0 0.20833333333333334 0.7236979166666667 0.07760416666666667 0.08385416666666666
0 0.50078125 0.9533854166666667 0.11458333333333333 0.09322916666666667
0 0.5526041666666667 0.18307291666666667 0.06458333333333334 0.05520833333333333
0 0.5109375 0.8953125 0.06145833333333333 0.041666666666666664
0 0.9703125 0.8265625 0.058333333333333334 0.08385416666666666
0 0.09609375 0.10260416666666666 0.0796875 0.07291666666666667
0 0.6830729166666667 0.6515625 0.04114583333333333 0.04375
0 0.77578125 0.3028645833333333 0.08489583333333334 0.08177083333333333
0 0.57265625 0.80078125 0.21145833333333333 0.23645833333333333
0 0.31666666666666665 0.35885416666666664 0.11041666666666666 0.13958333333333334
0 0.4734375 0.1828125 0.12708333333333333 0.08854166666666667
0 0.54140625 0.5020833333333333 0.13020833333333334 0.18958333333333333
0 0.24947916666666667 0.6640625 0.1421875 0.0921875
0 0.4791666666666667 0.45234375 0.10729166666666666 0.12135416666666667
0 0.20104166666666667 0.8153645833333333 0.08802083333333334 0.08333333333333333
0 0.15859375 0.9033854166666667 0.13177083333333334 0.13229166666666667
0 0.38359375 0.4744791666666667 0.07916666666666666 0.07395833333333333
0 0.43984375 0.5869791666666667 0.16197916666666667 0.18229166666666666
0 0.31927083333333334 0.92578125 0.084375 0.11875
0 0.07083333333333333 0.9229166666666667 0.058333333333333334 0.09166666666666666
0 0.16067708333333333 0.9828125 0.084375 0.034375
0 0.19010416666666666 0.5684895833333333 0.08958333333333333 0.12864583333333332
0 0.40703125 0.73671875 0.0890625 0.10677083333333333
0 0.6026041666666667 0.34921875 0.08072916666666667 0.0609375
0 0.48932291666666666 0.41328125 0.07291666666666667 0.059895833333333336
0 0.7921875 0.9216145833333333 0.19479166666666667 0.1453125
0 0.19322916666666667 0.05859375 0.13645833333333332 0.1171875
0 0.29453125 0.48020833333333335 0.103125 0.0875
0 0.55546875 0.39895833333333336 0.12708333333333333 0.08177083333333333
0 0.054427083333333334 0.04479166666666667 0.10729166666666666 0.08958333333333333
0 0.03802083333333333 0.384375 0.07604166666666666 0.1734375
0 0.15989583333333332 0.39427083333333335 0.159375 0.14635416666666667
0 0.06666666666666667 0.52734375 0.04895833333333333 0.07604166666666666
0 0.053385416666666664 0.46458333333333335 0.09739583333333333 0.0984375
0 0.15286458333333333 0.5013020833333334 0.1390625 0.1078125
0 0.28359375 0.5734375 0.10208333333333333 0.09895833333333333
0 0.98203125 0.44765625 0.0359375 0.11145833333333334
0 0.9403645833333333 0.39869791666666665 0.090625 0.06770833333333333
0 0.6252604166666667 0.10598958333333333 0.128125 0.08333333333333333
0 0.6299479166666667 0.23125 0.10208333333333333 0.18802083333333333
0 0.4125 0.8263020833333333 0.10885416666666667 0.0859375
0 0.4122395833333333 0.9265625 0.10677083333333333 0.12239583333333333
0 0.7828125 0.51171875 0.2635416666666667 0.27447916666666666
0 0.63203125 0.5658854166666667 0.06666666666666667 0.11302083333333333
0 0.28932291666666665 0.7325520833333333 0.0828125 0.08020833333333334
0 0.7140625 0.33880208333333334 0.12604166666666666 0.08333333333333333
0 0.7395833333333334 0.05963541666666667 0.09791666666666667 0.0953125
0 0.7296875 0.009114583333333334 0.07083333333333333 0.018229166666666668
0 0.31640625 0.01796875 0.09114583333333333 0.0359375
0 0.453125 0.016145833333333335 0.07552083333333333 0.03229166666666667
0 0.25390625 0.8979166666666667 0.06614583333333333 0.115625
0 0.24322916666666666 0.9854166666666667 0.035416666666666666 0.029166666666666667
0 0.5942708333333333 0.96015625 0.07083333333333333 0.0796875