0 0.8888020833333333 0.29401041666666666 0.11145833333333334 0.09635416666666667
0 0.08151041666666667 0.20364583333333333 0.13802083333333334 0.12135416666666667
0 0.76796875 0.7940104166666667 0.1625 0.1703125
0 0.9450520833333333 0.2518229166666667 0.10729166666666666 0.1125
0 0.08203125 0.37005208333333334 0.1609375 0.1796875
0 0.2752604166666667 0.19348958333333333 0.06666666666666667 0.06875
0 0.7328125 0.24375 0.12916666666666668 0.16614583333333333
0 0.5138020833333333 0.90703125 0.12083333333333333 0.11354166666666667
0 0.19010416666666666 0.753125 0.11875 0.14166666666666666
0 0.5528645833333333 0.34791666666666665 0.11822916666666666 0.08385416666666666
0 0.8927083333333333 0.8986979166666667 0.21458333333333332 0.19010416666666666
0 0.27630208333333334 0.6033854166666667 0.07916666666666666 0.07447916666666667
0 0.3489583333333333 0.3307291666666667 0.06510416666666667 0.109375
0 0.07916666666666666 0.8125 0.13854166666666667 0.19739583333333333
0 0.66953125 0.04140625 0.10364583333333334 0.0828125
0 0.825 0.3020833333333333 0.03697916666666667 0.044270833333333336
0 0.023697916666666666 0.14661458333333333 0.04635416666666667 0.12135416666666667
0 0.6354166666666666 0.9638020833333333 0.11979166666666667 0.06614583333333333
0 0.9356770833333333 0.403125 0.12864583333333332 0.15989583333333332
0 0.171875 0.9127604166666666 0.034375 0.041666666666666664
0 0.41875 0.59140625 0.08645833333333333 0.07760416666666667
0 0.23984375 0.53515625 0.0375 0.059375
0 0.375 0.69140625 0.05625 0.0890625
0 0.8385416666666666 0.18802083333333333 0.1 0.10416666666666667
0 0.9223958333333333 0.7239583333333334 0.15520833333333334 0.209375
0 0.04088541666666667 0.0484375 0.08177083333333333 0.08020833333333334
0 0.49296875 0.71171875 0.184375 0.13854166666666667
0 0.3059895833333333 0.8533854166666667 0.24270833333333333 0.2328125
0 0.0140625 0.27578125 0.025520833333333333 0.05677083333333333
0 0.9385416666666667 0.07473958333333333 0.1125 0.14947916666666666
0 0.20598958333333334 0.28151041666666665 0.0796875 0.08541666666666667
0 0.49322916666666666 0.047135416666666666 0.11666666666666667 0.09427083333333333
0 0.5627604166666667 0.8158854166666667 0.06614583333333333 0.05625
0 0.5046875 0.10442708333333334 0.06197916666666667 0.042708333333333334
0 0.965625 0.16536458333333334 0.06041666666666667 0.08489583333333334
0 0.10833333333333334 0.9044270833333333 0.08125 0.07447916666666667
0 0.6825520833333333 0.3453125 0.041666666666666664 0.044270833333333336
0 0.7830729166666667 0.6921875 0.08697916666666666 0.08333333333333333
0 0.5684895833333333 0.19791666666666666 0.2171875 0.24010416666666667
0 0.3229166666666667 0.6442708333333333 0.1140625 0.14166666666666666
0 0.48359375 0.8177083333333334 0.12916666666666668 0.090625
0 0.5442708333333334 0.49713541666666666 0.134375 0.19166666666666668
0 0.24869791666666666 0.34036458333333336 0.14427083333333332 0.09479166666666666
0 0.4830729166666667 0.5479166666666667 0.10989583333333333 0.1234375
0 0.19661458333333334 0.18984375 0.09010416666666667 0.08489583333333334
0 0.15208333333333332 0.10260416666666666 0.13489583333333333 0.134375
0 0.38723958333333336 0.5276041666666667 0.08072916666666667 0.07552083333333333
0 0.440625 0.4140625 0.16614583333333333 0.18489583333333334
0 0.3125 0.07734375 0.08697916666666666 0.1203125
0 0.0640625 0.08463541666666667 0.06041666666666667 0.09270833333333334
0 0.15260416666666668 0.023177083333333334 0.08489583333333334 0.0359375
0 0.19166666666666668 0.43697916666666664 0.0921875 0.13020833333333334
0 0.4044270833333333 0.26484375 0.09166666666666666 0.10833333333333334
0 0.6088541666666667 0.6489583333333333 0.08229166666666667 0.0625
0 0.4942708333333333 0.5869791666666667 0.07447916666666667 0.0609375
0 0.78515625 0.07369791666666667 0.1984375 0.14739583333333334
0 0.20651041666666667 0.9432291666666667 0.1390625 0.11354166666666667
0 0.29791666666666666 0.5234375 0.10520833333333333 0.0890625
0 0.5606770833333333 0.6 0.12916666666666668 0.08385416666666666
0 0.06770833333333333 0.95859375 0.109375 0.0828125
0 0.04375 0.6236979166666666 0.08020833333333334 0.17447916666666666
0 0.16536458333333334 0.61171875 0.16302083333333334 0.14895833333333333
0 0.06901041666666667 0.48020833333333335 0.051041666666666666 0.07708333333333334
0 0.057291666666666664 0.5432291666666667 0.09947916666666666 0.1
0 0.15572916666666667 0.5046875 0.14166666666666666 0.11041666666666666
0 0.28489583333333335 0.43046875 0.10416666666666667 0.10052083333333334
0 0.9830729166666666 0.5440104166666667 0.033854166666666664 0.11197916666666667
0 0.9455729166666667 0.5934895833333333 0.0921875 0.06927083333333334
0 0.6372395833333333 0.8916666666666667 0.13020833333333334 0.08541666666666667
0 0.6390625 0.76640625 0.10625 0.18958333333333333
0 0.4078125 0.17526041666666667 0.1109375 0.08802083333333334
0 0.40520833333333334 0.075 0.109375 0.12447916666666667
0 0.7854166666666667 0.48333333333333334 0.26979166666666665 0.2791666666666667
0 0.63359375 0.4317708333333333 0.06927083333333334 0.1140625
0 0.2869791666666667 0.27109375 0.08489583333333334 0.08177083333333333
0 0.7208333333333333 0.6575520833333334 0.128125 0.08541666666666667
0 0.7526041666666666 0.9361979166666666 0.1 0.096875
0 0.7440104166666667 0.98671875 0.07135416666666666 0.019270833333333334
0 0.3302083333333333 0.9830729166666666 0.09166666666666666 0.033854166666666664
0 0.4671875 0.9838541666666667 0.07604166666666666 0.03229166666666667
0 0.24739583333333334 0.10651041666666666 0.06875 0.11666666666666667
0 0.23489583333333333 0.019010416666666665 0.0359375 0.0296875
0 0.5864583333333333 0.039322916666666666 0.07291666666666667 0.07864583333333333