0 0.1171875 0.7067708333333333 0.11145833333333334 0.096875
0 0.9244791666666666 0.8018229166666667 0.13802083333333334 0.12239583333333333
0 0.23802083333333332 0.20729166666666668 0.1625 0.17135416666666667
0 0.0609375 0.7484375 0.10729166666666666 0.11302083333333333
0 0.9213541666666667 0.6354166666666666 0.15729166666666666 0.18072916666666666
0 0.73046875 0.8106770833333333 0.06666666666666667 0.06927083333333334
0 0.27291666666666664 0.7578125 0.12916666666666668 0.16666666666666666
0 0.49192708333333335 0.09583333333333334 0.12083333333333333 0.1140625
0 0.8158854166666667 0.2515625 0.11875 0.1421875
0 0.453125 0.6546875 0.11822916666666666 0.084375
0 0.11015625 0.10182291666666667 0.2203125 0.19114583333333332
0 0.7294270833333333 0.40078125 0.07916666666666666 0.075
0 0.6567708333333333 0.6731770833333334 0.06510416666666667 0.10989583333333333
0 0.9265625 0.19296875 0.13854166666666667 0.1984375
0 0.33619791666666665 0.959375 0.10364583333333334 0.08125
0 0.18098958333333334 0.6989583333333333 0.03697916666666667 0.044270833333333336
0 0.9794270833333333 0.8591145833333333 0.04114583333333333 0.121875
0 0.37057291666666664 0.03828125 0.11979166666666667 0.06666666666666667
0 0.06875 0.5971354166666667 0.13125 0.16041666666666668
0 0.8338541666666667 0.0921875 0.034375 0.041666666666666664
0 0.5869791666666667 0.4119791666666667 0.08645833333333333 0.078125
0 0.7658854166666667 0.46927083333333336 0.0375 0.059375
0 0.6307291666666667 0.31223958333333335 0.05625 0.08958333333333333
0 0.1671875 0.8130208333333333 0.1 0.1046875
0 0.08072916666666667 0.2760416666666667 0.159375 0.21041666666666667
0 0.96171875 0.95703125 0.0765625 0.08072916666666667
0 0.5127604166666667 0.2911458333333333 0.184375 0.13958333333333334
0 0.6997395833333333 0.15078125 0.24270833333333333 0.234375
0 0.9893229166666667 0.7299479166666667 0.021354166666666667 0.05677083333333333
0 0.06744791666666666 0.9252604166666667 0.1125 0.14947916666666666
0 0.7997395833333333 0.7231770833333333 0.0796875 0.0859375
0 0.5125 0.9541666666666667 0.11666666666666667 0.09166666666666666
0 0.44296875 0.18671875 0.06614583333333333 0.05677083333333333
0 0.5010416666666667 0.8984375 0.06197916666666667 0.043229166666666666
0 0.040364583333333336 0.8348958333333333 0.06041666666666667 0.08541666666666667
0 0.8973958333333333 0.10078125 0.08125 0.075
0 0.3234375 0.6565104166666667 0.041666666666666664 0.044270833333333336
0 0.22265625 0.30911458333333336 0.08697916666666666 0.08385416666666666
0 0.43723958333333335 0.8046875 0.2171875 0.24114583333333334
0 0.6828125 0.35963541666666665 0.1140625 0.1421875
0 0.5221354166666666 0.18541666666666667 0.12916666666666668 0.09114583333333333
0 0.46145833333333336 0.50546875 0.134375 0.1921875
0 0.7572916666666667 0.6640625 0.14427083333333332 0.09583333333333334
0 0.52265625 0.4552083333333333 0.10989583333333333 0.12395833333333334
0 0.8091145833333333 0.81484375 0.09010416666666667 0.08541666666666667
0 0.8536458333333333 0.90234375 0.13489583333333333 0.13489583333333333
0 0.61875 0.47604166666666664 0.08072916666666667 0.07604166666666666
0 0.5651041666666666 0.5893229166666667 0.16614583333333333 0.1859375
0 0.6934895833333333 0.9265625 0.08697916666666666 0.12083333333333333
0 0.9416666666666667 0.9208333333333333 0.06041666666666667 0.09322916666666667
0 0.8533854166666667 0.9817708333333334 0.08489583333333334 0.036458333333333336
0 0.8143229166666667 0.5677083333333334 0.0921875 0.13072916666666667
0 0.6013020833333333 0.7385416666666667 0.09166666666666666 0.10885416666666667
0 0.396875 0.3533854166666667 0.08229166666666667 0.06302083333333333
0 0.5114583333333333 0.4158854166666667 0.07447916666666667 0.06145833333333333
0 0.2203125 0.9263020833333333 0.1984375 0.14739583333333334
0 0.79921875 0.061197916666666664 0.1390625 0.1140625
0 0.7080729166666667 0.48072916666666665 0.10520833333333333 0.08958333333333333
0 0.44505208333333335 0.40260416666666665 0.12916666666666668 0.084375
0 0.9375 0.046875 0.109375 0.08333333333333333
0 0.9609375 0.38177083333333334 0.078125 0.175
0 0.840625 0.3932291666666667 0.16302083333333334 0.15
0 0.9369791666666667 0.5252604166666667 0.051041666666666666 0.07760416666666667
0 0.9484375 0.4622395833333333 0.09947916666666666 0.10052083333333334
0 0.85 0.5002604166666667 0.14166666666666666 0.11145833333333334
0 0.72109375 0.5736979166666667 0.10416666666666667 0.10104166666666667
0 0.020572916666666666 0.45598958333333334 0.036458333333333336 0.11197916666666667
0 0.06015625 0.40677083333333336 0.0921875 0.06979166666666667
0 0.3684895833333333 0.11041666666666666 0.13020833333333334 0.0859375
0 0.36666666666666664 0.23567708333333334 0.10625 0.19010416666666666
0 0.5979166666666667 0.828125 0.1109375 0.08854166666666667
0 0.60078125 0.9283854166666666 0.109375 0.125
0 0.22057291666666667 0.51796875 0.26979166666666665 0.28072916666666664
0 0.3723958333333333 0.5703125 0.06927083333333334 0.11458333333333333
0 0.71875 0.7330729166666666 0.08489583333333334 0.08229166666666667
0 0.28515625 0.34401041666666665 0.128125 0.0859375
0 0.253125 0.06536458333333334 0.1 0.09739583333333333
0 0.26171875 0.01484375 0.07135416666666666 0.019791666666666666
0 0.675 0.020572916666666666 0.09166666666666666 0.033854166666666664
0 0.5385416666666667 0.019270833333333334 0.07604166666666666 0.0328125
0 0.7583333333333333 0.8979166666666667 0.06875 0.1171875
0 0.7708333333333334 0.98515625 0.0359375 0.0296875
0 0.4192708333333333 0.96171875 0.07291666666666667 0.0765625