0 0.8869791666666667 0.29921875 0.1109375 0.096875
0 0.08020833333333334 0.20416666666666666 0.1375 0.12239583333333333
0 0.76328125 0.7984375 0.16145833333333334 0.17135416666666667
0 0.9434895833333333 0.25729166666666664 0.10677083333333333 0.11302083333333333
0 0.07994791666666666 0.37057291666666664 0.15989583333333332 0.18072916666666666
0 0.27421875 0.19505208333333332 0.06614583333333333 0.06927083333333334
0 0.7315104166666667 0.24791666666666667 0.128125 0.16666666666666666
0 0.50859375 0.9098958333333333 0.1203125 0.1140625
0 0.18567708333333333 0.7541666666666667 0.11770833333333333 0.1421875
0 0.55078125 0.35104166666666664 0.11770833333333333 0.084375
0 0.8903645833333333 0.90390625 0.21927083333333333 0.19114583333333332
0 0.27291666666666664 0.6049479166666667 0.07864583333333333 0.075
0 0.34713541666666664 0.3328125 0.06458333333333334 0.10989583333333333
0 0.07447916666666667 0.8130208333333333 0.1375 0.1984375
0 0.6692708333333334 0.0453125 0.103125 0.08333333333333333
0 0.8231770833333333 0.3067708333333333 0.03697916666666667 0.044270833333333336
0 0.022916666666666665 0.146875 0.04583333333333333 0.121875
0 0.6296875 0.9669270833333333 0.11927083333333334 0.06614583333333333
0 0.9346354166666667 0.40859375 0.13020833333333334 0.16041666666666668
0 0.16666666666666666 0.9138020833333333 0.034375 0.041666666666666664
0 0.4153645833333333 0.59375 0.0859375 0.078125
0 0.23671875 0.5364583333333334 0.03697916666666667 0.059375
0 0.37109375 0.6934895833333333 0.05572916666666667 0.08958333333333333
0 0.8375 0.19296875 0.09947916666666666 0.1046875
0 0.9205729166666666 0.7294270833333333 0.15885416666666666 0.21041666666666667
0 0.040625 0.04869791666666667 0.08125 0.08072916666666667
0 0.48880208333333336 0.7145833333333333 0.18333333333333332 0.13958333333333334
0 0.30104166666666665 0.8552083333333333 0.24114583333333334 0.234375
0 0.0125 0.27578125 0.025 0.05677083333333333
0 0.9380208333333333 0.08020833333333334 0.11145833333333334 0.15
0 0.20442708333333334 0.2828125 0.07916666666666666 0.0859375
0 0.49296875 0.05 0.11614583333333334 0.09479166666666666
0 0.5580729166666667 0.8190104166666666 0.065625 0.05677083333333333
0 0.5041666666666667 0.10729166666666666 0.06197916666666667 0.043229166666666666
0 0.9645833333333333 0.17109375 0.059895833333333336 0.08541666666666667
0 0.103125 0.9049479166666666 0.08072916666666667 0.075
0 0.68046875 0.34921875 0.041666666666666664 0.044270833333333336
0 0.7791666666666667 0.6966145833333334 0.08645833333333333 0.08385416666666666
0 0.5674479166666667 0.20130208333333333 0.215625 0.24114583333333334
0 0.31927083333333334 0.64609375 0.11302083333333333 0.1421875
0 0.47890625 0.8205729166666667 0.12864583333333332 0.09114583333333333
0 0.54140625 0.5002604166666667 0.13333333333333333 0.1921875
0 0.24661458333333333 0.3419270833333333 0.14375 0.09583333333333334
0 0.47994791666666664 0.55078125 0.109375 0.12395833333333334
0 0.19557291666666668 0.19088541666666667 0.08958333333333333 0.08541666666666667
0 0.1515625 0.10338541666666666 0.13385416666666666 0.13489583333333333
0 0.3841145833333333 0.5299479166666666 0.08020833333333334 0.07604166666666666
0 0.43828125 0.4166666666666667 0.16510416666666666 0.1859375
0 0.31197916666666664 0.07916666666666666 0.08645833333333333 0.12083333333333333
0 0.06354166666666666 0.08489583333333334 0.059895833333333336 0.09322916666666667
0 0.15234375 0.023958333333333335 0.08489583333333334 0.036458333333333336
0 0.1890625 0.43802083333333336 0.09166666666666666 0.13072916666666667
0 0.40286458333333336 0.2671875 0.09114583333333333 0.10885416666666667
0 0.6052083333333333 0.6526041666666667 0.08177083333333333 0.06302083333333333
0 0.4908854166666667 0.58984375 0.07395833333333333 0.06145833333333333
0 0.7846354166666667 0.07838541666666667 0.19739583333333333 0.1484375
0 0.20104166666666667 0.9434895833333333 0.13854166666666667 0.11302083333333333
0 0.2947916666666667 0.5252604166666667 0.1046875 0.08958333333333333
0 0.5572916666666666 0.603125 0.12864583333333332 0.084375
0 0.062239583333333334 0.95859375 0.10885416666666667 0.0828125
0 0.04010416666666667 0.6239583333333333 0.07916666666666666 0.175
0 0.16171875 0.6127604166666667 0.16197916666666667 0.15
0 0.06614583333333333 0.48046875 0.050520833333333334 0.07760416666666667
0 0.05416666666666667 0.5434895833333333 0.09895833333333333 0.10052083333333334
0 0.15286458333333333 0.50546875 0.14114583333333333 0.11145833333333334
0 0.28229166666666666 0.43203125 0.10364583333333334 0.10104166666666667
0 0.9817708333333334 0.5497395833333333 0.036458333333333336 0.11197916666666667
0 0.9421875 0.5989583333333334 0.09166666666666666 0.06979166666666667
0 0.63203125 0.8953125 0.1296875 0.0859375
0 0.6346354166666667 0.7700520833333333 0.10520833333333333 0.19010416666666666
0 0.40677083333333336 0.17760416666666667 0.11041666666666666 0.08854166666666667
0 0.4046875 0.07734375 0.10885416666666667 0.125
0 0.7825520833333334 0.48776041666666664 0.2682291666666667 0.28072916666666664
0 0.6309895833333333 0.4354166666666667 0.06875 0.11458333333333333
0 0.28541666666666665 0.27265625 0.084375 0.08229166666666667
0 0.7169270833333333 0.66171875 0.12760416666666666 0.0859375
0 0.7471354166666667 0.940625 0.09947916666666666 0.09739583333333333
0 0.73828125 0.990625 0.07135416666666666 0.01875
0 0.32447916666666665 0.9838541666666667 0.09166666666666666 0.03229166666666667
0 0.46145833333333336 0.98515625 0.07604166666666666 0.0296875
0 0.246875 0.10807291666666667 0.06822916666666666 0.1171875
0 0.23489583333333333 0.0203125 0.0359375 0.0296875
0 0.5861979166666667 0.042708333333333334 0.07239583333333334 0.07916666666666666