0 0.41796875 0.7174479166666666 0.1453125 0.12604166666666666
0 0.14348958333333334 0.6575520833333334 0.12916666666666668 0.14375
0 0.21354166666666666 0.2955729166666667 0.07916666666666666 0.10572916666666667
0 0.68984375 0.840625 0.059895833333333336 0.05416666666666667
0 0.3377604166666667 0.6440104166666667 0.0640625 0.06145833333333333
0 0.09348958333333333 0.8541666666666666 0.09739583333333333 0.0984375
0 0.5932291666666667 0.09453125 0.13645833333333332 0.11875
0 0.41432291666666665 0.08880208333333334 0.15416666666666667 0.14166666666666666
0 0.28984375 0.828125 0.08541666666666667 0.10989583333333333
0 0.2859375 0.2598958333333333 0.08333333333333333 0.09583333333333334
0 0.8619791666666666 0.7893229166666667 0.2760416666666667 0.2953125
0 0.49140625 0.8234375 0.10989583333333333 0.11666666666666667
0 0.9494791666666667 0.6611979166666667 0.0484375 0.04739583333333333
0 0.7299479166666667 0.4083333333333333 0.08020833333333334 0.06822916666666666
0 0.240625 0.6260416666666667 0.058854166666666666 0.06041666666666667
0 0.675 0.49973958333333335 0.06197916666666667 0.05364583333333333
0 0.22265625 0.5640625 0.07864583333333333 0.07291666666666667
0 0.8184895833333333 0.044270833333333336 0.06302083333333333 0.0796875
0 0.95 0.39869791666666665 0.09895833333333333 0.159375
0 0.5619791666666667 0.03619791666666667 0.11145833333333334 0.06614583333333333
0 0.27786458333333336 0.47890625 0.16458333333333333 0.19114583333333332
0 0.8705729166666667 0.05520833333333333 0.04791666666666667 0.0484375
0 0.25546875 0.734375 0.07395833333333333 0.07864583333333333
0 0.8403645833333333 0.5666666666666667 0.06979166666666667 0.058854166666666666
0 0.41901041666666666 0.47213541666666664 0.13854166666666667 0.2109375
0 0.7091145833333333 0.55234375 0.10885416666666667 0.10572916666666667
0 0.87734375 0.020572916666666666 0.04739583333333333 0.03125
0 0.18671875 0.16354166666666667 0.10885416666666667 0.17083333333333334
0 0.42682291666666666 0.20807291666666666 0.10572916666666667 0.09739583333333333
0 0.775 0.34869791666666666 0.06666666666666667 0.06875
0 0.28151041666666665 0.14453125 0.13072916666666667 0.13645833333333332
0 0.46067708333333335 0.959375 0.17447916666666666 0.08125
0 0.08489583333333334 0.953125 0.134375 0.09375
0 0.8510416666666667 0.18151041666666667 0.18229166666666666 0.18697916666666667
0 0.11927083333333334 0.06328125 0.178125 0.11614583333333334
0 0.06614583333333333 0.17578125 0.13229166666666667 0.10885416666666667
0 0.17005208333333333 0.3690104166666667 0.057291666666666664 0.11458333333333333
0 0.6317708333333333 0.36744791666666665 0.153125 0.20677083333333332
0 0.2994791666666667 0.9518229166666666 0.14270833333333333 0.09635416666666667
0 0.7151041666666667 0.93828125 0.07083333333333333 0.08489583333333334
0 0.10286458333333333 0.5153645833333333 0.20572916666666666 0.33177083333333335
0 0.9658854166666667 0.1515625 0.058854166666666666 0.14270833333333333
0 0.5763020833333333 0.49296875 0.0484375 0.04114583333333333
0 0.31223958333333335 0.7244791666666667 0.04375 0.07916666666666666
0 0.6208333333333333 0.4817708333333333 0.034895833333333334 0.036458333333333336
0 0.8528645833333334 0.6111979166666667 0.042708333333333334 0.036458333333333336
0 0.8177083333333334 0.48463541666666665 0.121875 0.14427083333333332
0 0.8979166666666667 0.6205729166666667 0.04010416666666667 0.042708333333333334
0 0.6552083333333333 0.8229166666666666 0.03802083333333333 0.03177083333333333
0 0.19114583333333332 0.8544270833333333 0.08958333333333333 0.14114583333333333
0 0.7078125 0.07734375 0.15 0.14739583333333334
0 0.051041666666666666 0.29348958333333336 0.10208333333333333 0.14635416666666667
0 0.04583333333333333 0.7841145833333333 0.08333333333333333 0.07864583333333333
0 0.7372395833333333 0.8791666666666667 0.036458333333333336 0.03229166666666667
0 0.04973958333333333 0.8791666666666667 0.051041666666666666 0.06197916666666667
0 0.7471354166666667 0.20859375 0.050520833333333334 0.042708333333333334
0 0.490625 0.6135416666666667 0.21875 0.21458333333333332
0 0.5072916666666667 0.19505208333333332 0.06822916666666666 0.13125
0 0.94765625 0.25104166666666666 0.0953125 0.08541666666666667
0 0.47942708333333334 0.36666666666666664 0.09895833333333333 0.0890625
0 0.17552083333333332 0.9747395833333333 0.05416666666666667 0.050520833333333334
0 0.55546875 0.41848958333333336 0.15208333333333332 0.1234375
0 0.6669270833333333 0.9588541666666667 0.103125 0.08229166666666667
0 0.7322916666666667 0.45390625 0.0375 0.03802083333333333
0 0.39869791666666665 0.8552083333333333 0.12552083333333333 0.14010416666666667
0 0.93359375 0.5559895833333334 0.1328125 0.19322916666666667
0 0.0328125 0.07760416666666667 0.065625 0.140625
0 0.9424479166666667 0.065625 0.10052083333333334 0.12083333333333333
0 0.5028645833333333 0.3072916666666667 0.15989583333333332 0.09166666666666666
0 0.7559895833333333 0.30885416666666665 0.05625 0.05260416666666667
0 0.13645833333333332 0.7671875 0.09375 0.065625
0 0.7291666666666666 0.8796875 0.052083333333333336 0.034375
0 0.86015625 0.371875 0.1015625 0.0984375
0 0.6515625 0.7184895833333333 0.2359375 0.2755208333333333
0 0.5799479166666667 0.91875 0.14270833333333333 0.12864583333333332
0 0.83046875 0.6421875 0.07083333333333333 0.049479166666666664
0 0.32447916666666665 0.34140625 0.15052083333333333 0.12604166666666666
0 0.026041666666666668 0.6986979166666667 0.04375 0.09635416666666667
0 0.6247395833333333 0.20755208333333333 0.171875 0.13229166666666667
0 0.8450520833333334 0.3145833333333333 0.12239583333333333 0.09114583333333333
0 0.3890625 0.2609375 0.11354166666666667 0.08541666666666667
0 0.27005208333333336 0.027604166666666666 0.12083333333333333 0.046875
0 0.5231770833333333 0.08203125 0.08697916666666666 0.09375
0 0.8510416666666667 0.9799479166666667 0.10572916666666667 0.04010416666666667
0 0.953125 0.96484375 0.09375 0.0671875
0 0.821875 0.9442708333333333 0.13385416666666666 0.06614583333333333
0 0.5770833333333333 0.9895833333333334 0.058854166666666666 0.020833333333333332