0 0.5893229166666667 0.7119791666666667 0.1453125 0.125
0 0.86171875 0.6442708333333333 0.12916666666666668 0.14322916666666666
0 0.7791666666666667 0.284375 0.07916666666666666 0.10520833333333333
0 0.3221354166666667 0.8432291666666667 0.059895833333333336 0.05364583333333333
0 0.6669270833333333 0.6361979166666667 0.0640625 0.0609375
0 0.9184895833333333 0.8393229166666667 0.09739583333333333 0.09791666666666667
0 0.3927083333333333 0.09453125 0.13645833333333332 0.11770833333333333
0 0.57109375 0.08385416666666666 0.15416666666666667 0.140625
0 0.7216145833333333 0.8190104166666666 0.08541666666666667 0.109375
0 0.70546875 0.25104166666666666 0.08333333333333333 0.0953125
0 0.14427083333333332 0.796875 0.2833333333333333 0.29375
0 0.51953125 0.8200520833333333 0.10989583333333333 0.11614583333333334
0 0.05625 0.6713541666666667 0.0484375 0.046875
0 0.2669270833333333 0.4122395833333333 0.08020833333333334 0.06770833333333333
0 0.7635416666666667 0.615625 0.058854166666666666 0.059895833333333336
0 0.325 0.5020833333333333 0.06197916666666667 0.053125
0 0.7794270833333333 0.5528645833333333 0.07864583333333333 0.07239583333333334
0 0.16536458333333334 0.048177083333333336 0.06302083333333333 0.08489583333333334
0 0.04791666666666667 0.40859375 0.09583333333333334 0.15885416666666666
0 0.421875 0.03411458333333333 0.11145833333333334 0.06770833333333333
0 0.72109375 0.46953125 0.16458333333333333 0.19010416666666666
0 0.1140625 0.06354166666666666 0.04791666666666667 0.04791666666666667
0 0.75234375 0.7239583333333334 0.07395833333333333 0.078125
0 0.16197916666666667 0.5736979166666667 0.06979166666666667 0.058333333333333334
0 0.5799479166666667 0.4671875 0.13854166666666667 0.20989583333333334
0 0.29270833333333335 0.55546875 0.10885416666666667 0.10520833333333333
0 0.10598958333333333 0.02578125 0.04739583333333333 0.0375
0 0.8013020833333333 0.15182291666666667 0.10885416666666667 0.1703125
0 0.5627604166666667 0.203125 0.10572916666666667 0.096875
0 0.21979166666666666 0.3541666666666667 0.06666666666666667 0.06822916666666666
0 0.7059895833333333 0.13567708333333334 0.13072916666666667 0.1359375
0 0.5549479166666667 0.9575520833333333 0.17447916666666666 0.08489583333333334
0 0.9307291666666667 0.9416666666666667 0.134375 0.10052083333333334
0 0.13802083333333334 0.1890625 0.18229166666666666 0.1859375
0 0.8651041666666667 0.053385416666666664 0.178125 0.10677083333333333
0 0.9231770833333334 0.16041666666666668 0.134375 0.10833333333333334
0 0.8252604166666667 0.35651041666666666 0.057291666666666664 0.1140625
0 0.36354166666666665 0.3684895833333333 0.153125 0.20572916666666666
0 0.7158854166666667 0.9463541666666667 0.14270833333333333 0.10260416666666666
0 0.3 0.94140625 0.07083333333333333 0.084375
0 0.8971354166666666 0.50078125 0.20572916666666666 0.3307291666666667
0 0.02578125 0.16223958333333333 0.0515625 0.1421875
0 0.4231770833333333 0.4921875 0.0484375 0.040625
0 0.6955729166666667 0.7158854166666667 0.04375 0.07916666666666666
0 0.37864583333333335 0.4822916666666667 0.034895833333333334 0.036458333333333336
0 0.15104166666666666 0.6184895833333334 0.042708333333333334 0.036458333333333336
0 0.18177083333333333 0.4908854166666667 0.121875 0.14375
0 0.10625 0.6291666666666667 0.04010416666666667 0.042708333333333334
0 0.35598958333333336 0.82421875 0.03802083333333333 0.03177083333333333
0 0.82109375 0.8424479166666666 0.08958333333333333 0.140625
0 0.27708333333333335 0.07890625 0.15 0.15052083333333333
0 0.94375 0.27786458333333336 0.10677083333333333 0.14583333333333334
0 0.9609375 0.7677083333333333 0.078125 0.078125
0 0.2760416666666667 0.8830729166666667 0.036458333333333336 0.03229166666666667
0 0.96328125 0.8630208333333333 0.051041666666666666 0.06145833333333333
0 0.24270833333333333 0.21302083333333333 0.050520833333333334 0.0421875
0 0.5130208333333334 0.61015625 0.21875 0.21354166666666666
0 0.4817708333333333 0.19270833333333334 0.06822916666666666 0.13072916666666667
0 0.045572916666666664 0.26119791666666664 0.09114583333333333 0.08489583333333334
0 0.5158854166666667 0.36328125 0.09895833333333333 0.08854166666666667
0 0.840625 0.9645833333333333 0.05416666666666667 0.05572916666666667
0 0.44140625 0.41744791666666664 0.15208333333333332 0.12239583333333333
0 0.3489583333333333 0.9598958333333333 0.103125 0.08020833333333334
0 0.26614583333333336 0.45807291666666666 0.0375 0.03802083333333333
0 0.6135416666666667 0.84921875 0.12552083333333333 0.13958333333333334
0 0.0671875 0.565625 0.134375 0.19270833333333334
0 0.9565104166666667 0.065625 0.07447916666666667 0.13125
0 0.04609375 0.07239583333333334 0.0921875 0.12708333333333333
0 0.4903645833333333 0.3046875 0.15989583333333332 0.090625
0 0.23723958333333334 0.31328125 0.05625 0.052083333333333336
0 0.87265625 0.7533854166666667 0.09375 0.06510416666666667
0 0.28411458333333334 0.8833333333333333 0.052083333333333336 0.033854166666666664
0 0.13541666666666666 0.37942708333333336 0.1015625 0.09791666666666667
0 0.35598958333333336 0.7197916666666667 0.2359375 0.27395833333333336
0 0.43463541666666666 0.91796875 0.14270833333333333 0.12760416666666666
0 0.17447916666666666 0.6486979166666667 0.07083333333333333 0.04895833333333333
0 0.6697916666666667 0.33359375 0.15052083333333333 0.125
0 0.9791666666666666 0.6815104166666667 0.041666666666666664 0.09635416666666667
0 0.36484375 0.20859375 0.171875 0.13125
0 0.1484375 0.3216145833333333 0.12239583333333333 0.090625
0 0.6026041666666667 0.25494791666666666 0.11354166666666667 0.08489583333333334
0 0.7130208333333333 0.020572916666666666 0.12083333333333333 0.04114583333333333
0 0.4622395833333333 0.07994791666666666 0.08697916666666666 0.09322916666666667
0 0.16536458333333334 0.98359375 0.10572916666666667 0.0328125
0 0.058854166666666666 0.9708333333333333 0.10208333333333333 0.058333333333333334
0 0.19375 0.9505208333333334 0.13385416666666666 0.065625
0 0.43984375 0.9890625 0.058854166666666666 0.021875