0 0.41015625 0.7135416666666666 0.14375 0.12239583333333333
0 0.13697916666666668 0.6505208333333333 0.12760416666666666 0.14114583333333333
0 0.215625 0.28932291666666665 0.078125 0.10364583333333334
0 0.67890625 0.8401041666666667 0.059375 0.05260416666666667
0 0.33177083333333335 0.6390625 0.06354166666666666 0.059895833333333336
0 0.08255208333333333 0.8466145833333333 0.09635416666666667 0.09635416666666667
0 0.5997395833333333 0.09270833333333334 0.13489583333333333 0.115625
0 0.42109375 0.08515625 0.15260416666666668 0.13802083333333334
0 0.2794270833333333 0.8229166666666666 0.08385416666666666 0.1078125
0 0.28854166666666664 0.2546875 0.08229166666666667 0.09375
0 0.85625 0.790625 0.2796875 0.2890625
0 0.48125 0.8203125 0.10833333333333334 0.1140625
0 0.9427083333333334 0.6635416666666667 0.04791666666666667 0.04583333333333333
0 0.7291666666666666 0.4080729166666667 0.0796875 0.06614583333333333
0 0.23489583333333333 0.6203125 0.058333333333333334 0.058854166666666666
0 0.6721354166666667 0.49895833333333334 0.06145833333333333 0.052083333333333336
0 0.21848958333333332 0.5578125 0.078125 0.07083333333333333
0 0.8265625 0.04244791666666667 0.06197916666666667 0.08385416666666666
0 0.9494791666666667 0.4010416666666667 0.09739583333333333 0.15729166666666666
0 0.5697916666666667 0.0328125 0.1109375 0.065625
0 0.2755208333333333 0.4734375 0.1625 0.1875
0 0.878125 0.05677083333333333 0.04739583333333333 0.046875
0 0.24739583333333334 0.7283854166666667 0.07291666666666667 0.07708333333333334
0 0.8359375 0.5677083333333334 0.06927083333333334 0.057291666666666664
0 0.41692708333333334 0.46848958333333335 0.1359375 0.2078125
0 0.7052083333333333 0.5518229166666667 0.1078125 0.103125
0 0.8856770833333333 0.019010416666666665 0.046875 0.036458333333333336
0 0.19166666666666668 0.15703125 0.10677083333333333 0.16875
0 0.43072916666666666 0.20416666666666666 0.1046875 0.0953125
0 0.7755208333333333 0.34921875 0.06614583333333333 0.0671875
0 0.2869791666666667 0.13932291666666666 0.12916666666666668 0.13385416666666666
0 0.4473958333333333 0.9588541666666667 0.1734375 0.08229166666666667
0 0.07161458333333333 0.94921875 0.13333333333333333 0.0984375
0 0.85546875 0.1828125 0.18020833333333333 0.1828125
0 0.12682291666666667 0.055989583333333336 0.1765625 0.11197916666666667
0 0.06979166666666667 0.16796875 0.1328125 0.10625
0 0.1703125 0.36223958333333334 0.05572916666666667 0.11302083333333333
0 0.63203125 0.36614583333333334 0.15052083333333333 0.203125
0 0.2864583333333333 0.95 0.14166666666666666 0.1
0 0.7020833333333333 0.9377604166666667 0.06979166666666667 0.08333333333333333
0 0.10026041666666667 0.5078125 0.20052083333333334 0.32708333333333334
0 0.97109375 0.15390625 0.057291666666666664 0.14114583333333333
0 0.5736979166666667 0.4908854166666667 0.04791666666666667 0.03958333333333333
0 0.30416666666666664 0.7192708333333333 0.042708333333333334 0.07864583333333333
0 0.6182291666666667 0.48020833333333335 0.034375 0.0359375
0 0.8473958333333333 0.6125 0.0421875 0.0359375
0 0.8151041666666666 0.48541666666666666 0.1203125 0.14166666666666666
0 0.8921875 0.6223958333333334 0.03958333333333333 0.0421875
0 0.6450520833333333 0.8216145833333334 0.0375 0.03125
0 0.17994791666666668 0.8479166666666667 0.08802083333333334 0.1390625
0 0.7151041666666667 0.075 0.1484375 0.14791666666666667
0 0.0515625 0.28567708333333336 0.103125 0.14427083333333332
0 0.038802083333333334 0.77578125 0.07760416666666667 0.0765625
0 0.7255208333333333 0.8791666666666667 0.0359375 0.03177083333333333
0 0.03828125 0.87109375 0.050520833333333334 0.06041666666666667
0 0.7510416666666667 0.20859375 0.05 0.04114583333333333
0 0.48515625 0.6104166666666667 0.21614583333333334 0.20989583333333334
0 0.51171875 0.19244791666666666 0.06666666666666667 0.1296875
0 0.9505208333333334 0.25338541666666664 0.09427083333333333 0.08333333333333333
0 0.4796875 0.36354166666666665 0.09791666666666667 0.08697916666666666
0 0.16171875 0.9705729166666667 0.05364583333333333 0.0546875
0 0.5546875 0.41640625 0.15052083333333333 0.11979166666666667
0 0.6533854166666667 0.9583333333333334 0.10208333333333333 0.08072916666666667
0 0.73046875 0.45390625 0.03697916666666667 0.0375
0 0.3875 0.8510416666666667 0.12395833333333334 0.1375
0 0.9307291666666667 0.5583333333333333 0.1328125 0.190625
0 0.0359375 0.06953125 0.071875 0.1390625
0 0.95 0.06458333333333334 0.09895833333333333 0.12552083333333333
0 0.5044270833333333 0.30442708333333335 0.15885416666666666 0.08802083333333334
0 0.7575520833333333 0.30885416666666665 0.05572916666666667 0.051041666666666666
0 0.12734375 0.7598958333333333 0.09322916666666667 0.06354166666666666
0 0.7174479166666666 0.8794270833333333 0.0515625 0.0328125
0 0.8604166666666667 0.3731770833333333 0.10052083333333334 0.09635416666666667
0 0.64375 0.7171875 0.2328125 0.26979166666666665
0 0.5674479166666667 0.9166666666666666 0.14114583333333333 0.125
0 0.8244791666666667 0.64296875 0.0703125 0.04791666666666667
0 0.32526041666666666 0.33645833333333336 0.14895833333333333 0.12239583333333333
0 0.020052083333333335 0.6901041666666666 0.04010416666666667 0.09583333333333334
0 0.6286458333333333 0.20625 0.1703125 0.128125
0 0.8466145833333333 0.315625 0.12135416666666667 0.08854166666666667
0 0.39166666666666666 0.25677083333333334 0.1125 0.0828125
0 0.27838541666666666 0.022135416666666668 0.1203125 0.044270833333333336
0 0.5299479166666666 0.07942708333333333 0.0859375 0.09166666666666666
0 0.8369791666666667 0.98125 0.10520833333333333 0.0375
0 0.94375 0.9674479166666666 0.1015625 0.06510416666666667
0 0.80859375 0.9450520833333333 0.13333333333333333 0.06354166666666666
0 0.5627604166666667 0.9888020833333333 0.058333333333333334 0.022395833333333334