0 0.9049479166666666 0.06953125 0.16197916666666667 0.12760416666666666
0 0.7575520833333333 0.6111979166666667 0.1078125 0.10625
0 0.43723958333333335 0.3067708333333333 0.12135416666666667 0.1359375
0 0.5153645833333333 0.61171875 0.11041666666666666 0.1546875
0 0.5760416666666667 0.8848958333333333 0.0734375 0.12291666666666666
0 0.06875 0.41119791666666666 0.13229166666666667 0.1828125
0 0.3528645833333333 0.47161458333333334 0.1875 0.165625
0 0.6658854166666667 0.190625 0.096875 0.0828125
0 0.7848958333333333 0.5015625 0.12395833333333334 0.13333333333333333
0 0.24947916666666667 0.83359375 0.10416666666666667 0.084375
0 0.3419270833333333 0.275 0.10729166666666666 0.0796875
0 0.48125 0.8877604166666667 0.12083333333333333 0.16041666666666668
0 0.6609375 0.11119791666666666 0.07708333333333334 0.07552083333333333
0 0.9200520833333333 0.41953125 0.06614583333333333 0.06041666666666667
0 0.9489583333333333 0.19036458333333334 0.08541666666666667 0.08854166666666667
0 0.8963541666666667 0.15494791666666666 0.07239583333333334 0.053125
0 0.92734375 0.6049479166666667 0.06927083333333334 0.06979166666666667
0 0.7723958333333333 0.17708333333333334 0.071875 0.08020833333333334
0 0.8510416666666667 0.61953125 0.075 0.07708333333333334
0 0.048177083333333336 0.0859375 0.08489583333333334 0.14322916666666666
0 0.9377604166666667 0.2947916666666667 0.0796875 0.07916666666666666
0 0.16979166666666667 0.42083333333333334 0.0609375 0.0515625
0 0.04505208333333333 0.9388020833333334 0.0796875 0.1078125
0 0.29375 0.09010416666666667 0.24375 0.18020833333333333
0 0.8651041666666667 0.54140625 0.0375 0.04114583333333333
0 0.11927083333333334 0.5390625 0.029166666666666667 0.03229166666666667
0 0.26848958333333334 0.634375 0.034375 0.029166666666666667
0 0.6786458333333333 0.3421875 0.10104166666666667 0.1046875
0 0.80703125 0.65 0.0375 0.0484375
0 0.5140625 0.7447916666666666 0.2015625 0.10625
0 0.946875 0.6963541666666667 0.10625 0.1421875
0 0.5979166666666667 0.9799479166666667 0.0375 0.04010416666666667
0 0.8817708333333333 0.7106770833333333 0.06458333333333334 0.06875
0 0.18828125 0.22838541666666667 0.19114583333333332 0.2484375
0 0.1984375 0.7526041666666666 0.07604166666666666 0.09895833333333333
0 0.5375 0.11145833333333334 0.190625 0.22291666666666668
0 0.8234375 0.14296875 0.058333333333333334 0.06979166666666667
0 0.2109375 0.3919270833333333 0.05 0.057291666666666664
0 0.9760416666666667 0.6286458333333333 0.04791666666666667 0.0421875
0 0.7458333333333333 0.10807291666666667 0.10572916666666667 0.12447916666666667
0 0.5893229166666667 0.27682291666666664 0.0953125 0.10416666666666667
0 0.68515625 0.8846354166666667 0.15260416666666668 0.12083333333333333
0 0.44973958333333336 0.66640625 0.06354166666666666 0.07552083333333333
0 0.8213541666666667 0.7669270833333334 0.08020833333333334 0.07239583333333334
0 0.91484375 0.46953125 0.04010416666666667 0.04739583333333333
0 0.66796875 0.96953125 0.09895833333333333 0.0609375
0 0.37786458333333334 0.9302083333333333 0.090625 0.0609375
0 0.1828125 0.5151041666666667 0.11145833333333334 0.16354166666666667
0 0.8002604166666667 0.95546875 0.13177083333333334 0.0890625
0 0.6174479166666667 0.5653645833333333 0.1125 0.09427083333333333
0 0.90625 0.9864583333333333 0.109375 0.027083333333333334
0 0.6528645833333333 0.70859375 0.21354166666666666 0.17395833333333333
0 0.365625 0.8026041666666667 0.11927083333333334 0.1921875
0 0.031510416666666666 0.67890625 0.05572916666666667 0.11822916666666666
0 0.0796875 0.59921875 0.027604166666666666 0.028125
0 0.28125 0.3328125 0.07552083333333333 0.0890625
0 0.81015625 0.7088541666666667 0.0703125 0.049479166666666664
0 0.60859375 0.45598958333333334 0.20833333333333334 0.16770833333333332
0 0.5135416666666667 0.2825520833333333 0.05520833333333333 0.06302083333333333
0 0.058854166666666666 0.5427083333333333 0.0984375 0.121875
0 0.07421875 0.640625 0.05520833333333333 0.06145833333333333
0 0.5473958333333333 0.98515625 0.10104166666666667 0.0296875
0 0.8130208333333333 0.062239583333333334 0.034895833333333334 0.03854166666666667
0 0.03515625 0.8276041666666667 0.06197916666666667 0.134375
0 0.4434895833333333 0.9666666666666667 0.12239583333333333 0.06666666666666667
0 0.15182291666666667 0.9255208333333333 0.17239583333333333 0.13958333333333334
0 0.37604166666666666 0.59609375 0.15260416666666668 0.11822916666666666
0 0.2635416666666667 0.9463541666666667 0.12552083333333333 0.10104166666666667
0 0.984375 0.24192708333333332 0.03125 0.07447916666666667
0 0.058854166666666666 0.5427083333333333 0.09791666666666667 0.121875
0 0.8854166666666666 0.8880208333333334 0.21041666666666667 0.18385416666666668
0 0.9760416666666667 0.51328125 0.04791666666666667 0.1734375
0 0.23958333333333334 0.59453125 0.115625 0.1078125
0 0.8424479166666666 0.2484375 0.12135416666666667 0.1265625
0 0.8283854166666667 0.3578125 0.13177083333333334 0.10989583333333333
0 0.8536458333333333 0.44557291666666665 0.08229166666666667 0.07447916666666667
0 0.5088541666666667 0.375 0.140625 0.1171875
0 0.15520833333333334 0.6604166666666667 0.14479166666666668 0.11041666666666666
0 0.26067708333333334 0.6880208333333333 0.07083333333333333 0.07239583333333334
0 0.27734375 0.753125 0.09947916666666666 0.090625
0 0.10338541666666666 0.8059895833333334 0.17552083333333332 0.21197916666666666
0 0.34609375 0.18177083333333333 0.11979166666666667 0.13072916666666667
0 0.45651041666666664 0.19453125 0.1109375 0.09791666666666667
0 0.440625 0.03515625 0.090625 0.0703125
0 0.9877604166666667 0.0828125 0.024479166666666666 0.11770833333333333
0 0.7520833333333333 0.028645833333333332 0.11979166666666667 0.050520833333333334
0 0.73671875 0.23828125 0.0828125 0.07864583333333333
0 0.66953125 0.26510416666666664 0.06822916666666666 0.0640625
0 0.7473958333333334 0.4140625 0.1109375 0.08177083333333333
0 0.7565104166666666 0.32890625 0.07135416666666666 0.10625
0 0.9309895833333334 0.3645833333333333 0.0765625 0.058854166666666666
0 0.04921875 0.20677083333333332 0.08802083333333334 0.1015625