0 0.10078125 0.93046875 0.16197916666666667 0.128125
0 0.2484375 0.3888020833333333 0.1078125 0.10625
0 0.5684895833333333 0.6932291666666667 0.12135416666666667 0.1359375
0 0.490625 0.38828125 0.11041666666666666 0.1546875
0 0.42994791666666665 0.11510416666666666 0.0734375 0.12291666666666666
0 0.9354166666666667 0.5888020833333333 0.12916666666666668 0.1828125
0 0.653125 0.5283854166666667 0.1875 0.165625
0 0.33984375 0.809375 0.096875 0.0828125
0 0.22083333333333333 0.4984375 0.12395833333333334 0.13333333333333333
0 0.7565104166666666 0.16640625 0.10416666666666667 0.084375
0 0.6638020833333333 0.725 0.10729166666666666 0.0796875
0 0.5247395833333334 0.11223958333333334 0.12083333333333333 0.16041666666666668
0 0.34479166666666666 0.8888020833333333 0.07708333333333334 0.07552083333333333
0 0.08567708333333333 0.58046875 0.06614583333333333 0.06041666666666667
0 0.05677083333333333 0.8096354166666667 0.08541666666666667 0.08854166666666667
0 0.109375 0.8450520833333334 0.07239583333333334 0.053125
0 0.07864583333333333 0.39505208333333336 0.06927083333333334 0.06979166666666667
0 0.23333333333333334 0.8229166666666666 0.071875 0.08020833333333334
0 0.1546875 0.38046875 0.075 0.07708333333333334
0 0.9575520833333333 0.9140625 0.08489583333333334 0.14322916666666666
0 0.06822916666666666 0.7052083333333333 0.0796875 0.07916666666666666
0 0.8359375 0.5791666666666667 0.0609375 0.0515625
0 0.9604166666666667 0.061197916666666664 0.07916666666666666 0.1078125
0 0.7114583333333333 0.9098958333333333 0.24375 0.18020833333333333
0 0.140625 0.45859375 0.0375 0.04114583333333333
0 0.8864583333333333 0.4609375 0.029166666666666667 0.03229166666666667
0 0.7372395833333333 0.365625 0.034375 0.029166666666666667
0 0.32734375 0.6578125 0.10104166666666667 0.1046875
0 0.19895833333333332 0.35 0.0375 0.0484375
0 0.49192708333333335 0.2552083333333333 0.2015625 0.10625
0 0.058854166666666666 0.30364583333333334 0.10677083333333333 0.1421875
0 0.4078125 0.020052083333333335 0.0375 0.04010416666666667
0 0.12395833333333334 0.28932291666666665 0.06458333333333334 0.06875
0 0.8174479166666667 0.7716145833333333 0.19114583333333332 0.2484375
0 0.8075520833333333 0.24739583333333334 0.07604166666666666 0.09895833333333333
0 0.46770833333333334 0.8885416666666667 0.190625 0.22291666666666668
0 0.18229166666666666 0.85703125 0.058333333333333334 0.06979166666666667
0 0.7950520833333333 0.6080729166666666 0.05 0.057291666666666664
0 0.02890625 0.37135416666666665 0.04895833333333333 0.0421875
0 0.2598958333333333 0.8919270833333334 0.10572916666666667 0.12447916666666667
0 0.41640625 0.7231770833333333 0.0953125 0.10416666666666667
0 0.32083333333333336 0.11536458333333334 0.15260416666666668 0.12083333333333333
0 0.5559895833333334 0.33359375 0.06354166666666666 0.07552083333333333
0 0.184375 0.23307291666666666 0.08020833333333334 0.07239583333333334
0 0.09088541666666666 0.53046875 0.04010416666666667 0.04739583333333333
0 0.3375 0.03046875 0.09895833333333333 0.0609375
0 0.628125 0.06979166666666667 0.090625 0.0609375
0 0.8231770833333333 0.48489583333333336 0.11145833333333334 0.16354166666666667
0 0.20494791666666667 0.044270833333333336 0.13177083333333334 0.08854166666666667
0 0.3885416666666667 0.43463541666666666 0.1125 0.09427083333333333
0 0.09947916666666666 0.013541666666666667 0.109375 0.027083333333333334
0 0.353125 0.29140625 0.21354166666666666 0.17395833333333333
0 0.6401041666666667 0.19739583333333333 0.11927083333333334 0.1921875
0 0.9731770833333333 0.32109375 0.05364583333333333 0.11822916666666666
0 0.9260416666666667 0.40078125 0.027604166666666666 0.028125
0 0.7244791666666667 0.6671875 0.07552083333333333 0.0890625
0 0.19583333333333333 0.2911458333333333 0.0703125 0.049479166666666664
0 0.3971354166666667 0.5440104166666667 0.20833333333333334 0.16770833333333332
0 0.4921875 0.7174479166666666 0.05520833333333333 0.06302083333333333
0 0.946875 0.45729166666666665 0.0984375 0.121875
0 0.9315104166666667 0.359375 0.05520833333333333 0.06145833333333333
0 0.4578125 0.01484375 0.10104166666666667 0.0296875
0 0.19270833333333334 0.9377604166666667 0.034895833333333334 0.03854166666666667
0 0.9697916666666667 0.17239583333333333 0.06041666666666667 0.134375
0 0.5625 0.03333333333333333 0.12239583333333333 0.06666666666666667
0 0.8541666666666666 0.07447916666666667 0.17239583333333333 0.13958333333333334
0 0.6296875 0.40390625 0.15260416666666668 0.11822916666666666
0 0.7421875 0.05364583333333333 0.12552083333333333 0.10104166666666667
0 0.020572916666666666 0.7580729166666667 0.0328125 0.07447916666666667
0 0.946875 0.45729166666666665 0.09791666666666667 0.121875
0 0.12057291666666667 0.11197916666666667 0.21041666666666667 0.18385416666666668
0 0.027864583333333335 0.48671875 0.051041666666666666 0.1734375
0 0.7661458333333333 0.40546875 0.115625 0.1078125
0 0.16354166666666667 0.7515625 0.12135416666666667 0.1265625
0 0.17734375 0.6421875 0.13177083333333334 0.10989583333333333
0 0.15208333333333332 0.5544270833333333 0.08229166666666667 0.07447916666666667
0 0.496875 0.625 0.140625 0.1171875
0 0.85078125 0.33958333333333335 0.14479166666666668 0.11041666666666666
0 0.7450520833333333 0.31197916666666664 0.07083333333333333 0.07239583333333334
0 0.7286458333333333 0.246875 0.09947916666666666 0.090625
0 0.90234375 0.19401041666666666 0.17552083333333332 0.21197916666666666
0 0.6596354166666667 0.8182291666666667 0.11979166666666667 0.13072916666666667
0 0.54921875 0.80546875 0.1109375 0.09791666666666667
0 0.5653645833333333 0.9645833333333333 0.090625 0.07083333333333333
0 0.017447916666666667 0.9166666666666666 0.025 0.11770833333333333
0 0.25390625 0.9713541666666666 0.11979166666666667 0.050520833333333334
0 0.26901041666666664 0.76171875 0.0828125 0.07864583333333333
0 0.33619791666666665 0.7348958333333333 0.06822916666666666 0.0640625
0 0.25833333333333336 0.5859375 0.1109375 0.08177083333333333
0 0.24921875 0.67109375 0.07135416666666666 0.10625
0 0.07473958333333333 0.6354166666666666 0.0765625 0.058854166666666666
0 0.95625 0.7932291666666667 0.0875 0.1015625