0 0.10260416666666666 0.93671875 0.159375 0.1265625
0 0.24427083333333333 0.3919270833333333 0.10572916666666667 0.1046875
0 0.56796875 0.6888020833333334 0.11822916666666666 0.134375
0 0.4864583333333333 0.38567708333333334 0.10677083333333333 0.153125
0 0.42239583333333336 0.1140625 0.07083333333333333 0.12239583333333333
0 0.93515625 0.57578125 0.128125 0.18125
0 0.6505208333333333 0.521875 0.18385416666666668 0.16354166666666667
0 0.340625 0.81015625 0.09479166666666666 0.08177083333333333
0 0.21796875 0.5020833333333333 0.12135416666666667 0.13177083333333334
0 0.7494791666666667 0.15755208333333334 0.10208333333333333 0.08333333333333333
0 0.6635416666666667 0.7182291666666667 0.10520833333333333 0.078125
0 0.5171875 0.10885416666666667 0.1171875 0.15885416666666666
0 0.3463541666666667 0.8895833333333333 0.07552083333333333 0.07447916666666667
0 0.08385416666666666 0.5872395833333334 0.06458333333333334 0.059895833333333336
0 0.05755208333333333 0.8171875 0.08333333333333333 0.0875
0 0.11041666666666666 0.8513020833333333 0.07083333333333333 0.05260416666666667
0 0.07447916666666667 0.40182291666666664 0.06770833333333333 0.06927083333333334
0 0.234375 0.8263020833333333 0.06979166666666667 0.0796875
0 0.15052083333333333 0.38567708333333334 0.07291666666666667 0.0765625
0 0.959375 0.9005208333333333 0.08125 0.1421875
0 0.06770833333333333 0.7122395833333334 0.07760416666666667 0.078125
0 0.8338541666666667 0.5684895833333333 0.059375 0.051041666666666666
0 0.95703125 0.050520833333333334 0.0859375 0.10104166666666667
0 0.7138020833333333 0.9049479166666666 0.23958333333333334 0.18333333333333332
0 0.13723958333333333 0.4640625 0.03697916666666667 0.040625
0 0.8830729166666667 0.44895833333333335 0.028645833333333332 0.03177083333333333
0 0.7328125 0.3572916666666667 0.033854166666666664 0.028645833333333332
0 0.3263020833333333 0.6591145833333333 0.09895833333333333 0.10364583333333334
0 0.19427083333333334 0.3541666666666667 0.0359375 0.04791666666666667
0 0.4861979166666667 0.2526041666666667 0.19947916666666668 0.10364583333333334
0 0.05364583333333333 0.3111979166666667 0.103125 0.14114583333333333
0 0.39947916666666666 0.01953125 0.03697916666666667 0.0390625
0 0.11875 0.2950520833333333 0.06302083333333333 0.06822916666666666
0 0.8177083333333334 0.7614583333333333 0.18541666666666667 0.24635416666666668
0 0.8015625 0.2375 0.07395833333333333 0.0984375
0 0.46953125 0.8869791666666667 0.1859375 0.221875
0 0.18359375 0.8614583333333333 0.05677083333333333 0.06927083333333334
0 0.7932291666666667 0.5981770833333333 0.0484375 0.05677083333333333
0 0.024739583333333332 0.37942708333333336 0.0484375 0.041666666666666664
0 0.26145833333333335 0.89453125 0.103125 0.1234375
0 0.4161458333333333 0.7223958333333333 0.09322916666666667 0.103125
0 0.31328125 0.11666666666666667 0.15 0.11927083333333334
0 0.5513020833333333 0.3294270833333333 0.06197916666666667 0.075
0 0.17838541666666666 0.2375 0.07864583333333333 0.07135416666666666
0 0.08828125 0.5372395833333333 0.03854166666666667 0.046875
0 0.3294270833333333 0.030729166666666665 0.09739583333333333 0.06145833333333333
0 0.6200520833333333 0.0640625 0.0890625 0.059895833333333336
0 0.8200520833333333 0.4747395833333333 0.1078125 0.16197916666666667
0 0.196875 0.04609375 0.1296875 0.0921875
0 0.3848958333333333 0.434375 0.11041666666666666 0.09270833333333334
0 0.09088541666666666 0.01640625 0.10885416666666667 0.0328125
0 0.34765625 0.29192708333333334 0.209375 0.17135416666666667
0 0.6338541666666667 0.19140625 0.11510416666666666 0.190625
0 0.9713541666666666 0.30703125 0.057291666666666664 0.11770833333333333
0 0.921875 0.3880208333333333 0.027083333333333334 0.027604166666666666
0 0.7234375 0.6591145833333333 0.0734375 0.08854166666666667
0 0.19036458333333334 0.2955729166666667 0.06875 0.04895833333333333
0 0.39479166666666665 0.5434895833333333 0.2046875 0.16510416666666666
0 0.49192708333333335 0.71484375 0.05364583333333333 0.0625
0 0.9434895833333333 0.4440104166666667 0.09583333333333334 0.12083333333333333
0 0.9268229166666667 0.3463541666666667 0.05364583333333333 0.0609375
0 0.44947916666666665 0.013802083333333333 0.10052083333333334 0.027604166666666666
0 0.19505208333333332 0.9421875 0.034375 0.03802083333333333
0 0.9671875 0.15833333333333333 0.065625 0.13385416666666666
0 0.5541666666666667 0.030729166666666665 0.12083333333333333 0.06145833333333333
0 0.84609375 0.06614583333333333 0.16875 0.13229166666666667
0 0.6255208333333333 0.39817708333333335 0.15 0.11666666666666667
0 0.7341145833333333 0.04739583333333333 0.1234375 0.09479166666666666
0 0.018229166666666668 0.76640625 0.036458333333333336 0.07395833333333333
0 0.9434895833333333 0.4440104166666667 0.0953125 0.12083333333333333
0 0.11302083333333333 0.11796875 0.20625 0.18125
0 0.02421875 0.4947916666666667 0.0484375 0.17291666666666666
0 0.7622395833333333 0.3963541666666667 0.11302083333333333 0.10625
0 0.16354166666666667 0.7565104166666666 0.11875 0.125
0 0.17630208333333333 0.646875 0.12916666666666668 0.10833333333333334
0 0.15 0.5596354166666667 0.08072916666666667 0.0734375
0 0.4953125 0.6221354166666667 0.13802083333333334 0.115625
0 0.8458333333333333 0.32864583333333336 0.1421875 0.10885416666666667
0 0.73984375 0.3033854166666667 0.06927083333333334 0.071875
0 0.72265625 0.23880208333333333 0.09739583333333333 0.08958333333333333
0 0.8958333333333334 0.18177083333333333 0.17083333333333334 0.20989583333333334
0 0.6604166666666667 0.8114583333333333 0.1171875 0.12916666666666668
0 0.5497395833333333 0.8015625 0.10885416666666667 0.09635416666666667
0 0.5677083333333334 0.9611979166666667 0.0890625 0.07135416666666666
0 0.016666666666666666 0.9255208333333333 0.028125 0.1171875
0 0.2565104166666667 0.97421875 0.11822916666666666 0.04895833333333333
0 0.26927083333333335 0.7643229166666666 0.08072916666666667 0.07760416666666667
0 0.33619791666666665 0.7356770833333334 0.06666666666666667 0.06354166666666666
0 0.2565104166666667 0.5885416666666666 0.10885416666666667 0.08020833333333334
0 0.2484375 0.6739583333333333 0.06875 0.10572916666666667
0 0.0734375 0.6424479166666667 0.075 0.058333333333333334
0 0.95703125 0.7799479166666666 0.0859375 0.10052083333333334