0 0.6705729166666666 0.84921875 0.18020833333333333 0.1453125
0 0.5104166666666666 0.8609375 0.1265625 0.1171875
0 0.12447916666666667 0.8596354166666667 0.10677083333333333 0.13333333333333333
0 0.9604166666666667 0.71875 0.07395833333333333 0.12864583333333332
0 0.10598958333333333 0.69375 0.1625 0.17708333333333334
0 0.559375 0.1671875 0.14322916666666666 0.11822916666666666
0 0.6328125 0.7471354166666667 0.06979166666666667 0.06458333333333334
0 0.7557291666666667 0.465625 0.13072916666666667 0.15572916666666667
0 0.82265625 0.6734375 0.09895833333333333 0.0921875
0 0.45546875 0.090625 0.2234375 0.18125
0 0.53984375 0.9572916666666667 0.14322916666666666 0.08541666666666667
0 0.484375 0.3567708333333333 0.14479166666666668 0.19947916666666668
0 0.2484375 0.9385416666666667 0.11458333333333333 0.08333333333333333
0 0.11875 0.4890625 0.175 0.19010416666666666
0 0.4901041666666667 0.7020833333333333 0.08958333333333333 0.12135416666666667
0 0.6513020833333333 0.03619791666666667 0.14739583333333334 0.06979166666666667
0 0.9231770833333334 0.07291666666666667 0.09895833333333333 0.103125
0 0.4986979166666667 0.5885416666666666 0.0953125 0.10208333333333333
0 0.6588541666666666 0.5684895833333333 0.07552083333333333 0.09427083333333333
0 0.715625 0.6013020833333333 0.06302083333333333 0.1171875
0 0.3875 0.9080729166666667 0.075 0.10260416666666666
0 0.03958333333333333 0.8234375 0.07916666666666666 0.14479166666666668
0 0.7895833333333333 0.08046875 0.07552083333333333 0.08645833333333333
0 0.5513020833333333 0.26640625 0.15885416666666666 0.103125
0 0.5609375 0.728125 0.06354166666666666 0.09739583333333333
0 0.06744791666666666 0.029427083333333333 0.10572916666666667 0.058854166666666666
0 0.7403645833333333 0.19088541666666667 0.12447916666666667 0.165625
0 0.95234375 0.4473958333333333 0.0671875 0.06875
0 0.62578125 0.11927083333333334 0.09947916666666666 0.0921875
0 0.8528645833333334 0.5236979166666667 0.11197916666666667 0.11770833333333333
0 0.03333333333333333 0.5690104166666666 0.06666666666666667 0.13802083333333334
0 0.246875 0.6260416666666667 0.0703125 0.06145833333333333
0 0.7869791666666667 0.8356770833333333 0.065625 0.09739583333333333
0 0.6854166666666667 0.3736979166666667 0.203125 0.20572916666666666
0 0.04791666666666667 0.11223958333333334 0.08489583333333334 0.14375
0 0.38984375 0.7645833333333333 0.15729166666666666 0.1578125
0 0.31276041666666665 0.4908854166666667 0.06822916666666666 0.06145833333333333
0 0.3703125 0.6427083333333333 0.15572916666666667 0.215625
0 0.5815104166666667 0.78984375 0.0609375 0.06927083333333334
0 0.24375 0.7731770833333333 0.1265625 0.12135416666666667
0 0.6716145833333333 0.65078125 0.08020833333333334 0.0828125
0 0.20989583333333334 0.3729166666666667 0.05677083333333333 0.06510416666666667
0 0.5489583333333333 0.45807291666666666 0.17916666666666667 0.15104166666666666
0 0.8747395833333333 0.7239583333333334 0.10729166666666666 0.1203125
0 0.58203125 0.5716145833333334 0.08645833333333333 0.11614583333333334
0 0.34869791666666666 0.146875 0.096875 0.096875
0 0.890625 0.9515625 0.20416666666666666 0.096875
0 0.06067708333333333 0.35 0.11822916666666666 0.146875
0 0.9848958333333333 0.38359375 0.030208333333333334 0.08177083333333333
0 0.24270833333333333 0.68515625 0.078125 0.0640625
0 0.35130208333333335 0.27239583333333334 0.18385416666666668 0.18385416666666668
0 0.7078125 0.7177083333333333 0.0921875 0.103125
0 0.70859375 0.9588541666666667 0.14322916666666666 0.08229166666666667
0 0.7078125 0.959375 0.14270833333333333 0.08125
0 0.7932291666666667 0.1640625 0.057291666666666664 0.0859375
0 0.25494791666666666 0.5270833333333333 0.103125 0.13229166666666667
0 0.15572916666666667 0.38776041666666666 0.06197916666666667 0.06614583333333333
0 0.6622395833333333 0.19401041666666666 0.0578125 0.08802083333333334
0 0.04895833333333333 0.9434895833333333 0.09791666666666667 0.0984375
0 0.8638020833333333 0.20338541666666668 0.10104166666666667 0.14322916666666666
0 0.7567708333333333 0.8028645833333333 0.09739583333333333 0.058333333333333334
0 0.3841145833333333 0.9684895833333333 0.0890625 0.06041666666666667
0 0.9861979166666667 0.13098958333333333 0.027604166666666666 0.07864583333333333
0 0.95546875 0.20026041666666666 0.0890625 0.18802083333333333
0 0.18932291666666667 0.10286458333333333 0.1890625 0.13697916666666668
0 0.014583333333333334 0.71953125 0.029166666666666667 0.1265625
0 0.16223958333333333 0.9638020833333333 0.10208333333333333 0.0625
0 0.1875 0.221875 0.22239583333333332 0.14479166666666668
0 0.05625 0.21875 0.09166666666666666 0.1203125
0 0.346875 0.42109375 0.11979166666666667 0.11302083333333333
0 0.2296875 0.425 0.10052083333333334 0.0734375
0 0.23776041666666667 0.8479166666666667 0.14166666666666666 0.1046875
0 0.8658854166666666 0.846875 0.14739583333333334 0.128125
0 0.9661458333333334 0.8471354166666667 0.05572916666666667 0.12552083333333333
0 0.9208333333333333 0.6208333333333333 0.15 0.0921875
0 0.95078125 0.5221354166666666 0.09166666666666666 0.1125
0 0.8901041666666667 0.37135416666666665 0.190625 0.19375
0 0.7864583333333334 0.73046875 0.07604166666666666 0.0890625