0 0.6765625 0.15390625 0.17760416666666667 0.1421875
0 0.5166666666666667 0.13932291666666666 0.12447916666666667 0.11510416666666666
0 0.13072916666666667 0.13385416666666666 0.1046875 0.13177083333333334
0 0.9640625 0.28932291666666665 0.071875 0.12760416666666666
0 0.109375 0.2994791666666667 0.159375 0.17447916666666666
0 0.5536458333333333 0.8338541666666667 0.14114583333333333 0.115625
0 0.6369791666666667 0.2552083333333333 0.06875 0.06354166666666666
0 0.7552083333333334 0.5388020833333333 0.128125 0.15364583333333334
0 0.8255208333333334 0.33229166666666665 0.09739583333333333 0.090625
0 0.4484375 0.9098958333333333 0.2203125 0.18020833333333333
0 0.5479166666666667 0.04244791666666667 0.14166666666666666 0.08489583333333334
0 0.4817708333333333 0.64296875 0.14114583333333333 0.196875
0 0.25625 0.05703125 0.11302083333333333 0.08125
0 0.11848958333333333 0.5041666666666667 0.171875 0.18697916666666667
0 0.49375 0.29765625 0.0875 0.11979166666666667
0 0.6432291666666666 0.96640625 0.14635416666666667 0.0671875
0 0.915625 0.934375 0.09739583333333333 0.1015625
0 0.5002604166666667 0.4114583333333333 0.09375 0.10052083333333334
0 0.6598958333333333 0.434375 0.07395833333333333 0.09322916666666667
0 0.7174479166666666 0.40260416666666665 0.0609375 0.11614583333333334
0 0.39453125 0.09010416666666667 0.0734375 0.1015625
0 0.04192708333333333 0.16822916666666668 0.08385416666666666 0.14322916666666666
0 0.7822916666666667 0.9244791666666666 0.07395833333333333 0.08541666666666667
0 0.5471354166666667 0.734375 0.15729166666666666 0.10052083333333334
0 0.56484375 0.27291666666666664 0.06197916666666667 0.09635416666666667
0 0.05911458333333333 0.9671875 0.1046875 0.065625
0 0.7348958333333333 0.81328125 0.121875 0.16354166666666667
0 0.9513020833333333 0.5604166666666667 0.06614583333333333 0.06770833333333333
0 0.6190104166666667 0.8828125 0.09791666666666667 0.090625
0 0.853125 0.4825520833333333 0.10989583333333333 0.115625
0 0.03411458333333333 0.42265625 0.065625 0.13697916666666668
0 0.24921875 0.36953125 0.06927083333333334 0.06041666666666667
0 0.7927083333333333 0.16927083333333334 0.0640625 0.09635416666666667
0 0.6830729166666667 0.6294270833333333 0.19947916666666668 0.20208333333333334
0 0.04114583333333333 0.8796875 0.08229166666666667 0.1421875
0 0.39453125 0.23359375 0.1546875 0.15520833333333334
0 0.31276041666666665 0.5057291666666667 0.0671875 0.06041666666666667
0 0.3729166666666667 0.35494791666666664 0.15208333333333332 0.21302083333333333
0 0.5864583333333333 0.21171875 0.059895833333333336 0.06822916666666666
0 0.2484375 0.22239583333333332 0.12447916666666667 0.11927083333333334
0 0.67421875 0.35234375 0.07864583333333333 0.08125
0 0.2078125 0.621875 0.05572916666666667 0.0640625
0 0.5481770833333334 0.5427083333333333 0.1765625 0.14791666666666667
0 0.8786458333333333 0.2825520833333333 0.10520833333333333 0.11875
0 0.5833333333333334 0.42994791666666665 0.084375 0.11458333333333333
0 0.3424479166666667 0.8505208333333333 0.0953125 0.0953125
0 0.8986979166666667 0.05078125 0.20260416666666667 0.1015625
0 0.05807291666666667 0.6421875 0.115625 0.14479166666666668
0 0.984375 0.625 0.03125 0.08125
0 0.24609375 0.3104166666666667 0.07708333333333334 0.0625
0 0.34739583333333335 0.725 0.18072916666666666 0.18072916666666666
0 0.7114583333333333 0.2859375 0.090625 0.1015625
0 0.7166666666666667 0.0421875 0.14166666666666666 0.084375
0 0.7161458333333334 0.041666666666666664 0.14114583333333333 0.08333333333333333
0 0.7872395833333333 0.8408854166666667 0.05572916666666667 0.08489583333333334
0 0.25546875 0.46875 0.10104166666666667 0.13072916666666667
0 0.15390625 0.60625 0.0609375 0.06510416666666667
0 0.6567708333333333 0.8088541666666667 0.05625 0.08697916666666666
0 0.05260416666666667 0.0484375 0.10520833333333333 0.096875
0 0.85859375 0.8028645833333333 0.0984375 0.14166666666666666
0 0.7619791666666667 0.2015625 0.09635416666666667 0.05677083333333333
0 0.3921875 0.029427083333333333 0.08802083333333334 0.058854166666666666
0 0.9833333333333333 0.87734375 0.03333333333333333 0.078125
0 0.9536458333333333 0.8078125 0.09270833333333334 0.18645833333333334
0 0.18255208333333334 0.8916666666666667 0.18697916666666667 0.13385416666666666
0 0.016145833333333335 0.271875 0.03229166666666667 0.12604166666666666
0 0.1703125 0.03046875 0.10104166666666667 0.0609375
0 0.1828125 0.77265625 0.21979166666666666 0.14114583333333333
0 0.05130208333333333 0.7734375 0.08958333333333333 0.11875
0 0.3455729166666667 0.5763020833333333 0.11770833333333333 0.1109375
0 0.22838541666666667 0.5703125 0.09947916666666666 0.071875
0 0.24375 0.14765625 0.14010416666666667 0.10208333333333333
0 0.871875 0.15963541666666667 0.1453125 0.12552083333333333
0 0.9721354166666667 0.1609375 0.05364583333333333 0.12447916666666667
0 0.9229166666666667 0.38645833333333335 0.1484375 0.08958333333333333
0 0.9510416666666667 0.4856770833333333 0.08958333333333333 0.1109375
0 0.8877604166666667 0.6354166666666666 0.1875 0.190625
0 0.7903645833333334 0.27447916666666666 0.07447916666666667 0.08802083333333334