0 0.3302083333333333 0.14895833333333333 0.18125 0.14635416666666667
0 0.4903645833333333 0.13619791666666667 0.12708333333333333 0.11770833333333333
0 0.8763020833333334 0.13515625 0.10729166666666666 0.13385416666666666
0 0.04114583333333333 0.28098958333333335 0.07447916666666667 0.12916666666666668
0 0.8958333333333334 0.30104166666666665 0.16354166666666667 0.178125
0 0.44557291666666665 0.8302083333333333 0.14375 0.11927083333333334
0 0.36875 0.25078125 0.0703125 0.06510416666666667
0 0.24739583333333334 0.5330729166666667 0.13177083333333334 0.15625
0 0.17916666666666667 0.3255208333333333 0.09947916666666666 0.09270833333333334
0 0.54921875 0.90625 0.22447916666666667 0.18229166666666666
0 0.46041666666666664 0.041666666666666664 0.14375 0.08333333333333333
0 0.5192708333333333 0.6401041666666667 0.14583333333333334 0.20052083333333334
0 0.7518229166666667 0.05703125 0.11510416666666666 0.08385416666666666
0 0.8841145833333334 0.5057291666666667 0.17604166666666668 0.19114583333333332
0 0.51171875 0.2950520833333333 0.09010416666666667 0.121875
0 0.35442708333333334 0.96171875 0.14791666666666667 0.07083333333333333
0 0.08229166666666667 0.9265625 0.09947916666666666 0.10364583333333334
0 0.5036458333333333 0.40859375 0.09583333333333334 0.10260416666666666
0 0.34375 0.42942708333333335 0.07604166666666666 0.09479166666666666
0 0.28671875 0.3971354166666667 0.06354166666666666 0.11770833333333333
0 0.6130208333333333 0.08828125 0.07552083333333333 0.103125
0 0.9604166666666667 0.17057291666666666 0.07916666666666666 0.1453125
0 0.21588541666666666 0.9182291666666667 0.07604166666666666 0.08697916666666666
0 0.45286458333333335 0.7309895833333333 0.159375 0.10416666666666667
0 0.440625 0.26927083333333335 0.0640625 0.09791666666666667
0 0.93828125 0.9651041666666667 0.10625 0.059375
0 0.2643229166666667 0.8075520833333333 0.12552083333333333 0.16614583333333333
0 0.05078125 0.55234375 0.06770833333333333 0.06927083333333334
0 0.37942708333333336 0.8786458333333333 0.1 0.09270833333333334
0 0.15 0.47552083333333334 0.1125 0.11822916666666666
0 0.9674479166666666 0.42473958333333334 0.06510416666666667 0.13854166666666667
0 0.7552083333333334 0.36953125 0.07083333333333333 0.06197916666666667
0 0.2140625 0.16302083333333334 0.06614583333333333 0.09791666666666667
0 0.3182291666666667 0.6244791666666667 0.20416666666666666 0.20677083333333332
0 0.9572916666666667 0.8822916666666667 0.08541666666666667 0.14427083333333332
0 0.6114583333333333 0.23177083333333334 0.15833333333333333 0.15885416666666666
0 0.6901041666666666 0.5052083333333334 0.06875 0.06197916666666667
0 0.6317708333333333 0.3536458333333333 0.15677083333333333 0.21666666666666667
0 0.4197916666666667 0.2078125 0.06145833333333333 0.06979166666666667
0 0.7575520833333333 0.22239583333333332 0.12708333333333333 0.121875
0 0.33046875 0.34739583333333335 0.08072916666666667 0.08333333333333333
0 0.79375 0.6223958333333334 0.057291666666666664 0.065625
0 0.45416666666666666 0.5393229166666667 0.18020833333333333 0.15208333333333332
0 0.12682291666666667 0.2752604166666667 0.1078125 0.12083333333333333
0 0.4205729166666667 0.42604166666666665 0.08697916666666666 0.11666666666666667
0 0.65625 0.84921875 0.09739583333333333 0.09739583333333333
0 0.10911458333333333 0.048177083333333336 0.2046875 0.09635416666666667
0 0.9416666666666667 0.64453125 0.11666666666666667 0.14739583333333334
0 0.018489583333333334 0.61640625 0.030208333333333334 0.08177083333333333
0 0.7591145833333334 0.3104166666666667 0.07864583333333333 0.06458333333333334
0 0.6528645833333333 0.7239583333333334 0.18489583333333334 0.18489583333333334
0 0.29375 0.28046875 0.09270833333333334 0.10364583333333334
0 0.2916666666666667 0.040364583333333336 0.14375 0.08072916666666667
0 0.29192708333333334 0.03984375 0.14322916666666666 0.0796875
0 0.21171875 0.8346354166666666 0.0578125 0.08645833333333333
0 0.7479166666666667 0.46848958333333335 0.10364583333333334 0.1328125
0 0.8479166666666667 0.6072916666666667 0.0625 0.06666666666666667
0 0.3424479166666667 0.80390625 0.058333333333333334 0.08854166666666667
0 0.95078125 0.050520833333333334 0.0984375 0.09895833333333333
0 0.14088541666666668 0.7958333333333333 0.10208333333333333 0.14375
0 0.24427083333333333 0.19583333333333333 0.09791666666666667 0.058854166666666666
0 0.6161458333333333 0.029166666666666667 0.08958333333333333 0.058333333333333334
0 0.01875 0.8684895833333334 0.028125 0.07864583333333333
0 0.04921875 0.7994791666666666 0.09010416666666667 0.18854166666666666
0 0.8158854166666667 0.8924479166666667 0.19010416666666666 0.13802083333333334
0 0.9856770833333334 0.2747395833333333 0.028645833333333332 0.1265625
0 0.8380208333333333 0.031510416666666666 0.10260416666666666 0.06302083333333333
0 0.8169270833333333 0.7734375 0.2234375 0.14583333333333334
0 0.9481770833333333 0.77578125 0.0921875 0.12083333333333333
0 0.6565104166666667 0.575 0.1203125 0.11354166666666667
0 0.7736979166666667 0.5705729166666667 0.10104166666666667 0.07395833333333333
0 0.7630208333333334 0.14765625 0.1421875 0.10572916666666667
0 0.13489583333333333 0.15234375 0.14791666666666667 0.12916666666666668
0 0.03463541666666667 0.15260416666666668 0.05625 0.12604166666666666
0 0.08125 0.37864583333333335 0.15052083333333333 0.09322916666666667
0 0.052083333333333336 0.47760416666666666 0.0921875 0.11302083333333333
0 0.11354166666666667 0.628125 0.19166666666666668 0.19479166666666667
0 0.21510416666666668 0.2682291666666667 0.0765625 0.08958333333333333