0 0.3294270833333333 0.15078125 0.18020833333333333 0.1453125
0 0.4895833333333333 0.1390625 0.1265625 0.1171875
0 0.8755208333333333 0.14036458333333332 0.10677083333333333 0.13333333333333333
0 0.03958333333333333 0.28125 0.07395833333333333 0.12864583333333332
0 0.8940104166666667 0.30625 0.1625 0.17708333333333334
0 0.440625 0.8328125 0.14322916666666666 0.11822916666666666
0 0.3671875 0.25286458333333334 0.06979166666666667 0.06458333333333334
0 0.24427083333333333 0.534375 0.13072916666666667 0.15572916666666667
0 0.17734375 0.3265625 0.09895833333333333 0.0921875
0 0.5440104166666667 0.909375 0.2234375 0.18125
0 0.46015625 0.042708333333333334 0.14322916666666666 0.08541666666666667
0 0.515625 0.6432291666666666 0.14479166666666668 0.19947916666666668
0 0.7515625 0.06145833333333333 0.11458333333333333 0.08333333333333333
0 0.88125 0.5109375 0.175 0.19010416666666666
0 0.5098958333333333 0.29791666666666666 0.08958333333333333 0.12135416666666667
0 0.34869791666666666 0.9638020833333333 0.14739583333333334 0.06979166666666667
0 0.07682291666666667 0.9270833333333334 0.09895833333333333 0.103125
0 0.5013020833333334 0.4114583333333333 0.0953125 0.10208333333333333
0 0.3411458333333333 0.4315104166666667 0.07552083333333333 0.09427083333333333
0 0.284375 0.39869791666666665 0.06302083333333333 0.1171875
0 0.6125 0.09192708333333334 0.075 0.10260416666666666
0 0.96015625 0.17604166666666668 0.0796875 0.14479166666666668
0 0.21041666666666667 0.91953125 0.07552083333333333 0.08645833333333333
0 0.44869791666666664 0.73359375 0.15885416666666666 0.103125
0 0.4390625 0.271875 0.06354166666666666 0.09739583333333333
0 0.9325520833333333 0.9705729166666667 0.10572916666666667 0.058854166666666666
0 0.2596354166666667 0.8091145833333333 0.12447916666666667 0.165625
0 0.04765625 0.5526041666666667 0.0671875 0.06875
0 0.37421875 0.8807291666666667 0.09947916666666666 0.0921875
0 0.14713541666666666 0.47630208333333335 0.11197916666666667 0.11770833333333333
0 0.96640625 0.43046875 0.0671875 0.13802083333333334
0 0.753125 0.37395833333333334 0.0703125 0.06145833333333333
0 0.21302083333333333 0.16432291666666668 0.065625 0.09739583333333333
0 0.3145833333333333 0.6263020833333334 0.203125 0.20572916666666666
0 0.9520833333333333 0.8877604166666667 0.08489583333333334 0.14375
0 0.61015625 0.23541666666666666 0.15729166666666666 0.1578125
0 0.6872395833333333 0.5091145833333334 0.06822916666666666 0.06145833333333333
0 0.6296875 0.3572916666666667 0.15572916666666667 0.215625
0 0.41848958333333336 0.21015625 0.0609375 0.06927083333333334
0 0.75625 0.22682291666666668 0.1265625 0.12135416666666667
0 0.32838541666666665 0.34921875 0.08020833333333334 0.0828125
0 0.7901041666666667 0.6270833333333333 0.05677083333333333 0.06510416666666667
0 0.4510416666666667 0.5419270833333333 0.17916666666666667 0.15104166666666666
0 0.12526041666666668 0.2760416666666667 0.10729166666666666 0.1203125
0 0.41796875 0.4283854166666667 0.08645833333333333 0.11614583333333334
0 0.6513020833333333 0.853125 0.096875 0.096875
0 0.10885416666666667 0.048177083333333336 0.20416666666666666 0.09635416666666667
0 0.9393229166666667 0.65 0.11822916666666666 0.146875
0 0.01484375 0.61640625 0.0296875 0.08177083333333333
0 0.7572916666666667 0.31484375 0.078125 0.0640625
0 0.6486979166666667 0.7276041666666667 0.18385416666666668 0.18385416666666668
0 0.2921875 0.28229166666666666 0.0921875 0.103125
0 0.29140625 0.04088541666666667 0.14322916666666666 0.08177083333333333
0 0.2916666666666667 0.040364583333333336 0.14270833333333333 0.08072916666666667
0 0.20677083333333332 0.8359375 0.057291666666666664 0.0859375
0 0.7450520833333333 0.47291666666666665 0.103125 0.13229166666666667
0 0.8442708333333333 0.6122395833333333 0.06197916666666667 0.06614583333333333
0 0.3377604166666667 0.8059895833333334 0.0578125 0.08802083333333334
0 0.95078125 0.055989583333333336 0.0984375 0.0984375
0 0.13619791666666667 0.7966145833333333 0.10104166666666667 0.14322916666666666
0 0.24322916666666666 0.19713541666666667 0.09739583333333333 0.058333333333333334
0 0.6158854166666666 0.031510416666666666 0.0890625 0.06041666666666667
0 0.013802083333333333 0.8684895833333334 0.027604166666666666 0.07864583333333333
0 0.04453125 0.7997395833333333 0.0890625 0.18802083333333333
0 0.8106770833333333 0.8971354166666666 0.1890625 0.13697916666666668
0 0.98515625 0.28046875 0.0296875 0.1265625
0 0.8377604166666667 0.03619791666666667 0.10208333333333333 0.0625
0 0.8125 0.778125 0.22239583333333332 0.14479166666666668
0 0.94375 0.78125 0.09166666666666666 0.1203125
0 0.653125 0.57890625 0.11979166666666667 0.11302083333333333
0 0.7703125 0.575 0.10052083333333334 0.0734375
0 0.7622395833333333 0.15208333333333332 0.14166666666666666 0.1046875
0 0.13411458333333334 0.153125 0.14739583333333334 0.128125
0 0.033854166666666664 0.15286458333333333 0.05572916666666667 0.12552083333333333
0 0.07916666666666666 0.37916666666666665 0.15 0.0921875
0 0.04921875 0.4778645833333333 0.09166666666666666 0.1125
0 0.10989583333333333 0.6286458333333333 0.190625 0.19375
0 0.21354166666666666 0.26953125 0.07604166666666666 0.0890625