0 0.3234375 0.84609375 0.17760416666666667 0.1421875
0 0.48333333333333334 0.8606770833333334 0.12447916666666667 0.11510416666666666
0 0.8692708333333333 0.8661458333333333 0.1046875 0.13177083333333334
0 0.0359375 0.7106770833333333 0.071875 0.12760416666666666
0 0.890625 0.7005208333333334 0.159375 0.17447916666666666
0 0.44635416666666666 0.16614583333333333 0.14114583333333333 0.115625
0 0.36302083333333335 0.7447916666666666 0.06875 0.06354166666666666
0 0.24479166666666666 0.46119791666666665 0.128125 0.15364583333333334
0 0.17447916666666666 0.6677083333333333 0.09739583333333333 0.090625
0 0.5515625 0.09010416666666667 0.2203125 0.18020833333333333
0 0.45208333333333334 0.9575520833333333 0.14166666666666666 0.08489583333333334
0 0.5182291666666666 0.35703125 0.14114583333333333 0.196875
0 0.74375 0.94296875 0.11302083333333333 0.08125
0 0.8815104166666666 0.49583333333333335 0.171875 0.18697916666666667
0 0.50625 0.70234375 0.0875 0.11979166666666667
0 0.3567708333333333 0.03359375 0.14635416666666667 0.0671875
0 0.084375 0.065625 0.09739583333333333 0.1015625
0 0.49973958333333335 0.5885416666666666 0.09375 0.10052083333333334
0 0.34010416666666665 0.565625 0.07395833333333333 0.09322916666666667
0 0.2825520833333333 0.5973958333333333 0.0609375 0.11614583333333334
0 0.60546875 0.9098958333333333 0.0734375 0.1015625
0 0.9580729166666667 0.8317708333333333 0.08385416666666666 0.14322916666666666
0 0.21770833333333334 0.07552083333333333 0.07395833333333333 0.08541666666666667
0 0.45286458333333335 0.265625 0.15729166666666666 0.10052083333333334
0 0.43515625 0.7270833333333333 0.06197916666666667 0.09635416666666667
0 0.9408854166666667 0.0328125 0.1046875 0.065625
0 0.26510416666666664 0.18671875 0.121875 0.16354166666666667
0 0.04869791666666667 0.4395833333333333 0.06614583333333333 0.06770833333333333
0 0.3809895833333333 0.1171875 0.09791666666666667 0.090625
0 0.146875 0.5174479166666667 0.10989583333333333 0.115625
0 0.9658854166666667 0.57734375 0.065625 0.13697916666666668
0 0.75078125 0.63046875 0.06927083333333334 0.06041666666666667
0 0.20729166666666668 0.8307291666666666 0.0640625 0.09635416666666667
0 0.31692708333333336 0.37057291666666664 0.19947916666666668 0.20208333333333334
0 0.9588541666666667 0.1203125 0.08229166666666667 0.1421875
0 0.60546875 0.76640625 0.1546875 0.15520833333333334
0 0.6872395833333333 0.4942708333333333 0.0671875 0.06041666666666667
0 0.6270833333333333 0.6450520833333333 0.15208333333333332 0.21302083333333333
0 0.41354166666666664 0.78828125 0.059895833333333336 0.06822916666666666
0 0.7515625 0.7776041666666667 0.12447916666666667 0.11927083333333334
0 0.32578125 0.64765625 0.07864583333333333 0.08125
0 0.7921875 0.378125 0.05572916666666667 0.0640625
0 0.4518229166666667 0.45729166666666665 0.1765625 0.14791666666666667
0 0.12135416666666667 0.7174479166666666 0.10520833333333333 0.11875
0 0.4166666666666667 0.5700520833333333 0.084375 0.11458333333333333
0 0.6575520833333334 0.14947916666666666 0.0953125 0.0953125
0 0.10130208333333333 0.94921875 0.20260416666666667 0.1015625
0 0.9419270833333333 0.3578125 0.115625 0.14479166666666668
0 0.015625 0.375 0.03125 0.08125
0 0.75390625 0.6895833333333333 0.07708333333333334 0.0625
0 0.6526041666666667 0.275 0.18072916666666666 0.18072916666666666
0 0.28854166666666664 0.7140625 0.090625 0.1015625
0 0.2833333333333333 0.9578125 0.14166666666666666 0.084375
0 0.2838541666666667 0.9583333333333334 0.14114583333333333 0.08333333333333333
0 0.21276041666666667 0.15911458333333334 0.05572916666666667 0.08489583333333334
0 0.74453125 0.53125 0.10104166666666667 0.13072916666666667
0 0.84609375 0.39375 0.0609375 0.06510416666666667
0 0.34322916666666664 0.19114583333333332 0.05625 0.08697916666666666
0 0.9473958333333333 0.9515625 0.10520833333333333 0.096875
0 0.14140625 0.19713541666666667 0.0984375 0.14166666666666666
0 0.23802083333333332 0.7984375 0.09635416666666667 0.05677083333333333
0 0.6078125 0.9705729166666667 0.08802083333333334 0.058854166666666666
0 0.016666666666666666 0.12265625 0.03333333333333333 0.078125
0 0.04635416666666667 0.1921875 0.09270833333333334 0.18645833333333334
0 0.8174479166666667 0.10833333333333334 0.18697916666666667 0.13385416666666666
0 0.9838541666666667 0.728125 0.03229166666666667 0.12604166666666666
0 0.8296875 0.96953125 0.10104166666666667 0.0609375
0 0.8171875 0.22734375 0.21979166666666666 0.14114583333333333
0 0.9486979166666667 0.2265625 0.08958333333333333 0.11875
0 0.6544270833333333 0.4236979166666667 0.11770833333333333 0.1109375
0 0.7716145833333333 0.4296875 0.09947916666666666 0.071875
0 0.75625 0.85234375 0.14010416666666667 0.10208333333333333
0 0.128125 0.8403645833333333 0.1453125 0.12552083333333333
0 0.027864583333333335 0.8390625 0.05364583333333333 0.12447916666666667
0 0.07708333333333334 0.6135416666666667 0.1484375 0.08958333333333333
0 0.04895833333333333 0.5143229166666666 0.08958333333333333 0.1109375
0 0.11223958333333334 0.3645833333333333 0.1875 0.190625
0 0.20963541666666666 0.7255208333333333 0.07447916666666667 0.08802083333333334