0 0.6713541666666667 0.15078125 0.18125 0.1453125
0 0.5111979166666667 0.1390625 0.12708333333333333 0.1171875
0 0.12526041666666668 0.14036458333333332 0.10729166666666666 0.13333333333333333
0 0.9619791666666667 0.28125 0.07447916666666667 0.12864583333333332
0 0.1078125 0.30625 0.16354166666666667 0.17708333333333334
0 0.5643229166666667 0.8328125 0.14375 0.11822916666666666
0 0.634375 0.25286458333333334 0.0703125 0.06458333333333334
0 0.7588541666666667 0.534375 0.13177083333333334 0.15572916666666667
0 0.8244791666666667 0.3265625 0.09947916666666666 0.0921875
0 0.46067708333333335 0.909375 0.22447916666666667 0.18125
0 0.5401041666666667 0.042708333333333334 0.14375 0.08541666666666667
0 0.48802083333333335 0.6432291666666666 0.14583333333333334 0.19947916666666668
0 0.24869791666666666 0.06145833333333333 0.11510416666666666 0.08333333333333333
0 0.12161458333333333 0.5109375 0.17604166666666668 0.19010416666666666
0 0.49192708333333335 0.29791666666666666 0.09010416666666667 0.12135416666666667
0 0.65703125 0.9638020833333333 0.14791666666666667 0.06979166666666667
0 0.9286458333333333 0.9270833333333334 0.09947916666666666 0.103125
0 0.5010416666666667 0.4114583333333333 0.09583333333333334 0.10208333333333333
0 0.6614583333333334 0.4315104166666667 0.07604166666666666 0.09427083333333333
0 0.71796875 0.39869791666666665 0.06354166666666666 0.1171875
0 0.3880208333333333 0.09192708333333334 0.07552083333333333 0.10260416666666666
0 0.040625 0.17604166666666668 0.08020833333333334 0.14479166666666668
0 0.7950520833333333 0.91953125 0.07604166666666666 0.08645833333333333
0 0.55546875 0.73359375 0.159375 0.103125
0 0.5625 0.271875 0.0640625 0.09739583333333333
0 0.07317708333333334 0.9705729166666667 0.10625 0.058854166666666666
0 0.7450520833333333 0.8091145833333333 0.12552083333333333 0.165625
0 0.95546875 0.5526041666666667 0.06770833333333333 0.06875
0 0.6309895833333333 0.8807291666666667 0.1 0.0921875
0 0.8557291666666667 0.47630208333333335 0.1125 0.11770833333333333
0 0.0359375 0.43046875 0.06770833333333333 0.13802083333333334
0 0.24895833333333334 0.37395833333333334 0.07083333333333333 0.06145833333333333
0 0.7880208333333333 0.16432291666666668 0.06614583333333333 0.09739583333333333
0 0.6890625 0.6263020833333334 0.20416666666666666 0.20572916666666666
0 0.053125 0.8877604166666667 0.0859375 0.14375
0 0.39114583333333336 0.23541666666666666 0.15833333333333333 0.1578125
0 0.315625 0.5091145833333334 0.06875 0.06145833333333333
0 0.3723958333333333 0.3572916666666667 0.15677083333333333 0.215625
0 0.5828125 0.21015625 0.06145833333333333 0.06927083333333334
0 0.24505208333333334 0.22682291666666668 0.12708333333333333 0.12135416666666667
0 0.6736979166666667 0.34921875 0.08072916666666667 0.0828125
0 0.21354166666666666 0.6270833333333333 0.057291666666666664 0.06510416666666667
0 0.5520833333333334 0.5419270833333333 0.18020833333333333 0.15104166666666666
0 0.8763020833333334 0.2760416666666667 0.1078125 0.1203125
0 0.5846354166666666 0.4283854166666667 0.08697916666666666 0.11614583333333334
0 0.3536458333333333 0.853125 0.09739583333333333 0.096875
0 0.8908854166666667 0.048177083333333336 0.2046875 0.09635416666666667
0 0.06458333333333334 0.65 0.11927083333333334 0.146875
0 0.9864583333333333 0.61640625 0.027083333333333334 0.08177083333333333
0 0.24453125 0.31484375 0.07864583333333333 0.0640625
0 0.35546875 0.7276041666666667 0.18489583333333334 0.18385416666666668
0 0.709375 0.28229166666666666 0.09270833333333334 0.103125
0 0.7088541666666667 0.04088541666666667 0.14375 0.08177083333333333
0 0.7080729166666667 0.040364583333333336 0.14322916666666666 0.08072916666666667
0 0.7981770833333334 0.8359375 0.0578125 0.0859375
0 0.2578125 0.47291666666666665 0.10364583333333334 0.13229166666666667
0 0.159375 0.6122395833333333 0.0625 0.06614583333333333
0 0.6669270833333333 0.8059895833333334 0.058333333333333334 0.08802083333333334
0 0.04921875 0.055989583333333336 0.0984375 0.0984375
0 0.8684895833333334 0.7966145833333333 0.10208333333333333 0.14322916666666666
0 0.7578125 0.19713541666666667 0.09791666666666667 0.058333333333333334
0 0.384375 0.031510416666666666 0.08958333333333333 0.06041666666666667
0 0.9885416666666667 0.8684895833333334 0.022916666666666665 0.07864583333333333
0 0.9575520833333333 0.7997395833333333 0.08489583333333334 0.18802083333333333
0 0.19453125 0.8971354166666666 0.19010416666666666 0.13697916666666668
0 0.016145833333333335 0.28046875 0.0296875 0.1265625
0 0.1625 0.03619791666666667 0.10260416666666666 0.0625
0 0.19192708333333333 0.778125 0.2234375 0.14479166666666668
0 0.06067708333333333 0.78125 0.0921875 0.1203125
0 0.3502604166666667 0.57890625 0.1203125 0.11302083333333333
0 0.23307291666666666 0.575 0.10104166666666667 0.0734375
0 0.23854166666666668 0.15208333333333332 0.1421875 0.1046875
0 0.8666666666666667 0.153125 0.14791666666666667 0.128125
0 0.9669270833333333 0.15286458333333333 0.05625 0.12552083333333333
0 0.9229166666666667 0.37916666666666665 0.15052083333333333 0.0921875
0 0.9536458333333333 0.4778645833333333 0.0921875 0.1125
0 0.89375 0.6286458333333333 0.19166666666666668 0.19375
0 0.7880208333333333 0.26953125 0.0765625 0.0890625