0 0.35390625 0.41328125 0.096875 0.0640625
0 0.60078125 0.16328125 0.1078125 0.0984375
0 0.121875 0.70859375 0.1390625 0.1359375
0 0.771875 0.215625 0.0828125 0.071875
0 0.5171875 0.40234375 0.0875 0.0953125
0 0.6171875 0.553125 0.0796875 0.084375
0 0.4578125 0.58359375 0.0953125 0.109375
0 0.496875 0.4640625 0.0578125 0.05
0 0.465625 0.31484375 0.1359375 0.0953125
0 0.16015625 0.41796875 0.13125 0.0875
0 0.44609375 0.9015625 0.1 0.1203125
0 0.81171875 0.16328125 0.0484375 0.065625
0 0.83359375 0.72265625 0.1203125 0.1171875
0 0.7328125 0.6390625 0.1390625 0.1453125
0 0.85703125 0.85234375 0.1390625 0.134375
0 0.3421875 0.12890625 0.0875 0.0953125
0 0.228125 0.2015625 0.1078125 0.1109375
0 0.75859375 0.109375 0.1625 0.1421875
0 0.3640625 0.33828125 0.10625 0.0921875
0 0.69296875 0.4296875 0.153125 0.1234375
0 0.80546875 0.3796875 0.071875 0.0703125
0 0.85 0.14921875 0.0625 0.0875
0 0.82734375 0.0484375 0.0984375 0.096875
0 0.428125 0.6890625 0.2140625 0.19375
0 0.90546875 0.2953125 0.1015625 0.0953125
0 0.5703125 0.2203125 0.0796875 0.075
0 0.91796875 0.3515625 0.0953125 0.0515625
0 0.4328125 0.80546875 0.06875 0.0640625
0 0.4953125 0.0625 0.0765625 0.0875
0 0.85546875 0.5484375 0.1046875 0.1
0 0.90703125 0.48828125 0.1234375 0.1078125
0 0.07109375 0.5375 0.1421875 0.1328125
0 0.6640625 0.071875 0.1203125 0.1390625
0 0.921875 0.4140625 0.1125 0.1171875
0 0.08828125 0.13203125 0.1671875 0.153125
0 0.71875 0.81796875 0.1265625 0.13125
0 0.94609375 0.2 0.1046875 0.0828125
0 0.9546875 0.5734375 0.090625 0.1296875
0 0.83203125 0.44921875 0.103125 0.071875
0 0.22265625 0.9046875 0.165625 0.1265625
0 0.45703125 0.390625 0.06875 0.0625
0 0.1609375 0.053125 0.1265625 0.1046875
0 0.6796875 0.709375 0.075 0.0984375
0 0.421875 0.19765625 0.146875 0.1375
0 0.13203125 0.4984375 0.10625 0.1140625
0 0.52890625 0.8671875 0.09375 0.1078125
0 0.25390625 0.08828125 0.09375 0.1109375
0 0.6078125 0.93515625 0.11875 0.1171875
0 0.88671875 0.08984375 0.0984375 0.09375
0 0.0859375 0.221875 0.1515625 0.1390625
0 0.16015625 0.33828125 0.0875 0.0765625
0 0.2453125 0.58359375 0.0578125 0.046875
0 0.50859375 0.2421875 0.1 0.125
0 0.38671875 0.04765625 0.0875 0.0953125
0 0.33125 0.75078125 0.153125 0.1625
0 0.21484375 0.471875 0.078125 0.0890625