0 0.2265625 0.4109375 0.11875 0.1015625
0 0.5140625 0.7375 0.075 0.0890625
0 0.134375 0.89609375 0.09375 0.109375
0 0.75859375 0.43046875 0.084375 0.0671875
0 0.7578125 0.79765625 0.0765625 0.06875
0 0.45859375 0.61953125 0.121875 0.1046875
0 0.2953125 0.675 0.10625 0.075
0 0.51640625 0.30078125 0.0546875 0.0609375
0 0.728125 0.36953125 0.0609375 0.0609375
0 0.7046875 0.47734375 0.0734375 0.0640625
0 0.05 0.425 0.1 0.13125
0 0.67890625 0.30078125 0.084375 0.08125
0 0.34375 0.1859375 0.14375 0.1296875
0 0.2890625 0.05859375 0.065625 0.1015625
0 0.6609375 0.45 0.0796875 0.0578125
0 0.09921875 0.8125 0.09375 0.096875
0 0.21796875 0.20390625 0.059375 0.0765625
0 0.62421875 0.0875 0.0859375 0.0828125
0 0.14296875 0.25703125 0.1078125 0.1015625
0 0.128125 0.384375 0.0828125 0.05625
0 0.803125 0.9203125 0.0609375 0.075
0 0.72578125 0.58046875 0.0875 0.075
0 0.1421875 0.4359375 0.071875 0.084375
0 0.234375 0.04375 0.05625 0.0875
0 0.36171875 0.59765625 0.0703125 0.084375
0 0.82421875 0.55 0.1609375 0.159375
0 0.70859375 0.07578125 0.1046875 0.11875
0 0.52109375 0.50859375 0.1078125 0.10625
0 0.44140625 0.78203125 0.05625 0.0640625
0 0.5953125 0.425 0.075 0.065625
0 0.4609375 0.846875 0.0765625 0.06875
0 0.93046875 0.83984375 0.065625 0.0703125
0 0.1734375 0.6171875 0.125 0.1296875
0 0.41953125 0.478125 0.0984375 0.084375
0 0.8671875 0.76015625 0.11875 0.121875
0 0.31640625 0.74140625 0.071875 0.0734375
0 0.28671875 0.8890625 0.084375 0.1109375
0 0.63515625 0.3828125 0.103125 0.103125
0 0.403125 0.734375 0.0609375 0.071875
0 0.590625 0.8140625 0.075 0.084375
0 0.06640625 0.32109375 0.0765625 0.046875
0 0.5234375 0.12421875 0.0734375 0.0875
0 0.6546875 0.96015625 0.0828125 0.0796875
0 0.77421875 0.65078125 0.0734375 0.071875
0 0.43359375 0.6859375 0.071875 0.0640625
0 0.92109375 0.521875 0.0765625 0.0796875
0 0.92734375 0.6546875 0.1125 0.090625
0 0.42734375 0.5609375 0.09375 0.0765625
0 0.2234375 0.7296875 0.103125 0.103125
0 0.9125 0.9171875 0.0765625 0.071875
0 0.0796875 0.0875 0.08125 0.0859375
0 0.16328125 0.53515625 0.10625 0.065625
0 0.58984375 0.89375 0.090625 0.084375
0 0.834375 0.8375 0.0828125 0.0828125
0 0.61796875 0.58203125 0.1296875 0.11875
0 0.41796875 0.090625 0.06875 0.1234375
0 0.5171875 0.67265625 0.059375 0.071875
0 0.2421875 0.12109375 0.0859375 0.0796875
0 0.196875 0.95546875 0.0859375 0.0875
0 0.66015625 0.171875 0.0875 0.0875
0 0.46484375 0.1125 0.0640625 0.1078125
0 0.2015625 0.8609375 0.0796875 0.0671875
0 0.78515625 0.3 0.109375 0.0984375
0 0.64765625 0.73359375 0.084375 0.08125
0 0.73125 0.72265625 0.109375 0.1078125
0 0.31875 0.96171875 0.0890625 0.0765625
0 0.284375 0.35234375 0.09375 0.0703125
0 0.36328125 0.88359375 0.0609375 0.053125
0 0.3609375 0.796875 0.075 0.0859375
0 0.46015625 0.30625 0.0703125 0.0921875