0 0.79453125 0.2546875 0.1015625 0.13125
0 0.28125 0.64453125 0.15625 0.1515625
0 0.15625 0.296875 0.0984375 0.0734375
0 0.428125 0.43828125 0.0890625 0.0921875
0 0.8234375 0.4703125 0.084375 0.08125
0 0.540625 0.91328125 0.0890625 0.1078125
0 0.3140625 0.884375 0.0984375 0.11875
0 0.5140625 0.409375 0.0640625 0.0640625
0 0.596875 0.2171875 0.0671875 0.071875
0 0.21328125 0.25078125 0.084375 0.0953125
0 0.71484375 0.22890625 0.078125 0.0890625
0 0.93671875 0.28671875 0.0890625 0.071875
0 0.89921875 0.178125 0.0921875 0.059375
0 0.553125 0.4453125 0.0640625 0.05625
0 0.40390625 0.58671875 0.0875 0.1
0 0.61875 0.3734375 0.0890625 0.0984375
0 0.4234375 0.725 0.0828125 0.1140625
0 0.65 0.8359375 0.08125 0.0953125
0 0.1515625 0.5234375 0.084375 0.0703125
0 0.33125 0.1015625 0.1015625 0.090625
0 0.509375 0.1546875 0.0625 0.090625
0 0.8046875 0.65703125 0.1078125 0.0921875
0 0.64296875 0.49375 0.103125 0.090625
0 0.953125 0.140625 0.0640625 0.0625
0 0.3125 0.3015625 0.0796875 0.0859375
0 0.075 0.35546875 0.1015625 0.084375
0 0.065625 0.43515625 0.0984375 0.05625
0 0.25625 0.49453125 0.071875 0.0625
0 0.4125 0.2171875 0.1203125 0.1203125
0 0.90546875 0.10546875 0.1140625 0.0828125
0 0.6875 0.0671875 0.1171875 0.1265625
0 0.39453125 0.93671875 0.1109375 0.1203125
0 0.08203125 0.60703125 0.115625 0.0671875
0 0.16953125 0.66171875 0.1015625 0.0984375
0 0.2625 0.14375 0.134375 0.0984375
0 0.51171875 0.26484375 0.090625 0.0921875
0 0.0703125 0.65078125 0.0734375 0.0546875
0 0.90078125 0.7140625 0.0921875 0.0984375
0 0.5234375 0.553125 0.0765625 0.0625
0 0.61328125 0.2796875 0.0796875 0.0765625
0 0.80234375 0.8046875 0.0796875 0.0796875
0 0.31328125 0.47890625 0.0921875 0.0828125
0 0.73046875 0.54765625 0.0609375 0.0515625
0 0.103125 0.0484375 0.1203125 0.0953125
0 0.709375 0.425 0.1140625 0.1265625
0 0.1390625 0.9375 0.178125 0.1234375
0 0.60234375 0.11015625 0.0671875 0.0703125