0 0.9359375 0.3375 0.0703125 0.0609375
0 0.4125 0.25078125 0.0265625 0.0296875
0 0.38828125 0.06171875 0.025 0.0328125
0 0.57265625 0.3140625 0.034375 0.0296875
0 0.41640625 0.0984375 0.0296875 0.0359375
0 0.721875 0.1625 0.0375 0.0328125
0 0.95859375 0.26796875 0.071875 0.0671875
0 0.2984375 0.16484375 0.046875 0.040625
0 0.496875 0.33203125 0.0296875 0.03125
0 0.91953125 0.1078125 0.053125 0.0546875
0 0.60078125 0.13515625 0.0375 0.0328125
0 0.55625 0.565625 0.034375 0.0359375
0 0.72265625 0.2453125 0.071875 0.053125
0 0.696875 0.21015625 0.025 0.028125
0 0.9265625 0.04453125 0.025 0.0234375
0 0.8171875 0.3265625 0.05625 0.0484375
0 0.26015625 0.1515625 0.025 0.0328125
0 0.41953125 0.56328125 0.040625 0.0484375
0 0.3671875 0.1015625 0.0296875 0.0515625
0 0.2375 0.146875 0.03125 0.0359375
0 0.365625 0.0421875 0.0296875 0.028125
0 0.2453125 0.1015625 0.0296875 0.0328125
0 0.5734375 0.25859375 0.1 0.0765625
0 0.87109375 0.33359375 0.0453125 0.0390625
0 0.6359375 0.18828125 0.03125 0.0375
0 0.4640625 0.2265625 0.0328125 0.03125
0 0.825 0.18515625 0.053125 0.0484375
0 0.27890625 0.13515625 0.03125 0.0265625
0 0.5453125 0.1484375 0.0671875 0.0828125
0 0.59375 0.06640625 0.0875 0.084375
0 0.45234375 0.584375 0.0234375 0.0359375
0 0.56171875 0.36328125 0.065625 0.0640625
0 0.81875 0.23828125 0.059375 0.046875
0 0.71875 0.2984375 0.0640625 0.059375
0 0.5046875 0.2109375 0.0234375 0.0328125
0 0.81171875 0.15078125 0.09375 0.0625
0 0.4859375 0.03671875 0.0609375 0.06875
0 0.91640625 0.42578125 0.0921875 0.075
0 0.39453125 0.190625 0.028125 0.03125
0 0.28359375 0.23046875 0.103125 0.1140625
0 0.85859375 0.03671875 0.1046875 0.0734375
0 0.5015625 0.62890625 0.0296875 0.03125
0 0.509375 0.57578125 0.025 0.0359375
0 0.4203125 0.065625 0.0421875 0.0375
0 0.53515625 0.08359375 0.053125 0.05
0 0.26953125 0.090625 0.034375 0.05
0 0.48359375 0.6203125 0.0203125 0.021875
0 0.47265625 0.109375 0.0296875 0.046875
0 0.76171875 0.03515625 0.0515625 0.0671875
0 0.76796875 0.13046875 0.0328125 0.040625
0 0.06875 0.0578125 0.1375 0.115625
0 0.59453125 0.18359375 0.0484375 0.0609375
0 0.57265625 0.11171875 0.0421875 0.034375
0 0.61796875 0.3453125 0.0296875 0.0328125
0 0.4375 0.24609375 0.028125 0.0328125
0 0.89375 0.0703125 0.0359375 0.025
0 0.52578125 0.715625 0.053125 0.0640625
0 0.72109375 0.1296875 0.0359375 0.034375
0 0.46171875 0.63046875 0.01875 0.0296875
0 0.50546875 0.18359375 0.0171875 0.0203125
0 0.8140625 0.3734375 0.0546875 0.0375
0 0.32734375 0.08203125 0.0359375 0.025
0 0.97421875 0.19921875 0.0515625 0.090625
0 0.17734375 0.1046875 0.0859375 0.1
0 0.67265625 0.3265625 0.05 0.05
0 0.7234375 0.19296875 0.028125 0.0265625
0 0.65703125 0.23046875 0.053125 0.046875
0 0.69296875 0.053125 0.0546875 0.0609375
0 0.953125 0.15546875 0.0515625 0.0453125
0 0.76796875 0.20625 0.0609375 0.053125
0 0.92109375 0.2046875 0.071875 0.05
0 0.87109375 0.11875 0.0453125 0.05625
0 0.5265625 0.20703125 0.0171875 0.021875
0 0.6125 0.6171875 0.034375 0.028125
0 0.41484375 0.65234375 0.0375 0.0515625
0 0.8296875 0.09375 0.05625 0.04375
0 0.68046875 0.13671875 0.0578125 0.05625