0 0.07109375 0.915625 0.1421875 0.1671875
0 0.390625 0.33671875 0.1140625 0.1078125
0 0.75625 0.09375 0.0953125 0.1015625
0 0.665625 0.06171875 0.11875 0.1234375
0 0.10390625 0.36484375 0.071875 0.0625
0 0.25 0.42265625 0.0796875 0.0734375
0 0.65234375 0.30859375 0.08125 0.0921875
0 0.4140625 0.1828125 0.103125 0.0953125
0 0.84375 0.53984375 0.0984375 0.1
0 0.57734375 0.7265625 0.11875 0.1703125
0 0.52265625 0.78359375 0.078125 0.1390625
0 0.11875 0.1234375 0.1078125 0.090625
0 0.56953125 0.3296875 0.1015625 0.0859375
0 0.896875 0.38515625 0.190625 0.1234375
0 0.52734375 0.06875 0.0953125 0.128125
0 0.66171875 0.65703125 0.115625 0.125
0 0.44375 0.79296875 0.0921875 0.1390625
0 0.31015625 0.275 0.109375 0.1015625
0 0.8125 0.7609375 0.1109375 0.1390625
0 0.134375 0.62734375 0.2109375 0.1296875
0 0.14453125 0.228125 0.1109375 0.06875
0 0.1421875 0.52265625 0.19375 0.15625
0 0.04296875 0.803125 0.0859375 0.0953125
0 0.1484375 0.3046875 0.09375 0.071875
0 0.3328125 0.778125 0.0953125 0.10625
0 0.72421875 0.15 0.0875 0.08125
0 0.68984375 0.5703125 0.059375 0.0625
0 0.44765625 0.67734375 0.1359375 0.153125
0 0.37265625 0.1484375 0.078125 0.0875
0 0.4859375 0.55234375 0.115625 0.134375
0 0.2171875 0.14609375 0.09375 0.103125
0 0.2640625 0.225 0.1234375 0.090625
0 0.08125 0.71875 0.0859375 0.0796875
0 0.61953125 0.51953125 0.1328125 0.1109375
0 0.78125 0.4921875 0.1640625 0.1109375
0 0.5203125 0.246875 0.1359375 0.15
0 0.72578125 0.74296875 0.0765625 0.125
0 0.14609375 0.7984375 0.0703125 0.0734375
0 0.903125 0.1546875 0.1421875 0.13125
0 0.9078125 0.90703125 0.1703125 0.1859375
0 0.2265625 0.7765625 0.115625 0.1
0 0.7359375 0.321875 0.1046875 0.1
0 0.64140625 0.88359375 0.140625 0.1640625
0 0.3578125 0.57265625 0.1 0.0921875
0 0.696875 0.19375 0.075 0.0875
0 0.3359375 0.66875 0.1234375 0.1203125
0 0.88359375 0.2953125 0.1046875 0.1234375
0 0.21875 0.696875 0.103125 0.0890625
0 0.2734375 0.5625 0.0796875 0.0921875