0 0.634375 0.58046875 0.140625 0.14375
0 0.23828125 0.34765625 0.2296875 0.2375
0 0.90078125 0.18125 0.1953125 0.1921875
0 0.4203125 0.74140625 0.13125 0.184375
0 0.31015625 0.8203125 0.1625 0.1453125
0 0.853125 0.63984375 0.16875 0.19375
0 0.546875 0.2953125 0.2015625 0.2703125
0 0.55078125 0.8375 0.165625 0.134375
0 0.884375 0.10234375 0.228125 0.2046875
0 0.60234375 0.1078125 0.1375 0.184375
0 0.91171875 0.4671875 0.175 0.2203125
0 0.88671875 0.915625 0.178125 0.165625
0 0.73984375 0.759375 0.1515625 0.1765625
0 0.9203125 0.72890625 0.1578125 0.178125
0 0.334375 0.93203125 0.184375 0.1328125
0 0.1640625 0.16171875 0.165625 0.184375
0 0.41796875 0.11796875 0.1703125 0.2015625
0 0.715625 0.92734375 0.1671875 0.1453125
0 0.1234375 0.49609375 0.2109375 0.1984375
0 0.6890625 0.4578125 0.209375 0.225
0 0.3578125 0.2671875 0.2015625 0.26875
0 0.728125 0.23359375 0.175 0.2328125
0 0.73046875 0.06484375 0.1625 0.1296875
0 0.3015625 0.65234375 0.21875 0.221875
0 0.1578125 0.91171875 0.178125 0.1765625
0 0.4953125 0.6875 0.1421875 0.1640625
0 0.071875 0.75 0.14375 0.19375