0 0.40625 0.7796875 0.2234375 0.3171875
0 0.53984375 0.36015625 0.359375 0.365625
0 0.21171875 0.79375 0.2421875 0.36875
0 0.7171875 0.5890625 0.2234375 0.1953125
0 0.26328125 0.62890625 0.15 0.1046875
0 0.9015625 0.61875 0.19375 0.190625
0 0.7828125 0.47421875 0.271875 0.234375
0 0.52421875 0.83828125 0.175 0.2078125
0 0.15625 0.50078125 0.3125 0.309375
0 0.53125 0.13984375 0.1953125 0.1703125
0 0.67578125 0.878125 0.2015625 0.2265625
0 0.14296875 0.91015625 0.1890625 0.1640625
0 0.8578125 0.34609375 0.2828125 0.2484375
0 0.096875 0.321875 0.19375 0.2
0 0.715625 0.1828125 0.2484375 0.3125
0 0.59296875 0.64765625 0.2234375 0.246875
0 0.35859375 0.20390625 0.2 0.296875
0 0.79140625 0.81796875 0.2125 0.2515625