0 0.82890625 0.73671875 0.1 0.0875
0 0.77890625 0.6265625 0.05625 0.0578125
0 0.60078125 0.85390625 0.0796875 0.1234375
0 0.50390625 0.6390625 0.0703125 0.075
0 0.3265625 0.790625 0.0984375 0.1203125
0 0.5078125 0.221875 0.0640625 0.0828125
0 0.1578125 0.81953125 0.0796875 0.075
0 0.52578125 0.1359375 0.065625 0.0875
0 0.89375 0.66953125 0.1234375 0.08125
0 0.821875 0.10078125 0.090625 0.0859375
0 0.3203125 0.2234375 0.0734375 0.0671875
0 0.8140625 0.4609375 0.0875 0.0515625
0 0.92578125 0.60390625 0.1125 0.071875
0 0.7078125 0.43125 0.0625 0.040625
0 0.75703125 0.1671875 0.09375 0.0921875
0 0.4953125 0.46640625 0.084375 0.059375
0 0.6421875 0.36484375 0.0765625 0.084375
0 0.71484375 0.334375 0.084375 0.0578125
0 0.6765625 0.83125 0.0796875 0.096875
0 0.30390625 0.6 0.0640625 0.0734375
0 0.53671875 0.74453125 0.0765625 0.09375
0 0.27421875 0.078125 0.071875 0.0921875
0 0.8125 0.5203125 0.071875 0.0375
0 0.8578125 0.3265625 0.1046875 0.08125
0 0.934375 0.88203125 0.0984375 0.1046875
0 0.91015625 0.18203125 0.1109375 0.084375
0 0.090625 0.3453125 0.096875 0.065625
0 0.40625 0.275 0.0875 0.084375
0 0.47421875 0.5234375 0.0921875 0.0625
0 0.55078125 0.83125 0.0578125 0.103125
0 0.26796875 0.4921875 0.0640625 0.065625
0 0.21015625 0.27734375 0.0859375 0.0765625
0 0.62734375 0.446875 0.0984375 0.090625
0 0.353125 0.6296875 0.0484375 0.0515625
0 0.2140625 0.5546875 0.09375 0.075
0 0.484375 0.090625 0.06875 0.103125
0 0.66484375 0.16796875 0.096875 0.103125
0 0.353125 0.9203125 0.071875 0.10625
0 0.79375 0.2265625 0.0890625 0.071875
0 0.58046875 0.2890625 0.0640625 0.0578125
0 0.265625 0.42890625 0.0765625 0.0578125
0 0.25703125 0.8796875 0.0671875 0.0890625
0 0.25078125 0.60078125 0.071875 0.059375
0 0.9 0.13359375 0.1390625 0.103125
0 0.8734375 0.53671875 0.0765625 0.04375
0 0.8515625 0.2265625 0.075 0.071875
0 0.18046875 0.64609375 0.0796875 0.078125
0 0.5796875 0.171875 0.053125 0.09375
0 0.1078125 0.6390625 0.09375 0.084375
0 0.86484375 0.61953125 0.1171875 0.071875
0 0.796875 0.58203125 0.0734375 0.0375
0 0.74453125 0.76953125 0.0796875 0.096875
0 0.1046875 0.2421875 0.0921875 0.0671875
0 0.05625 0.67578125 0.1125 0.1125
0 0.5375 0.0453125 0.0546875 0.075
0 0.1640625 0.753125 0.0734375 0.078125
0 0.39296875 0.43203125 0.06875 0.0703125
0 0.9359375 0.54296875 0.09375 0.04375
0 0.4265625 0.92265625 0.0625 0.071875
0 0.6 0.603125 0.1015625 0.096875
0 0.409375 0.84765625 0.0984375 0.11875
0 0.1140625 0.1109375 0.115625 0.0984375
0 0.21875 0.40078125 0.065625 0.0640625
0 0.9234375 0.75546875 0.115625 0.090625
0 0.753125 0.84609375 0.0859375 0.1
0 0.7171875 0.8953125 0.0703125 0.0921875
0 0.76015625 0.30234375 0.0625 0.053125
0 0.709375 0.234375 0.096875 0.0984375
0 0.0328125 0.31875 0.065625 0.0828125
0 0.62421875 0.09296875 0.075 0.0984375
0 0.20390625 0.9359375 0.0734375 0.0828125
0 0.69921875 0.5203125 0.071875 0.053125
0 0.4734375 0.7640625 0.090625 0.11875
0 0.92265625 0.40703125 0.1359375 0.075
0 0.64453125 0.7515625 0.0640625 0.0765625
0 0.8421875 0.9390625 0.09375 0.11875
0 0.91328125 0.4953125 0.10625 0.05
0 0.91875 0.81171875 0.1125 0.103125
0 0.34453125 0.14375 0.06875 0.096875
0 0.4296875 0.15 0.0578125 0.0984375
0 0.2265625 0.7109375 0.0921875 0.0875
0 0.14765625 0.315625 0.0984375 0.075
0 0.55234375 0.37109375 0.078125 0.0828125
0 0.31640625 0.365625 0.0875 0.090625
0 0.72578125 0.609375 0.06875 0.0671875
0 0.103125 0.53984375 0.0890625 0.0546875
0 0.7484375 0.3828125 0.0875 0.0609375
0 0.40078125 0.6234375 0.071875 0.0640625