0 0.71171875 0.1015625 0.1078125 0.1265625
0 0.42890625 0.23984375 0.0671875 0.0828125
0 0.26640625 0.696875 0.11875 0.1296875
0 0.1296875 0.34375 0.15 0.115625
0 0.70703125 0.39375 0.084375 0.1328125
0 0.1890625 0.30625 0.1125 0.1109375
0 0.621875 0.36328125 0.103125 0.146875
0 0.334375 0.74765625 0.1 0.0984375
0 0.078125 0.6421875 0.15625 0.121875
0 0.203125 0.140625 0.0796875 0.071875
0 0.2125 0.63203125 0.1453125 0.09375
0 0.34140625 0.86640625 0.140625 0.159375
0 0.1703125 0.84921875 0.1546875 0.1203125
0 0.05234375 0.42890625 0.103125 0.140625
0 0.40625 0.7109375 0.071875 0.1
0 0.928125 0.23828125 0.1234375 0.1640625
0 0.8546875 0.23125 0.078125 0.0921875
0 0.4828125 0.76171875 0.10625 0.090625
0 0.0625 0.5484375 0.125 0.1265625
0 0.5734375 0.49609375 0.0765625 0.0890625
0 0.84609375 0.5875 0.1390625 0.109375
0 0.29765625 0.30546875 0.1078125 0.1046875
0 0.484375 0.30390625 0.071875 0.078125
0 0.73828125 0.20625 0.09375 0.1
0 0.3296875 0.38984375 0.078125 0.08125
0 0.94140625 0.703125 0.115625 0.1640625
0 0.83046875 0.0984375 0.1453125 0.1390625
0 0.5078125 0.6734375 0.1078125 0.1171875
0 0.07421875 0.74296875 0.1484375 0.128125
0 0.4234375 0.81328125 0.0921875 0.1078125
0 0.51953125 0.36875 0.084375 0.0828125
0 0.38984375 0.35546875 0.1328125 0.1359375
0 0.1859375 0.75390625 0.0953125 0.075
0 0.4875 0.2015625 0.090625 0.1296875
0 0.32734375 0.18984375 0.1484375 0.1515625
0 0.80234375 0.78359375 0.109375 0.0953125
0 0.62421875 0.2421875 0.071875 0.0953125
0 0.88828125 0.13828125 0.090625 0.10625
0 0.3 0.42734375 0.0921875 0.0953125
0 0.13125 0.2203125 0.1234375 0.1171875
0 0.11328125 0.128125 0.1171875 0.096875
0 0.54921875 0.2484375 0.071875 0.0984375
0 0.6703125 0.1875 0.1140625 0.11875
0 0.225 0.21875 0.109375 0.121875
0 0.69375 0.290625 0.0734375 0.071875
0 0.66171875 0.446875 0.0953125 0.0796875
0 0.5390625 0.14453125 0.0921875 0.1078125
0 0.39453125 0.28125 0.084375 0.0625
0 0.053125 0.8375 0.10625 0.1109375
0 0.58125 0.12578125 0.0671875 0.103125
0 0.42109375 0.16640625 0.0703125 0.0671875
0 0.86640625 0.49453125 0.171875 0.1390625