0 0.3546875 0.88515625 0.059375 0.0765625
0 0.24453125 0.23828125 0.06875 0.08125
0 0.82109375 0.37109375 0.1859375 0.1734375
0 0.459375 0.65 0.075 0.075
0 0.72578125 0.4015625 0.0734375 0.0984375
0 0.34609375 0.62578125 0.05625 0.071875
0 0.6578125 0.446875 0.0921875 0.090625
0 0.27109375 0.6703125 0.0765625 0.10625
0 0.7359375 0.1578125 0.071875 0.0765625
0 0.04375 0.478125 0.065625 0.06875
0 0.5359375 0.14453125 0.0546875 0.0734375
0 0.615625 0.72734375 0.0671875 0.0859375
0 0.46484375 0.5625 0.06875 0.0765625
0 0.896875 0.61171875 0.1078125 0.0953125
0 0.2453125 0.91796875 0.0625 0.05625
0 0.490625 0.41640625 0.0703125 0.084375
0 0.6765625 0.5265625 0.0921875 0.0921875
0 0.51328125 0.55234375 0.0671875 0.0875
0 0.3390625 0.321875 0.075 0.0984375
0 0.94375 0.40234375 0.1109375 0.103125
0 0.1203125 0.3140625 0.090625 0.0796875
0 0.76484375 0.61875 0.1203125 0.103125
0 0.6546875 0.24453125 0.0546875 0.0703125
0 0.4328125 0.1171875 0.0765625 0.1015625
0 0.9359375 0.21796875 0.0828125 0.1078125
0 0.13125 0.48828125 0.0921875 0.090625
0 0.4140625 0.47890625 0.0875 0.0875
0 0.6734375 0.578125 0.0890625 0.0703125
0 0.665625 0.6453125 0.1 0.078125
0 0.853125 0.67578125 0.0984375 0.1296875
0 0.58984375 0.5359375 0.0953125 0.103125
0 0.628125 0.365625 0.0734375 0.0875
0 0.125 0.36953125 0.1046875 0.0953125
0 0.778125 0.734375 0.1078125 0.1203125
0 0.484375 0.15 0.0546875 0.084375
0 0.765625 0.52109375 0.0953125 0.0890625
0 0.92109375 0.13203125 0.0875 0.109375
0 0.49296875 0.07734375 0.0609375 0.0765625
0 0.5859375 0.39453125 0.0609375 0.0953125
0 0.9015625 0.2734375 0.0984375 0.1015625
0 0.20625 0.121875 0.0625 0.065625
0 0.39453125 0.64453125 0.0515625 0.071875
0 0.39921875 0.32734375 0.0609375 0.0859375
0 0.846875 0.81484375 0.071875 0.0890625
0 0.6875 0.334375 0.1046875 0.1
0 0.62265625 0.1734375 0.059375 0.071875
0 0.434375 0.7890625 0.05625 0.0703125
0 0.34609375 0.09609375 0.0609375 0.1015625
0 0.84765625 0.925 0.0953125 0.1015625
0 0.93203125 0.4921875 0.1328125 0.1171875
0 0.546875 0.36953125 0.084375 0.1203125
0 0.453125 0.33125 0.0578125 0.065625
0 0.0546875 0.28515625 0.06875 0.0640625
0 0.421875 0.5390625 0.06875 0.05
0 0.2875 0.79609375 0.0640625 0.084375
0 0.25859375 0.17578125 0.078125 0.075
0 0.1 0.8703125 0.1171875 0.14375
0 0.85 0.11875 0.0953125 0.09375
0 0.22265625 0.82265625 0.0734375 0.0953125
0 0.1203125 0.1375 0.071875 0.0828125
0 0.70546875 0.25546875 0.071875 0.0734375
0 0.1734375 0.5953125 0.06875 0.0671875
0 0.13046875 0.5796875 0.0625 0.0671875