0 0.9296875 0.20078125 0.1390625 0.15
0 0.41875 0.86015625 0.0859375 0.0875
0 0.43203125 0.746875 0.1234375 0.1390625
0 0.0640625 0.48828125 0.084375 0.1015625
0 0.1609375 0.8765625 0.128125 0.1796875
0 0.71015625 0.1140625 0.065625 0.0828125
0 0.07578125 0.08359375 0.1328125 0.109375
0 0.8140625 0.8265625 0.1171875 0.1390625
0 0.87265625 0.56640625 0.125 0.109375
0 0.6421875 0.25859375 0.11875 0.1078125
0 0.1140625 0.275 0.059375 0.1140625
0 0.9484375 0.4 0.1 0.1140625
0 0.6375 0.16796875 0.0921875 0.1
0 0.14765625 0.49609375 0.103125 0.1
0 0.53515625 0.5546875 0.0921875 0.0984375
0 0.29140625 0.70390625 0.15 0.140625
0 0.07578125 0.2515625 0.065625 0.0953125
0 0.8984375 0.0796875 0.0953125 0.084375
0 0.31328125 0.91875 0.1171875 0.15
0 0.3640625 0.14453125 0.1265625 0.146875
0 0.66171875 0.625 0.1296875 0.1078125
0 0.88203125 0.6703125 0.1078125 0.0984375
0 0.63125 0.54609375 0.0765625 0.0703125
0 0.55703125 0.94375 0.1234375 0.1078125
0 0.48125 0.178125 0.1203125 0.1546875
0 0.92265625 0.84921875 0.1078125 0.1296875
0 0.4 0.58515625 0.1296875 0.1296875
0 0.9578125 0.6421875 0.0828125 0.109375
0 0.66171875 0.90703125 0.09375 0.11875
0 0.43671875 0.9234375 0.1171875 0.0796875
0 0.15703125 0.63125 0.1328125 0.125
0 0.7765625 0.03984375 0.0921875 0.0796875
0 0.421875 0.38984375 0.06875 0.08125
0 0.37421875 0.32578125 0.1296875 0.109375
0 0.20078125 0.28515625 0.1375 0.13125
0 0.12578125 0.18125 0.0890625 0.08125
0 0.24296875 0.890625 0.1078125 0.1609375
0 0.27109375 0.51328125 0.15625 0.165625
0 0.53984375 0.10546875 0.13125 0.1171875
0 0.6046875 0.72265625 0.078125 0.09375
0 0.61328125 0.04453125 0.1109375 0.0890625
0 0.05234375 0.87421875 0.1046875 0.1078125
0 0.22265625 0.1546875 0.0859375 0.128125
0 0.23984375 0.06171875 0.1046875 0.1234375
0 0.73828125 0.4453125 0.13125 0.1125
0 0.3234375 0.06875 0.0671875 0.08125
0 0.72265625 0.5609375 0.1140625 0.1265625
0 0.1109375 0.3953125 0.109375 0.1015625
0 0.73359375 0.7703125 0.0890625 0.1078125
0 0.428125 0.2203125 0.08125 0.0796875
0 0.86484375 0.26953125 0.0953125 0.103125
0 0.9515625 0.29765625 0.0953125 0.1171875
0 0.45546875 0.46953125 0.165625 0.175
0 0.9390625 0.509375 0.1203125 0.103125
0 0.8046875 0.7109375 0.0703125 0.075
0 0.83515625 0.37421875 0.128125 0.1140625
0 0.7328125 0.34765625 0.1078125 0.15
0 0.628125 0.43984375 0.08125 0.0875
0 0.57109375 0.83671875 0.0859375 0.1
0 0.77578125 0.11875 0.090625 0.0859375