0 0.1515625 0.05546875 0.2015625 0.1109375
0 0.81875 0.0890625 0.165625 0.178125
0 0.74921875 0.56484375 0.1359375 0.15
0 0.85234375 0.5296875 0.2359375 0.18125
0 0.4234375 0.928125 0.2828125 0.1421875
0 0.2390625 0.93671875 0.1234375 0.1234375
0 0.2234375 0.05703125 0.13125 0.1140625
0 0.6484375 0.59921875 0.1625 0.15625
0 0.4796875 0.2890625 0.1890625 0.225
0 0.76484375 0.25078125 0.140625 0.146875
0 0.73203125 0.06328125 0.1296875 0.1265625
0 0.90703125 0.60703125 0.184375 0.1953125
0 0.6109375 0.07109375 0.1515625 0.1421875
0 0.190625 0.6171875 0.2125 0.1796875
0 0.6296875 0.225 0.1828125 0.15
0 0.2171875 0.37109375 0.2359375 0.209375
0 0.26171875 0.78203125 0.2015625 0.2265625
0 0.6140625 0.43125 0.184375 0.175
0 0.8828125 0.36953125 0.19375 0.2234375
0 0.4625 0.6328125 0.2359375 0.21875
0 0.9453125 0.26328125 0.1078125 0.2078125
0 0.25625 0.253125 0.15625 0.2015625
0 0.04453125 0.78046875 0.0890625 0.2171875
0 0.3828125 0.81015625 0.1890625 0.2109375
0 0.10546875 0.5640625 0.2109375 0.246875
0 0.0421875 0.95078125 0.0828125 0.0921875
0 0.0953125 0.21875 0.184375 0.2234375
0 0.9359375 0.06796875 0.1265625 0.1359375
0 0.23671875 0.7015625 0.228125 0.1953125
0 0.3203125 0.21953125 0.1734375 0.25
0 0.45390625 0.11796875 0.1859375 0.178125
0 0.12421875 0.90703125 0.1421875 0.1703125
0 0.8859375 0.8109375 0.2265625 0.2734375
0 0.7453125 0.384375 0.14375 0.2078125
0 0.48046875 0.09296875 0.1796875 0.1859375
0 0.4265625 0.446875 0.178125 0.1625
0 0.10703125 0.78046875 0.0859375 0.134375
0 0.2125 0.11640625 0.1234375 0.1171875
0 0.6375 0.32421875 0.1265625 0.1015625
0 0.7375 0.14921875 0.140625 0.084375
0 0.31953125 0.0578125 0.1328125 0.115625