0 0.6734375 0.06484375 0.109375 0.1296875
0 0.47734375 0.07109375 0.1828125 0.1421875
0 0.8421875 0.60625 0.2171875 0.240625
0 0.134375 0.88515625 0.134375 0.1578125
0 0.04296875 0.9 0.0859375 0.096875
0 0.3515625 0.8140625 0.190625 0.16875
0 0.63125 0.375 0.0984375 0.1
0 0.4484375 0.91796875 0.115625 0.121875
0 0.14140625 0.40234375 0.159375 0.1125
0 0.2109375 0.3109375 0.1421875 0.146875
0 0.1359375 0.73671875 0.1953125 0.19375
0 0.1328125 0.5296875 0.25625 0.2328125
0 0.47578125 0.3265625 0.1578125 0.178125
0 0.890625 0.13984375 0.1171875 0.1421875
0 0.340625 0.65859375 0.271875 0.196875
0 0.26328125 0.896875 0.1734375 0.1796875
0 0.74140625 0.22109375 0.2171875 0.2734375
0 0.5125 0.2140625 0.2015625 0.18125
0 0.69921875 0.5484375 0.2796875 0.3078125
0 0.746875 0.3671875 0.15 0.1265625
0 0.046875 0.80390625 0.09375 0.1234375
0 0.6078125 0.1 0.1109375 0.1703125
0 0.8921875 0.32890625 0.2109375 0.25625
0 0.31328125 0.36484375 0.165625 0.1640625
0 0.33828125 0.5171875 0.2015625 0.19375
0 0.84296875 0.928125 0.23125 0.1421875
0 0.8546875 0.059375 0.2515625 0.11875
0 0.153125 0.18046875 0.2484375 0.221875
0 0.1484375 0.06875 0.2203125 0.1375