0 0.2671875 0.43046875 0.2109375 0.20625
0 0.4078125 0.15859375 0.1375 0.19375
0 0.9203125 0.44375 0.1546875 0.2015625
0 0.8359375 0.11640625 0.1078125 0.1140625
0 0.67734375 0.18671875 0.2171875 0.2609375
0 0.42265625 0.86796875 0.15625 0.209375
0 0.9234375 0.921875 0.1515625 0.115625
0 0.55703125 0.83359375 0.1546875 0.1875
0 0.47421875 0.6703125 0.1625 0.2
0 0.684375 0.83515625 0.134375 0.165625
0 0.19140625 0.1640625 0.146875 0.13125
0 0.06875 0.078125 0.1375 0.15625
0 0.8953125 0.77890625 0.178125 0.1984375
0 0.196875 0.69140625 0.25 0.2203125
0 0.94375 0.0734375 0.1109375 0.146875
0 0.7140625 0.9484375 0.14375 0.1
0 0.33828125 0.05625 0.20625 0.1125
0 0.759375 0.5609375 0.2015625 0.1734375
0 0.78203125 0.7984375 0.1546875 0.2234375
0 0.809375 0.240625 0.1515625 0.1453125
0 0.22421875 0.55859375 0.225 0.1421875
0 0.37890625 0.95078125 0.146875 0.096875
0 0.34140625 0.1953125 0.1625 0.2140625
0 0.05390625 0.65625 0.1078125 0.165625
0 0.29609375 0.8375 0.1546875 0.1828125
0 0.4921875 0.4359375 0.2703125 0.2671875
0 0.10859375 0.446875 0.153125 0.1609375
0 0.1828125 0.0640625 0.109375 0.0859375
0 0.60703125 0.634375 0.1796875 0.2
0 0.18125 0.259375 0.178125 0.146875
0 0.5171875 0.93359375 0.1140625 0.1296875
0 0.059375 0.36171875 0.11875 0.2609375
0 0.54765625 0.1015625 0.1828125 0.203125