0 0.33203125 0.38046875 0.0828125 0.09375
0 0.09453125 0.3671875 0.065625 0.0703125
0 0.2671875 0.72734375 0.0609375 0.0640625
0 0.321875 0.85 0.090625 0.109375
0 0.80625 0.70625 0.1140625 0.10625
0 0.8984375 0.925 0.1125 0.109375
0 0.91796875 0.834375 0.1109375 0.0984375
0 0.59140625 0.7796875 0.05625 0.0703125
0 0.4 0.93125 0.1296875 0.1375
0 0.559375 0.07890625 0.0640625 0.0921875
0 0.1484375 0.8140625 0.13125 0.128125
0 0.77890625 0.2140625 0.121875 0.11875
0 0.30859375 0.2359375 0.0640625 0.071875
0 0.625 0.26875 0.06875 0.1078125
0 0.19140625 0.14375 0.0703125 0.071875
0 0.83046875 0.51953125 0.090625 0.1078125
0 0.20703125 0.51796875 0.09375 0.109375
0 0.8765625 0.053125 0.078125 0.0609375
0 0.49296875 0.21640625 0.0796875 0.0625
0 0.93828125 0.4703125 0.0703125 0.0703125
0 0.196875 0.39375 0.071875 0.06875
0 0.36796875 0.621875 0.0890625 0.10625
0 0.87734375 0.4453125 0.1203125 0.090625
0 0.08046875 0.28671875 0.0640625 0.0796875
0 0.05703125 0.1734375 0.08125 0.071875
0 0.4234375 0.2171875 0.0640625 0.075
0 0.8859375 0.26015625 0.1 0.0765625
0 0.0640625 0.66015625 0.09375 0.1109375
0 0.796875 0.93671875 0.1203125 0.1203125
0 0.66171875 0.065625 0.0734375 0.0953125
0 0.7859375 0.34609375 0.0921875 0.0859375
0 0.66953125 0.475 0.0703125 0.0796875
0 0.58671875 0.1265625 0.059375 0.075
0 0.70078125 0.40546875 0.071875 0.06875
0 0.23671875 0.9359375 0.1015625 0.115625
0 0.14921875 0.3046875 0.0578125 0.059375
0 0.6953125 0.29453125 0.0734375 0.0765625
0 0.7484375 0.5296875 0.1 0.128125
0 0.50390625 0.16171875 0.078125 0.059375
0 0.29140625 0.1421875 0.0640625 0.084375
0 0.5109375 0.7171875 0.1046875 0.0953125
0 0.44453125 0.1328125 0.0828125 0.1
0 0.6140625 0.35546875 0.109375 0.084375
0 0.56328125 0.42265625 0.071875 0.06875
0 0.47890625 0.7828125 0.0890625 0.121875
0 0.83046875 0.1109375 0.0828125 0.0765625
0 0.284375 0.4703125 0.06875 0.0703125
0 0.509375 0.38359375 0.059375 0.08125
0 0.74375 0.81015625 0.1015625 0.1125
0 0.3828125 0.33671875 0.078125 0.08125
0 0.46953125 0.2671875 0.0890625 0.084375
0 0.13671875 0.45546875 0.1109375 0.103125
0 0.3765625 0.26796875 0.06875 0.0640625
0 0.92578125 0.07265625 0.090625 0.0671875
0 0.23125 0.6109375 0.0984375 0.1015625
0 0.6734375 0.7453125 0.096875 0.103125
0 0.66875 0.8578125 0.1390625 0.11875
0 0.13046875 0.20703125 0.0734375 0.0703125
0 0.5484375 0.296875 0.0765625 0.0734375