0 0.2359375 0.07734375 0.078125 0.1015625
0 0.8484375 0.6015625 0.096875 0.090625
0 0.81796875 0.07265625 0.0703125 0.0765625
0 0.37890625 0.54375 0.0859375 0.084375
0 0.39921875 0.95234375 0.0796875 0.0921875
0 0.50078125 0.165625 0.0765625 0.0890625
0 0.63125 0.0875 0.084375 0.11875
0 0.80859375 0.65390625 0.08125 0.075
0 0.0625 0.228125 0.1 0.071875
0 0.65625 0.55 0.0703125 0.075
0 0.24453125 0.83359375 0.0828125 0.08125
0 0.91796875 0.28359375 0.0703125 0.0671875
0 0.609375 0.84765625 0.0953125 0.1328125
0 0.63125 0.44609375 0.109375 0.0890625
0 0.4375 0.4859375 0.0703125 0.0609375
0 0.3078125 0.4890625 0.1109375 0.0953125
0 0.34921875 0.17578125 0.1484375 0.1125
0 0.21640625 0.81796875 0.0765625 0.0828125
0 0.0828125 0.17578125 0.109375 0.0828125
0 0.578125 0.0984375 0.05625 0.0984375
0 0.7421875 0.86796875 0.0796875 0.11875
0 0.4359375 0.7171875 0.1109375 0.1109375
0 0.1546875 0.54609375 0.1359375 0.0703125
0 0.41875 0.315625 0.1078125 0.096875
0 0.13203125 0.0984375 0.090625 0.0984375
0 0.2625 0.25234375 0.1609375 0.1703125
0 0.16328125 0.2546875 0.14375 0.1171875
0 0.7859375 0.29296875 0.1 0.0921875
0 0.07109375 0.6234375 0.0984375 0.0671875
0 0.29765625 0.05859375 0.0984375 0.109375
0 0.36953125 0.71484375 0.0890625 0.1234375