0 0.51953125 0.5875 0.071875 0.08125
0 0.7859375 0.3234375 0.146875 0.125
0 0.71875 0.08203125 0.090625 0.0953125
0 0.4375 0.746875 0.084375 0.0796875
0 0.7546875 0.21796875 0.075 0.1046875
0 0.8 0.92890625 0.078125 0.1078125
0 0.53984375 0.71796875 0.115625 0.1390625
0 0.490625 0.47421875 0.0875 0.0984375
0 0.559375 0.53515625 0.121875 0.1
0 0.43203125 0.5390625 0.103125 0.096875
0 0.0984375 0.71015625 0.0921875 0.0703125
0 0.58984375 0.21875 0.0828125 0.071875
0 0.49140625 0.3734375 0.1078125 0.128125
0 0.9 0.46796875 0.078125 0.103125
0 0.13671875 0.8046875 0.1078125 0.0921875
0 0.859375 0.33203125 0.0703125 0.1171875
0 0.615625 0.7203125 0.0765625 0.0953125
0 0.1046875 0.19921875 0.096875 0.0921875
0 0.3515625 0.33203125 0.0640625 0.0609375
0 0.8546875 0.1171875 0.134375 0.1046875
0 0.08515625 0.6390625 0.134375 0.1390625
0 0.959375 0.4390625 0.0796875 0.121875
0 0.0578125 0.08671875 0.115625 0.1328125
0 0.34765625 0.27109375 0.0640625 0.059375
0 0.96171875 0.15546875 0.0765625 0.1328125
0 0.915625 0.19375 0.0578125 0.0625
0 0.0796875 0.86015625 0.065625 0.0875
0 0.36328125 0.221875 0.075 0.0671875
0 0.8671875 0.21328125 0.04375 0.0828125
0 0.8265625 0.46875 0.1078125 0.1265625
0 0.88671875 0.9296875 0.0671875 0.0515625
0 0.61875 0.37109375 0.0984375 0.1109375
0 0.86953125 0.79453125 0.0734375 0.08125
0 0.86328125 0.88515625 0.08125 0.0984375
0 0.95 0.340625 0.1 0.08125
0 0.33515625 0.55859375 0.0640625 0.0625
0 0.54453125 0.0953125 0.0765625 0.1046875
0 0.765625 0.046875 0.1296875 0.09375
0 0.3625 0.665625 0.09375 0.0921875
0 0.22890625 0.1578125 0.05625 0.065625
0 0.8453125 0.62890625 0.14375 0.0953125
0 0.48359375 0.14140625 0.0859375 0.121875
0 0.05078125 0.3859375 0.1015625 0.0984375
0 0.23515625 0.240625 0.103125 0.1296875
0 0.17265625 0.18828125 0.0640625 0.05625
0 0.29296875 0.17109375 0.10625 0.0765625
0 0.41015625 0.28828125 0.071875 0.09375
0 0.4375 0.94375 0.0921875 0.1109375
0 0.909375 0.24609375 0.071875 0.0578125
0 0.109375 0.28125 0.084375 0.0796875
0 0.62734375 0.27890625 0.0953125 0.0765625
0 0.49375 0.2953125 0.0796875 0.0859375
0 0.3125 0.74296875 0.071875 0.0828125
0 0.209375 0.6125 0.1109375 0.1046875
0 0.40078125 0.459375 0.071875 0.0625
0 0.1390625 0.8765625 0.071875 0.075
0 0.16640625 0.45 0.103125 0.0828125
0 0.65625 0.559375 0.08125 0.084375
0 0.2859375 0.6359375 0.1015625 0.125
0 0.9234375 0.7890625 0.0859375 0.109375
0 0.44609375 0.38203125 0.0828125 0.115625
0 0.56171875 0.290625 0.0859375 0.103125
0 0.6265625 0.62890625 0.1046875 0.0890625
0 0.3 0.2484375 0.0890625 0.084375
0 0.36875 0.871875 0.0671875 0.084375
0 0.81953125 0.6984375 0.090625 0.0921875
0 0.603125 0.4625 0.1296875 0.1265625
0 0.20703125 0.8265625 0.08125 0.071875
0 0.31796875 0.3921875 0.109375 0.10625
0 0.94453125 0.90625 0.109375 0.140625
0 0.65859375 0.15703125 0.08125 0.1046875
0 0.91015625 0.69140625 0.0890625 0.0984375
0 0.9421875 0.6171875 0.084375 0.0609375
0 0.85625 0.5546875 0.1171875 0.0890625
0 0.096875 0.76328125 0.1 0.0796875
0 0.2875 0.321875 0.0828125 0.0875
0 0.6734375 0.70625 0.1015625 0.1265625
0 0.56640625 0.6203125 0.0421875 0.0609375
0 0.55703125 0.1734375 0.0765625 0.0890625
0 0.0890625 0.52265625 0.1 0.0984375
0 0.59609375 0.1265625 0.05625 0.0828125
0 0.1890625 0.07734375 0.1140625 0.1171875
0 0.25546875 0.51484375 0.103125 0.1046875
0 0.6921875 0.8453125 0.1109375 0.115625
0 0.65078125 0.09765625 0.06875 0.0859375
0 0.68984375 0.48828125 0.090625 0.115625
0 0.1203125 0.3421875 0.0671875 0.065625
0 0.93359375 0.2921875 0.096875 0.0796875
0 0.28984375 0.909375 0.06875 0.09375
0 0.6203125 0.81171875 0.0796875 0.109375
0 0.178125 0.5265625 0.071875 0.078125
0 0.21875 0.71171875 0.140625 0.0921875
0 0.7546875 0.69453125 0.08125 0.1171875
0 0.36015625 0.49765625 0.096875 0.0625
0 0.68125 0.23359375 0.0890625 0.1078125
0 0.74375 0.81328125 0.0828125 0.1234375
0 0.3734375 0.73984375 0.078125 0.1125
0 0.74375 0.14765625 0.08125 0.0890625
0 0.46953125 0.8515625 0.153125 0.1421875
0 0.18984375 0.32578125 0.1234375 0.125
0 0.95703125 0.55703125 0.0859375 0.0796875
0 0.35703125 0.43671875 0.0703125 0.078125
0 0.5640625 0.884375 0.1125 0.1296875
0 0.45546875 0.6828125 0.1171875 0.1234375
0 0.66875 0.88671875 0.0875 0.0953125
0 0.40078125 0.3765625 0.05 0.0796875
0 0.04453125 0.9078125 0.0890625 0.1109375
0 0.76171875 0.48359375 0.0859375 0.1125
0 0.81484375 0.83984375 0.0765625 0.11875
0 0.05390625 0.334375 0.0703125 0.075
0 0.8109375 0.23828125 0.0859375 0.0765625
0 0.2203125 0.3984375 0.0953125 0.0640625
0 0.2953125 0.07265625 0.1078125 0.10625
0 0.3828125 0.05859375 0.1 0.1171875
0 0.27109375 0.44140625 0.0828125 0.06875