0 0.4125 0.68046875 0.0640625 0.09375
0 0.1671875 0.5234375 0.09375 0.084375
0 0.07265625 0.203125 0.059375 0.04375
0 0.66796875 0.865625 0.059375 0.0859375
0 0.259375 0.3140625 0.078125 0.0484375
0 0.52265625 0.3515625 0.075 0.090625
0 0.690625 0.384375 0.1015625 0.11875
0 0.6515625 0.68671875 0.1125 0.10625
0 0.13203125 0.18984375 0.0765625 0.0625
0 0.9203125 0.5375 0.1578125 0.1546875
0 0.76015625 0.10234375 0.0984375 0.115625
0 0.54765625 0.7796875 0.1078125 0.0953125
0 0.26796875 0.878125 0.0765625 0.0796875
0 0.56875 0.49609375 0.075 0.0953125
0 0.534375 0.7171875 0.0859375 0.06875
0 0.3734375 0.0625 0.06875 0.0703125
0 0.11484375 0.83046875 0.1140625 0.121875
0 0.1328125 0.04375 0.0875 0.0609375
0 0.759375 0.62109375 0.096875 0.11875
0 0.409375 0.86953125 0.1015625 0.1078125
0 0.7875 0.909375 0.103125 0.13125
0 0.21171875 0.4921875 0.1265625 0.103125
0 0.38125 0.6046875 0.071875 0.0625
0 0.1015625 0.7171875 0.125 0.10625
0 0.51484375 0.284375 0.0828125 0.0609375
0 0.81640625 0.5921875 0.0875 0.0953125
0 0.0953125 0.14375 0.075 0.065625
0 0.72109375 0.44140625 0.0984375 0.0796875
0 0.30859375 0.265625 0.0625 0.0671875
0 0.225 0.675 0.10625 0.09375
0 0.42578125 0.13671875 0.08125 0.06875
0 0.06640625 0.65390625 0.1328125 0.1046875
0 0.2609375 0.225 0.0859375 0.0796875
0 0.7125 0.91875 0.078125 0.1015625
0 0.79765625 0.34765625 0.1515625 0.1328125
0 0.8375 0.6828125 0.078125 0.0796875
0 0.38515625 0.81875 0.109375 0.090625
0 0.33125 0.72109375 0.075 0.05625
0 0.275 0.45390625 0.09375 0.0890625
0 0.45 0.94453125 0.0765625 0.1015625
0 0.05859375 0.86953125 0.0546875 0.053125
0 0.95546875 0.31796875 0.0875 0.090625
0 0.51953125 0.61171875 0.0515625 0.05625
0 0.2984375 0.9203125 0.1109375 0.11875
0 0.60703125 0.2875 0.08125 0.090625
0 0.2375 0.07734375 0.0828125 0.065625
0 0.3140625 0.95234375 0.1140625 0.09375
0 0.49765625 0.1625 0.075 0.0765625
0 0.1609375 0.22578125 0.1046875 0.0625
0 0.36640625 0.7609375 0.121875 0.1109375
0 0.484375 0.221875 0.05625 0.059375
0 0.15234375 0.08515625 0.0921875 0.03125
0 0.14921875 0.34921875 0.10625 0.075
0 0.25234375 0.40859375 0.103125 0.0765625
0 0.52421875 0.90859375 0.125 0.1703125
0 0.165625 0.13125 0.090625 0.096875
0 0.2359375 0.1625 0.078125 0.0734375
0 0.68828125 0.240625 0.0875 0.0828125
0 0.74609375 0.296875 0.1328125 0.115625
0 0.18515625 0.2875 0.1140625 0.1078125
0 0.65625 0.50703125 0.1 0.13125
0 0.57578125 0.5671875 0.065625 0.053125
0 0.60234375 0.3828125 0.153125 0.171875
0 0.7296875 0.76640625 0.1109375 0.109375
0 0.290625 0.77421875 0.0703125 0.06875
0 0.2734375 0.578125 0.0796875 0.0828125
0 0.31015625 0.4609375 0.103125 0.0953125
0 0.90078125 0.46484375 0.15625 0.1140625
0 0.86640625 0.0640625 0.1171875 0.128125
0 0.6453125 0.075 0.146875 0.15
0 0.234375 0.3546875 0.0875 0.046875
0 0.60390625 0.84609375 0.1 0.1203125
0 0.93984375 0.26171875 0.11875 0.103125
0 0.8109375 0.85 0.090625 0.1140625
0 0.49609375 0.03359375 0.0609375 0.0609375
0 0.60625 0.73828125 0.0640625 0.06875
0 0.37265625 0.33984375 0.0828125 0.1203125
0 0.5546875 0.64140625 0.090625 0.0890625
0 0.05625 0.9453125 0.1078125 0.1078125
0 0.05 0.80234375 0.1 0.0921875
0 0.75390625 0.51171875 0.10625 0.1046875
0 0.8890625 0.74140625 0.121875 0.1421875
0 0.2828125 0.71328125 0.0671875 0.0796875
0 0.36875 0.509375 0.0796875 0.084375
0 0.67109375 0.615625 0.13125 0.1359375
0 0.94375 0.17265625 0.1109375 0.1109375
0 0.4671875 0.56015625 0.146875 0.140625
0 0.9390625 0.39921875 0.1171875 0.0984375
0 0.415625 0.20390625 0.090625 0.071875
0 0.4390625 0.03046875 0.065625 0.0609375
0 0.49453125 0.4515625 0.0671875 0.078125
0 0.70703125 0.17421875 0.121875 0.103125
0 0.91015625 0.9078125 0.165625 0.184375
0 0.4546875 0.74765625 0.059375 0.09375
0 0.05703125 0.51953125 0.1078125 0.1140625
0 0.32109375 0.1828125 0.0859375 0.071875
0 0.04296875 0.09296875 0.0765625 0.05
0 0.49609375 0.67578125 0.071875 0.08125
0 0.090625 0.24765625 0.06875 0.0609375
0 0.20546875 0.03359375 0.0921875 0.0671875
0 0.440625 0.496875 0.059375 0.0640625
0 0.36015625 0.2546875 0.10625 0.10625
0 0.4046875 0.4453125 0.09375 0.0765625
0 0.328125 0.1203125 0.1203125 0.1015625
0 0.54453125 0.23125 0.06875 0.0875
0 0.1578125 0.41875 0.10625 0.1015625
0 0.54453125 0.09609375 0.071875 0.06875
0 0.43515625 0.2984375 0.0796875 0.1171875
0 0.5296875 0.428125 0.06875 0.078125
0 0.475 0.3234375 0.071875 0.08125
0 0.1625 0.93046875 0.128125 0.11875
0 0.4578125 0.0859375 0.109375 0.075
0 0.621875 0.91171875 0.0640625 0.0671875
0 0.33671875 0.6375 0.1203125 0.11875
0 0.578125 0.16796875 0.084375 0.115625
0 0.203125 0.81484375 0.128125 0.146875
0 0.0921875 0.4046875 0.0609375 0.084375
0 0.0578125 0.3140625 0.1 0.084375
0 0.846875 0.43515625 0.1109375 0.115625
0 0.23046875 0.953125 0.0640625 0.08125