0 0.475 0.0484375 0.209375 0.096875
0 0.42890625 0.86796875 0.1609375 0.165625
0 0.215625 0.90625 0.178125 0.1453125
0 0.496875 0.7734375 0.153125 0.171875
0 0.58984375 0.63125 0.2171875 0.1890625
0 0.8984375 0.459375 0.2 0.1875
0 0.528125 0.15 0.10625 0.121875
0 0.0828125 0.565625 0.165625 0.1625
0 0.21484375 0.10390625 0.2359375 0.1625
0 0.91015625 0.040625 0.1140625 0.08125
0 0.07109375 0.91953125 0.1421875 0.15625
0 0.80078125 0.07890625 0.1421875 0.1578125
0 0.42578125 0.45 0.11875 0.1328125
0 0.140625 0.3640625 0.28125 0.2359375
0 0.92421875 0.725 0.15 0.10625
0 0.85 0.92734375 0.146875 0.1171875
0 0.5828125 0.0921875 0.065625 0.071875
0 0.62109375 0.878125 0.221875 0.240625
0 0.40859375 0.2734375 0.1203125 0.125
0 0.68046875 0.0984375 0.1296875 0.153125
0 0.16953125 0.65546875 0.234375 0.19375
0 0.32578125 0.7859375 0.1296875 0.1734375
0 0.74140625 0.23046875 0.1390625 0.203125
0 0.91796875 0.6015625 0.1640625 0.171875
0 0.9296875 0.84453125 0.1390625 0.1578125
0 0.4109375 0.14453125 0.1984375 0.1625
0 0.475 0.57734375 0.146875 0.1578125
0 0.75859375 0.53203125 0.14375 0.153125
0 0.25546875 0.74375 0.190625 0.2140625
0 0.94453125 0.09375 0.109375 0.1296875
0 0.24453125 0.24765625 0.2140625 0.190625
0 0.11015625 0.8125 0.1265625 0.1578125
0 0.353125 0.96171875 0.090625 0.0765625
0 0.08125 0.159375 0.1625 0.2375
0 0.44921875 0.96171875 0.134375 0.0765625
0 0.6265625 0.28671875 0.1609375 0.2359375
0 0.50078125 0.40078125 0.178125 0.18125
0 0.609375 0.50390625 0.1796875 0.1546875
0 0.50625 0.2734375 0.090625 0.103125