0 0.2671875 0.6015625 0.10625 0.090625
0 0.29375 0.6640625 0.1015625 0.1
0 0.5359375 0.465625 0.084375 0.0875
0 0.446875 0.06015625 0.1234375 0.1203125
0 0.7046875 0.409375 0.1046875 0.0984375
0 0.94375 0.18359375 0.10625 0.078125
0 0.83984375 0.17734375 0.0765625 0.0875
0 0.66328125 0.59765625 0.0921875 0.0796875
0 0.83203125 0.34375 0.0984375 0.0875
0 0.06171875 0.1296875 0.1234375 0.1
0 0.1078125 0.5984375 0.115625 0.0734375
0 0.72578125 0.6390625 0.0921875 0.10625
0 0.1171875 0.5109375 0.1265625 0.0859375
0 0.66171875 0.48046875 0.0734375 0.071875
0 0.8203125 0.69140625 0.1203125 0.10625
0 0.7109375 0.13828125 0.0703125 0.109375
0 0.3921875 0.32421875 0.0796875 0.0984375
0 0.38203125 0.76796875 0.0984375 0.078125
0 0.5171875 0.68359375 0.09375 0.1203125
0 0.05390625 0.3296875 0.103125 0.0828125
0 0.74609375 0.27265625 0.065625 0.0890625
0 0.14375 0.79140625 0.1828125 0.1546875
0 0.7828125 0.1234375 0.0640625 0.0734375
0 0.85546875 0.6125 0.1 0.0828125
0 0.44375 0.55625 0.0890625 0.084375
0 0.48828125 0.88203125 0.084375 0.1125
0 0.92578125 0.28671875 0.0875 0.0765625
0 0.7171875 0.91640625 0.075 0.0734375
0 0.37109375 0.46171875 0.071875 0.0875
0 0.92265625 0.39609375 0.128125 0.1390625
0 0.540625 0.14375 0.1140625 0.1125
0 0.171875 0.690625 0.15625 0.140625
0 0.1875 0.39765625 0.078125 0.0796875
0 0.25 0.33125 0.1203125 0.1
0 0.17734375 0.2734375 0.10625 0.0765625
0 0.91953125 0.8265625 0.078125 0.0765625
0 0.14765625 0.08984375 0.1453125 0.134375
0 0.634375 0.14453125 0.0875 0.1078125
0 0.55625 0.05859375 0.134375 0.1015625
0 0.85546875 0.91953125 0.0890625 0.10625
0 0.7796875 0.2015625 0.0796875 0.0828125
0 0.6609375 0.28203125 0.0640625 0.0734375
0 0.5203125 0.52578125 0.0734375 0.0671875
0 0.51953125 0.30859375 0.1734375 0.1453125
0 0.68984375 0.05390625 0.08125 0.0765625
0 0.253125 0.490625 0.084375 0.075
0 0.30078125 0.1546875 0.146875 0.14375
0 0.3171875 0.29765625 0.084375 0.0859375
0 0.1578125 0.55234375 0.090625 0.071875
0 0.0703125 0.46875 0.096875 0.0734375
0 0.60078125 0.9203125 0.0640625 0.078125
0 0.396875 0.58125 0.06875 0.096875
0 0.21796875 0.93828125 0.1390625 0.109375
0 0.790625 0.29296875 0.0640625 0.0859375
0 0.5796875 0.659375 0.0609375 0.0984375
0 0.7828125 0.809375 0.09375 0.1
0 0.1875 0.2046875 0.0953125 0.115625
0 0.58359375 0.83828125 0.071875 0.0796875
0 0.75625 0.54140625 0.08125 0.084375
0 0.44140625 0.478125 0.1109375 0.10625
0 0.65625 0.81484375 0.134375 0.1375
0 0.1234375 0.28125 0.0890625 0.0828125
0 0.42578125 0.221875 0.1328125 0.1421875
0 0.25234375 0.39765625 0.1203125 0.084375
0 0.884375 0.87578125 0.084375 0.090625
0 0.92421875 0.7125 0.084375 0.0640625
0 0.1609375 0.3421875 0.0890625 0.078125
0 0.81640625 0.51015625 0.1109375 0.1375
0 0.3421875 0.86796875 0.11875 0.1265625
0 0.9359375 0.63984375 0.0796875 0.08125
0 0.86875 0.26328125 0.1 0.1109375
0 0.72265625 0.46953125 0.071875 0.0640625
0 0.35 0.53515625 0.0828125 0.0796875