0 0.2609375 0.7359375 0.2078125 0.2734375
0 0.5546875 0.40234375 0.2328125 0.1734375
0 0.92734375 0.06640625 0.14375 0.1328125
0 0.640625 0.765625 0.1390625 0.1328125
0 0.0484375 0.47109375 0.096875 0.1765625
0 0.640625 0.765625 0.1390625 0.1328125
0 0.2515625 0.7359375 0.1890625 0.2734375
0 0.78046875 0.11953125 0.2171875 0.2328125
0 0.8765625 0.43203125 0.2453125 0.1765625
0 0.67578125 0.90078125 0.225 0.196875
0 0.15703125 0.6640625 0.140625 0.1609375
0 0.15546875 0.5140625 0.125 0.128125
0 0.85546875 0.921875 0.20625 0.1546875
0 0.4328125 0.7078125 0.2265625 0.2953125
0 0.140625 0.3359375 0.28125 0.234375
0 0.440625 0.9109375 0.184375 0.178125
0 0.50546875 0.6265625 0.1375 0.146875
0 0.896875 0.69140625 0.1625 0.0890625
0 0.528125 0.5546875 0.16875 0.1578125
0 0.4484375 0.9109375 0.1703125 0.178125
0 0.11484375 0.33359375 0.228125 0.2296875
0 0.69375 0.5078125 0.1734375 0.1703125
0 0.7296875 0.3296875 0.0703125 0.0703125
0 0.69609375 0.64609375 0.1375 0.125
0 0.4390625 0.12421875 0.196875 0.2484375
0 0.528125 0.55859375 0.159375 0.165625
0 0.76796875 0.76328125 0.1109375 0.159375
0 0.0578125 0.6421875 0.115625 0.190625
0 0.93125 0.59140625 0.134375 0.1375
0 0.81875 0.59296875 0.1140625 0.178125
0 0.896875 0.84609375 0.2015625 0.2171875
0 0.10546875 0.83984375 0.2109375 0.2
0 0.58359375 0.921875 0.125 0.15625
0 0.9015625 0.30078125 0.1703125 0.1265625
0 0.9015625 0.30078125 0.1703125 0.1265625
0 0.2296875 0.43359375 0.1078125 0.1078125
0 0.58359375 0.93046875 0.125 0.1390625
0 0.2734375 0.13046875 0.1671875 0.259375
0 0.84375 0.4359375 0.2234375 0.1828125
0 0.165625 0.1359375 0.178125 0.271875