0 0.61875 0.296875 0.115625 0.1171875
0 0.58359375 0.34921875 0.140625 0.1375
0 0.29609375 0.75546875 0.1546875 0.1609375
0 0.7671875 0.2359375 0.0625 0.0734375
0 0.81015625 0.67578125 0.0921875 0.1
0 0.14375 0.1421875 0.1171875 0.1
0 0.609375 0.22109375 0.0796875 0.065625
0 0.10078125 0.05390625 0.1296875 0.1078125
0 0.396875 0.3765625 0.1078125 0.1234375
0 0.70078125 0.19296875 0.1 0.0921875
0 0.17109375 0.259375 0.0765625 0.059375
0 0.66015625 0.0796875 0.09375 0.1421875
0 0.87109375 0.23125 0.1140625 0.09375
0 0.45703125 0.80625 0.134375 0.1671875
0 0.45 0.0515625 0.128125 0.103125
0 0.05078125 0.41484375 0.0984375 0.1234375
0 0.5171875 0.2640625 0.084375 0.1328125
0 0.2453125 0.33984375 0.1671875 0.1265625
0 0.48046875 0.4234375 0.1234375 0.0984375
0 0.728125 0.69296875 0.1171875 0.1171875
0 0.84609375 0.0484375 0.1390625 0.0796875
0 0.7421875 0.5625 0.09375 0.13125
0 0.38203125 0.69453125 0.1328125 0.1375
0 0.91796875 0.19140625 0.0875 0.0859375
0 0.32421875 0.4828125 0.1078125 0.1203125
0 0.8984375 0.7609375 0.0640625 0.0625
0 0.42109375 0.534375 0.171875 0.184375
0 0.73046875 0.46953125 0.0625 0.0828125
0 0.10390625 0.303125 0.1390625 0.115625
0 0.77109375 0.38671875 0.1125 0.1234375
0 0.5921875 0.4609375 0.0796875 0.09375
0 0.63828125 0.65390625 0.075 0.084375
0 0.0921875 0.78515625 0.1328125 0.096875
0 0.37265625 0.24765625 0.084375 0.0890625
0 0.3015625 0.5640625 0.084375 0.0765625
0 0.15234375 0.896875 0.071875 0.0828125
0 0.8546875 0.31171875 0.1140625 0.096875
0 0.0796875 0.9203125 0.0953125 0.1265625
0 0.58515625 0.0640625 0.0921875 0.090625
0 0.065625 0.640625 0.13125 0.15
0 0.65546875 0.7296875 0.1 0.10625
0 0.2125 0.70625 0.115625 0.128125
0 0.73828125 0.08984375 0.0984375 0.1234375
0 0.56015625 0.65859375 0.1046875 0.1265625
0 0.86796875 0.39609375 0.096875 0.11875
0 0.2671875 0.9375 0.0953125 0.121875
0 0.4984375 0.12890625 0.1234375 0.1578125
0 0.9171875 0.10546875 0.0921875 0.1140625
0 0.6171875 0.540625 0.0796875 0.1140625
0 0.59375 0.9203125 0.096875 0.1421875
0 0.83984375 0.78125 0.1265625 0.128125
0 0.23125 0.08125 0.078125 0.06875
0 0.8265625 0.14296875 0.1328125 0.153125
0 0.2015625 0.0421875 0.1109375 0.084375
0 0.4390625 0.26015625 0.0984375 0.13125
0 0.946875 0.81640625 0.1046875 0.109375
0 0.2671875 0.2375 0.1078125 0.09375
0 0.221875 0.90234375 0.0953125 0.1171875
0 0.25546875 0.1484375 0.11875 0.103125
0 0.71328125 0.3015625 0.1125 0.146875
0 0.79375 0.4875 0.1 0.103125
0 0.48671875 0.3578125 0.1046875 0.0890625
0 0.36796875 0.32265625 0.078125 0.0796875
0 0.11484375 0.4296875 0.0765625 0.0921875
0 0.88359375 0.9109375 0.2328125 0.175
0 0.19765625 0.83359375 0.1109375 0.10625
0 0.91484375 0.696875 0.1109375 0.109375
0 0.153125 0.21171875 0.1375 0.078125
0 0.48203125 0.90390625 0.1578125 0.128125
0 0.36328125 0.06875 0.103125 0.115625
0 0.1203125 0.68984375 0.134375 0.1234375
0 0.3484375 0.85546875 0.1234375 0.13125
0 0.59296875 0.1421875 0.1078125 0.1265625
0 0.37265625 0.1625 0.11875 0.1078125
0 0.77265625 0.7421875 0.0859375 0.0796875
0 0.53515625 0.50859375 0.1125 0.1359375
0 0.2328125 0.4703125 0.146875 0.1421875
0 0.67109375 0.56796875 0.0765625 0.09375
0 0.81328125 0.57109375 0.071875 0.0875
0 0.13671875 0.37265625 0.0953125 0.071875
0 0.6734375 0.44921875 0.1109375 0.13125
0 0.93125 0.38671875 0.0734375 0.103125
0 0.90078125 0.54609375 0.134375 0.1765625
0 0.178125 0.4375 0.090625 0.1125
0 0.725 0.628125 0.0828125 0.0609375
0 0.30859375 0.63125 0.103125 0.0953125
0 0.1390625 0.82109375 0.1109375 0.13125
0 0.06171875 0.11953125 0.090625 0.1109375