0 0.2546875 0.521875 0.0609375 0.0546875
0 0.5375 0.72421875 0.040625 0.0515625
0 0.7671875 0.8015625 0.0484375 0.053125
0 0.10078125 0.12578125 0.078125 0.053125
0 0.5234375 0.5171875 0.046875 0.0453125
0 0.3734375 0.9 0.0390625 0.0515625
0 0.26953125 0.89375 0.053125 0.0671875
0 0.32578125 0.89296875 0.0625 0.0796875
0 0.42734375 0.88671875 0.0453125 0.0609375
0 0.490625 0.32421875 0.0578125 0.0640625
0 0.33125 0.76875 0.046875 0.0578125
0 0.64609375 0.41328125 0.0546875 0.05
0 0.16875 0.7484375 0.0484375 0.0640625
0 0.1625 0.584375 0.046875 0.04375
0 0.5953125 0.5171875 0.046875 0.04375
0 0.29375 0.73046875 0.0734375 0.0640625
0 0.47734375 0.775 0.05 0.0359375
0 0.115625 0.6 0.0640625 0.05625
0 0.23359375 0.8578125 0.05625 0.04375
0 0.465625 0.715625 0.0453125 0.04375
0 0.8625 0.440625 0.0375 0.03125
0 0.88671875 0.54140625 0.0453125 0.05
0 0.709375 0.38046875 0.0484375 0.053125
0 0.16171875 0.278125 0.0625 0.0890625
0 0.94140625 0.9015625 0.065625 0.065625
0 0.84765625 0.31328125 0.0484375 0.046875
0 0.08125 0.36328125 0.090625 0.0609375
0 0.078125 0.56875 0.0359375 0.040625
0 0.396875 0.69296875 0.046875 0.065625
0 0.078125 0.75703125 0.0703125 0.0609375
0 0.9625 0.0953125 0.0734375 0.0671875
0 0.61015625 0.95859375 0.0625 0.059375
0 0.375 0.42578125 0.0484375 0.0609375
0 0.39375 0.246875 0.0671875 0.0953125
0 0.384375 0.17734375 0.0640625 0.078125
0 0.88515625 0.28203125 0.0484375 0.0546875
0 0.059375 0.871875 0.0453125 0.0578125
0 0.5609375 0.65625 0.0515625 0.0515625
0 0.365625 0.57421875 0.0625 0.05625
0 0.1546875 0.696875 0.0609375 0.04375
0 0.5890625 0.21328125 0.08125 0.1046875
0 0.49921875 0.81015625 0.0671875 0.059375
0 0.51328125 0.08203125 0.05625 0.0515625
0 0.81015625 0.2671875 0.0625 0.0625
0 0.0640625 0.42578125 0.0796875 0.0875
0 0.809375 0.8703125 0.071875 0.0703125
0 0.39453125 0.34296875 0.103125 0.09375
0 0.45234375 0.64375 0.0359375 0.05
0 0.571875 0.0546875 0.0890625 0.103125
0 0.61015625 0.434375 0.0390625 0.046875
0 0.21328125 0.5953125 0.0640625 0.05
0 0.65546875 0.8140625 0.0625 0.0515625
0 0.703125 0.4109375 0.0484375 0.05
0 0.44140625 0.3859375 0.0484375 0.0625
0 0.23046875 0.346875 0.05625 0.0796875
0 0.15078125 0.64453125 0.053125 0.0515625
0 0.4546875 0.54140625 0.04375 0.0421875
0 0.53671875 0.25 0.0625 0.078125
0 0.7109375 0.5640625 0.0484375 0.0390625
0 0.3046875 0.084375 0.0796875 0.078125
0 0.325 0.2 0.0765625 0.1078125
0 0.31875 0.52265625 0.0453125 0.0359375
0 0.8671875 0.82890625 0.0609375 0.0640625
0 0.85390625 0.965625 0.0671875 0.0671875
0 0.84765625 0.7296875 0.0703125 0.05625
0 0.37890625 0.9421875 0.0578125 0.06875
0 0.22421875 0.234375 0.0703125 0.0640625
0 0.60625 0.1484375 0.0515625 0.046875
0 0.37109375 0.08515625 0.0703125 0.065625
0 0.1796875 0.18515625 0.0984375 0.096875
0 0.51484375 0.140625 0.0765625 0.0890625
0 0.8203125 0.45078125 0.05625 0.04375
0 0.896875 0.89765625 0.059375 0.0640625
0 0.253125 0.6515625 0.0421875 0.040625
0 0.23125 0.68828125 0.0703125 0.0515625
0 0.7046875 0.96796875 0.0734375 0.0609375
0 0.49296875 0.66171875 0.0546875 0.0453125
0 0.66328125 0.88125 0.05625 0.053125
0 0.11171875 0.30234375 0.0609375 0.0921875
0 0.2046875 0.63125 0.0265625 0.0328125
0 0.67265625 0.72421875 0.059375 0.0578125
0 0.1109375 0.53515625 0.065625 0.05625
0 0.18125 0.6359375 0.025 0.0296875
0 0.27265625 0.30703125 0.1078125 0.103125
0 0.83671875 0.678125 0.0453125 0.0546875
0 0.9125 0.696875 0.0640625 0.0515625
0 0.434375 0.490625 0.0515625 0.05
0 0.9234375 0.640625 0.065625 0.0609375
0 0.22890625 0.5609375 0.053125 0.0515625
0 0.30546875 0.9390625 0.053125 0.059375
0 0.96640625 0.2796875 0.059375 0.071875
0 0.56796875 0.5515625 0.0359375 0.0578125
0 0.7078125 0.8609375 0.0390625 0.053125
0 0.4828125 0.19296875 0.0421875 0.06875
0 0.36484375 0.5296875 0.0546875 0.0625
0 0.5625 0.61015625 0.04375 0.0359375
0 0.8328125 0.2140625 0.071875 0.0765625
0 0.0921875 0.18359375 0.0796875 0.0875
0 0.45546875 0.09921875 0.0734375 0.10625
0 0.68125 0.11328125 0.0625 0.0953125
0 0.7265625 0.03984375 0.0609375 0.0796875
0 0.7359375 0.11953125 0.065625 0.0921875
0 0.49765625 0.54921875 0.0515625 0.0484375
0 0.84765625 0.42421875 0.046875 0.034375
0 0.57734375 0.83125 0.0703125 0.05625
0 0.2125 0.4359375 0.0609375 0.065625
0 0.05546875 0.60859375 0.053125 0.0546875
0 0.4234375 0.5453125 0.0421875 0.0625
0 0.68046875 0.640625 0.040625 0.0484375
0 0.925 0.2296875 0.0546875 0.053125
0 0.1671875 0.54296875 0.0640625 0.059375
0 0.065625 0.29140625 0.0640625 0.0984375
0 0.31015625 0.384375 0.0375 0.0359375
0 0.521875 0.625 0.053125 0.046875
0 0.5125 0.396875 0.046875 0.05
0 0.8828125 0.60546875 0.09375 0.0796875
0 0.16328125 0.44921875 0.05625 0.0609375
0 0.64765625 0.178125 0.0421875 0.078125
0 0.73671875 0.771875 0.0640625 0.0640625
0 0.534375 0.8734375 0.040625 0.046875
0 0.47578125 0.8796875 0.0625 0.06875
0 0.6265625 0.08203125 0.0671875 0.078125
0 0.61171875 0.57421875 0.0671875 0.071875
0 0.03359375 0.640625 0.0453125 0.0484375
0 0.78203125 0.5140625 0.071875 0.0671875
0 0.30078125 0.85390625 0.0484375 0.0453125
0 0.721875 0.6796875 0.08125 0.0625
0 0.21875 0.7453125 0.0671875 0.0640625
0 0.76875 0.928125 0.0671875 0.0875
0 0.57734375 0.134375 0.0484375 0.053125
0 0.1390625 0.0734375 0.0546875 0.0546875
0 0.35625 0.83515625 0.0546875 0.0609375
0 0.4484375 0.959375 0.053125 0.0671875
0 0.884375 0.38125 0.040625 0.0421875
0 0.32421875 0.81328125 0.034375 0.0390625
0 0.778125 0.38046875 0.05625 0.11875
0 0.31484375 0.48515625 0.0453125 0.0546875
0 0.27890625 0.803125 0.0515625 0.0546875
0 0.84765625 0.3921875 0.0328125 0.0328125
0 0.08203125 0.64453125 0.0453125 0.0484375
0 0.928125 0.55 0.0609375 0.0546875
0 0.8265625 0.56171875 0.040625 0.0453125
0 0.4125 0.59609375 0.0421875 0.0484375
0 0.33984375 0.70625 0.0484375 0.053125
0 0.9234375 0.51875 0.046875 0.046875
0 0.3015625 0.546875 0.0515625 0.0484375
0 0.90546875 0.74453125 0.0609375 0.059375
0 0.45703125 0.82578125 0.053125 0.0453125
0 0.4125 0.04296875 0.0921875 0.0703125
0 0.4078125 0.6328125 0.040625 0.0328125
0 0.33828125 0.4078125 0.053125 0.05625
0 0.246875 0.13828125 0.0921875 0.1171875
0 0.96796875 0.7421875 0.0625 0.065625
0 0.2875 0.5828125 0.06875 0.0578125
0 0.43359375 0.23046875 0.0453125 0.0828125
0 0.86484375 0.2609375 0.0578125 0.0515625
0 0.921875 0.30390625 0.0453125 0.0546875
0 0.22265625 0.78515625 0.0578125 0.0609375
0 0.178125 0.8921875 0.0859375 0.071875
0 0.07265625 0.04921875 0.0515625 0.0578125
0 0.77734375 0.72734375 0.0703125 0.06875
0 0.1265625 0.79375 0.0703125 0.05
0 0.1890625 0.8421875 0.034375 0.0375
0 0.48046875 0.58359375 0.0484375 0.05625