0 0.8046875 0.33359375 0.0640625 0.071875
0 0.5015625 0.15390625 0.0640625 0.071875
0 0.3671875 0.7328125 0.0875 0.0796875
0 0.425 0.33828125 0.0859375 0.0734375
0 0.9484375 0.8765625 0.1 0.1296875
0 0.4296875 0.18671875 0.071875 0.0859375
0 0.26796875 0.36484375 0.071875 0.0828125
0 0.36015625 0.17578125 0.1171875 0.1265625
0 0.8234375 0.08125 0.09375 0.06875
0 0.7546875 0.34375 0.0875 0.1078125
0 0.084375 0.55625 0.128125 0.096875
0 0.50703125 0.78984375 0.0859375 0.0953125
0 0.49921875 0.721875 0.0859375 0.0671875
0 0.4421875 0.9125 0.0609375 0.0640625
0 0.66796875 0.7515625 0.1171875 0.121875
0 0.725 0.06015625 0.0875 0.0828125
0 0.2015625 0.29921875 0.0828125 0.071875
0 0.64375 0.70859375 0.053125 0.0609375
0 0.2078125 0.64453125 0.0765625 0.103125
0 0.67578125 0.134375 0.0765625 0.103125
0 0.0703125 0.33671875 0.0875 0.05625
0 0.3296875 0.828125 0.0921875 0.1453125
0 0.13359375 0.06796875 0.0703125 0.0765625
0 0.546875 0.11953125 0.0515625 0.053125
0 0.5234375 0.49375 0.0640625 0.075
0 0.76953125 0.69921875 0.103125 0.103125
0 0.71015625 0.4390625 0.1015625 0.0984375
0 0.41015625 0.82421875 0.115625 0.1140625
0 0.2484375 0.21484375 0.10625 0.11875
0 0.88671875 0.80234375 0.0859375 0.115625
0 0.759375 0.13515625 0.0609375 0.0765625
0 0.15 0.7421875 0.0875 0.0875
0 0.63203125 0.57421875 0.06875 0.115625
0 0.7125 0.26171875 0.0796875 0.075
0 0.83203125 0.5671875 0.090625 0.0953125
0 0.5515625 0.37265625 0.0953125 0.090625
0 0.509375 0.5765625 0.06875 0.071875
0 0.253125 0.59765625 0.103125 0.1125
0 0.8 0.784375 0.09375 0.090625
0 0.57578125 0.60078125 0.0578125 0.075
0 0.1640625 0.44765625 0.0953125 0.103125
0 0.07578125 0.925 0.1515625 0.146875
0 0.609375 0.41328125 0.078125 0.0546875
0 0.8171875 0.953125 0.115625 0.090625
0 0.4921875 0.08203125 0.084375 0.0828125
0 0.58125 0.19375 0.0609375 0.0671875
0 0.05 0.1109375 0.1 0.109375
0 0.9421875 0.69296875 0.103125 0.065625
0 0.4296875 0.0453125 0.0578125 0.075
0 0.2359375 0.08515625 0.065625 0.0828125
0 0.6078125 0.13125 0.075 0.084375
0 0.05625 0.665625 0.1125 0.10625
0 0.33125 0.55703125 0.125 0.1046875
0 0.35703125 0.6703125 0.0546875 0.059375
0 0.7109375 0.85859375 0.0859375 0.103125
0 0.74375 0.55625 0.0828125 0.078125
0 0.94453125 0.38671875 0.1078125 0.146875
0 0.80703125 0.26484375 0.0578125 0.0703125
0 0.16171875 0.15234375 0.115625 0.0953125
0 0.725 0.9296875 0.0578125 0.0484375
0 0.50078125 0.42578125 0.084375 0.06875
0 0.8171875 0.4625 0.05 0.0484375
0 0.79453125 0.60625 0.078125 0.06875
0 0.57578125 0.859375 0.0875 0.0953125
0 0.22109375 0.7421875 0.0671875 0.071875
0 0.25390625 0.92265625 0.1296875 0.140625
0 0.85703125 0.171875 0.065625 0.059375
0 0.17421875 0.815625 0.103125 0.084375
0 0.8359375 0.84765625 0.0765625 0.046875
0 0.09296875 0.1953125 0.0984375 0.115625
0 0.4765625 0.4859375 0.0578125 0.0609375
0 0.86796875 0.11484375 0.0640625 0.065625
0 0.4078125 0.4078125 0.1 0.09375
0 0.5875 0.4671875 0.06875 0.0640625
0 0.66953125 0.9 0.0890625 0.109375
0 0.771875 0.871875 0.053125 0.0609375
0 0.109375 0.390625 0.10625 0.084375
0 0.50234375 0.87265625 0.053125 0.0546875
0 0.859375 0.0328125 0.109375 0.065625
0 0.921875 0.10390625 0.0640625 0.0921875
0 0.590625 0.26640625 0.0625 0.0609375
0 0.309375 0.27578125 0.1015625 0.1125
0 0.85703125 0.89453125 0.096875 0.0703125
0 0.90390625 0.62734375 0.096875 0.103125
0 0.571875 0.77734375 0.075 0.071875
0 0.52578125 0.6921875 0.0921875 0.0921875
0 0.5984375 0.51953125 0.0625 0.0484375
0 0.38515625 0.91328125 0.1109375 0.115625
0 0.171875 0.21328125 0.0609375 0.0609375
0 0.64140625 0.31953125 0.0796875 0.109375
0 0.6328125 0.83046875 0.05625 0.0640625
0 0.0859375 0.4796875 0.0875 0.0859375
0 0.66328125 0.4921875 0.1 0.1
0 0.921875 0.2328125 0.0578125 0.0953125
0 0.590625 0.71328125 0.075 0.0875
0 0.44609375 0.134375 0.06875 0.053125
0 0.865625 0.23984375 0.0671875 0.0984375
0 0.146875 0.94453125 0.1 0.1078125
0 0.48671875 0.19921875 0.065625 0.065625