0 0.33125 0.0671875 0.1671875 0.134375
0 0.721875 0.640625 0.0828125 0.075
0 0.10546875 0.85859375 0.1375 0.1
0 0.28515625 0.2015625 0.3125 0.275
0 0.90625 0.09453125 0.184375 0.1890625
0 0.64375 0.0609375 0.1078125 0.121875
0 0.4296875 0.4 0.1453125 0.178125
0 0.925 0.5078125 0.1484375 0.1875
0 0.571875 0.625 0.109375 0.103125
0 0.4953125 0.68984375 0.1609375 0.1109375
0 0.28671875 0.940625 0.1375 0.11875
0 0.5375 0.4140625 0.1109375 0.11875
0 0.1890625 0.8953125 0.096875 0.0765625
0 0.46171875 0.484375 0.1171875 0.0953125
0 0.396875 0.29765625 0.190625 0.1625
0 0.50390625 0.09765625 0.175 0.1953125
0 0.75078125 0.2421875 0.2203125 0.21875
0 0.090625 0.61640625 0.18125 0.1484375
0 0.63671875 0.653125 0.0921875 0.128125
0 0.915625 0.265625 0.1671875 0.215625
0 0.32109375 0.634375 0.1984375 0.20625
0 0.7609375 0.065625 0.1171875 0.13125
0 0.2265625 0.6171875 0.1109375 0.128125
0 0.540625 0.9421875 0.0765625 0.1109375
0 0.8453125 0.375 0.1828125 0.190625
0 0.78984375 0.71484375 0.1 0.1015625
0 0.178125 0.11484375 0.2171875 0.2296875
0 0.58203125 0.49296875 0.1609375 0.1796875
0 0.80703125 0.95859375 0.11875 0.0828125
0 0.571875 0.15078125 0.1578125 0.2078125
0 0.08359375 0.95703125 0.1109375 0.0859375
0 0.415625 0.5625 0.1375 0.125
0 0.13671875 0.44609375 0.2734375 0.2765625
0 0.74140625 0.57578125 0.1171875 0.0890625
0 0.46875 0.89453125 0.09375 0.109375
0 0.39375 0.95234375 0.0953125 0.0921875