0 0.3953125 0.34453125 0.0890625 0.0890625
0 0.69140625 0.7265625 0.0828125 0.084375
0 0.05859375 0.67890625 0.1015625 0.0984375
0 0.35 0.41796875 0.06875 0.075
0 0.43828125 0.4859375 0.084375 0.0984375
0 0.365625 0.27734375 0.040625 0.0453125
0 0.0953125 0.94140625 0.0671875 0.059375
0 0.925 0.15 0.09375 0.0828125
0 0.671875 0.703125 0.0703125 0.075
0 0.109375 0.4328125 0.06875 0.071875
0 0.68203125 0.34609375 0.04375 0.053125
0 0.1375 0.175 0.053125 0.0453125
0 0.659375 0.2734375 0.0640625 0.0453125
0 0.6671875 0.040625 0.0828125 0.08125
0 0.1375 0.66640625 0.05625 0.0484375
0 0.1734375 0.71015625 0.0671875 0.0609375
0 0.36328125 0.73046875 0.0796875 0.0890625
0 0.734375 0.08046875 0.0640625 0.059375
0 0.78125 0.571875 0.0671875 0.078125
0 0.32578125 0.69140625 0.040625 0.0640625
0 0.3265625 0.040625 0.0640625 0.08125
0 0.29296875 0.49296875 0.0796875 0.0765625
0 0.08515625 0.30390625 0.09375 0.0953125
0 0.6015625 0.72890625 0.0515625 0.0796875
0 0.72578125 0.375 0.084375 0.071875
0 0.27734375 0.8109375 0.0703125 0.06875
0 0.44140625 0.715625 0.06875 0.0765625
0 0.91953125 0.4359375 0.065625 0.053125
0 0.953125 0.68359375 0.05625 0.078125
0 0.96171875 0.78125 0.0734375 0.0796875
0 0.453125 0.76640625 0.0875 0.053125
0 0.34921875 0.80859375 0.0453125 0.059375
0 0.55546875 0.73046875 0.0640625 0.0859375
0 0.80234375 0.503125 0.0984375 0.075
0 0.8015625 0.40390625 0.084375 0.0515625
0 0.225 0.1671875 0.0640625 0.06875
0 0.8296875 0.0953125 0.0953125 0.0859375
0 0.7171875 0.54140625 0.084375 0.0828125
0 0.8875 0.6578125 0.05625 0.0625
0 0.25390625 0.72578125 0.0921875 0.140625
0 0.0546875 0.08125 0.0609375 0.0921875
0 0.596875 0.43125 0.171875 0.1265625
0 0.52890625 0.134375 0.05 0.0484375
0 0.67265625 0.2265625 0.05 0.0609375
0 0.48828125 0.23359375 0.0546875 0.0390625
0 0.50390625 0.80859375 0.071875 0.0796875
0 0.13046875 0.23984375 0.090625 0.103125
0 0.459375 0.31640625 0.0859375 0.090625
0 0.2359375 0.8453125 0.109375 0.125
0 0.59609375 0.33671875 0.05625 0.0625
0 0.56484375 0.05234375 0.1140625 0.1046875
0 0.05546875 0.5015625 0.1109375 0.146875
0 0.80703125 0.35859375 0.0765625 0.059375
0 0.28515625 0.2828125 0.0984375 0.0859375
0 0.17109375 0.80625 0.0953125 0.1078125
0 0.28046875 0.21796875 0.115625 0.0828125
0 0.6234375 0.84609375 0.0765625 0.103125
0 0.56640625 0.65390625 0.059375 0.065625
0 0.321875 0.571875 0.059375 0.0703125
0 0.7359375 0.7828125 0.0578125 0.05
0 0.73671875 0.60859375 0.090625 0.08125
0 0.7984375 0.87890625 0.1046875 0.121875
0 0.915625 0.69140625 0.0671875 0.08125
0 0.52421875 0.7078125 0.0625 0.06875
0 0.2921875 0.62578125 0.0703125 0.084375
0 0.265625 0.05078125 0.0890625 0.078125
0 0.6640625 0.8609375 0.046875 0.075
0 0.84453125 0.590625 0.0640625 0.090625
0 0.88515625 0.5078125 0.1109375 0.090625
0 0.19296875 0.50859375 0.071875 0.078125
0 0.28125 0.12734375 0.1171875 0.0921875
0 0.14296875 0.76171875 0.071875 0.075
0 0.6328125 0.2265625 0.0578125 0.071875
0 0.70078125 0.13125 0.0515625 0.08125
0 0.24140625 0.6140625 0.0640625 0.071875
0 0.5421875 0.33125 0.0703125 0.0828125
0 0.18828125 0.2171875 0.0640625 0.0765625
0 0.81953125 0.68828125 0.1 0.090625
0 0.621875 0.1234375 0.109375 0.11875
0 0.88125 0.93203125 0.0796875 0.1
0 0.56640625 0.884375 0.06875 0.06875
0 0.6453125 0.53515625 0.0828125 0.0796875
0 0.15625 0.49140625 0.071875 0.0703125
0 0.521875 0.171875 0.059375 0.065625
0 0.91796875 0.8359375 0.0984375 0.09375
0 0.49765625 0.56015625 0.0828125 0.078125
0 0.48046875 0.1421875 0.0578125 0.0484375
0 0.48203125 0.1015625 0.071875 0.05625
0 0.18671875 0.6109375 0.05625 0.0640625
0 0.865625 0.29375 0.1234375 0.1078125
0 0.5171875 0.6546875 0.0546875 0.0609375
0 0.11875 0.0953125 0.1140625 0.1171875
0 0.440625 0.91953125 0.0734375 0.096875
0 0.81015625 0.18515625 0.09375 0.1
0 0.1 0.5859375 0.0984375 0.0875
0 0.36875 0.88828125 0.05625 0.0578125
0 0.4234375 0.2140625 0.0796875 0.096875
0 0.37421875 0.55703125 0.0671875 0.075