0 0.28671875 0.8109375 0.190625 0.3015625
0 0.6140625 0.21875 0.1703125 0.1796875
0 0.44140625 0.82265625 0.196875 0.2203125
0 0.55234375 0.07890625 0.1640625 0.1578125
0 0.07265625 0.1484375 0.1375 0.1578125
0 0.33125 0.2328125 0.1796875 0.2109375
0 0.128125 0.4015625 0.2328125 0.2671875
0 0.29609375 0.49609375 0.2234375 0.209375
0 0.55625 0.540625 0.1734375 0.228125
0 0.15703125 0.6875 0.2421875 0.2875
0 0.4359375 0.2984375 0.171875 0.1921875
0 0.06953125 0.7703125 0.1390625 0.2625
0 0.76328125 0.4390625 0.25 0.2796875
0 0.60546875 0.346875 0.1671875 0.15
0 0.79921875 0.671875 0.2171875 0.21875
0 0.78359375 0.86875 0.2390625 0.225
0 0.78671875 0.25390625 0.1859375 0.209375
0 0.19375 0.2328125 0.1796875 0.2484375
0 0.45078125 0.9296875 0.153125 0.1390625
0 0.475 0.209375 0.1265625 0.153125
0 0.65234375 0.65703125 0.2421875 0.24375
0 0.4328125 0.59609375 0.2578125 0.2484375
0 0.60390625 0.91640625 0.1921875 0.165625
0 0.85078125 0.1484375 0.2671875 0.259375
0 0.14609375 0.909375 0.190625 0.178125
0 0.91796875 0.3125 0.109375 0.140625
0 0.33984375 0.38828125 0.1421875 0.140625