0 0.84609375 0.6390625 0.18125 0.1671875
0 0.2796875 0.93125 0.2734375 0.1328125
0 0.6890625 0.72578125 0.3125 0.3546875
0 0.909375 0.478125 0.178125 0.1703125
0 0.76015625 0.1875 0.178125 0.1890625
0 0.946875 0.08125 0.1015625 0.1625
0 0.225 0.17734375 0.165625 0.1890625
0 0.84765625 0.36328125 0.1890625 0.171875
0 0.046875 0.07109375 0.09375 0.1421875
0 0.70703125 0.29921875 0.128125 0.15
0 0.9109375 0.5796875 0.0796875 0.0703125
0 0.675 0.93984375 0.16875 0.11875
0 0.3140625 0.49375 0.24375 0.2390625
0 0.86875 0.77734375 0.1046875 0.1453125
0 0.31640625 0.275 0.1484375 0.1671875
0 0.8109375 0.87109375 0.14375 0.1296875
0 0.10625 0.88203125 0.2125 0.23125
0 0.0671875 0.32578125 0.134375 0.1671875
0 0.31640625 0.0890625 0.1109375 0.178125
0 0.734375 0.475 0.2171875 0.1890625
0 0.0390625 0.215625 0.078125 0.1421875
0 0.2328125 0.8203125 0.1640625 0.11875
0 0.375 0.80234375 0.1859375 0.2078125
0 0.4515625 0.13828125 0.2515625 0.271875
0 0.1828125 0.37890625 0.1828125 0.128125
0 0.25859375 0.7171875 0.2671875 0.1546875
0 0.921875 0.90078125 0.153125 0.196875
0 0.8078125 0.94453125 0.171875 0.1078125
0 0.20546875 0.5953125 0.2671875 0.2046875
0 0.89921875 0.21015625 0.14375 0.2015625
0 0.4390625 0.4046875 0.28125 0.278125
0 0.10390625 0.14375 0.175 0.1609375
0 0.05 0.47109375 0.1 0.18125