0 0.73828125 0.52890625 0.071875 0.090625
0 0.209375 0.16328125 0.1609375 0.184375
0 0.5140625 0.95 0.096875 0.1
0 0.12265625 0.34375 0.103125 0.1234375
0 0.51171875 0.903125 0.071875 0.071875
0 0.51875 0.84921875 0.0671875 0.0546875
0 0.3109375 0.465625 0.1109375 0.1109375
0 0.6375 0.58125 0.096875 0.103125
0 0.0421875 0.47265625 0.084375 0.1203125
0 0.0625 0.91875 0.125 0.1625
0 0.3015625 0.25625 0.090625 0.0734375
0 0.8453125 0.8296875 0.0765625 0.090625
0 0.04765625 0.728125 0.0953125 0.1515625
0 0.6875 0.2453125 0.0953125 0.103125
0 0.2140625 0.5078125 0.0921875 0.1390625
0 0.75546875 0.91796875 0.09375 0.0671875
0 0.14375 0.83359375 0.128125 0.1796875
0 0.60390625 0.85390625 0.090625 0.1109375
0 0.390625 0.959375 0.1375 0.0796875
0 0.290625 0.33046875 0.09375 0.1
0 0.5640625 0.0625 0.1203125 0.125
0 0.46015625 0.56640625 0.08125 0.1078125
0 0.765625 0.75546875 0.1390625 0.0921875
0 0.11171875 0.71484375 0.115625 0.0953125
0 0.10078125 0.4765625 0.084375 0.121875
0 0.05078125 0.6046875 0.1015625 0.1171875
0 0.06875 0.24375 0.1296875 0.10625
0 0.28984375 0.93359375 0.0921875 0.0984375
0 0.6953125 0.50625 0.09375 0.1140625
0 0.90625 0.90546875 0.065625 0.0765625
0 0.665625 0.77265625 0.0765625 0.0875
0 0.2140625 0.31484375 0.096875 0.078125
0 0.08203125 0.1 0.1109375 0.115625
0 0.521875 0.58359375 0.1078125 0.11875
0 0.9140625 0.07734375 0.171875 0.1265625
0 0.85 0.40234375 0.0953125 0.11875
0 0.91953125 0.19140625 0.159375 0.15
0 0.2578125 0.0421875 0.1 0.084375
0 0.5953125 0.77734375 0.05625 0.0484375
0 0.453125 0.64765625 0.0921875 0.0953125
0 0.3609375 0.54921875 0.153125 0.1234375
0 0.6546875 0.95 0.0765625 0.1
0 0.1578125 0.95078125 0.1421875 0.0984375
0 0.7625 0.396875 0.1109375 0.13125
0 0.45703125 0.365625 0.115625 0.1203125
0 0.5375 0.36171875 0.084375 0.096875
0 0.55859375 0.5484375 0.090625 0.075
0 0.45625 0.07421875 0.0890625 0.0921875
0 0.2671875 0.69921875 0.071875 0.059375
0 0.3890625 0.32734375 0.1234375 0.1328125
0 0.0453125 0.16640625 0.090625 0.1078125
0 0.59296875 0.625 0.0671875 0.071875
0 0.61875 0.21328125 0.096875 0.0953125
0 0.3015625 0.653125 0.0734375 0.0828125
0 0.30546875 0.178125 0.1265625 0.146875
0 0.9421875 0.5921875 0.1125 0.1265625
0 0.37265625 0.8921875 0.1171875 0.1390625
0 0.171875 0.47421875 0.103125 0.1171875
0 0.83203125 0.50078125 0.121875 0.1125
0 0.2046875 0.38671875 0.1015625 0.0953125
0 0.19765625 0.6734375 0.134375 0.1171875
0 0.853125 0.9390625 0.1046875 0.1109375
0 0.3578125 0.0890625 0.128125 0.14375
0 0.05234375 0.3640625 0.1046875 0.1546875
0 0.80078125 0.63828125 0.0859375 0.0734375
0 0.56796875 0.496875 0.0828125 0.06875
0 0.62109375 0.69921875 0.1109375 0.1203125
0 0.82578125 0.3296875 0.1296875 0.115625
0 0.628125 0.13984375 0.1390625 0.1140625
0 0.59140625 0.2671875 0.1078125 0.140625
0 0.76953125 0.8328125 0.090625 0.0875
0 0.659375 0.459375 0.1171875 0.13125
0 0.396875 0.7640625 0.13125 0.125
0 0.71484375 0.63671875 0.121875 0.1390625
0 0.775 0.17421875 0.1328125 0.1328125
0 0.60078125 0.409375 0.13125 0.13125
0 0.16015625 0.25859375 0.115625 0.134375
0 0.2625 0.80703125 0.1234375 0.16875
0 0.26015625 0.58359375 0.084375 0.08125
0 0.88046875 0.6859375 0.125 0.1140625
0 0.36328125 0.65 0.1 0.0890625
0 0.9390625 0.5 0.121875 0.1265625
0 0.125 0.5640625 0.1390625 0.1125
0 0.41640625 0.853125 0.109375 0.096875
0 0.81171875 0.68984375 0.0828125 0.0875
0 0.52734375 0.70625 0.1234375 0.1296875
0 0.490625 0.78359375 0.0875 0.103125
0 0.16171875 0.6078125 0.0953125 0.0984375
0 0.70859375 0.3328125 0.153125 0.146875
0 0.89140625 0.81015625 0.1046875 0.134375
0 0.70390625 0.8421875 0.0625 0.0921875
0 0.90625 0.45 0.0984375 0.08125
0 0.9359375 0.346875 0.1265625 0.11875
0 0.38359375 0.69921875 0.1203125 0.1109375
0 0.48203125 0.1671875 0.134375 0.1640625