0 0.75625 0.4765625 0.1375 0.1
0 0.19140625 0.94296875 0.1109375 0.1
0 0.29140625 0.69453125 0.06875 0.0921875
0 0.5546875 0.65625 0.0796875 0.1078125
0 0.31875 0.37265625 0.084375 0.10625
0 0.33203125 0.23046875 0.1328125 0.1265625
0 0.04765625 0.48359375 0.0953125 0.0984375
0 0.075 0.709375 0.0609375 0.075
0 0.4875 0.65390625 0.11875 0.1390625
0 0.95234375 0.56796875 0.09375 0.0921875
0 0.03828125 0.7046875 0.0765625 0.121875
0 0.271875 0.77734375 0.0953125 0.0875
0 0.63671875 0.32109375 0.09375 0.090625
0 0.56796875 0.76953125 0.08125 0.1015625
0 0.25234375 0.084375 0.1109375 0.109375
0 0.74921875 0.37734375 0.178125 0.1546875
0 0.72265625 0.11171875 0.0703125 0.0625
0 0.384375 0.81875 0.10625 0.1078125
0 0.05078125 0.5890625 0.1015625 0.1
0 0.678125 0.06328125 0.10625 0.1265625
0 0.20546875 0.67890625 0.090625 0.084375
0 0.12578125 0.69453125 0.0734375 0.084375
0 0.61875 0.51484375 0.0546875 0.0546875
0 0.259375 0.1640625 0.1140625 0.1234375
0 0.13125 0.890625 0.1265625 0.103125
0 0.47265625 0.14453125 0.05 0.0484375
0 0.21484375 0.7515625 0.0875 0.0875
0 0.553125 0.10234375 0.0859375 0.1
0 0.525 0.9015625 0.103125 0.1109375
0 0.484375 0.4890625 0.0765625 0.075
0 0.14765625 0.28671875 0.0953125 0.121875
0 0.2359375 0.85078125 0.084375 0.0796875
0 0.50390625 0.21328125 0.128125 0.153125
0 0.90859375 0.67421875 0.090625 0.134375
0 0.4328125 0.70546875 0.0859375 0.0984375
0 0.371875 0.04296875 0.2140625 0.0859375
0 0.3046875 0.85 0.0875 0.10625
0 0.2109375 0.27421875 0.0859375 0.1234375
0 0.88203125 0.115625 0.1203125 0.1265625
0 0.5234375 0.54609375 0.1203125 0.1171875
0 0.078125 0.3953125 0.0875 0.0734375
0 0.0953125 0.8046875 0.090625 0.0828125
0 0.1375 0.753125 0.0875 0.08125
0 0.03828125 0.3359375 0.0765625 0.109375
0 0.196875 0.46796875 0.0828125 0.071875
0 0.92109375 0.2546875 0.1515625 0.1109375
0 0.171875 0.60546875 0.0828125 0.071875
0 0.67890625 0.65390625 0.1125 0.10625
0 0.06015625 0.86484375 0.0671875 0.0703125
0 0.12734375 0.5046875 0.1125 0.109375
0 0.16640625 0.79921875 0.0765625 0.06875
0 0.8390625 0.4796875 0.0703125 0.0828125
0 0.32890625 0.60234375 0.0984375 0.0796875
0 0.8984375 0.48671875 0.0640625 0.0671875
0 0.346875 0.76015625 0.075 0.0828125
0 0.94140625 0.35625 0.1140625 0.096875
0 0.77734375 0.05625 0.1140625 0.1125
0 0.603125 0.890625 0.05 0.0640625
0 0.36328125 0.9015625 0.084375 0.078125
0 0.40078125 0.4484375 0.08125 0.084375
0 0.896875 0.85703125 0.0796875 0.075
0 0.4828125 0.0515625 0.0875 0.103125
0 0.77421875 0.621875 0.1078125 0.0765625
0 0.140625 0.4078125 0.1015625 0.084375
0 0.5765625 0.4890625 0.0609375 0.075
0 0.3515625 0.69140625 0.1109375 0.1
0 0.859375 0.05390625 0.121875 0.1078125
0 0.29375 0.2828125 0.13125 0.109375
0 0.3921875 0.37265625 0.071875 0.078125
0 0.3 0.94140625 0.0984375 0.10625
0 0.95546875 0.46484375 0.0875 0.1578125
0 0.265625 0.35625 0.0828125 0.078125
0 0.47265625 0.840625 0.071875 0.0765625
0 0.6875 0.57421875 0.0703125 0.075
0 0.809375 0.265625 0.08125 0.090625
0 0.9265625 0.76484375 0.115625 0.08125
0 0.08046875 0.16484375 0.071875 0.0890625
0 0.5203125 0.44921875 0.0859375 0.0796875
0 0.48984375 0.76328125 0.0953125 0.1
0 0.74765625 0.81328125 0.090625 0.1
0 0.675 0.18359375 0.134375 0.153125
0 0.1078125 0.63359375 0.0671875 0.0703125
0 0.6265625 0.77734375 0.1296875 0.1578125
0 0.1546875 0.18671875 0.125 0.1234375
0 0.16796875 0.83984375 0.0703125 0.0671875
0 0.7734375 0.18125 0.153125 0.134375
0 0.5875 0.24921875 0.1015625 0.1671875
0 0.865625 0.921875 0.1265625 0.14375
0 0.03671875 0.175 0.0734375 0.121875
0 0.0828125 0.95703125 0.10625 0.084375
0 0.23203125 0.5671875 0.08125 0.096875
0 0.82734375 0.784375 0.103125 0.1
0 0.75234375 0.58515625 0.071875 0.06875
0 0.73359375 0.29765625 0.1046875 0.1109375
0 0.95234375 0.91015625 0.0921875 0.0875
0 0.30625 0.5296875 0.0953125 0.1
0 0.71015625 0.73046875 0.1203125 0.10625
0 0.1015625 0.06640625 0.203125 0.1328125
0 0.8171875 0.68828125 0.13125 0.1109375
0 0.8578125 0.36875 0.075 0.09375
0 0.71875 0.9109375 0.159375 0.1265625