0 0.515625 0.43671875 0.040625 0.05
0 0.9359375 0.8984375 0.04375 0.0453125
0 0.309375 0.51640625 0.0578125 0.0625
0 0.275 0.35703125 0.040625 0.046875
0 0.359375 0.39609375 0.06875 0.0609375
0 0.34453125 0.54375 0.046875 0.059375
0 0.06875 0.39609375 0.0703125 0.071875
0 0.59296875 0.7515625 0.06875 0.059375
0 0.9515625 0.85859375 0.059375 0.0609375
0 0.7515625 0.84921875 0.075 0.0671875
0 0.11171875 0.86328125 0.0640625 0.059375
0 0.8296875 0.92265625 0.08125 0.065625
0 0.4515625 0.35 0.0828125 0.0921875
0 0.90625 0.6453125 0.071875 0.0734375
0 0.9203125 0.7265625 0.0609375 0.046875
0 0.25625 0.534375 0.0828125 0.0515625
0 0.9625 0.74765625 0.046875 0.0609375
0 0.16015625 0.82890625 0.0640625 0.0484375
0 0.80234375 0.64453125 0.0578125 0.0625
0 0.15859375 0.43125 0.05625 0.0703125
0 0.75625 0.46171875 0.1 0.0546875
0 0.25703125 0.209375 0.065625 0.0625
0 0.20390625 0.49609375 0.0921875 0.071875
0 0.575 0.55078125 0.0453125 0.0453125
0 0.203125 0.6359375 0.040625 0.0328125
0 0.43359375 0.4453125 0.0765625 0.1109375
0 0.4859375 0.540625 0.05625 0.0625
0 0.2765625 0.709375 0.0796875 0.0796875
0 0.93984375 0.4203125 0.0796875 0.05
0 0.44140625 0.9234375 0.053125 0.0875
0 0.615625 0.57734375 0.059375 0.059375
0 0.40859375 0.71640625 0.05 0.053125
0 0.56328125 0.7015625 0.053125 0.0625
0 0.028125 0.21953125 0.05625 0.0796875
0 0.83359375 0.7546875 0.05625 0.040625
0 0.27421875 0.496875 0.046875 0.059375
0 0.6890625 0.63671875 0.0546875 0.0546875
0 0.0328125 0.3375 0.0359375 0.040625
0 0.703125 0.38515625 0.0609375 0.046875
0 0.69609375 0.86484375 0.025 0.0421875
0 0.59921875 0.70390625 0.034375 0.040625
0 0.1953125 0.43359375 0.0671875 0.071875
0 0.6625 0.51640625 0.06875 0.075
0 0.12890625 0.62578125 0.0953125 0.071875
0 0.51171875 0.5796875 0.0453125 0.05
0 0.90234375 0.90546875 0.0546875 0.065625
0 0.06015625 0.7296875 0.06875 0.0859375
0 0.71875 0.90625 0.046875 0.0515625
0 0.48046875 0.6171875 0.05 0.0671875
0 0.49453125 0.17734375 0.05625 0.0734375
0 0.284375 0.41484375 0.053125 0.0546875
0 0.07421875 0.353125 0.0359375 0.040625
0 0.2375 0.26015625 0.08125 0.071875
0 0.1859375 0.6609375 0.0640625 0.0609375
0 0.6953125 0.2375 0.078125 0.0734375
0 0.40546875 0.090625 0.046875 0.05
0 0.89140625 0.36640625 0.115625 0.0625
0 0.80625 0.24453125 0.0984375 0.0921875
0 0.37890625 0.34765625 0.0625 0.05625
0 0.6328125 0.7609375 0.053125 0.0640625
0 0.9265625 0.7703125 0.0640625 0.0515625
0 0.390625 0.7828125 0.0796875 0.0765625
0 0.865625 0.60546875 0.0640625 0.0671875
0 0.4609375 0.24453125 0.0609375 0.06875
0 0.73359375 0.96484375 0.05 0.059375
0 0.3359375 0.22265625 0.078125 0.071875
0 0.07265625 0.8828125 0.0421875 0.0484375
0 0.7953125 0.728125 0.084375 0.071875
0 0.75390625 0.575 0.053125 0.0484375
0 0.9578125 0.4609375 0.05 0.0453125
0 0.665625 0.3296875 0.0578125 0.0484375
0 0.68984375 0.91796875 0.05 0.071875
0 0.37421875 0.6953125 0.05625 0.0546875
0 0.5390625 0.74765625 0.0671875 0.0609375
0 0.4984375 0.9296875 0.0796875 0.109375
0 0.94375 0.68515625 0.053125 0.05
0 0.9671875 0.6265625 0.05 0.0421875
0 0.21875 0.94921875 0.046875 0.0515625
0 0.52578125 0.6265625 0.0515625 0.046875
0 0.165625 0.29609375 0.071875 0.071875
0 0.603125 0.5171875 0.0515625 0.0515625
0 0.621875 0.96015625 0.05625 0.0609375
0 0.87421875 0.87109375 0.05 0.0515625
0 0.859375 0.8296875 0.053125 0.040625
0 0.0671875 0.5078125 0.1015625 0.0671875
0 0.23125 0.06328125 0.0484375 0.05625
0 0.20078125 0.79453125 0.0515625 0.059375
0 0.2625 0.91484375 0.034375 0.05
0 0.22265625 0.725 0.0640625 0.075
0 0.9359375 0.26171875 0.06875 0.05625
0 0.03359375 0.77890625 0.0515625 0.0515625
0 0.37421875 0.59375 0.0625 0.078125
0 0.109375 0.76328125 0.053125 0.0515625
0 0.609375 0.1359375 0.075 0.0828125
0 0.21640625 0.30390625 0.0484375 0.05625
0 0.24453125 0.42109375 0.0453125 0.053125
0 0.9359375 0.20390625 0.06875 0.05625
0 0.6875 0.4484375 0.059375 0.071875
0 0.2859375 0.175 0.065625 0.06875
0 0.5265625 0.39375 0.0453125 0.046875
0 0.684375 0.70234375 0.0609375 0.06875
0 0.11875 0.70859375 0.0671875 0.0578125
0 0.634375 0.7046875 0.05 0.0671875
0 0.0796875 0.66640625 0.0546875 0.0515625
0 0.465625 0.83125 0.0453125 0.0609375
0 0.36953125 0.475 0.040625 0.0515625
0 0.87421875 0.69609375 0.0375 0.0484375
0 0.44140625 0.60546875 0.0421875 0.059375
0 0.4265625 0.55546875 0.0421875 0.046875
0 0.59609375 0.23828125 0.0453125 0.0484375
0 0.3578125 0.271875 0.05625 0.0484375
0 0.625 0.621875 0.0609375 0.071875
0 0.30546875 0.36875 0.0453125 0.0484375
0 0.6984375 0.825 0.0671875 0.05625
0 0.4015625 0.6078125 0.0546875 0.0796875
0 0.3359375 0.11953125 0.084375 0.071875
0 0.5546875 0.50234375 0.0859375 0.0828125
0 0.76875 0.771875 0.0484375 0.0484375
0 0.1890625 0.87265625 0.1078125 0.090625
0 0.578125 0.8890625 0.0828125 0.0875
0 0.65625 0.928125 0.0484375 0.06875
0 0.584375 0.6125 0.040625 0.0453125
0 0.28125 0.059375 0.0609375 0.053125
0 0.86328125 0.3 0.0828125 0.0578125
0 0.69609375 0.35703125 0.05 0.04375
0 0.16328125 0.74375 0.059375 0.0625
0 0.265625 0.66015625 0.0703125 0.071875
0 0.73828125 0.68359375 0.0828125 0.078125
0 0.57578125 0.659375 0.071875 0.053125
0 0.6671875 0.85546875 0.0453125 0.071875
0 0.1 0.24375 0.103125 0.0953125
0 0.79921875 0.57734375 0.04375 0.053125
0 0.940625 0.33125 0.0765625 0.0515625
0 0.2015625 0.3640625 0.0640625 0.0703125
0 0.53984375 0.57890625 0.0328125 0.0640625
0 0.540625 0.10234375 0.0515625 0.065625
0 0.60703125 0.41015625 0.08125 0.1265625
0 0.8390625 0.6828125 0.0609375 0.053125
0 0.46796875 0.78046875 0.05625 0.053125
0 0.88046875 0.803125 0.04375 0.0546875
0 0.6625 0.796875 0.059375 0.0484375
0 0.75234375 0.42109375 0.075 0.0453125
0 0.86484375 0.52578125 0.1 0.084375
0 0.69609375 0.753125 0.053125 0.0453125
0 0.31875 0.325 0.0390625 0.04375
0 0.959375 0.515625 0.059375 0.0484375
0 0.45 0.6703125 0.0703125 0.0671875
0 0.05 0.44921875 0.0859375 0.0609375
0 0.29765625 0.28984375 0.0390625 0.0390625
0 0.5390625 0.19453125 0.059375 0.0734375
0 0.15625 0.78515625 0.0515625 0.0359375
0 0.425 0.22734375 0.0703125 0.06875
0 0.63671875 0.24375 0.059375 0.0671875
0 0.5765625 0.28515625 0.0671875 0.071875
0 0.76953125 0.325 0.078125 0.065625
0 0.07890625 0.834375 0.05625 0.053125