0 0.61953125 0.1984375 0.0671875 0.084375
0 0.1625 0.059375 0.134375 0.11875
0 0.70390625 0.3578125 0.0640625 0.0609375
0 0.2640625 0.11640625 0.040625 0.0515625
0 0.08984375 0.1390625 0.053125 0.065625
0 0.86875 0.28125 0.05625 0.0484375
0 0.29375 0.03671875 0.103125 0.0734375
0 0.21015625 0.1796875 0.05625 0.0953125
0 0.70859375 0.23046875 0.0625 0.0890625
0 0.20390625 0.45078125 0.115625 0.10625
0 0.76015625 0.67265625 0.0328125 0.053125
0 0.03828125 0.44140625 0.0765625 0.1296875
0 0.5890625 0.66484375 0.2875 0.221875
0 0.21484375 0.58984375 0.134375 0.1171875
0 0.0875 0.2796875 0.0703125 0.084375
0 0.53125 0.44765625 0.1203125 0.1203125
0 0.8140625 0.765625 0.1125 0.09375
0 0.65390625 0.27578125 0.065625 0.0828125
0 0.846875 0.3859375 0.0625 0.05625
0 0.5328125 0.265625 0.0859375 0.0640625
0 0.2921875 0.4 0.115625 0.1109375
0 0.31953125 0.5140625 0.09375 0.125
0 0.11328125 0.459375 0.0921875 0.0953125
0 0.6578125 0.365625 0.040625 0.046875
0 0.103125 0.38515625 0.1046875 0.08125
0 0.3875 0.50703125 0.0828125 0.10625
0 0.62578125 0.4 0.090625 0.071875
0 0.76875 0.44375 0.0453125 0.0609375
0 0.734375 0.83984375 0.0796875 0.09375
0 0.40546875 0.3921875 0.125 0.134375
0 0.7265625 0.40234375 0.05625 0.053125
0 0.82421875 0.32890625 0.0515625 0.0625
0 0.7140625 0.490625 0.071875 0.075
0 0.62890625 0.5515625 0.0828125 0.0875
0 0.59375 0.0984375 0.0421875 0.0578125
0 0.23125 0.5078125 0.109375 0.1078125
0 0.84296875 0.540625 0.090625 0.0953125
0 0.16484375 0.2984375 0.09375 0.090625
0 0.5265625 0.14375 0.06875 0.0546875
0 0.6328125 0.0890625 0.059375 0.0734375
0 0.75 0.27734375 0.0984375 0.1046875
0 0.54375 0.23828125 0.0515625 0.05625
0 0.9078125 0.87109375 0.053125 0.0546875
0 0.059375 0.54765625 0.11875 0.1046875
0 0.828125 0.4265625 0.0671875 0.0390625
0 0.353125 0.1234375 0.053125 0.0640625
0 0.9 0.64921875 0.0921875 0.1125
0 0.89921875 0.784375 0.14375 0.134375
0 0.12734375 0.33515625 0.0765625 0.0703125
0 0.859375 0.86640625 0.0625 0.0609375
0 0.5171875 0.31015625 0.059375 0.04375
0 0.409375 0.29609375 0.0671875 0.0703125
0 0.4296875 0.05390625 0.109375 0.1078125
0 0.22734375 0.365625 0.071875 0.08125
0 0.55 0.17890625 0.06875 0.071875
0 0.475 0.11484375 0.059375 0.0546875
0 0.75 0.575 0.0859375 0.0765625
0 0.86953125 0.33828125 0.05625 0.06875
0 0.8 0.66875 0.0625 0.0640625
0 0.959375 0.64453125 0.0671875 0.1015625
0 0.259375 0.77734375 0.0609375 0.0609375
0 0.3203125 0.67421875 0.0796875 0.0640625
0 0.4546875 0.1640625 0.075 0.0953125
0 0.8390625 0.653125 0.0640625 0.0734375
0 0.28125 0.75 0.059375 0.071875
0 0.640625 0.1609375 0.0625 0.075
0 0.3640625 0.303125 0.059375 0.0671875
0 0.19140625 0.2421875 0.0484375 0.0546875
0 0.49296875 0.19609375 0.0578125 0.0484375
0 0.3109375 0.109375 0.0453125 0.0453125
0 0.30859375 0.19765625 0.0640625 0.0828125
0 0.70078125 0.521875 0.0703125 0.0578125
0 0.82265625 0.078125 0.1171875 0.11875
0 0.065625 0.70859375 0.13125 0.1640625
0 0.25 0.0625 0.0640625 0.0640625
0 0.73359375 0.62109375 0.078125 0.0796875
0 0.05390625 0.209375 0.1078125 0.10625
0 0.16328125 0.203125 0.0703125 0.0875
0 0.8015625 0.36796875 0.053125 0.05
0 0.05 0.85859375 0.1 0.146875
0 0.12265625 0.63046875 0.0625 0.071875
0 0.29921875 0.725 0.0625 0.071875