0 0.0921875 0.24140625 0.075 0.08125
0 0.51484375 0.4578125 0.046875 0.04375
0 0.6265625 0.07265625 0.0625 0.0609375
0 0.346875 0.51953125 0.04375 0.0359375
0 0.621875 0.57421875 0.0484375 0.0421875
0 0.30390625 0.240625 0.1015625 0.071875
0 0.890625 0.2640625 0.078125 0.0625
0 0.27265625 0.75703125 0.109375 0.146875
0 0.18359375 0.39375 0.059375 0.0625
0 0.1546875 0.30859375 0.084375 0.071875
0 0.92421875 0.328125 0.059375 0.053125
0 0.82734375 0.8125 0.078125 0.084375
0 0.09921875 0.6640625 0.075 0.0546875
0 0.109375 0.871875 0.059375 0.0796875
0 0.37265625 0.93203125 0.084375 0.0953125
0 0.55859375 0.71953125 0.0609375 0.0671875
0 0.65546875 0.0375 0.0625 0.053125
0 0.5171875 0.2375 0.0765625 0.071875
0 0.4546875 0.1171875 0.053125 0.0640625
0 0.85703125 0.5796875 0.071875 0.0828125
0 0.4765625 0.6109375 0.0453125 0.0578125
0 0.80078125 0.1234375 0.0421875 0.05625
0 0.70703125 0.19453125 0.065625 0.084375
0 0.353125 0.1390625 0.0953125 0.0875
0 0.73984375 0.78125 0.0515625 0.0609375
0 0.63203125 0.68203125 0.1390625 0.115625
0 0.690625 0.77265625 0.0609375 0.078125
0 0.909375 0.81796875 0.0609375 0.05
0 0.50078125 0.50703125 0.053125 0.0609375
0 0.659375 0.3375 0.08125 0.0703125
0 0.49765625 0.709375 0.071875 0.0828125
0 0.39375 0.2015625 0.0734375 0.0828125
0 0.73046875 0.4546875 0.046875 0.053125
0 0.84296875 0.40703125 0.053125 0.065625
0 0.184375 0.1046875 0.05625 0.0515625
0 0.8953125 0.86328125 0.06875 0.05625
0 0.62265625 0.403125 0.0578125 0.0546875
0 0.2 0.15234375 0.0609375 0.0484375
0 0.203125 0.21953125 0.11875 0.1078125
0 0.6875 0.296875 0.053125 0.0640625
0 0.15546875 0.03515625 0.08125 0.0703125
0 0.665625 0.5375 0.0484375 0.0515625
0 0.771875 0.2203125 0.071875 0.0484375
0 0.44921875 0.81953125 0.0796875 0.04375
0 0.746875 0.6796875 0.1078125 0.09375
0 0.39375 0.85859375 0.059375 0.084375
0 0.26640625 0.54609375 0.0796875 0.0765625
0 0.3609375 0.42421875 0.0796875 0.0625
0 0.42890625 0.63125 0.0375 0.0453125
0 0.87890625 0.4140625 0.046875 0.0453125
0 0.87109375 0.1203125 0.0875 0.09375
0 0.87890625 0.90625 0.0609375 0.05625
0 0.55546875 0.46875 0.05 0.0453125
0 0.93515625 0.94140625 0.059375 0.0625
0 0.65390625 0.9484375 0.103125 0.1
0 0.9625 0.69296875 0.059375 0.065625
0 0.8109375 0.4984375 0.090625 0.0546875
0 0.16328125 0.86875 0.0859375 0.09375
0 0.87578125 0.709375 0.0640625 0.08125
0 0.6828125 0.47265625 0.0765625 0.071875
0 0.17890625 0.625 0.090625 0.1109375
0 0.11328125 0.778125 0.053125 0.071875
0 0.55625 0.50625 0.04375 0.0453125
0 0.734375 0.9171875 0.059375 0.06875
0 0.85 0.659375 0.0640625 0.0640625
0 0.303125 0.18828125 0.0765625 0.065625
0 0.5421875 0.7765625 0.0515625 0.0484375
0 0.56640625 0.37890625 0.084375 0.071875
0 0.2203125 0.40234375 0.0359375 0.053125
0 0.26875 0.05234375 0.0828125 0.1046875
0 0.80390625 0.9625 0.0609375 0.071875
0 0.365625 0.325 0.0453125 0.0453125
0 0.74765625 0.496875 0.0546875 0.0578125
0 0.05703125 0.296875 0.0765625 0.0609375
0 0.18359375 0.76328125 0.1 0.1078125
0 0.43203125 0.56953125 0.071875 0.08125
0 0.36328125 0.64453125 0.059375 0.0546875
0 0.528125 0.5625 0.090625 0.071875
0 0.26875 0.93359375 0.0984375 0.1
0 0.8125 0.30625 0.0515625 0.0546875
0 0.78828125 0.54921875 0.0453125 0.0515625
0 0.609375 0.53125 0.059375 0.05625
0 0.95390625 0.421875 0.0640625 0.0640625
0 0.53984375 0.90234375 0.040625 0.05
0 0.93828125 0.1640625 0.1015625 0.0953125
0 0.8140625 0.871875 0.08125 0.0609375
0 0.55078125 0.17421875 0.0640625 0.05625
0 0.1765625 0.459375 0.0453125 0.05
0 0.90625 0.6125 0.0828125 0.0671875
0 0.47421875 0.75234375 0.0625 0.053125
0 0.40859375 0.0578125 0.06875 0.0828125
0 0.4453125 0.86640625 0.0609375 0.071875
0 0.9625 0.78125 0.0703125 0.08125
0 0.3140625 0.65 0.0703125 0.08125
0 0.46875 0.46953125 0.0484375 0.0453125
0 0.06015625 0.05546875 0.0421875 0.0484375
0 0.2328125 0.84296875 0.053125 0.06875
0 0.31015625 0.47578125 0.090625 0.0609375
0 0.1 0.12890625 0.06875 0.0640625
0 0.92265625 0.5578125 0.071875 0.0453125
0 0.08671875 0.6109375 0.084375 0.059375
0 0.7515625 0.1546875 0.096875 0.071875
0 0.575 0.6171875 0.0625 0.046875
0 0.0625 0.91171875 0.06875 0.0765625
0 0.5234375 0.646875 0.05 0.0421875
0 0.384375 0.7046875 0.0671875 0.0546875
0 0.60859375 0.259375 0.0765625 0.0859375
0 0.39453125 0.509375 0.0453125 0.0453125
0 0.4703125 0.3296875 0.0828125 0.1140625