0 0.8796875 0.05390625 0.0796875 0.0859375
0 0.38125 0.7890625 0.05 0.0625
0 0.271875 0.7234375 0.046875 0.05
0 0.45234375 0.64609375 0.0640625 0.084375
0 0.9390625 0.84765625 0.0703125 0.0546875
0 0.04921875 0.30234375 0.0375 0.0453125
0 0.37265625 0.87578125 0.0609375 0.0859375
0 0.2953125 0.78125 0.0703125 0.0546875
0 0.60703125 0.5125 0.046875 0.0390625
0 0.2390625 0.57578125 0.05625 0.053125
0 0.75546875 0.48203125 0.0421875 0.04375
0 0.3515625 0.671875 0.0453125 0.0484375
0 0.5078125 0.6421875 0.0546875 0.0578125
0 0.175 0.20234375 0.0375 0.0609375
0 0.25625 0.228125 0.04375 0.03125
0 0.67578125 0.13671875 0.084375 0.103125
0 0.14453125 0.340625 0.06875 0.0734375
0 0.58203125 0.7359375 0.025 0.025
0 0.83203125 0.9203125 0.071875 0.0671875
0 0.20703125 0.3328125 0.0484375 0.059375
0 0.59140625 0.115625 0.0578125 0.06875
0 0.86796875 0.2203125 0.0640625 0.059375
0 0.7796875 0.5546875 0.0875 0.1015625
0 0.39453125 0.48515625 0.0765625 0.0578125
0 0.221875 0.125 0.05 0.0640625
0 0.8921875 0.71640625 0.0453125 0.0421875
0 0.4734375 0.4328125 0.05625 0.046875
0 0.85078125 0.7109375 0.0375 0.040625
0 0.809375 0.71328125 0.021875 0.028125
0 0.57734375 0.46875 0.03125 0.0265625
0 0.765625 0.815625 0.084375 0.0953125
0 0.63125 0.803125 0.071875 0.059375
0 0.61875 0.70703125 0.0359375 0.034375
0 0.1890625 0.8359375 0.0515625 0.0484375
0 0.53359375 0.7828125 0.0359375 0.0421875
0 0.40078125 0.565625 0.06875 0.0703125
0 0.6109375 0.63125 0.090625 0.0828125
0 0.4671875 0.7203125 0.071875 0.0703125
0 0.70078125 0.54140625 0.0671875 0.0609375
0 0.44140625 0.85859375 0.05625 0.05
0 0.66796875 0.95703125 0.04375 0.053125
0 0.3171875 0.93515625 0.0546875 0.0765625
0 0.88984375 0.83828125 0.0296875 0.0328125
0 0.31953125 0.73515625 0.0421875 0.0421875
0 0.1328125 0.24765625 0.0640625 0.0546875
0 0.7890625 0.05625 0.065625 0.059375
0 0.7671875 0.2765625 0.053125 0.0734375
0 0.56796875 0.9640625 0.0671875 0.071875
0 0.52578125 0.17109375 0.06875 0.0921875
0 0.74765625 0.6515625 0.0671875 0.065625
0 0.8453125 0.85546875 0.05 0.0453125
0 0.51875 0.82890625 0.059375 0.053125
0 0.3671875 0.3515625 0.0484375 0.0546875
0 0.834375 0.63828125 0.0578125 0.0578125
0 0.5796875 0.2765625 0.0859375 0.0875
0 0.0484375 0.68046875 0.096875 0.1265625
0 0.76953125 0.90625 0.0484375 0.0515625
0 0.290625 0.26953125 0.05625 0.0625
0 0.146875 0.41796875 0.078125 0.0765625
0 0.1015625 0.725 0.053125 0.0515625
0 0.63125 0.93046875 0.0359375 0.0484375
0 0.3265625 0.0296875 0.0453125 0.04375
0 0.86484375 0.578125 0.08125 0.078125
0 0.17265625 0.71171875 0.0453125 0.0375
0 0.25546875 0.52421875 0.0296875 0.0296875
0 0.19765625 0.784375 0.040625 0.05
0 0.72421875 0.88046875 0.0609375 0.0546875
0 0.946875 0.034375 0.05625 0.0671875
0 0.60234375 0.57734375 0.034375 0.028125
0 0.815625 0.48515625 0.09375 0.0984375
0 0.54296875 0.65546875 0.025 0.0296875
0 0.64375 0.8609375 0.0484375 0.0546875
0 0.2484375 0.8109375 0.04375 0.040625
0 0.546875 0.5796875 0.0234375 0.028125
0 0.88671875 0.7953125 0.028125 0.0296875
0 0.36875 0.615625 0.0328125 0.040625
0 0.28046875 0.8890625 0.0625 0.06875
0 0.7421875 0.034375 0.075 0.06875
0 0.659375 0.65078125 0.0609375 0.0671875
0 0.1125 0.7671875 0.053125 0.0453125
0 0.4140625 0.68359375 0.040625 0.0515625
0 0.59609375 0.85 0.04375 0.0421875
0 0.4375 0.13359375 0.0828125 0.1234375
0 0.38671875 0.4390625 0.0734375 0.0515625
0 0.70546875 0.921875 0.0484375 0.0671875
0 0.88125 0.6546875 0.0484375 0.06875
0 0.1890625 0.653125 0.065625 0.0609375
0 0.63046875 0.57265625 0.028125 0.0296875
0 0.1734375 0.93046875 0.0453125 0.0484375
0 0.0265625 0.9234375 0.0390625 0.0421875
0 0.128125 0.16796875 0.071875 0.078125
0 0.5078125 0.55859375 0.046875 0.0484375
0 0.71484375 0.78828125 0.053125 0.096875
0 0.40546875 0.63515625 0.0328125 0.0359375
0 0.23125 0.95078125 0.0609375 0.0890625
0 0.33046875 0.14609375 0.0734375 0.090625
0 0.90625 0.8921875 0.0625 0.05