0 0.89453125 0.56328125 0.0875 0.0828125
0 0.30546875 0.71015625 0.08125 0.075
0 0.559375 0.66796875 0.0625 0.071875
0 0.87421875 0.63671875 0.1171875 0.10625
0 0.95078125 0.33671875 0.059375 0.08125
0 0.0671875 0.6953125 0.0453125 0.0328125
0 0.39921875 0.1828125 0.0703125 0.0453125
0 0.5359375 0.72421875 0.0453125 0.0625
0 0.390625 0.24765625 0.0734375 0.0859375
0 0.5828125 0.75390625 0.0421875 0.0734375
0 0.39375 0.04296875 0.05625 0.059375
0 0.11875 0.9390625 0.1015625 0.1203125
0 0.73984375 0.52734375 0.09375 0.0953125
0 0.609375 0.5578125 0.04375 0.040625
0 0.36484375 0.2734375 0.0828125 0.090625
0 0.5390625 0.58828125 0.071875 0.0640625
0 0.07421875 0.45546875 0.0875 0.0890625
0 0.6421875 0.19375 0.0734375 0.090625
0 0.8484375 0.80625 0.0765625 0.1046875
0 0.0671875 0.8359375 0.0890625 0.090625
0 0.30078125 0.0390625 0.0796875 0.078125
0 0.44921875 0.2828125 0.071875 0.0921875
0 0.63046875 0.93515625 0.0421875 0.0734375
0 0.7109375 0.39609375 0.0828125 0.090625
0 0.55859375 0.8265625 0.0796875 0.0765625
0 0.16640625 0.68515625 0.0640625 0.0578125
0 0.4453125 0.4734375 0.084375 0.078125
0 0.865625 0.44921875 0.0828125 0.0953125
0 0.178125 0.825 0.075 0.0609375
0 0.9484375 0.5140625 0.090625 0.1
0 0.8875 0.04921875 0.071875 0.0828125
0 0.85625 0.30078125 0.0875 0.084375
0 0.28359375 0.10234375 0.0796875 0.08125
0 0.8453125 0.88671875 0.10625 0.0953125
0 0.925 0.7328125 0.128125 0.1203125
0 0.9484375 0.1859375 0.1 0.0953125
0 0.2046875 0.3046875 0.1046875 0.0953125
0 0.73984375 0.1546875 0.090625 0.08125
0 0.4515625 0.765625 0.034375 0.046875
0 0.70078125 0.31796875 0.06875 0.0765625
0 0.19921875 0.38125 0.1015625 0.0890625
0 0.23984375 0.6546875 0.04375 0.0359375
0 0.3703125 0.840625 0.046875 0.0953125
0 0.43984375 0.09609375 0.0421875 0.053125
0 0.46640625 0.03515625 0.0625 0.0703125
0 0.79375 0.5328125 0.071875 0.0875
0 0.5703125 0.534375 0.0515625 0.06875
0 0.4265625 0.7640625 0.0265625 0.0375
0 0.228125 0.70546875 0.075 0.071875
0 0.646875 0.26953125 0.0484375 0.0703125
0 0.13828125 0.76015625 0.1140625 0.090625
0 0.19140625 0.59140625 0.08125 0.090625
0 0.546875 0.4546875 0.1109375 0.10625
0 0.2203125 0.6328125 0.0359375 0.0234375
0 0.5046875 0.32578125 0.0703125 0.0671875
0 0.028125 0.7125 0.05625 0.0640625
0 0.06015625 0.9015625 0.0859375 0.0921875
0 0.4765625 0.103125 0.053125 0.0703125
0 0.375 0.13984375 0.05625 0.0546875
0 0.046875 0.63671875 0.0640625 0.0625
0 0.31640625 0.19140625 0.071875 0.078125
0 0.7390625 0.8890625 0.0640625 0.071875
0 0.296875 0.4609375 0.1125 0.11875
0 0.078125 0.03359375 0.0921875 0.0671875
0 0.79609375 0.8 0.0984375 0.1171875
0 0.275 0.80234375 0.090625 0.078125
0 0.0609375 0.34296875 0.0984375 0.090625
0 0.78515625 0.61015625 0.0875 0.090625
0 0.41171875 0.83984375 0.0484375 0.10625
0 0.20703125 0.18046875 0.059375 0.0640625
0 0.9 0.34765625 0.084375 0.0921875
0 0.521875 0.2296875 0.0765625 0.1015625
0 0.634375 0.81640625 0.0546875 0.06875
0 0.72890625 0.7328125 0.053125 0.0875
0 0.87578125 0.171875 0.0796875 0.08125
0 0.634375 0.36328125 0.103125 0.115625
0 0.64453125 0.6625 0.078125 0.071875
0 0.46484375 0.3546875 0.06875 0.0546875
0 0.41328125 0.39140625 0.09375 0.09375
0 0.6765625 0.8546875 0.059375 0.053125
0 0.65 0.92890625 0.0421875 0.0625
0 0.46328125 0.17890625 0.06875 0.06875
0 0.10390625 0.1109375 0.0921875 0.0671875
0 0.69296875 0.11953125 0.0625 0.08125
0 0.353125 0.50390625 0.0984375 0.103125
0 0.115625 0.2015625 0.10625 0.1140625
0 0.61484375 0.7421875 0.0453125 0.075
0 0.6140625 0.51171875 0.0671875 0.071875
0 0.740625 0.5984375 0.059375 0.0640625
0 0.69609375 0.80546875 0.0734375 0.08125
0 0.81015625 0.0765625 0.0953125 0.115625
0 0.23125 0.20859375 0.084375 0.1046875
0 0.92578125 0.87109375 0.0703125 0.0734375
0 0.571875 0.934375 0.1078125 0.1203125
0 0.1140625 0.46953125 0.046875 0.059375
0 0.4859375 0.69921875 0.084375 0.125
0 0.05859375 0.54140625 0.0796875 0.0734375
0 0.671875 0.5875 0.09375 0.109375
0 0.72734375 0.2171875 0.08125 0.0796875
0 0.2796875 0.73203125 0.05625 0.05
0 0.41171875 0.59609375 0.1109375 0.1046875
0 0.22734375 0.06953125 0.0765625 0.0984375
0 0.5609375 0.134375 0.0796875 0.084375
0 0.471875 0.9453125 0.1203125 0.109375
0 0.75859375 0.9484375 0.071875 0.0953125
0 0.5984375 0.2625 0.059375 0.0875
0 0.41796875 0.14453125 0.034375 0.04375
0 0.23359375 0.89921875 0.1140625 0.1421875
0 0.08125 0.7328125 0.0609375 0.0484375
0 0.32734375 0.36328125 0.0921875 0.1078125
0 0.21640625 0.75703125 0.0703125 0.0640625
0 0.1625 0.51640625 0.11875 0.0859375
0 0.7984375 0.35546875 0.090625 0.06875
0 0.496875 0.81484375 0.065625 0.0984375
0 0.31875 0.9359375 0.1015625 0.121875