0 0.59609375 0.38984375 0.165625 0.109375
0 0.16015625 0.09140625 0.18125 0.1828125
0 0.30078125 0.47421875 0.1703125 0.1765625
0 0.20078125 0.6890625 0.11875 0.115625
0 0.60078125 0.0734375 0.1359375 0.146875
0 0.065625 0.8140625 0.1171875 0.08125
0 0.125 0.9296875 0.1109375 0.103125
0 0.6078125 0.4625 0.15 0.0890625
0 0.9140625 0.37265625 0.1453125 0.10625
0 0.59765625 0.88515625 0.1015625 0.128125
0 0.42265625 0.89375 0.09375 0.109375
0 0.9484375 0.4546875 0.1 0.1265625
0 0.3984375 0.665625 0.1390625 0.1375
0 0.9390625 0.628125 0.1203125 0.11875
0 0.19609375 0.93359375 0.1109375 0.13125
0 0.796875 0.69765625 0.2234375 0.2171875
0 0.3921875 0.55625 0.246875 0.2078125
0 0.7265625 0.4171875 0.0859375 0.090625
0 0.4734375 0.7234375 0.071875 0.0953125
0 0.44375 0.28828125 0.1734375 0.14375
0 0.84609375 0.890625 0.0828125 0.0859375
0 0.065625 0.11328125 0.13125 0.140625
0 0.3140625 0.1546875 0.1796875 0.2125
0 0.86953125 0.26953125 0.1234375 0.1109375
0 0.81640625 0.53125 0.146875 0.134375
0 0.10859375 0.7125 0.11875 0.1296875
0 0.1390625 0.58125 0.1375 0.1203125
0 0.9453125 0.81953125 0.10625 0.0953125
0 0.7453125 0.928125 0.1953125 0.1421875
0 0.28203125 0.8265625 0.1109375 0.121875
0 0.60859375 0.5484375 0.134375 0.1140625
0 0.665625 0.74609375 0.05 0.0515625
0 0.3390625 0.88515625 0.1015625 0.13125
0 0.5875 0.3 0.1328125 0.090625
0 0.571875 0.7171875 0.103125 0.0859375
0 0.4 0.775 0.1296875 0.121875
0 0.07578125 0.440625 0.1515625 0.175
0 0.5265625 0.7828125 0.0953125 0.103125
0 0.51953125 0.91484375 0.1046875 0.1546875
0 0.1296875 0.26640625 0.20625 0.165625
0 0.19296875 0.8 0.1375 0.1203125
0 0.484375 0.83359375 0.059375 0.059375
0 0.62109375 0.77890625 0.065625 0.071875