0 0.92734375 0.94140625 0.04375 0.053125
0 0.31796875 0.3453125 0.059375 0.0625
0 0.4265625 0.85859375 0.0578125 0.053125
0 0.103125 0.3484375 0.065625 0.0671875
0 0.69296875 0.91953125 0.0421875 0.04375
0 0.465625 0.928125 0.04375 0.0671875
0 0.05234375 0.55859375 0.1046875 0.0953125
0 0.415625 0.39921875 0.028125 0.03125
0 0.5140625 0.95703125 0.0421875 0.0484375
0 0.50234375 0.4625 0.0453125 0.0515625
0 0.41640625 0.78125 0.05 0.0484375
0 0.68203125 0.721875 0.0296875 0.034375
0 0.53359375 0.5703125 0.040625 0.04375
0 0.18984375 0.72578125 0.053125 0.0625
0 0.784375 0.275 0.0609375 0.0546875
0 0.45859375 0.3765625 0.05625 0.06875
0 0.87890625 0.665625 0.0625 0.053125
0 0.60546875 0.18984375 0.0515625 0.065625
0 0.30078125 0.87890625 0.0609375 0.05625
0 0.63203125 0.36171875 0.0921875 0.084375
0 0.6578125 0.6734375 0.0984375 0.084375
0 0.4859375 0.8671875 0.0328125 0.040625
0 0.06875 0.0328125 0.0515625 0.046875
0 0.67421875 0.40078125 0.06875 0.071875
0 0.55078125 0.75234375 0.0296875 0.0359375
0 0.384375 0.73515625 0.0484375 0.0421875
0 0.8421875 0.3125 0.05625 0.0609375
0 0.93984375 0.321875 0.090625 0.084375
0 0.77265625 0.0625 0.05625 0.059375
0 0.65234375 0.08359375 0.04375 0.05
0 0.77734375 0.9203125 0.05625 0.0578125
0 0.60546875 0.70234375 0.078125 0.1015625
0 0.38984375 0.925 0.0765625 0.053125
0 0.046875 0.31171875 0.053125 0.046875
0 0.51953125 0.765625 0.0421875 0.0546875
0 0.58828125 0.93359375 0.05625 0.0671875
0 0.59765625 0.2453125 0.053125 0.0546875
0 0.6640625 0.209375 0.046875 0.0328125
0 0.25859375 0.69453125 0.1015625 0.0859375
0 0.48515625 0.76875 0.0421875 0.046875
0 0.5 0.08828125 0.0609375 0.0703125
0 0.32734375 0.69453125 0.0515625 0.090625
0 0.4234375 0.978125 0.04375 0.040625
0 0.396875 0.8828125 0.0390625 0.0421875
0 0.39296875 0.82421875 0.0734375 0.0703125
0 0.03984375 0.21171875 0.053125 0.05625
0 0.57734375 0.04453125 0.0734375 0.0890625
0 0.8734375 0.86171875 0.05625 0.05
0 0.4 0.6046875 0.1109375 0.09375
0 0.8265625 0.2421875 0.0609375 0.0625
0 0.9546875 0.94140625 0.0296875 0.0390625
0 0.83828125 0.146875 0.053125 0.065625
0 0.234375 0.815625 0.0640625 0.06875
0 0.3109375 0.29921875 0.0375 0.0453125
0 0.25625 0.046875 0.0671875 0.053125
0 0.61953125 0.0515625 0.0515625 0.0703125
0 0.0375 0.4375 0.0421875 0.0453125
0 0.76796875 0.32109375 0.065625 0.0578125
0 0.90234375 0.6015625 0.0875 0.0640625
0 0.52578125 0.33984375 0.04375 0.0515625
0 0.38828125 0.28125 0.071875 0.078125
0 0.1984375 0.16328125 0.0375 0.0390625
0 0.55625 0.22421875 0.0625 0.0546875
0 0.4875 0.9125 0.0421875 0.04375
0 0.36875 0.11953125 0.0359375 0.0265625
0 0.91171875 0.42734375 0.059375 0.040625
0 0.20390625 0.0640625 0.0609375 0.0421875
0 0.86328125 0.20546875 0.0546875 0.05
0 0.2671875 0.25 0.05 0.0671875
0 0.7453125 0.6109375 0.053125 0.0515625
0 0.30703125 0.140625 0.0375 0.0328125
0 0.74921875 0.51171875 0.0578125 0.0734375
0 0.8796875 0.25546875 0.0609375 0.0671875
0 0.15546875 0.4625 0.04375 0.0578125
0 0.7984375 0.38125 0.0421875 0.0578125
0 0.84375 0.83046875 0.0546875 0.0515625
0 0.86484375 0.0453125 0.0875 0.0828125
0 0.54609375 0.29609375 0.0484375 0.046875
0 0.5640625 0.70625 0.05 0.05625
0 0.328125 0.50546875 0.071875 0.0859375
0 0.28515625 0.41328125 0.0609375 0.0703125
0 0.621875 0.63125 0.0453125 0.040625
0 0.103125 0.4453125 0.075 0.0703125
0 0.1296875 0.68359375 0.0359375 0.0484375
0 0.55234375 0.859375 0.0421875 0.04375
0 0.40859375 0.1296875 0.0421875 0.065625
0 0.46484375 0.14921875 0.06875 0.0765625
0 0.15625 0.6828125 0.0234375 0.0234375
0 0.88515625 0.959375 0.05625 0.0796875
0 0.41640625 0.3609375 0.0375 0.0609375
0 0.16015625 0.6484375 0.0390625 0.034375
0 0.790625 0.14765625 0.0484375 0.075
0 0.4578125 0.7625 0.0375 0.0390625
0 0.478125 0.71796875 0.0484375 0.040625
0 0.33984375 0.25 0.0765625 0.0625
0 0.5203125 0.1859375 0.0625 0.0484375
0 0.840625 0.44296875 0.1 0.0796875
0 0.678125 0.171875 0.071875 0.05625
0 0.93828125 0.075 0.0765625 0.065625
0 0.58046875 0.81640625 0.034375 0.034375
0 0.50859375 0.7046875 0.0296875 0.0359375
0 0.06015625 0.659375 0.0390625 0.05
0 0.38671875 0.53046875 0.040625 0.0359375
0 0.08984375 0.4 0.06875 0.059375
0 0.44921875 0.54609375 0.0328125 0.046875
0 0.41796875 0.421875 0.0296875 0.025
0 0.93515625 0.86875 0.0859375 0.090625
0 0.17734375 0.5640625 0.065625 0.059375
0 0.31796875 0.75 0.046875 0.0546875
0 0.7046875 0.25390625 0.0515625 0.0640625
0 0.765625 0.2109375 0.0515625 0.0546875
0 0.06875 0.89140625 0.0515625 0.0609375
0 0.215625 0.27109375 0.0765625 0.0640625
0 0.55546875 0.80078125 0.0375 0.04375
0 0.5296875 0.87421875 0.04375 0.053125
0 0.72734375 0.40703125 0.03125 0.04375
0 0.32265625 0.02890625 0.053125 0.0421875
0 0.3421875 0.79921875 0.0328125 0.0328125
0 0.8921875 0.3765625 0.0859375 0.0796875
0 0.3484375 0.42265625 0.078125 0.09375
0 0.5953125 0.84921875 0.046875 0.0578125
0 0.5078125 0.8734375 0.03125 0.0484375
0 0.19375 0.37578125 0.0671875 0.096875
0 0.3671875 0.18125 0.0609375 0.046875
0 0.28359375 0.58359375 0.0625 0.05625
0 0.38359375 0.21875 0.034375 0.0359375
0 0.6875 0.32890625 0.0609375 0.06875
0 0.32421875 0.78125 0.0515625 0.0515625
0 0.57109375 0.59375 0.08125 0.1015625
0 0.0515625 0.47890625 0.0546875 0.0578125
0 0.271875 0.79453125 0.034375 0.046875
0 0.03046875 0.08359375 0.0609375 0.059375
0 0.9234375 0.215625 0.0625 0.065625
0 0.1578125 0.59765625 0.05 0.040625
0 0.5265625 0.83203125 0.0375 0.040625
0 0.30625 0.20234375 0.04375 0.05
0 0.4140625 0.0640625 0.05625 0.059375
0 0.4203125 0.6640625 0.0390625 0.05625
0 0.25 0.1078125 0.0625 0.0578125
0 0.55703125 0.6546875 0.053125 0.05
0 0.4609375 0.60234375 0.0484375 0.05625
0 0.85078125 0.9640625 0.0453125 0.06875
0 0.18203125 0.675 0.040625 0.0375
0 0.209375 0.23203125 0.04375 0.0328125
0 0.46875 0.80625 0.040625 0.046875
0 0.1046875 0.60234375 0.0546875 0.0640625
0 0.703125 0.06484375 0.0453125 0.059375
0 0.20390625 0.525 0.0453125 0.05
0 0.74140625 0.68671875 0.0796875 0.0859375
0 0.38125 0.35625 0.0328125 0.0515625
0 0.61796875 0.81796875 0.05 0.05625
0 0.27421875 0.178125 0.0375 0.0484375
0 0.48984375 0.2359375 0.0625 0.065625
0 0.5296875 0.66953125 0.046875 0.0546875
0 0.7609375 0.3828125 0.0421875 0.0546875
0 0.81640625 0.5328125 0.0875 0.0765625
0 0.925 0.4953125 0.0953125 0.06875
0 0.27421875 0.3484375 0.03125 0.0375
0 0.07421875 0.16171875 0.075 0.0609375
0 0.2671875 0.515625 0.05625 0.0609375
0 0.50703125 0.80546875 0.0484375 0.05625
0 0.1421875 0.2921875 0.046875 0.05625
0 0.11328125 0.21484375 0.0453125 0.05625
0 0.16015625 0.34296875 0.053125 0.053125
0 0.81953125 0.62265625 0.0765625 0.078125
0 0.70390625 0.8828125 0.040625 0.040625
0 0.30078125 0.165625 0.0375 0.0359375
0 0.140625 0.62109375 0.0171875 0.0203125
0 0.7328125 0.12578125 0.0671875 0.0640625
0 0.77734375 0.8703125 0.0484375 0.0515625
0 0.56328125 0.78359375 0.040625 0.0390625