0 0.45546875 0.11875 0.046875 0.0484375
0 0.078125 0.503125 0.146875 0.1015625
0 0.28203125 0.27109375 0.134375 0.0953125
0 0.18515625 0.03671875 0.1140625 0.0734375
0 0.596875 0.571875 0.0671875 0.0515625
0 0.43515625 0.37421875 0.0671875 0.0640625
0 0.5171875 0.46875 0.0796875 0.084375
0 0.534375 0.56796875 0.0578125 0.059375
0 0.44453125 0.47890625 0.1015625 0.0921875
0 0.8515625 0.06875 0.0484375 0.059375
0 0.83671875 0.7203125 0.0375 0.0234375
0 0.30625 0.3625 0.0609375 0.078125
0 0.69921875 0.21328125 0.04375 0.0640625
0 0.3765625 0.44375 0.1140625 0.0890625
0 0.33125 0.08359375 0.0671875 0.059375
0 0.2421875 0.41875 0.0828125 0.09375
0 0.53359375 0.38515625 0.1328125 0.1171875
0 0.41015625 0.12265625 0.0515625 0.0515625
0 0.25 0.9125 0.0640625 0.059375
0 0.7109375 0.4328125 0.1296875 0.115625
0 0.32734375 0.39921875 0.0546875 0.0578125
0 0.28828125 0.11640625 0.078125 0.090625
0 0.33125 0.70546875 0.0796875 0.0640625
0 0.94921875 0.78671875 0.0953125 0.16875
0 0.778125 0.15625 0.06875 0.0640625
0 0.6546875 0.59765625 0.10625 0.1
0 0.37421875 0.54609375 0.06875 0.06875
0 0.67734375 0.15859375 0.0640625 0.053125
0 0.371875 0.33671875 0.0453125 0.0484375
0 0.28515625 0.8703125 0.0875 0.0734375
0 0.9609375 0.2140625 0.078125 0.059375
0 0.165625 0.65 0.0875 0.08125
0 0.62109375 0.4796875 0.1484375 0.115625
0 0.53046875 0.196875 0.084375 0.0421875
0 0.10078125 0.36796875 0.1015625 0.1015625
0 0.41796875 0.70546875 0.1390625 0.15
0 0.72890625 0.14296875 0.05 0.06875
0 0.71484375 0.69375 0.10625 0.0859375
0 0.80703125 0.6 0.0484375 0.0515625
0 0.5859375 0.74921875 0.128125 0.1546875
0 0.62734375 0.17734375 0.0484375 0.053125
0 0.85078125 0.2328125 0.1625 0.1265625
0 0.80859375 0.45859375 0.0640625 0.0484375
0 0.17265625 0.41796875 0.0796875 0.0765625
0 0.490625 0.7546875 0.0609375 0.0734375
0 0.80625 0.76875 0.0828125 0.0890625
0 0.434375 0.0765625 0.0421875 0.0515625
0 0.878125 0.71171875 0.05 0.05
0 0.18125 0.565625 0.0984375 0.1
0 0.928125 0.4015625 0.0640625 0.05625
0 0.6390625 0.04375 0.046875 0.0390625
0 0.8890625 0.09453125 0.075 0.0796875
0 0.43046875 0.2421875 0.0484375 0.0484375
0 0.53984375 0.7265625 0.1171875 0.1140625
0 0.803125 0.8578125 0.08125 0.071875
0 0.4546875 0.284375 0.0578125 0.0390625
0 0.5328125 0.64453125 0.065625 0.06875
0 0.2578125 0.34609375 0.0671875 0.0515625
0 0.2046875 0.09296875 0.05 0.0515625
0 0.0453125 0.8546875 0.090625 0.084375
0 0.89375 0.3640625 0.1078125 0.0765625
0 0.74765625 0.209375 0.0578125 0.059375
0 0.775 0.3046875 0.1390625 0.1
0 0.7421875 0.59375 0.0609375 0.059375
0 0.8171875 0.11796875 0.0578125 0.0546875
0 0.76953125 0.0984375 0.0640625 0.059375
0 0.4796875 0.15234375 0.05625 0.06875
0 0.071875 0.5875 0.121875 0.078125
0 0.7984375 0.06796875 0.0578125 0.0515625
0 0.25546875 0.73515625 0.134375 0.14375
0 0.6859375 0.075 0.071875 0.0796875
0 0.84921875 0.43984375 0.053125 0.046875
0 0.62109375 0.32265625 0.115625 0.13125
0 0.5359375 0.15625 0.0515625 0.040625
0 0.4046875 0.34765625 0.0359375 0.0625
0 0.1828125 0.33515625 0.0984375 0.0671875
0 0.078125 0.7015625 0.1 0.0765625
0 0.50078125 0.1140625 0.0515625 0.0421875
0 0.44296875 0.559375 0.0796875 0.0734375
0 0.584375 0.0875 0.0484375 0.0515625
0 0.78359375 0.37734375 0.0953125 0.0609375
0 0.86015625 0.8109375 0.1 0.128125
0 0.34296875 0.225 0.084375 0.0796875
0 0.1265625 0.7421875 0.1015625 0.0953125
0 0.4875 0.075 0.0484375 0.053125
0 0.9453125 0.296875 0.10625 0.0875
0 0.89453125 0.6640625 0.059375 0.0640625
0 0.19140625 0.95625 0.0671875 0.06875
0 0.25 0.2109375 0.0546875 0.046875
0 0.9 0.88515625 0.053125 0.05625
0 0.06328125 0.0265625 0.0640625 0.0515625
0 0.346875 0.88203125 0.06875 0.0609375
0 0.453125 0.21015625 0.078125 0.0828125
0 0.15234375 0.090625 0.071875 0.0609375
0 0.12109375 0.2171875 0.2046875 0.1859375
0 0.490625 0.5640625 0.065625 0.0671875
0 0.36484375 0.1328125 0.0625 0.06875
0 0.7171875 0.778125 0.13125 0.1265625
0 0.77265625 0.5171875 0.075 0.0671875
0 0.41328125 0.30625 0.0390625 0.0328125
0 0.89296875 0.9453125 0.0453125 0.0546875
0 0.83984375 0.57265625 0.04375 0.040625
0 0.39453125 0.91875 0.071875 0.0578125
0 0.93125 0.503125 0.065625 0.0625
0 0.9015625 0.57578125 0.0859375 0.0828125
0 0.7265625 0.4984375 0.0703125 0.0546875
0 0.178125 0.49140625 0.0765625 0.0609375
0 0.6578125 0.21875 0.0703125 0.0640625
0 0.80859375 0.66640625 0.046875 0.0640625
0 0.52734375 0.25859375 0.065625 0.0546875
0 0.95625 0.92734375 0.084375 0.14375