0 0.821875 0.21875 0.11875 0.0984375
0 0.31171875 0.33203125 0.0828125 0.08125
0 0.89921875 0.17109375 0.1203125 0.1046875
0 0.72421875 0.921875 0.128125 0.121875
0 0.76328125 0.80703125 0.05 0.11875
0 0.33984375 0.79609375 0.090625 0.1109375
0 0.27265625 0.55859375 0.0734375 0.0703125
0 0.49609375 0.90546875 0.071875 0.059375
0 0.428125 0.16328125 0.1046875 0.1296875
0 0.946875 0.8390625 0.0890625 0.084375
0 0.38359375 0.9109375 0.1140625 0.1
0 0.16328125 0.8265625 0.0375 0.05625
0 0.09296875 0.90859375 0.0828125 0.075
0 0.50703125 0.25390625 0.0640625 0.06875
0 0.15234375 0.72578125 0.0875 0.1421875
0 0.83046875 0.884375 0.103125 0.071875
0 0.5421875 0.7984375 0.0703125 0.0828125
0 0.91484375 0.096875 0.0796875 0.075
0 0.05 0.31484375 0.1 0.0890625
0 0.18828125 0.16796875 0.05625 0.05625
0 0.5375 0.29375 0.09375 0.096875
0 0.084375 0.0890625 0.0953125 0.0625
0 0.5609375 0.1609375 0.06875 0.0921875
0 0.0421875 0.40234375 0.084375 0.1046875
0 0.2796875 0.60390625 0.0796875 0.071875
0 0.12734375 0.859375 0.08125 0.0875
0 0.06640625 0.22578125 0.0578125 0.08125
0 0.2375 0.77734375 0.1 0.0953125
0 0.86875 0.54296875 0.0875 0.1015625
0 0.93359375 0.67734375 0.1296875 0.0890625
0 0.4890625 0.37421875 0.0671875 0.078125
0 0.26796875 0.115625 0.059375 0.06875
0 0.6765625 0.48828125 0.109375 0.109375
0 0.13671875 0.1578125 0.05625 0.0796875
0 0.1234375 0.60078125 0.0609375 0.0765625
0 0.94609375 0.221875 0.103125 0.096875
0 0.43203125 0.07578125 0.0859375 0.09375
0 0.92109375 0.61484375 0.0765625 0.0578125
0 0.68515625 0.28671875 0.065625 0.075
0 0.790625 0.56875 0.1234375 0.1265625
0 0.61953125 0.275 0.0875 0.090625
0 0.5015625 0.6671875 0.0515625 0.0640625
0 0.37734375 0.29453125 0.084375 0.0953125
0 0.4703125 0.83046875 0.0984375 0.0921875
0 0.24453125 0.44765625 0.053125 0.06875
0 0.60546875 0.56171875 0.08125 0.0625
0 0.09765625 0.509375 0.0765625 0.084375
0 0.34140625 0.671875 0.0625 0.0578125
0 0.4046875 0.38515625 0.103125 0.0875
0 0.0453125 0.578125 0.090625 0.0890625
0 0.74765625 0.2546875 0.08125 0.0875
0 0.4375 0.27265625 0.0453125 0.0640625
0 0.4203125 0.7015625 0.06875 0.084375
0 0.92578125 0.50625 0.0640625 0.0734375
0 0.1890625 0.4953125 0.1046875 0.090625
0 0.6734375 0.64921875 0.103125 0.0953125
0 0.7890625 0.8578125 0.0578125 0.0765625
0 0.29921875 0.19140625 0.1140625 0.10625
0 0.68515625 0.56875 0.08125 0.0796875
0 0.83125 0.6875 0.1046875 0.0953125
0 0.4609375 0.4640625 0.1109375 0.1046875
0 0.54375 0.48125 0.0796875 0.096875
0 0.4046875 0.78515625 0.0890625 0.0984375
0 0.24140625 0.2703125 0.109375 0.1046875
0 0.6140625 0.66171875 0.0546875 0.0484375
0 0.72890625 0.43515625 0.0828125 0.109375
0 0.55390625 0.6625 0.078125 0.071875
0 0.13203125 0.4109375 0.109375 0.084375
0 0.9140625 0.56953125 0.046875 0.0515625
0 0.078125 0.14375 0.0796875 0.0625
0 0.89765625 0.33203125 0.1546875 0.1109375
0 0.7921875 0.46796875 0.0890625 0.0703125
0 0.8625 0.39921875 0.1015625 0.0890625
0 0.34453125 0.53203125 0.0828125 0.075
0 0.19609375 0.115625 0.109375 0.096875
0 0.284375 0.46953125 0.0640625 0.0640625
0 0.365625 0.7140625 0.059375 0.05625
0 0.85703125 0.9359375 0.0734375 0.0640625
0 0.6125 0.5140625 0.0890625 0.0578125
0 0.5359375 0.73125 0.0859375 0.0734375
0 0.65546875 0.203125 0.06875 0.103125
0 0.23203125 0.68515625 0.1109375 0.1328125
0 0.88515625 0.29375 0.0609375 0.0390625
0 0.06796875 0.68125 0.1078125 0.0984375
0 0.6203125 0.34609375 0.1078125 0.096875
0 0.86328125 0.7890625 0.1453125 0.11875
0 0.5640625 0.24765625 0.0546875 0.0640625
0 0.54296875 0.5375 0.078125 0.059375
0 0.72890625 0.7046875 0.0890625 0.096875
0 0.29296875 0.67578125 0.0875 0.103125
0 0.5109375 0.18984375 0.0578125 0.0640625
0 0.68984375 0.828125 0.0984375 0.0890625
0 0.78046875 0.33515625 0.1 0.09375
0 0.63203125 0.72734375 0.084375 0.0953125
0 0.49609375 0.1140625 0.075 0.0921875
0 0.165625 0.6 0.059375 0.08125