0 0.76875 0.0484375 0.096875 0.096875
0 0.7484375 0.22890625 0.0765625 0.096875
0 0.1375 0.715625 0.0515625 0.0421875
0 0.58203125 0.1859375 0.046875 0.053125
0 0.4 0.45703125 0.1171875 0.115625
0 0.49375 0.46171875 0.1390625 0.1171875
0 0.33046875 0.19921875 0.0875 0.0875
0 0.7125 0.76953125 0.084375 0.0703125
0 0.28671875 0.82421875 0.05625 0.053125
0 0.9578125 0.35703125 0.08125 0.0703125
0 0.3296875 0.62734375 0.0765625 0.0796875
0 0.08125 0.73984375 0.059375 0.0484375
0 0.12265625 0.78359375 0.0953125 0.1140625
0 0.1203125 0.39453125 0.09375 0.0921875
0 0.56796875 0.82578125 0.0625 0.059375
0 0.03671875 0.47734375 0.0734375 0.1125
0 0.74140625 0.4234375 0.08125 0.0796875
0 0.765625 0.6734375 0.0765625 0.059375
0 0.41796875 0.26015625 0.0625 0.053125
0 0.6796875 0.13515625 0.0703125 0.0578125
0 0.37890625 0.9203125 0.1015625 0.0796875
0 0.12421875 0.3375 0.0484375 0.0484375
0 0.171875 0.5234375 0.078125 0.1078125
0 0.4375 0.95 0.0453125 0.05
0 0.08671875 0.93046875 0.0796875 0.1046875
0 0.521875 0.1171875 0.075 0.0984375
0 0.38359375 0.67265625 0.0578125 0.05625
0 0.634375 0.26484375 0.075 0.065625
0 0.27578125 0.6859375 0.05625 0.0671875
0 0.95546875 0.125 0.0875 0.0875
0 0.4125 0.14375 0.065625 0.059375
0 0.61328125 0.5765625 0.0703125 0.059375
0 0.77109375 0.63046875 0.065625 0.046875
0 0.478125 0.35078125 0.075 0.071875
0 0.225 0.2703125 0.053125 0.0484375
0 0.68359375 0.6578125 0.078125 0.0625
0 0.69296875 0.71328125 0.115625 0.0796875
0 0.56171875 0.92578125 0.065625 0.078125
0 0.6875 0.90546875 0.0671875 0.0921875
0 0.1609375 0.225 0.0609375 0.053125
0 0.18984375 0.665625 0.0484375 0.046875
0 0.13984375 0.6171875 0.075 0.071875
0 0.20703125 0.7953125 0.059375 0.0515625
0 0.953125 0.528125 0.0875 0.09375
0 0.46796875 0.10546875 0.065625 0.071875
0 0.55625 0.5078125 0.06875 0.0796875
0 0.6140625 0.4859375 0.0484375 0.0484375
0 0.4390625 0.2 0.103125 0.0875
0 0.16015625 0.43984375 0.059375 0.0546875
0 0.453125 0.02734375 0.0484375 0.0546875
0 0.0625 0.85 0.084375 0.103125
0 0.48984375 0.64296875 0.10625 0.075
0 0.94375 0.19609375 0.0984375 0.096875
0 0.59375 0.0890625 0.078125 0.0921875
0 0.03828125 0.70234375 0.0765625 0.0765625
0 0.14296875 0.84921875 0.0890625 0.0703125
0 0.41796875 0.7671875 0.0609375 0.0546875
0 0.25625 0.0515625 0.0609375 0.084375
0 0.85078125 0.77578125 0.0921875 0.0984375
0 0.33203125 0.84921875 0.0546875 0.065625
0 0.23203125 0.6859375 0.0515625 0.0640625
0 0.3546875 0.13359375 0.0671875 0.0828125
0 0.70625 0.05625 0.059375 0.05625
0 0.23671875 0.5421875 0.0796875 0.06875
0 0.3984375 0.58203125 0.0578125 0.05625
0 0.72734375 0.36015625 0.0640625 0.0671875
0 0.5171875 0.30546875 0.0484375 0.0578125
0 0.87734375 0.840625 0.0484375 0.05625
0 0.8828125 0.10546875 0.0609375 0.0875
0 0.74375 0.928125 0.05 0.06875
0 0.7734375 0.73828125 0.0625 0.0734375
0 0.24375 0.45546875 0.0390625 0.040625
0 0.7734375 0.35859375 0.0484375 0.0703125
0 0.9203125 0.70078125 0.0609375 0.0578125
0 0.29453125 0.2859375 0.075 0.0703125
0 0.85 0.16640625 0.053125 0.053125
0 0.38359375 0.096875 0.05 0.0546875
0 0.2453125 0.49609375 0.0703125 0.0578125
0 0.45 0.69765625 0.1125 0.096875
0 0.32890625 0.7609375 0.0625 0.0765625
0 0.184375 0.715625 0.05625 0.0515625
0 0.125 0.6734375 0.0765625 0.0578125
0 0.07421875 0.45 0.0640625 0.0734375
0 0.8109375 0.84375 0.059375 0.06875
0 0.50625 0.58125 0.0703125 0.065625
0 0.26484375 0.74375 0.0703125 0.059375
0 0.29765625 0.1 0.053125 0.040625
0 0.31328125 0.80234375 0.0421875 0.046875
0 0.81171875 0.4125 0.071875 0.1015625
0 0.46953125 0.29140625 0.071875 0.0765625
0 0.06953125 0.58671875 0.1015625 0.0953125
0 0.03828125 0.765625 0.0765625 0.08125
0 0.86953125 0.61484375 0.1265625 0.1015625
0 0.7890625 0.5234375 0.078125 0.078125
0 0.3734375 0.76640625 0.0375 0.0640625
0 0.20625 0.35078125 0.1125 0.09375
0 0.72109375 0.3046875 0.0671875 0.0953125
0 0.39296875 0.625 0.065625 0.0546875
0 0.4453125 0.5484375 0.078125 0.0734375
0 0.2734375 0.92890625 0.1 0.1109375
0 0.9046875 0.4703125 0.121875 0.128125
0 0.5765625 0.76015625 0.0640625 0.0796875
0 0.2796875 0.8625 0.053125 0.046875
0 0.29296875 0.46171875 0.075 0.0921875
0 0.64609375 0.8171875 0.1125 0.1015625
0 0.5453125 0.3515625 0.0671875 0.05625
0 0.32578125 0.37734375 0.11875 0.1140625
0 0.69609375 0.425 0.071875 0.0984375
0 0.66640625 0.31953125 0.0671875 0.0703125
0 0.76015625 0.84296875 0.0515625 0.0765625
0 0.80625 0.10546875 0.0859375 0.0765625
0 0.6171875 0.5296875 0.0640625 0.0515625
0 0.2984375 0.23671875 0.053125 0.0484375
0 0.675 0.5046875 0.065625 0.065625
0 0.56015625 0.690625 0.078125 0.0734375
0 0.15625 0.275 0.1 0.0703125
0 0.54453125 0.86328125 0.0578125 0.0546875
0 0.675 0.2140625 0.1125 0.0953125
0 0.5171875 0.3953125 0.1109375 0.08125
0 0.153125 0.034375 0.0625 0.06875
0 0.2328125 0.8453125 0.0515625 0.053125
0 0.7875 0.2734375 0.06875 0.1
0 0.2 0.7515625 0.0609375 0.0640625
0 0.621875 0.16015625 0.0515625 0.0515625
0 0.8984375 0.175 0.059375 0.0515625
0 0.09765625 0.70625 0.05625 0.0453125
0 0.3421875 0.54453125 0.1078125 0.115625
0 0.7390625 0.5546875 0.06875 0.09375
0 0.17890625 0.90859375 0.109375 0.11875
0 0.453125 0.60625 0.0609375 0.05
0 0.2625 0.796875 0.071875 0.0609375
0 0.1 0.53203125 0.1109375 0.1125
0 0.52265625 0.7671875 0.0671875 0.0609375
0 0.6875 0.6015625 0.0796875 0.075
0 0.578125 0.2375 0.059375 0.053125
0 0.103125 0.1390625 0.0703125 0.071875
0 0.59453125 0.371875 0.053125 0.05
0 0.46171875 0.82578125 0.15 0.1515625
0 0.6171875 0.690625 0.059375 0.0453125
0 0.37109375 0.275 0.059375 0.0546875
0 0.53046875 0.2046875 0.065625 0.065625
0 0.85703125 0.28515625 0.090625 0.0796875
0 0.7859375 0.1578125 0.0734375 0.075
0 0.41328125 0.31171875 0.0703125 0.0640625
0 0.6296875 0.940625 0.053125 0.04375
0 0.38046875 0.8453125 0.059375 0.075
0 0.53203125 0.7296875 0.0625 0.0609375
0 0.22578125 0.41796875 0.090625 0.0875
0 0.6703125 0.0875 0.059375 0.05
0 0.62421875 0.88828125 0.08125 0.0734375
0 0.8578125 0.2203125 0.0796875 0.065625
0 0.3265625 0.6921875 0.0796875 0.0765625
0 0.57578125 0.55703125 0.0421875 0.0375
0 0.203125 0.61640625 0.06875 0.0625
0 0.86171875 0.34140625 0.1234375 0.1
0 0.59609375 0.63828125 0.090625 0.0828125
0 0.4875 0.91484375 0.09375 0.08125
0 0.26015625 0.5859375 0.053125 0.053125
0 0.19765625 0.21328125 0.0515625 0.040625
0 0.646875 0.04609375 0.059375 0.071875
0 0.2578125 0.2046875 0.0734375 0.084375
0 0.57890625 0.2984375 0.0953125 0.084375
0 0.63359375 0.421875 0.071875 0.0640625
0 0.05859375 0.659375 0.06875 0.0703125
0 0.74453125 0.61328125 0.0484375 0.0375