0 0.565625 0.64375 0.1375 0.1640625
0 0.55859375 0.15390625 0.2453125 0.240625
0 0.4625 0.8671875 0.209375 0.221875
0 0.675 0.77109375 0.1984375 0.215625
0 0.2484375 0.9375 0.134375 0.1140625
0 0.8203125 0.33984375 0.2171875 0.2
0 0.4703125 0.42265625 0.2625 0.24375
0 0.5671875 0.828125 0.1875 0.2296875
0 0.575 0.36328125 0.265625 0.2671875
0 0.23671875 0.09140625 0.228125 0.178125
0 0.46875 0.6296875 0.1859375 0.271875
0 0.30078125 0.63125 0.203125 0.2171875
0 0.9078125 0.1078125 0.1828125 0.215625
0 0.121875 0.56171875 0.24375 0.265625
0 0.1546875 0.203125 0.1859375 0.2015625
0 0.07890625 0.8109375 0.1578125 0.25625
0 0.775 0.221875 0.1515625 0.1765625
0 0.11328125 0.87578125 0.2265625 0.215625
0 0.74765625 0.8703125 0.178125 0.14375
0 0.265625 0.82265625 0.203125 0.2
0 0.29140625 0.27265625 0.2625 0.240625
0 0.871875 0.80234375 0.1359375 0.09375
0 0.89296875 0.56875 0.2109375 0.24375
0 0.7703125 0.47265625 0.246875 0.2125
0 0.75234375 0.12734375 0.2046875 0.2328125
0 0.653125 0.5921875 0.15625 0.15625
0 0.22734375 0.39296875 0.271875 0.1953125
0 0.928125 0.275 0.1421875 0.178125
0 0.8171875 0.6859375 0.1890625 0.1828125
0 0.92734375 0.88125 0.1421875 0.134375
0 0.80390625 0.94140625 0.178125 0.1171875