0 0.7171875 0.06171875 0.078125 0.1046875
0 0.9015625 0.25546875 0.0765625 0.05625
0 0.071875 0.10390625 0.0796875 0.0796875
0 0.58125 0.21796875 0.0703125 0.0546875
0 0.5 0.69921875 0.05625 0.0609375
0 0.3203125 0.6484375 0.0671875 0.0640625
0 0.1234375 0.51875 0.0734375 0.06875
0 0.66015625 0.54765625 0.071875 0.0703125
0 0.1765625 0.3984375 0.0796875 0.103125
0 0.93203125 0.1921875 0.0890625 0.10625
0 0.3765625 0.17734375 0.0796875 0.065625
0 0.4859375 0.928125 0.053125 0.0921875
0 0.1640625 0.65859375 0.071875 0.071875
0 0.11796875 0.4015625 0.06875 0.0828125
0 0.4765625 0.44296875 0.0703125 0.0765625
0 0.3390625 0.309375 0.0484375 0.0421875
0 0.39453125 0.75859375 0.0953125 0.0859375
0 0.86796875 0.41796875 0.0640625 0.06875
0 0.9171875 0.9296875 0.084375 0.090625
0 0.753125 0.2578125 0.1296875 0.115625
0 0.19765625 0.78125 0.0828125 0.075
0 0.51484375 0.58671875 0.0640625 0.0578125
0 0.5890625 0.63671875 0.103125 0.1171875
0 0.884375 0.7578125 0.0953125 0.0796875
0 0.221875 0.828125 0.0859375 0.0921875
0 0.29453125 0.178125 0.046875 0.0515625
0 0.83828125 0.80078125 0.0734375 0.071875
0 0.75078125 0.8328125 0.08125 0.078125
0 0.06640625 0.93125 0.078125 0.0921875
0 0.934375 0.55859375 0.09375 0.0640625
0 0.0453125 0.52421875 0.0578125 0.0578125
0 0.1046875 0.73203125 0.0921875 0.071875
0 0.53671875 0.27265625 0.0734375 0.065625
0 0.6015625 0.278125 0.0703125 0.071875
0 0.72578125 0.3953125 0.0890625 0.0859375
0 0.19921875 0.71484375 0.08125 0.0578125
0 0.6828125 0.925 0.090625 0.1015625
0 0.0359375 0.6671875 0.065625 0.0703125
0 0.31015625 0.73515625 0.0875 0.0953125
0 0.83125 0.22734375 0.0609375 0.053125
0 0.42109375 0.50078125 0.0921875 0.0953125
0 0.31953125 0.26796875 0.065625 0.0515625
0 0.278125 0.8359375 0.10625 0.1046875
0 0.04140625 0.77734375 0.075 0.0640625
0 0.7421875 0.12421875 0.0734375 0.065625
0 0.13828125 0.94921875 0.08125 0.0734375
0 0.575 0.35078125 0.0734375 0.065625
0 0.85 0.05 0.0921875 0.1
0 0.5953125 0.0953125 0.1109375 0.1078125
0 0.07734375 0.24375 0.0734375 0.071875
0 0.32109375 0.359375 0.0546875 0.0609375
0 0.3109375 0.88203125 0.0796875 0.0890625
0 0.21953125 0.309375 0.053125 0.0453125
0 0.31171875 0.51796875 0.0890625 0.0734375
0 0.196875 0.1484375 0.0890625 0.0796875
0 0.1 0.66015625 0.0765625 0.0671875
0 0.33125 0.56875 0.0703125 0.0578125
0 0.03515625 0.59453125 0.0703125 0.090625
0 0.55859375 0.47734375 0.0609375 0.0703125
0 0.12578125 0.2421875 0.0921875 0.071875
0 0.75625 0.88671875 0.071875 0.0640625
0 0.86640625 0.35 0.0796875 0.046875
0 0.265625 0.04453125 0.0625 0.0453125
0 0.58359375 0.73046875 0.0875 0.071875
0 0.59921875 0.1578125 0.0859375 0.0734375
0 0.2265625 0.23359375 0.06875 0.0625
0 0.76953125 0.64609375 0.053125 0.0609375
0 0.90625 0.07421875 0.103125 0.103125
0 0.80390625 0.4515625 0.109375 0.1203125
0 0.209375 0.57109375 0.0546875 0.05
0 0.63828125 0.4 0.0796875 0.078125
0 0.77578125 0.7109375 0.0640625 0.0609375
0 0.37421875 0.253125 0.05 0.0484375
0 0.421875 0.2671875 0.0609375 0.053125
0 0.15 0.89140625 0.090625 0.09375
0 0.140625 0.14921875 0.0625 0.0578125
0 0.2859375 0.0890625 0.0828125 0.06875
0 0.1140625 0.0390625 0.08125 0.0765625
0 0.4140625 0.33125 0.08125 0.084375
0 0.88984375 0.63203125 0.109375 0.0640625
0 0.87265625 0.83828125 0.0609375 0.065625
0 0.703125 0.73671875 0.0703125 0.0765625
0 0.61875 0.8984375 0.078125 0.08125
0 0.265625 0.4109375 0.0765625 0.0703125
0 0.946875 0.8890625 0.1015625 0.090625
0 0.57890625 0.8328125 0.0671875 0.084375
0 0.228125 0.625 0.0921875 0.071875
0 0.0359375 0.853125 0.071875 0.084375
0 0.84375 0.88203125 0.0734375 0.078125
0 0.7890625 0.7578125 0.0703125 0.0625
0 0.06953125 0.1296875 0.0703125 0.059375
0 0.7546875 0.1640625 0.0734375 0.0640625
0 0.34140625 0.9234375 0.0625 0.096875
0 0.4921875 0.21171875 0.05625 0.053125
0 0.40859375 0.853125 0.0703125 0.0984375
0 0.49296875 0.846875 0.084375 0.09375
0 0.09296875 0.82734375 0.090625 0.0859375