0 0.2375 0.334375 0.1171875 0.1390625
0 0.80390625 0.41015625 0.13125 0.1546875
0 0.19296875 0.2453125 0.121875 0.1140625
0 0.29921875 0.234375 0.096875 0.0984375
0 0.38671875 0.565625 0.103125 0.0625
0 0.409375 0.41015625 0.1171875 0.1078125
0 0.9421875 0.6921875 0.1078125 0.09375
0 0.5109375 0.63828125 0.115625 0.121875
0 0.09296875 0.30390625 0.140625 0.1109375
0 0.2875 0.06875 0.0765625 0.0921875
0 0.82421875 0.7515625 0.0953125 0.0953125
0 0.6421875 0.209375 0.084375 0.128125
0 0.44140625 0.353125 0.0953125 0.0921875
0 0.12109375 0.9453125 0.134375 0.10625
0 0.925 0.88046875 0.0921875 0.0875
0 0.86953125 0.5515625 0.0921875 0.1078125
0 0.0890625 0.17734375 0.0828125 0.071875
0 0.5140625 0.7015625 0.09375 0.059375
0 0.93359375 0.20703125 0.1046875 0.0875
0 0.9578125 0.3828125 0.0796875 0.0921875
0 0.9484375 0.25859375 0.1015625 0.1046875
0 0.35234375 0.7109375 0.10625 0.0953125
0 0.13515625 0.528125 0.08125 0.1125
0 0.3984375 0.2921875 0.084375 0.0875
0 0.15234375 0.36875 0.0953125 0.1109375
0 0.63046875 0.06640625 0.128125 0.1328125
0 0.1125 0.4234375 0.096875 0.0859375
0 0.23984375 0.609375 0.0921875 0.1015625
0 0.47890625 0.2640625 0.125 0.1421875
0 0.1640625 0.4625 0.05625 0.0671875
0 0.16015625 0.1640625 0.1109375 0.0796875
0 0.30625 0.58203125 0.0640625 0.0546875
0 0.71796875 0.36328125 0.09375 0.0765625
0 0.51875 0.40859375 0.1296875 0.115625
0 0.70546875 0.63671875 0.0921875 0.078125
0 0.56328125 0.3296875 0.103125 0.11875
0 0.775 0.196875 0.078125 0.0671875
0 0.353125 0.80625 0.0765625 0.1171875
0 0.77421875 0.06875 0.178125 0.1375
0 0.0515625 0.6109375 0.103125 0.1046875
0 0.10234375 0.22578125 0.078125 0.059375
0 0.1484375 0.7125 0.0890625 0.0890625
0 0.19453125 0.525 0.084375 0.0875
0 0.5453125 0.11640625 0.071875 0.0859375
0 0.25625 0.5390625 0.0703125 0.0703125
0 0.19140625 0.8015625 0.0875 0.103125
0 0.471875 0.4828125 0.0921875 0.10625
0 0.86171875 0.271875 0.1140625 0.103125
0 0.04453125 0.78359375 0.0890625 0.0984375
0 0.8671875 0.7109375 0.078125 0.075
0 0.434375 0.6109375 0.1328125 0.1375
0 0.82734375 0.17578125 0.1140625 0.13125
0 0.62578125 0.62265625 0.059375 0.0515625
0 0.47265625 0.1171875 0.06875 0.053125
0 0.4375 0.7734375 0.0796875 0.0984375
0 0.5609375 0.21171875 0.09375 0.1265625
0 0.28515625 0.1515625 0.0953125 0.0984375
0 0.1015625 0.8515625 0.1578125 0.1109375
0 0.04609375 0.4859375 0.0921875 0.109375
0 0.28203125 0.796875 0.134375 0.1453125
0 0.5953125 0.55625 0.084375 0.10625
0 0.8890625 0.37421875 0.090625 0.09375
0 0.37578125 0.1984375 0.109375 0.125
0 0.76875 0.31953125 0.0921875 0.0546875
0 0.91953125 0.78671875 0.128125 0.128125
0 0.76640625 0.25859375 0.1 0.1
0 0.37109375 0.103125 0.103125 0.0984375
0 0.63515625 0.7015625 0.1375 0.1484375
0 0.39609375 0.84609375 0.121875 0.13125
0 0.53125 0.77265625 0.159375 0.1328125
0 0.1234375 0.10859375 0.0640625 0.078125
0 0.90625 0.4578125 0.1515625 0.1140625
0 0.6734375 0.28671875 0.109375 0.134375
0 0.4515625 0.92421875 0.159375 0.146875
0 0.16796875 0.61484375 0.0875 0.096875
0 0.67578125 0.81171875 0.103125 0.1234375
0 0.41796875 0.69921875 0.0703125 0.0671875
0 0.2671875 0.8953125 0.065625 0.0890625
0 0.21640625 0.90234375 0.0875 0.115625
0 0.22734375 0.45703125 0.1171875 0.1046875
0 0.675 0.16171875 0.0765625 0.09375
0 0.765625 0.615625 0.078125 0.0890625
0 0.80546875 0.5609375 0.0765625 0.115625
0 0.21953125 0.696875 0.109375 0.1015625
0 0.3640625 0.48828125 0.1484375 0.1734375
0 0.7109375 0.55 0.1640625 0.1171875
0 0.790625 0.88203125 0.125 0.121875
0 0.58828125 0.46484375 0.084375 0.078125
0 0.52265625 0.52734375 0.109375 0.1265625
0 0.721875 0.1453125 0.071875 0.0984375
0 0.31171875 0.31015625 0.0828125 0.1109375
0 0.89140625 0.9390625 0.11875 0.1171875
0 0.07734375 0.68359375 0.1125 0.10625
0 0.35546875 0.3546875 0.0828125 0.0703125
0 0.4453125 0.0546875 0.084375 0.1078125
0 0.590625 0.8265625 0.0953125 0.125
0 0.48203125 0.16640625 0.0953125 0.0875
0 0.80859375 0.67578125 0.0671875 0.0625
0 0.58203125 0.9390625 0.134375 0.1171875
0 0.94921875 0.553125 0.0984375 0.13125
0 0.73984375 0.71953125 0.090625 0.125
0 0.22578125 0.0625 0.1 0.125
0 0.296875 0.5078125 0.084375 0.0875
0 0.696875 0.43828125 0.190625 0.1609375
0 0.7921875 0.95234375 0.0828125 0.0625
0 0.17890625 0.10703125 0.0875 0.090625
0 0.8296875 0.83125 0.1203125 0.1015625
0 0.3234375 0.634375 0.09375 0.090625
0 0.0796875 0.36875 0.075 0.0546875