0 0.5234375 0.49921875 0.0984375 0.09375
0 0.940625 0.921875 0.071875 0.06875
0 0.5609375 0.25625 0.05625 0.06875
0 0.94921875 0.56484375 0.046875 0.0421875
0 0.65234375 0.53046875 0.071875 0.071875
0 0.64609375 0.4625 0.0671875 0.0625
0 0.8046875 0.75 0.0828125 0.0828125
0 0.565625 0.425 0.078125 0.078125
0 0.225 0.37578125 0.078125 0.0703125
0 0.94453125 0.34921875 0.071875 0.05625
0 0.4421875 0.3953125 0.0625 0.0625
0 0.2671875 0.7609375 0.0703125 0.065625
0 0.52890625 0.3125 0.0609375 0.0703125
0 0.73671875 0.7875 0.065625 0.065625
0 0.64921875 0.69921875 0.053125 0.06875
0 0.8375 0.0875 0.053125 0.0625
0 0.5859375 0.9375 0.0484375 0.0765625
0 0.7453125 0.08984375 0.05 0.0484375
0 0.521875 0.6796875 0.05 0.05625
0 0.0953125 0.421875 0.084375 0.0703125
0 0.234375 0.0609375 0.0703125 0.0984375
0 0.6953125 0.74296875 0.0546875 0.0484375
0 0.896875 0.5484375 0.06875 0.0734375
0 0.2390625 0.62890625 0.0640625 0.071875
0 0.971875 0.20546875 0.053125 0.053125
0 0.7046875 0.5953125 0.0765625 0.0609375
0 0.2421875 0.23125 0.1265625 0.1265625
0 0.78203125 0.19609375 0.0609375 0.0640625
0 0.1390625 0.80625 0.0640625 0.0546875
0 0.328125 0.4203125 0.0578125 0.053125
0 0.5609375 0.60859375 0.071875 0.053125
0 0.83671875 0.20390625 0.0765625 0.0796875
0 0.1234375 0.48203125 0.034375 0.0453125
0 0.70234375 0.14453125 0.071875 0.075
0 0.06328125 0.675 0.0609375 0.0609375
0 0.44921875 0.18203125 0.0703125 0.065625
0 0.80625 0.6953125 0.06875 0.04375
0 0.9328125 0.178125 0.053125 0.05625
0 0.790625 0.42890625 0.1046875 0.0890625
0 0.76171875 0.2515625 0.0578125 0.046875