0 0.92421875 0.5859375 0.15 0.11875
0 0.6328125 0.66015625 0.0953125 0.071875
0 0.290625 0.28046875 0.128125 0.1328125
0 0.7875 0.03203125 0.084375 0.0640625
0 0.71015625 0.18984375 0.0921875 0.1140625
0 0.9359375 0.86328125 0.1265625 0.1375
0 0.04609375 0.68203125 0.0921875 0.1609375
0 0.31640625 0.6328125 0.0828125 0.0953125
0 0.55078125 0.06015625 0.1234375 0.1203125
0 0.57421875 0.5859375 0.1171875 0.1
0 0.6234375 0.92734375 0.128125 0.1203125
0 0.77734375 0.40625 0.1328125 0.103125
0 0.35 0.73984375 0.15625 0.134375
0 0.86484375 0.73984375 0.1046875 0.1125
0 0.5734375 0.30234375 0.075 0.103125
0 0.2359375 0.4234375 0.05 0.0671875
0 0.48828125 0.6421875 0.11875 0.128125
0 0.84921875 0.0859375 0.1671875 0.1484375
0 0.81640625 0.4921875 0.140625 0.0953125
0 0.08125 0.95234375 0.0796875 0.0796875
0 0.57890625 0.5109375 0.103125 0.10625
0 0.2359375 0.8828125 0.1125 0.121875
0 0.6890625 0.55625 0.1015625 0.1125
0 0.8734375 0.3578125 0.1109375 0.0921875
0 0.7953125 0.2734375 0.0703125 0.04375
0 0.640625 0.2578125 0.10625 0.0875
0 0.26015625 0.934375 0.0765625 0.0921875
0 0.61484375 0.80859375 0.146875 0.140625
0 0.18125 0.60234375 0.090625 0.1015625
0 0.1546875 0.79140625 0.078125 0.0953125
0 0.79609375 0.2015625 0.0625 0.0546875
0 0.61171875 0.3828125 0.146875 0.1203125
0 0.2421875 0.75859375 0.0859375 0.115625
0 0.24609375 0.490625 0.028125 0.0390625
0 0.0765625 0.84765625 0.0953125 0.1015625
0 0.0734375 0.29609375 0.0890625 0.1125
0 0.8671875 0.1984375 0.1 0.1234375
0 0.6703125 0.0390625 0.1125 0.078125
0 0.66328125 0.3203125 0.121875 0.0984375
0 0.7140625 0.88515625 0.1296875 0.1453125
0 0.24609375 0.6640625 0.103125 0.0890625
0 0.6890625 0.09296875 0.15625 0.1125
0 0.9171875 0.25078125 0.103125 0.0625
0 0.078125 0.1109375 0.15625 0.1265625
0 0.27265625 0.5421875 0.0640625 0.084375
0 0.76015625 0.70703125 0.1625 0.134375
0 0.53125 0.4859375 0.0875 0.0953125
0 0.13125 0.6671875 0.0953125 0.084375
0 0.478125 0.94453125 0.1265625 0.1
0 0.9609375 0.428125 0.0765625 0.115625
0 0.5265625 0.190625 0.1453125 0.1640625
0 0.77421875 0.5921875 0.13125 0.11875
0 0.07578125 0.55390625 0.1515625 0.103125
0 0.1484375 0.934375 0.071875 0.0796875
0 0.3125 0.4328125 0.11875 0.1171875
0 0.38046875 0.5265625 0.1421875 0.1484375
0 0.375 0.23359375 0.1359375 0.1703125
0 0.6640625 0.465625 0.165625 0.1390625
0 0.16484375 0.478125 0.1203125 0.0953125
0 0.18359375 0.24140625 0.1078125 0.1171875
0 0.8734375 0.4375 0.1453125 0.0796875
0 0.4 0.6296875 0.1109375 0.0921875
0 0.48828125 0.7859375 0.065625 0.0921875
0 0.05390625 0.3984375 0.1078125 0.115625
0 0.34375 0.87109375 0.1265625 0.1546875
0 0.884375 0.28515625 0.096875 0.071875
0 0.9609375 0.14453125 0.075 0.0953125
0 0.903125 0.95078125 0.11875 0.096875
0 0.4421875 0.16484375 0.1078125 0.1234375