0 0.57890625 0.06328125 0.04375 0.040625
0 0.60546875 0.7078125 0.0375 0.034375
0 0.590625 0.24921875 0.040625 0.05625
0 0.91796875 0.27109375 0.04375 0.0359375
0 0.3078125 0.159375 0.0390625 0.0453125
0 0.65 0.36640625 0.053125 0.05
0 0.39140625 0.27578125 0.0625 0.0640625
0 0.665625 0.690625 0.0359375 0.0375
0 0.8515625 0.690625 0.059375 0.06875
0 0.29296875 0.0578125 0.0875 0.1015625
0 0.46640625 0.03203125 0.0765625 0.0640625
0 0.78359375 0.696875 0.0375 0.0390625
0 0.9234375 0.24296875 0.03125 0.0296875
0 0.278125 0.24296875 0.0578125 0.0578125
0 0.7609375 0.603125 0.034375 0.0328125
0 0.4390625 0.33359375 0.0359375 0.04375
0 0.38046875 0.31640625 0.046875 0.046875
0 0.60078125 0.5859375 0.0640625 0.0625
0 0.53984375 0.64765625 0.0625 0.0375
0 0.77734375 0.17578125 0.04375 0.0421875
0 0.6109375 0.675 0.0375 0.0390625
0 0.5484375 0.4046875 0.0765625 0.0609375
0 0.95703125 0.73203125 0.040625 0.0484375
0 0.44453125 0.23046875 0.034375 0.034375
0 0.3390625 0.1765625 0.0421875 0.0484375
0 0.484375 0.21484375 0.05625 0.0546875
0 0.7484375 0.540625 0.071875 0.04375
0 0.25 0.2859375 0.059375 0.05
0 0.59765625 0.63828125 0.0609375 0.0421875
0 0.4921875 0.68828125 0.071875 0.0828125
0 0.43125 0.1828125 0.0640625 0.0484375
0 0.709375 0.428125 0.0359375 0.0296875
0 0.2796875 0.20078125 0.0546875 0.04375
0 0.6484375 0.50703125 0.0703125 0.0640625
0 0.9234375 0.1796875 0.034375 0.03125
0 0.634375 0.4453125 0.034375 0.0375
0 0.96328125 0.2015625 0.0515625 0.059375
0 0.93046875 0.32265625 0.0875 0.071875
0 0.70234375 0.7234375 0.0484375 0.0546875
0 0.51171875 0.28046875 0.0859375 0.0671875
0 0.4078125 0.9140625 0.2515625 0.171875
0 0.77421875 0.41015625 0.053125 0.053125
0 0.234375 0.10625 0.06875 0.078125
0 0.609375 0.2828125 0.0390625 0.0390625
0 0.54609375 0.553125 0.0390625 0.040625
0 0.5671875 0.690625 0.059375 0.0578125
0 0.95546875 0.06484375 0.04375 0.040625
0 0.81953125 0.046875 0.08125 0.09375
0 0.06328125 0.87734375 0.1265625 0.1859375
0 0.83828125 0.6140625 0.05625 0.0359375
0 0.5140625 0.4546875 0.0421875 0.046875
0 0.3375 0.28515625 0.0609375 0.071875
0 0.55546875 0.33515625 0.04375 0.04375
0 0.11796875 0.43984375 0.06875 0.053125
0 0.4390625 0.27109375 0.053125 0.0546875
0 0.35546875 0.39140625 0.05 0.0421875
0 0.765625 0.65546875 0.065625 0.0421875
0 0.83125 0.19140625 0.0390625 0.0484375
0 0.203125 0.16328125 0.0484375 0.05625
0 0.32421875 0.43984375 0.071875 0.0703125
0 0.57421875 0.51953125 0.0359375 0.040625
0 0.6265625 0.7515625 0.090625 0.0609375
0 0.65625 0.24453125 0.040625 0.053125
0 0.14296875 0.0546875 0.034375 0.05
0 0.95078125 0.14140625 0.040625 0.040625
0 0.78671875 0.22109375 0.04375 0.040625
0 0.98125 0.12109375 0.0375 0.034375
0 0.7890625 0.91640625 0.209375 0.165625
0 0.21484375 0.328125 0.06875 0.0609375
0 0.48359375 0.61796875 0.0609375 0.0484375
0 0.87578125 0.20234375 0.040625 0.03125
0 0.6671875 0.53515625 0.0515625 0.0359375
0 0.92578125 0.2109375 0.0328125 0.0359375
0 0.82421875 0.41484375 0.059375 0.046875
0 0.7359375 0.053125 0.096875 0.0671875
0 0.18515625 0.06875 0.0515625 0.05
0 0.65625 0.4328125 0.028125 0.03125
0 0.9265625 0.70546875 0.0421875 0.059375
0 0.95 0.65546875 0.0484375 0.040625
0 0.63671875 0.70390625 0.034375 0.0375
0 0.125 0.1953125 0.0625 0.0546875
0 0.696875 0.646875 0.0515625 0.046875
0 0.51171875 0.540625 0.059375 0.059375
0 0.88671875 0.52109375 0.05625 0.0546875
0 0.78046875 0.48828125 0.0875 0.0640625
0 0.38125 0.47578125 0.053125 0.0625
0 0.653125 0.61953125 0.053125 0.053125
0 0.16953125 0.1578125 0.0375 0.05625
0 0.9234375 0.4203125 0.1515625 0.1546875
0 0.753125 0.20546875 0.0375 0.053125
0 0.4453125 0.4046875 0.0515625 0.046875
0 0.409375 0.3453125 0.04375 0.0484375
0 0.5359375 0.596875 0.0578125 0.0453125
0 0.903125 0.884375 0.1171875 0.121875
0 0.728125 0.25859375 0.0640625 0.0640625
0 0.9171875 0.5921875 0.11875 0.090625
0 0.70859375 0.3515625 0.071875 0.0515625
0 0.28046875 0.13984375 0.0296875 0.028125
0 0.70703125 0.56015625 0.046875 0.0484375
0 0.534375 0.21640625 0.065625 0.06875
0 0.22109375 0.8578125 0.2046875 0.1734375
0 0.86640625 0.6515625 0.08125 0.0421875
0 0.8984375 0.0890625 0.0328125 0.021875
0 0.81484375 0.67734375 0.040625 0.0421875
0 0.40625 0.44140625 0.0734375 0.053125
0 0.61796875 0.41328125 0.040625 0.0328125
0 0.66484375 0.1921875 0.053125 0.05625