0 0.596875 0.3109375 0.0921875 0.0703125
0 0.6890625 0.2484375 0.0640625 0.06875
0 0.3359375 0.6859375 0.084375 0.0859375
0 0.41171875 0.6703125 0.084375 0.0625
0 0.1109375 0.15703125 0.1296875 0.1125
0 0.07421875 0.93046875 0.1484375 0.1390625
0 0.865625 0.20859375 0.090625 0.1
0 0.18828125 0.4390625 0.0375 0.0671875
0 0.15390625 0.69453125 0.0765625 0.090625
0 0.40625 0.7796875 0.103125 0.1546875
0 0.4421875 0.2796875 0.109375 0.1171875
0 0.06171875 0.75625 0.1234375 0.109375
0 0.2421875 0.73203125 0.109375 0.1125
0 0.909375 0.12734375 0.0765625 0.071875
0 0.6046875 0.37265625 0.08125 0.0796875
0 0.64375 0.12265625 0.128125 0.18125
0 0.096875 0.05859375 0.115625 0.1
0 0.54921875 0.615625 0.103125 0.10625
0 0.9671875 0.64453125 0.0390625 0.05625
0 0.71484375 0.953125 0.0875 0.0921875
0 0.234375 0.62890625 0.125 0.103125
0 0.7828125 0.25078125 0.128125 0.146875
0 0.35859375 0.87421875 0.0859375 0.0921875
0 0.365625 0.60625 0.1 0.0953125
0 0.94375 0.52265625 0.1109375 0.1484375
0 0.73046875 0.1578125 0.0796875 0.0828125
0 0.2375 0.96328125 0.0625 0.071875
0 0.22109375 0.05859375 0.134375 0.0796875
0 0.284375 0.44921875 0.1234375 0.1
0 0.88671875 0.46484375 0.15 0.1484375
0 0.55859375 0.81640625 0.134375 0.10625
0 0.78984375 0.1125 0.05625 0.0859375
0 0.1984375 0.2359375 0.1375 0.1625
0 0.5171875 0.5140625 0.0984375 0.128125
0 0.64609375 0.62109375 0.08125 0.075
0 0.3671875 0.93125 0.11875 0.1015625
0 0.125 0.39921875 0.1 0.090625
0 0.5890625 0.2453125 0.0890625 0.0921875
0 0.53359375 0.1296875 0.0921875 0.11875
0 0.13671875 0.49140625 0.1234375 0.1328125
0 0.8234375 0.1546875 0.0671875 0.0703125
0 0.35859375 0.0828125 0.1421875 0.165625
0 0.6171875 0.7046875 0.084375 0.1140625
0 0.2671875 0.1765625 0.11875 0.1109375
0 0.303125 0.2828125 0.0703125 0.0796875
0 0.6234375 0.92421875 0.1296875 0.15
0 0.46171875 0.05 0.1078125 0.1
0 0.24921875 0.54375 0.1078125 0.109375
0 0.66015625 0.34375 0.0859375 0.103125
0 0.75390625 0.4375 0.1359375 0.1265625
0 0.40234375 0.48828125 0.13125 0.1546875
0 0.8265625 0.8859375 0.15 0.13125
0 0.140625 0.88125 0.065625 0.06875
0 0.6015625 0.45078125 0.09375 0.0671875
0 0.9265625 0.275 0.146875 0.1046875
0 0.90859375 0.7015625 0.115625 0.1265625
0 0.5921875 0.5140625 0.0796875 0.0609375
0 0.9609375 0.92421875 0.0765625 0.15
0 0.72265625 0.0484375 0.059375 0.05625
0 0.36328125 0.24375 0.0875 0.075
0 0.3140625 0.76171875 0.0546875 0.0640625
0 0.46875 0.19140625 0.1109375 0.0984375
0 0.89453125 0.05546875 0.1265625 0.1109375
0 0.928125 0.62265625 0.059375 0.05
0 0.18359375 0.8140625 0.13125 0.1234375
0 0.07109375 0.65390625 0.1421875 0.13125
0 0.0390625 0.49375 0.078125 0.090625
0 0.94296875 0.80390625 0.1125 0.128125
0 0.665625 0.5078125 0.1078125 0.159375
0 0.35390625 0.28515625 0.05625 0.0734375