0 0.1828125 0.803125 0.1 0.1140625
0 0.13515625 0.3125 0.0890625 0.075
0 0.8 0.63125 0.0703125 0.0796875
0 0.07734375 0.684375 0.059375 0.0640625
0 0.4234375 0.065625 0.0859375 0.13125
0 0.2546875 0.04375 0.0953125 0.0859375
0 0.1453125 0.43125 0.14375 0.115625
0 0.58125 0.6296875 0.0890625 0.109375
0 0.559375 0.10859375 0.0953125 0.1140625
0 0.046875 0.640625 0.09375 0.0984375
0 0.94765625 0.89375 0.103125 0.1078125
0 0.415625 0.721875 0.0640625 0.0640625
0 0.19609375 0.52890625 0.0640625 0.0625
0 0.89921875 0.91953125 0.0796875 0.0515625
0 0.70234375 0.03984375 0.14375 0.0796875
0 0.39609375 0.30859375 0.09375 0.1
0 0.7875 0.6890625 0.1 0.090625
0 0.06796875 0.540625 0.1265625 0.10625
0 0.609375 0.8765625 0.0640625 0.0875
0 0.3890625 0.24921875 0.0640625 0.0828125
0 0.0921875 0.0390625 0.134375 0.078125
0 0.31796875 0.3109375 0.078125 0.1078125
0 0.49609375 0.55625 0.0609375 0.0546875
0 0.8421875 0.19765625 0.10625 0.109375
0 0.21640625 0.6734375 0.109375 0.115625
0 0.37890625 0.78125 0.06875 0.0671875
0 0.1265625 0.8484375 0.0671875 0.071875
0 0.38984375 0.640625 0.1265625 0.121875
0 0.74296875 0.5 0.10625 0.1484375
0 0.5359375 0.20234375 0.1015625 0.1109375
0 0.125 0.65703125 0.0640625 0.0515625
0 0.74140625 0.57421875 0.084375 0.078125
0 0.44296875 0.20078125 0.121875 0.14375
0 0.46875 0.5 0.084375 0.0796875
0 0.2484375 0.48359375 0.0875 0.109375
0 0.7984375 0.8140625 0.0765625 0.1203125
0 0.26953125 0.25234375 0.0765625 0.0828125
0 0.26171875 0.82734375 0.0640625 0.071875
0 0.18359375 0.6015625 0.0984375 0.1109375
0 0.321875 0.18203125 0.0953125 0.0921875
0 0.11953125 0.7484375 0.1265625 0.1265625
0 0.31328125 0.496875 0.0703125 0.0703125
0 0.5046875 0.36171875 0.1015625 0.1078125
0 0.26171875 0.7515625 0.1140625 0.1140625
0 0.08359375 0.10703125 0.1375 0.1453125
0 0.74140625 0.3515625 0.096875 0.103125
0 0.16015625 0.38125 0.115625 0.1
0 0.846875 0.85703125 0.09375 0.1171875
0 0.88125 0.6875 0.109375 0.0984375
0 0.05546875 0.89375 0.0953125 0.1
0 0.71015625 0.87421875 0.171875 0.184375
0 0.42734375 0.84453125 0.121875 0.109375
0 0.15625 0.515625 0.0765625 0.071875
0 0.3390625 0.45234375 0.0546875 0.06875
0 0.915625 0.08671875 0.0890625 0.1078125
0 0.48515625 0.4203125 0.115625 0.1
0 0.7046875 0.303125 0.0921875 0.0765625
0 0.26953125 0.40625 0.1015625 0.0921875
0 0.94765625 0.64453125 0.103125 0.1109375
0 0.72265625 0.1140625 0.10625 0.08125
0 0.34609375 0.74765625 0.128125 0.134375
0 0.71015625 0.41796875 0.08125 0.0703125
0 0.56953125 0.54375 0.0640625 0.059375
0 0.69140625 0.58203125 0.0640625 0.071875
0 0.48828125 0.0734375 0.1046875 0.146875
0 0.16484375 0.94921875 0.084375 0.0953125
0 0.0578125 0.47890625 0.115625 0.11875
0 0.32578125 0.665625 0.0875 0.0828125
0 0.04609375 0.39296875 0.0921875 0.0890625
0 0.49765625 0.91328125 0.0859375 0.0921875
0 0.46484375 0.7765625 0.0921875 0.0953125
0 0.39453125 0.5546875 0.096875 0.0984375
0 0.65546875 0.0921875 0.1 0.1140625
0 0.3375 0.246875 0.0453125 0.053125
0 0.50390625 0.696875 0.1265625 0.128125
0 0.30625 0.584375 0.0953125 0.10625
0 0.9203125 0.2875 0.1375 0.134375
0 0.21328125 0.94453125 0.0640625 0.0796875
0 0.69609375 0.69765625 0.115625 0.11875
0 0.84921875 0.59609375 0.1171875 0.1234375
0 0.109375 0.603125 0.06875 0.08125
0 0.50546875 0.6140625 0.0984375 0.0953125
0 0.17578125 0.88828125 0.06875 0.0734375
0 0.3359375 0.05078125 0.084375 0.0984375
0 0.06796875 0.2703125 0.0953125 0.1234375
0 0.19375 0.26171875 0.0875 0.1109375
0 0.7234375 0.18125 0.103125 0.121875
0 0.64609375 0.384375 0.0796875 0.0859375
0 0.384375 0.4328125 0.071875 0.0703125
0 0.259375 0.33203125 0.10625 0.0890625
0 0.91015625 0.7984375 0.0953125 0.09375
0 0.3921875 0.91796875 0.153125 0.14375
0 0.3875 0.38125 0.109375 0.084375
0 0.25625 0.896875 0.103125 0.10625
0 0.94921875 0.15703125 0.1 0.1671875
0 0.6703125 0.171875 0.059375 0.078125
0 0.65234375 0.4859375 0.121875 0.134375
0 0.52734375 0.4859375 0.06875 0.08125
0 0.83515625 0.12109375 0.1140625 0.128125
0 0.11953125 0.2265625 0.109375 0.1046875
0 0.5484375 0.93828125 0.084375 0.1078125
0 0.2984375 0.9484375 0.0953125 0.096875
0 0.3890625 0.48828125 0.0734375 0.05625
0 0.80859375 0.5015625 0.08125 0.11875
0 0.2140625 0.12890625 0.15625 0.153125
0 0.83828125 0.440625 0.1234375 0.171875
0 0.54296875 0.84765625 0.1234375 0.153125
0 0.5640625 0.315625 0.15 0.1265625