0 0.26171875 0.1265625 0.20625 0.16875
0 0.44375 0.41015625 0.178125 0.2609375
0 0.21484375 0.76171875 0.0984375 0.1375
0 0.4375 0.82109375 0.1109375 0.15625
0 0.5984375 0.10859375 0.15625 0.1984375
0 0.45859375 0.2265625 0.0984375 0.0953125
0 0.87734375 0.60625 0.1265625 0.1265625
0 0.11015625 0.9125 0.196875 0.1734375
0 0.0859375 0.703125 0.171875 0.2171875
0 0.89765625 0.43203125 0.203125 0.2203125
0 0.8078125 0.33671875 0.1265625 0.146875
0 0.76484375 0.91015625 0.2390625 0.178125
0 0.89140625 0.209375 0.1859375 0.15
0 0.1625 0.5828125 0.259375 0.2734375
0 0.9390625 0.84765625 0.1203125 0.121875
0 0.86640625 0.74609375 0.128125 0.16875
0 0.06484375 0.46328125 0.1296875 0.2390625
0 0.475 0.640625 0.1515625 0.18125
0 0.69296875 0.365625 0.16875 0.18125
0 0.6390625 0.7828125 0.29375 0.265625
0 0.54921875 0.92578125 0.1671875 0.1484375
0 0.678125 0.55546875 0.24375 0.221875
0 0.79453125 0.71875 0.0890625 0.140625
0 0.58046875 0.4171875 0.1625 0.2484375
0 0.44765625 0.125 0.1578125 0.171875
0 0.73125 0.13359375 0.134375 0.171875
0 0.28203125 0.88359375 0.203125 0.2015625
0 0.93125 0.28125 0.13125 0.1203125
0 0.57265625 0.253125 0.165625 0.115625
0 0.0921875 0.165625 0.184375 0.278125
0 0.7109375 0.25234375 0.109375 0.115625
0 0.34765625 0.696875 0.2203125 0.2125
0 0.26328125 0.35 0.26875 0.3328125
0 0.90703125 0.9328125 0.103125 0.13125