0 0.3078125 0.528125 0.09375 0.1046875
0 0.14765625 0.10078125 0.0859375 0.0953125
0 0.50078125 0.5640625 0.1296875 0.128125
0 0.2328125 0.51796875 0.08125 0.0765625
0 0.7421875 0.18984375 0.140625 0.125
0 0.525 0.65625 0.0578125 0.0671875
0 0.92109375 0.85625 0.1546875 0.15625
0 0.56953125 0.17109375 0.103125 0.1265625
0 0.73828125 0.2984375 0.171875 0.146875
0 0.57109375 0.78515625 0.0921875 0.0953125
0 0.54609375 0.3734375 0.1515625 0.115625
0 0.13984375 0.421875 0.140625 0.0953125
0 0.740625 0.05078125 0.0796875 0.0953125
0 0.11953125 0.24140625 0.13125 0.1390625
0 0.48125 0.32421875 0.134375 0.15625
0 0.08125 0.83671875 0.1625 0.1890625
0 0.69375 0.78203125 0.10625 0.11875
0 0.44453125 0.1203125 0.1546875 0.1234375
0 0.18984375 0.19453125 0.0984375 0.1125
0 0.05546875 0.6921875 0.1109375 0.1625
0 0.8265625 0.20078125 0.090625 0.140625
0 0.59921875 0.57890625 0.096875 0.103125
0 0.72890625 0.44609375 0.0875 0.096875
0 0.565625 0.446875 0.0796875 0.0796875
0 0.2140625 0.39609375 0.134375 0.125
0 0.26953125 0.1640625 0.090625 0.10625
0 0.38359375 0.88515625 0.1375 0.1421875
0 0.9359375 0.5390625 0.1265625 0.190625
0 0.384375 0.3859375 0.0984375 0.1015625
0 0.36875 0.24296875 0.10625 0.1421875
0 0.1 0.634375 0.16875 0.1765625
0 0.4875 0.475 0.1328125 0.096875
0 0.8640625 0.875 0.1265625 0.121875
0 0.26015625 0.275 0.165625 0.125
0 0.58671875 0.28203125 0.140625 0.1515625
0 0.2375 0.66171875 0.1390625 0.15625
0 0.88515625 0.4734375 0.11875 0.103125
0 0.6140625 0.6328125 0.0671875 0.0625
0 0.58203125 0.6953125 0.1125 0.1234375
0 0.7390625 0.8265625 0.071875 0.0828125
0 0.79140625 0.40703125 0.1265625 0.15625
0 0.59765625 0.8984375 0.20625 0.171875
0 0.9328125 0.09921875 0.13125 0.1921875
0 0.803125 0.57265625 0.146875 0.1546875
0 0.459375 0.2140625 0.1359375 0.1203125
0 0.3265625 0.80546875 0.1390625 0.1421875
0 0.35390625 0.05546875 0.1125 0.1109375
0 0.15625 0.72265625 0.103125 0.0921875
0 0.69765625 0.64296875 0.1109375 0.134375
0 0.915625 0.3890625 0.165625 0.1625
0 0.42265625 0.5890625 0.09375 0.11875
0 0.45703125 0.7484375 0.1265625 0.1625
0 0.74453125 0.5203125 0.0921875 0.08125
0 0.63046875 0.06484375 0.1234375 0.1296875
0 0.3984375 0.703125 0.1265625 0.15625
0 0.23125 0.06171875 0.071875 0.09375
0 0.74921875 0.9015625 0.115625 0.115625
0 0.56875 0.0796875 0.090625 0.10625
0 0.0765625 0.05546875 0.0953125 0.1109375
0 0.10625 0.146875 0.1203125 0.11875
0 0.46171875 0.93359375 0.1046875 0.125
0 0.63828125 0.71015625 0.0046875 0.0015625
0 0.1390625 0.915625 0.171875 0.1640625