0 0.18203125 0.2140625 0.1078125 0.0953125
0 0.50703125 0.13515625 0.1140625 0.1
0 0.96171875 0.44375 0.0765625 0.1078125
0 0.6140625 0.54296875 0.06875 0.06875
0 0.875 0.340625 0.059375 0.090625
0 0.23359375 0.7109375 0.0953125 0.115625
0 0.37109375 0.86953125 0.084375 0.0921875
0 0.328125 0.753125 0.13125 0.1234375
0 0.33671875 0.396875 0.115625 0.1203125
0 0.3421875 0.58359375 0.1078125 0.1109375
0 0.1484375 0.359375 0.0921875 0.071875
0 0.8859375 0.921875 0.071875 0.065625
0 0.725 0.484375 0.1421875 0.125
0 0.25859375 0.34921875 0.1109375 0.1109375
0 0.96328125 0.6296875 0.071875 0.10625
0 0.234375 0.04453125 0.0875 0.0890625
0 0.803125 0.53046875 0.0953125 0.0859375
0 0.5078125 0.73125 0.103125 0.08125
0 0.075 0.25078125 0.090625 0.0875
0 0.328125 0.0515625 0.1 0.103125
0 0.42890625 0.59765625 0.0671875 0.075
0 0.97265625 0.88671875 0.0515625 0.08125
0 0.540625 0.92890625 0.065625 0.0640625
0 0.89765625 0.865625 0.06875 0.078125
0 0.15234375 0.653125 0.084375 0.071875
0 0.9359375 0.5359375 0.1265625 0.10625
0 0.1015625 0.45390625 0.075 0.05625
0 0.7265625 0.93046875 0.125 0.1203125
0 0.5015625 0.6578125 0.0984375 0.0875
0 0.8015625 0.07734375 0.071875 0.078125
0 0.509375 0.83203125 0.0796875 0.0921875
0 0.31484375 0.2796875 0.08125 0.0828125
0 0.25234375 0.51953125 0.1328125 0.13125
0 0.3734375 0.6625 0.0921875 0.0578125
0 0.8578125 0.740625 0.1859375 0.178125
0 0.55859375 0.5421875 0.0703125 0.0828125
0 0.72265625 0.15390625 0.11875 0.1296875
0 0.1859375 0.58125 0.084375 0.078125
0 0.43984375 0.5421875 0.075 0.078125
0 0.91953125 0.37734375 0.1140625 0.084375
0 0.5796875 0.7890625 0.0734375 0.0765625
0 0.9140625 0.28046875 0.0796875 0.1
0 0.79921875 0.43984375 0.1265625 0.1125
0 0.4609375 0.31328125 0.071875 0.0890625
0 0.49609375 0.4078125 0.103125 0.084375
0 0.80859375 0.5984375 0.0734375 0.071875
0 0.79921875 0.88984375 0.05625 0.0546875
0 0.134375 0.30703125 0.0984375 0.05625
0 0.678125 0.8390625 0.1 0.128125
0 0.4171875 0.7234375 0.0796875 0.0828125
0 0.521875 0.24375 0.1125 0.11875
0 0.9234375 0.19375 0.0703125 0.075
0 0.034375 0.69921875 0.06875 0.0796875
0 0.82890625 0.2078125 0.0578125 0.0640625
0 0.77734375 0.31875 0.0734375 0.059375
0 0.11484375 0.50546875 0.075 0.0671875
0 0.82890625 0.14765625 0.0953125 0.0984375
0 0.6859375 0.5546875 0.06875 0.05625
0 0.49765625 0.5765625 0.078125 0.0953125
0 0.68515625 0.3453125 0.10625 0.1265625
0 0.25703125 0.61328125 0.0453125 0.0640625
0 0.6859375 0.2671875 0.071875 0.0765625
0 0.5453125 0.765625 0.0671875 0.075
0 0.03828125 0.52734375 0.0765625 0.0890625
0 0.8609375 0.25078125 0.0875 0.06875
0 0.64140625 0.10390625 0.0875 0.1078125
0 0.65390625 0.6140625 0.06875 0.0578125
0 0.7671875 0.859375 0.06875 0.05625
0 0.6 0.3125 0.0984375 0.0953125
0 0.7671875 0.20546875 0.1046875 0.134375
0 0.8984375 0.0640625 0.1671875 0.128125
0 0.44921875 0.91484375 0.0796875 0.0765625
0 0.9703125 0.20703125 0.0578125 0.0953125
0 0.8265625 0.63046875 0.06875 0.046875
0 0.8078125 0.321875 0.0953125 0.0859375
0 0.72890625 0.62109375 0.084375 0.084375
0 0.640625 0.67109375 0.103125 0.08125
0 0.0796875 0.14921875 0.10625 0.09375
0 0.6 0.603125 0.0890625 0.08125
0 0.94609375 0.81015625 0.0546875 0.0953125
0 0.46015625 0.79140625 0.0703125 0.08125
0 0.09296875 0.56171875 0.078125 0.0734375