0 0.325 0.04140625 0.1046875 0.0828125
0 0.51875 0.94375 0.09375 0.1109375
0 0.8375 0.63125 0.140625 0.13125
0 0.2125 0.425 0.1953125 0.1578125
0 0.4703125 0.3765625 0.0953125 0.0859375
0 0.0765625 0.84296875 0.0828125 0.0765625
0 0.62890625 0.89453125 0.103125 0.090625
0 0.8203125 0.9140625 0.11875 0.1421875
0 0.04609375 0.34140625 0.0828125 0.11875
0 0.41328125 0.4765625 0.1140625 0.1109375
0 0.828125 0.53671875 0.09375 0.0796875
0 0.24609375 0.625 0.140625 0.1109375
0 0.84140625 0.384375 0.1390625 0.1265625
0 0.30546875 0.1109375 0.1265625 0.0984375
0 0.57421875 0.8203125 0.1171875 0.121875
0 0.8234375 0.80546875 0.0703125 0.0875
0 0.22890625 0.11015625 0.0765625 0.103125
0 0.8890625 0.44921875 0.0640625 0.05625
0 0.15234375 0.8484375 0.0875 0.0875
0 0.59765625 0.6734375 0.09375 0.065625
0 0.38515625 0.896875 0.1015625 0.1078125
0 0.57109375 0.059375 0.0859375 0.11875
0 0.44609375 0.94375 0.075 0.1109375
0 0.94296875 0.79375 0.1140625 0.159375
0 0.95859375 0.93515625 0.08125 0.128125
0 0.30390625 0.19609375 0.128125 0.13125
0 0.3421875 0.296875 0.0609375 0.0546875
0 0.7484375 0.234375 0.121875 0.11875
0 0.21796875 0.5375 0.1078125 0.078125
0 0.7109375 0.8515625 0.078125 0.090625
0 0.48125 0.83828125 0.103125 0.0984375
0 0.1640625 0.95078125 0.0953125 0.096875
0 0.709375 0.30703125 0.1109375 0.1109375
0 0.1359375 0.565625 0.1203125 0.1203125
0 0.5578125 0.3921875 0.0703125 0.06875
0 0.46875 0.75234375 0.0921875 0.13125
0 0.35 0.73203125 0.10625 0.0921875
0 0.22890625 0.746875 0.1296875 0.134375
0 0.12578125 0.24765625 0.1390625 0.103125
0 0.8390625 0.7421875 0.1015625 0.0875
0 0.8546875 0.26015625 0.1125 0.1328125
0 0.95703125 0.57265625 0.0859375 0.1125
0 0.92734375 0.665625 0.1140625 0.1171875
0 0.675 0.25859375 0.084375 0.0875
0 0.39453125 0.67109375 0.153125 0.14375
0 0.5203125 0.62109375 0.0875 0.0625
0 0.39921875 0.8109375 0.08125 0.10625
0 0.0546875 0.15 0.103125 0.1015625
0 0.39140625 0.5609375 0.0796875 0.075
0 0.74765625 0.78125 0.09375 0.0828125
0 0.103125 0.9390625 0.1046875 0.121875
0 0.6640625 0.421875 0.1421875 0.1578125
0 0.8796875 0.85703125 0.0953125 0.128125
0 0.64609375 0.75859375 0.090625 0.0953125
0 0.0859375 0.64375 0.1625 0.115625
0 0.690625 0.08671875 0.1875 0.1734375
0 0.703125 0.93984375 0.0640625 0.0875
0 0.6140625 0.953125 0.103125 0.0875
0 0.328125 0.4625 0.0671875 0.090625
0 0.42265625 0.26171875 0.1359375 0.1421875
0 0.50703125 0.565625 0.0875 0.084375
0 0.50546875 0.171875 0.109375 0.1203125
0 0.92734375 0.23828125 0.1046875 0.16875
0 0.95390625 0.390625 0.0921875 0.1234375
0 0.4515625 0.10859375 0.1328125 0.1546875
0 0.5640625 0.28046875 0.1296875 0.11875
0 0.75390625 0.5421875 0.071875 0.08125
0 0.26875 0.89375 0.1515625 0.1484375
0 0.5390625 0.725 0.11875 0.1375
0 0.6015625 0.53203125 0.128125 0.1359375
0 0.2984375 0.353125 0.1203125 0.1296875
0 0.8375 0.47265625 0.09375 0.0796875
0 0.115625 0.7421875 0.13125 0.1328125
0 0.1359375 0.3609375 0.121875 0.13125
0 0.51875 0.4828125 0.1046875 0.125
0 0.8453125 0.1484375 0.1625 0.13125
0 0.34765625 0.53828125 0.0875 0.0890625
0 0.39609375 0.3875 0.103125 0.09375
0 0.18125 0.1265625 0.13125 0.1859375
0 0.70390625 0.7046875 0.134375 0.1328125
0 0.74765625 0.44921875 0.1 0.115625
0 0.9546875 0.46328125 0.0875 0.0984375
0 0.75703125 0.33671875 0.0984375 0.1109375
0 0.70859375 0.578125 0.0828125 0.0984375
0 0.2625 0.24375 0.0953125 0.0984375
0 0.08984375 0.5171875 0.0859375 0.0921875