0 0.69765625 0.15703125 0.234375 0.225
0 0.065625 0.89140625 0.13125 0.2140625
0 0.5640625 0.83515625 0.134375 0.1453125
0 0.8265625 0.275 0.234375 0.1859375
0 0.55078125 0.94765625 0.15 0.103125
0 0.1125 0.11953125 0.18125 0.2390625
0 0.18125 0.859375 0.13125 0.0984375
0 0.3046875 0.625 0.1671875 0.1796875
0 0.9515625 0.334375 0.0953125 0.2015625
0 0.62421875 0.22421875 0.1625 0.1703125
0 0.43671875 0.56484375 0.1890625 0.221875
0 0.6640625 0.38984375 0.184375 0.2203125
0 0.440625 0.88515625 0.1375 0.178125
0 0.51328125 0.63203125 0.14375 0.1625
0 0.79375 0.81484375 0.1453125 0.10625
0 0.0875 0.74765625 0.1 0.121875
0 0.075 0.2234375 0.15 0.265625
0 0.171875 0.3578125 0.19375 0.203125
0 0.87578125 0.08671875 0.20625 0.1734375
0 0.103125 0.61328125 0.184375 0.1453125
0 0.7703125 0.9203125 0.1515625 0.1421875
0 0.6375 0.70078125 0.20625 0.1828125
0 0.86875 0.7015625 0.253125 0.2625
0 0.93046875 0.87578125 0.1390625 0.134375
0 0.196875 0.76484375 0.1796875 0.184375
0 0.3125 0.13203125 0.265625 0.2640625
0 0.33515625 0.9046875 0.165625 0.1890625
0 0.80546875 0.425 0.2671875 0.234375
0 0.6640625 0.83359375 0.1328125 0.1203125
0 0.12890625 0.528125 0.1890625 0.1828125
0 0.69453125 0.6140625 0.1796875 0.1640625
0 0.328125 0.43828125 0.2375 0.203125
0 0.38671875 0.7484375 0.203125 0.1578125