0 0.26953125 0.51328125 0.06875 0.0703125
0 0.6171875 0.62109375 0.084375 0.090625
0 0.1296875 0.51328125 0.1265625 0.075
0 0.63671875 0.68359375 0.0546875 0.065625
0 0.46328125 0.215625 0.0515625 0.0796875
0 0.2390625 0.2984375 0.06875 0.053125
0 0.87890625 0.19140625 0.0671875 0.0828125
0 0.79921875 0.56953125 0.0875 0.0609375
0 0.546875 0.21015625 0.0484375 0.0796875
0 0.065625 0.8921875 0.1 0.0875
0 0.36875 0.55703125 0.053125 0.05
0 0.66640625 0.3015625 0.071875 0.059375
0 0.93125 0.38125 0.1109375 0.0484375
0 0.12265625 0.784375 0.1375 0.128125
0 0.74375 0.603125 0.0859375 0.0671875
0 0.80390625 0.4671875 0.0734375 0.0765625
0 0.68359375 0.4265625 0.0859375 0.06875
0 0.78671875 0.18046875 0.09375 0.084375
0 0.2484375 0.1296875 0.06875 0.0640625
0 0.85234375 0.575 0.084375 0.078125
0 0.59453125 0.73203125 0.0640625 0.071875
0 0.6890625 0.82109375 0.0828125 0.084375
0 0.875 0.50546875 0.0609375 0.0453125
0 0.4546875 0.5453125 0.05625 0.059375
0 0.56640625 0.38359375 0.0671875 0.084375
0 0.81640625 0.3453125 0.103125 0.0625
0 0.146875 0.71875 0.140625 0.1234375
0 0.26875 0.22578125 0.0734375 0.075
0 0.428125 0.61875 0.053125 0.05625
0 0.6421875 0.13984375 0.08125 0.0953125
0 0.53828125 0.33203125 0.0765625 0.065625
0 0.76796875 0.828125 0.090625 0.0953125
0 0.81875 0.29140625 0.0796875 0.0546875
0 0.29296875 0.15078125 0.0703125 0.0640625
0 0.63203125 0.4453125 0.0625 0.053125
0 0.75703125 0.7640625 0.09375 0.1
0 0.721875 0.1984375 0.096875 0.096875
0 0.6203125 0.25546875 0.0515625 0.065625
0 0.4265625 0.5796875 0.08125 0.05
0 0.33203125 0.1859375 0.0640625 0.0609375
0 0.915625 0.20703125 0.0921875 0.0703125
0 0.609375 0.1171875 0.0578125 0.0953125
0 0.2078125 0.4609375 0.1015625 0.0578125
0 0.43046875 0.6984375 0.10625 0.115625
0 0.4046875 0.2 0.0515625 0.0875
0 0.690625 0.70390625 0.0765625 0.1046875
0 0.63125 0.2046875 0.0625 0.06875
0 0.53046875 0.715625 0.0703125 0.0828125
0 0.459375 0.13125 0.05625 0.1078125
0 0.81875 0.696875 0.0890625 0.0859375
0 0.5859375 0.27109375 0.0359375 0.0640625
0 0.19609375 0.33515625 0.0765625 0.059375
0 0.4859375 0.5953125 0.0765625 0.078125
0 0.15234375 0.25 0.05625 0.0578125
0 0.36953125 0.23828125 0.0640625 0.075
0 0.753125 0.128125 0.0828125 0.0875
0 0.79375 0.26171875 0.0796875 0.0625
0 0.5140625 0.77421875 0.075 0.0625
0 0.3671875 0.10234375 0.06875 0.0984375
0 0.3828125 0.47109375 0.0578125 0.05
0 0.32890625 0.509375 0.0625 0.0640625
0 0.18125 0.171875 0.0921875 0.0828125
0 0.88984375 0.42578125 0.0921875 0.0578125
0 0.5265625 0.26953125 0.08125 0.0890625
0 0.21640625 0.75390625 0.0984375 0.1078125
0 0.7296875 0.475 0.0390625 0.05
0 0.16796875 0.3625 0.071875 0.05
0 0.39921875 0.51484375 0.0609375 0.0625
0 0.2515625 0.653125 0.09375 0.0890625
0 0.66953125 0.2390625 0.0515625 0.05625
0 0.865625 0.8984375 0.103125 0.11875
0 0.13515625 0.12421875 0.075 0.090625
0 0.209375 0.24609375 0.06875 0.0625
0 0.56640625 0.10078125 0.0734375 0.0859375
0 0.4125 0.08046875 0.071875 0.1
0 0.54375 0.6328125 0.075 0.0921875
0 0.69296875 0.628125 0.0703125 0.0734375
0 0.0921875 0.265625 0.0703125 0.05625
0 0.6046875 0.79375 0.071875 0.0609375
0 0.1140625 0.846875 0.1109375 0.1109375
0 0.5546875 0.5546875 0.053125 0.0453125
0 0.5078125 0.2109375 0.028125 0.05
0 0.14296875 0.5953125 0.1296875 0.0921875
0 0.68671875 0.5546875 0.0796875 0.065625
0 0.734375 0.30078125 0.0921875 0.059375
0 0.89296875 0.63828125 0.1 0.0859375
0 0.4296875 0.84296875 0.0828125 0.1421875
0 0.35703125 0.6203125 0.0734375 0.078125
0 0.15234375 0.4125 0.078125 0.053125
0 0.72734375 0.384375 0.0921875 0.0640625
0 0.60546875 0.88046875 0.090625 0.0875
0 0.82890625 0.22109375 0.06875 0.059375
0 0.74921875 0.6671875 0.0796875 0.08125
0 0.08671875 0.32421875 0.0671875 0.0640625
0 0.8265625 0.81171875 0.1 0.1
0 0.27890625 0.36953125 0.10625 0.1015625
0 0.5640625 0.50625 0.1125 0.0796875
0 0.67109375 0.93125 0.09375 0.1328125
0 0.0765625 0.1078125 0.109375 0.1234375
0 0.6875 0.08359375 0.0765625 0.0984375
0 0.81171875 0.88671875 0.0765625 0.0796875
0 0.45546875 0.39453125 0.0640625 0.0625
0 0.82890625 0.07421875 0.0984375 0.109375
0 0.625 0.37890625 0.06875 0.06875
0 0.2953125 0.4609375 0.0703125 0.0578125
0 0.3421875 0.4109375 0.0625 0.0625
0 0.56796875 0.1703125 0.040625 0.0640625
0 0.38671875 0.34765625 0.0640625 0.078125
0 0.88984375 0.8015625 0.13125 0.1234375
0 0.4375 0.48671875 0.065625 0.059375
0 0.4796875 0.28984375 0.0375 0.059375
0 0.7359375 0.92890625 0.0796875 0.1265625
0 0.47734375 0.4328125 0.096875 0.0890625
0 0.91640625 0.475 0.1234375 0.0671875