0 0.86796875 0.54765625 0.0796875 0.1
0 0.24453125 0.49765625 0.190625 0.1453125
0 0.63359375 0.9078125 0.1234375 0.1015625
0 0.50625 0.52890625 0.084375 0.121875
0 0.8328125 0.0984375 0.0875 0.0953125
0 0.5484375 0.5859375 0.078125 0.0546875
0 0.4359375 0.67578125 0.0921875 0.090625
0 0.16015625 0.2828125 0.146875 0.1125
0 0.08125 0.4875 0.10625 0.0703125
0 0.94140625 0.540625 0.09375 0.1265625
0 0.05 0.76640625 0.05 0.0578125
0 0.18671875 0.734375 0.06875 0.071875
0 0.27109375 0.36484375 0.0953125 0.103125
0 0.6171875 0.75390625 0.1046875 0.0828125
0 0.1515625 0.60234375 0.1265625 0.1421875
0 0.2625 0.7109375 0.05625 0.0515625
0 0.7671875 0.19140625 0.1375 0.178125
0 0.20703125 0.1953125 0.1328125 0.13125
0 0.64609375 0.834375 0.0984375 0.125
0 0.82421875 0.31640625 0.140625 0.1484375
0 0.146875 0.80078125 0.05 0.0578125
0 0.76875 0.5390625 0.1375 0.11875
0 0.90625 0.68515625 0.0953125 0.1015625
0 0.46796875 0.30859375 0.1203125 0.1796875
0 0.69609375 0.43359375 0.115625 0.11875
0 0.1015625 0.95859375 0.1 0.078125
0 0.44296875 0.87890625 0.0765625 0.0625
0 0.534375 0.64921875 0.1140625 0.109375
0 0.3625 0.59375 0.0890625 0.1109375
0 0.10703125 0.1421875 0.0703125 0.1078125
0 0.33515625 0.7796875 0.0625 0.0609375
0 0.21640625 0.878125 0.071875 0.103125
0 0.0703125 0.3921875 0.140625 0.1421875
0 0.42109375 0.47734375 0.090625 0.0859375
0 0.65078125 0.69140625 0.1375 0.1375
0 0.2171875 0.79765625 0.053125 0.046875
0 0.3765625 0.05625 0.0796875 0.1125
0 0.9171875 0.11953125 0.134375 0.128125
0 0.3515625 0.86328125 0.084375 0.0953125
0 0.29296875 0.0375 0.109375 0.075
0 0.93671875 0.2046875 0.1234375 0.165625
0 0.821875 0.7046875 0.0828125 0.08125
0 0.2875 0.12109375 0.090625 0.115625
0 0.42109375 0.9515625 0.0984375 0.0953125
0 0.7296875 0.084375 0.1203125 0.1515625
0 0.65703125 0.22265625 0.06875 0.078125
0 0.04375 0.63671875 0.0875 0.11875
0 0.42734375 0.575 0.1015625 0.11875
0 0.73671875 0.91171875 0.06875 0.096875
0 0.15078125 0.85625 0.0953125 0.096875
0 0.87734375 0.9109375 0.184375 0.175
0 0.27734375 0.8046875 0.0734375 0.078125
0 0.87109375 0.44609375 0.0984375 0.0671875
0 0.96171875 0.44921875 0.0734375 0.071875
0 0.35859375 0.334375 0.1015625 0.0953125
0 0.58125 0.2984375 0.11875 0.15
0 0.41640625 0.83515625 0.0875 0.0921875
0 0.09296875 0.803125 0.0828125 0.090625
0 0.58203125 0.12109375 0.1421875 0.175
0 0.7 0.5984375 0.1 0.1203125
0 0.1234375 0.71171875 0.0640625 0.0796875
0 0.30078125 0.88125 0.0640625 0.040625
0 0.7890625 0.4234375 0.09375 0.0859375
0 0.2640625 0.60625 0.1296875 0.103125
0 0.196875 0.05859375 0.1046875 0.1171875