0 0.80859375 0.79375 0.0984375 0.103125
0 0.059375 0.5109375 0.1078125 0.10625
0 0.6703125 0.9234375 0.178125 0.1515625
0 0.890625 0.8671875 0.10625 0.0984375
0 0.6015625 0.17421875 0.15625 0.13125
0 0.2640625 0.334375 0.10625 0.159375
0 0.51640625 0.44296875 0.0890625 0.0765625
0 0.42421875 0.228125 0.1125 0.1015625
0 0.6640625 0.28125 0.084375 0.0953125
0 0.3375 0.2390625 0.06875 0.0765625
0 0.7453125 0.459375 0.0796875 0.1328125
0 0.23515625 0.196875 0.146875 0.1359375
0 0.4296875 0.05234375 0.1390625 0.1046875
0 0.89765625 0.3 0.1359375 0.1203125
0 0.084375 0.44140625 0.10625 0.0765625
0 0.51640625 0.509375 0.140625 0.1265625
0 0.34140625 0.3171875 0.090625 0.1046875
0 0.39765625 0.31484375 0.071875 0.090625
0 0.19921875 0.84609375 0.1296875 0.146875
0 0.26875 0.6515625 0.1359375 0.0875
0 0.53515625 0.30625 0.0796875 0.1234375
0 0.8125 0.2015625 0.10625 0.103125
0 0.7734375 0.5640625 0.134375 0.1140625
0 0.94296875 0.8015625 0.09375 0.0609375
0 0.93828125 0.07265625 0.1234375 0.1453125
0 0.63828125 0.35625 0.1109375 0.1140625
0 0.615625 0.46484375 0.13125 0.1421875
0 0.86796875 0.5890625 0.103125 0.134375
0 0.30859375 0.42109375 0.103125 0.1109375
0 0.84765625 0.2515625 0.0859375 0.0828125
0 0.13125 0.565625 0.1390625 0.06875
0 0.6875 0.4390625 0.075 0.0859375
0 0.1078125 0.84140625 0.090625 0.1296875
0 0.30078125 0.9390625 0.11875 0.121875
0 0.084375 0.6375 0.09375 0.1109375
0 0.33828125 0.8265625 0.071875 0.1015625
0 0.19296875 0.27109375 0.08125 0.090625
0 0.89453125 0.44765625 0.109375 0.1359375
0 0.87734375 0.790625 0.0484375 0.0515625
0 0.415625 0.7578125 0.1421875 0.18125
0 0.9234375 0.49375 0.0859375 0.090625
0 0.64140625 0.76484375 0.1125 0.115625
0 0.0875 0.07734375 0.153125 0.1546875
0 0.4890625 0.878125 0.125 0.1515625
0 0.3734375 0.4703125 0.13125 0.1484375
0 0.68515625 0.06328125 0.1796875 0.1265625
0 0.684375 0.81875 0.1109375 0.13125
0 0.37265625 0.07890625 0.1765625 0.1578125
0 0.70546875 0.37265625 0.0828125 0.09375
0 0.54296875 0.14296875 0.1421875 0.115625
0 0.5859375 0.26875 0.1015625 0.128125
0 0.125 0.73046875 0.115625 0.0953125
0 0.26796875 0.57109375 0.134375 0.1046875
0 0.93125 0.371875 0.0984375 0.0890625
0 0.11484375 0.9515625 0.0984375 0.0953125
0 0.55625 0.04453125 0.11875 0.0890625
0 0.7890625 0.7140625 0.1046875 0.09375
0 0.4609375 0.38984375 0.1109375 0.1171875
0 0.61015625 0.584375 0.1 0.0875
0 0.7921875 0.134375 0.1453125 0.15625
0 0.2796875 0.52421875 0.10625 0.0734375
0 0.4578125 0.28359375 0.09375 0.103125
0 0.1515625 0.34375 0.1453125 0.1625
0 0.8109375 0.4625 0.0765625 0.1
0 0.39921875 0.93125 0.109375 0.109375
0 0.809375 0.6484375 0.0890625 0.0703125
0 0.36640625 0.64375 0.0671875 0.0640625
0 0.69921875 0.66171875 0.1359375 0.1625
0 0.66953125 0.1125 0.09375 0.115625
0 0.47109375 0.9609375 0.0609375 0.0484375
0 0.08515625 0.2796875 0.134375 0.1421875
0 0.525 0.94609375 0.071875 0.096875
0 0.4 0.865625 0.071875 0.0828125
0 0.234375 0.07421875 0.125 0.1453125
0 0.46171875 0.5953125 0.16875 0.1375
0 0.94140625 0.73359375 0.115625 0.1125
0 0.8765625 0.68671875 0.1046875 0.0984375
0 0.38203125 0.37890625 0.06875 0.0609375
0 0.29140625 0.734375 0.178125 0.1734375
0 0.9375 0.1953125 0.1234375 0.1140625
0 0.74140625 0.83828125 0.0875 0.115625
0 0.84453125 0.728125 0.0609375 0.0703125
0 0.08828125 0.14921875 0.1390625 0.1296875
0 0.18671875 0.4890625 0.15 0.125
0 0.75703125 0.3078125 0.15 0.1640625
0 0.36015625 0.18203125 0.1140625 0.090625
0 0.559375 0.628125 0.1234375 0.125
0 0.8125 0.9234375 0.128125 0.1515625
0 0.17109375 0.6453125 0.1140625 0.1203125
0 0.22734375 0.92265625 0.140625 0.1546875
0 0.8328125 0.3890625 0.11875 0.1078125
0 0.67109375 0.5171875 0.08125 0.0703125