0 0.67890625 0.7828125 0.084375 0.0828125
0 0.9 0.20078125 0.0828125 0.0734375
0 0.56953125 0.8015625 0.0625 0.0609375
0 0.46875 0.034375 0.0375 0.0390625
0 0.078125 0.18359375 0.090625 0.084375
0 0.83984375 0.77265625 0.0609375 0.0625
0 0.640625 0.42578125 0.075 0.0796875
0 0.2921875 0.58515625 0.0609375 0.0640625
0 0.6234375 0.571875 0.0328125 0.03125
0 0.9234375 0.596875 0.065625 0.0609375
0 0.88203125 0.36796875 0.0859375 0.1078125
0 0.915625 0.40859375 0.0515625 0.053125
0 0.15234375 0.56328125 0.0578125 0.0625
0 0.38828125 0.44921875 0.090625 0.06875
0 0.815625 0.896875 0.084375 0.0765625
0 0.1578125 0.19375 0.0828125 0.0921875
0 0.42265625 0.72109375 0.0453125 0.0375
0 0.34921875 0.1171875 0.05625 0.0609375
0 0.92578125 0.26015625 0.071875 0.0796875
0 0.384375 0.22265625 0.071875 0.0828125
0 0.24921875 0.54375 0.06875 0.0515625
0 0.684375 0.02734375 0.071875 0.0546875
0 0.66328125 0.1 0.053125 0.0453125
0 0.06953125 0.028125 0.0640625 0.05625
0 0.78359375 0.45 0.1703125 0.1125
0 0.29296875 0.06484375 0.090625 0.0890625
0 0.79296875 0.7359375 0.071875 0.059375
0 0.228125 0.1375 0.0859375 0.0640625
0 0.15546875 0.8 0.0328125 0.034375
0 0.14296875 0.3328125 0.1078125 0.0703125
0 0.7890625 0.2828125 0.034375 0.0390625
0 0.18046875 0.65703125 0.06875 0.0640625
0 0.54296875 0.84765625 0.046875 0.053125
0 0.62578125 0.95703125 0.0375 0.0484375
0 0.4109375 0.353125 0.0390625 0.0359375
0 0.09453125 0.6375 0.0625 0.0484375
0 0.1734375 0.7546875 0.090625 0.0734375
0 0.42109375 0.52421875 0.0359375 0.0328125
0 0.36640625 0.7109375 0.0578125 0.053125
0 0.6796875 0.1421875 0.065625 0.0640625
0 0.45625 0.41171875 0.0875 0.078125
0 0.37890625 0.75546875 0.053125 0.0734375
0 0.55 0.63203125 0.0671875 0.0640625
0 0.7 0.075 0.0625 0.071875
0 0.24375 0.596875 0.05625 0.0609375
0 0.41171875 0.64140625 0.03125 0.0359375
0 0.44453125 0.21171875 0.078125 0.08125
0 0.39609375 0.03828125 0.05625 0.065625
0 0.71875 0.38828125 0.05625 0.0703125
0 0.77265625 0.24609375 0.05 0.0484375
0 0.05859375 0.478125 0.0921875 0.059375
0 0.5734375 0.46640625 0.0734375 0.059375
0 0.69375 0.33046875 0.0609375 0.0609375
0 0.2140625 0.48203125 0.08125 0.0703125
0 0.80390625 0.13359375 0.1015625 0.078125
0 0.7671875 0.6890625 0.04375 0.0390625
0 0.58203125 0.8578125 0.046875 0.0515625
0 0.80234375 0.24453125 0.0296875 0.0359375
0 0.728125 0.68984375 0.05625 0.0484375
0 0.375 0.16953125 0.040625 0.046875
0 0.03671875 0.678125 0.0734375 0.0796875
0 0.4953125 0.68671875 0.0484375 0.0578125
0 0.434375 0.2734375 0.0421875 0.0515625
0 0.84921875 0.81875 0.0546875 0.0546875
0 0.4078125 0.81796875 0.0453125 0.0453125
0 0.040625 0.41484375 0.08125 0.078125
0 0.80078125 0.20234375 0.0828125 0.08125
0 0.50078125 0.8234375 0.0375 0.05
0 0.65625 0.88125 0.0703125 0.0625
0 0.46171875 0.7171875 0.0328125 0.028125
0 0.1453125 0.4046875 0.096875 0.096875
0 0.071875 0.8078125 0.0828125 0.096875
0 0.275 0.62890625 0.0671875 0.0484375
0 0.21328125 0.63046875 0.0515625 0.05
0 0.2 0.54921875 0.0546875 0.0453125
0 0.49140625 0.1328125 0.0703125 0.075
0 0.225 0.3890625 0.053125 0.05
0 0.44296875 0.35546875 0.0359375 0.0328125
0 0.8171875 0.2859375 0.0796875 0.0921875
0 0.76875 0.6546875 0.0515625 0.05625
0 0.26328125 0.8328125 0.0546875 0.0578125
0 0.51640625 0.453125 0.0375 0.040625
0 0.08125 0.3921875 0.0453125 0.0453125
0 0.5640625 0.10234375 0.0703125 0.078125
0 0.921875 0.9234375 0.0515625 0.05
0 0.65078125 0.06484375 0.05625 0.040625
0 0.8625 0.24375 0.071875 0.078125
0 0.31171875 0.4140625 0.0359375 0.0265625
0 0.5078125 0.8703125 0.06875 0.0546875
0 0.4640625 0.465625 0.0671875 0.059375
0 0.08046875 0.9734375 0.046875 0.0484375
0 0.6453125 0.6921875 0.0375 0.0546875
0 0.08671875 0.23828125 0.0609375 0.0515625
0 0.796875 0.82578125 0.0765625 0.078125
0 0.346875 0.6 0.0515625 0.075
0 0.4734375 0.7953125 0.0421875 0.059375
0 0.4953125 0.7390625 0.0515625 0.0484375
0 0.3375 0.80703125 0.0359375 0.05
0 0.4609375 0.90546875 0.0453125 0.0515625
0 0.371875 0.48046875 0.0421875 0.0265625
0 0.23984375 0.25546875 0.0734375 0.0671875
0 0.5140625 0.5015625 0.0765625 0.06875
0 0.6109375 0.0375 0.065625 0.0671875
0 0.0421875 0.2625 0.084375 0.065625
0 0.1015625 0.67578125 0.0828125 0.06875
0 0.4484375 0.3203125 0.0484375 0.0484375
0 0.30625 0.7421875 0.059375 0.059375
0 0.7484375 0.29921875 0.06875 0.05625
0 0.440625 0.65 0.0484375 0.0390625
0 0.525 0.803125 0.0390625 0.0390625
0 0.8140625 0.65625 0.05 0.0515625
0 0.6453125 0.35546875 0.103125 0.084375
0 0.859375 0.56484375 0.0640625 0.0453125
0 0.46171875 0.75859375 0.0375 0.04375
0 0.6859375 0.68359375 0.0546875 0.065625
0 0.56484375 0.3375 0.05625 0.0796875
0 0.78125 0.5328125 0.134375 0.09375
0 0.81328125 0.70390625 0.05625 0.0546875
0 0.21875 0.43984375 0.0640625 0.046875
0 0.08046875 0.103125 0.1171875 0.1015625
0 0.94921875 0.35078125 0.0796875 0.0921875
0 0.6578125 0.9375 0.0609375 0.0625
0 0.8421875 0.95390625 0.05625 0.040625
0 0.1125 0.278125 0.0625 0.06875
0 0.27421875 0.428125 0.0609375 0.0421875
0 0.571875 0.68984375 0.065625 0.0671875
0 0.81640625 0.35625 0.0671875 0.0671875
0 0.5625 0.4109375 0.090625 0.0734375
0 0.28359375 0.2890625 0.0796875 0.0796875
0 0.51015625 0.065625 0.0453125 0.053125
0 0.7265625 0.140625 0.059375 0.0875
0 0.571875 0.259375 0.065625 0.05625
0 0.39453125 0.89453125 0.0765625 0.0671875
0 0.89453125 0.66796875 0.0515625 0.046875
0 0.9640625 0.14375 0.06875 0.1265625
0 0.896875 0.8796875 0.0875 0.071875
0 0.1703125 0.12265625 0.0640625 0.0640625
0 0.3734375 0.8109375 0.040625 0.0453125
0 0.27421875 0.4765625 0.05 0.05625
0 0.2609375 0.51484375 0.0578125 0.04375
0 0.4 0.94921875 0.090625 0.0640625
0 0.6515625 0.4984375 0.0859375 0.0890625
0 0.515625 0.578125 0.0875 0.0515625
0 0.44453125 0.61953125 0.0515625 0.0484375
0 0.4953125 0.5265625 0.0390625 0.0453125
0 0.715625 0.65703125 0.0453125 0.04375
0 0.20078125 0.58046875 0.04375 0.034375
0 0.75625 0.3609375 0.075 0.071875
0 0.54765625 0.16796875 0.0640625 0.075
0 0.03671875 0.59375 0.0734375 0.0875
0 0.91875 0.4828125 0.15 0.1203125
0 0.6875 0.7296875 0.0890625 0.0515625
0 0.3359375 0.75625 0.0640625 0.0515625
0 0.4625 0.56015625 0.0515625 0.0421875
0 0.90625 0.828125 0.08125 0.0609375
0 0.490625 0.9578125 0.0796875 0.08125
0 0.6015625 0.62734375 0.0546875 0.0953125
0 0.140625 0.51171875 0.0640625 0.05625
0 0.71484375 0.90078125 0.075 0.06875
0 0.6265625 0.64609375 0.0578125 0.096875
0 0.20859375 0.96796875 0.06875 0.0609375
0 0.5015625 0.4265625 0.0296875 0.0359375
0 0.5328125 0.70234375 0.046875 0.0640625
0 0.44140625 0.8359375 0.0375 0.05625
0 0.303125 0.8046875 0.0453125 0.0515625
0 0.81875 0.05234375 0.0921875 0.090625
0 0.509375 0.35234375 0.04375 0.046875
0 0.5234375 0.92265625 0.071875 0.053125
0 0.91171875 0.7578125 0.096875 0.0890625
0 0.57109375 0.20625 0.0796875 0.065625
0 0.6390625 0.82734375 0.084375 0.0703125
0 0.4 0.690625 0.0328125 0.0375
0 0.38125 0.5140625 0.0296875 0.0375
0 0.890625 0.15078125 0.109375 0.0796875
0 0.246875 0.17578125 0.0765625 0.0546875
0 0.878125 0.60390625 0.05625 0.0609375
0 0.77578125 0.94375 0.0765625 0.0625
0 0.3546875 0.540625 0.046875 0.05
0 0.3203125 0.1984375 0.0515625 0.0578125
0 0.40703125 0.3171875 0.0421875 0.05
0 0.2921875 0.1453125 0.0671875 0.065625
0 0.515625 0.7671875 0.034375 0.034375
0 0.6671875 0.2875 0.0796875 0.0546875
0 0.2109375 0.3140625 0.0703125 0.0703125
0 0.59765625 0.53671875 0.0640625 0.04375
0 0.74609375 0.7609375 0.0765625 0.1140625
0 0.959375 0.9421875 0.065625 0.05625
0 0.640625 0.234375 0.0671875 0.0765625
0 0.284375 0.3703125 0.1 0.0890625
0 0.4109375 0.50625 0.05 0.0609375
0 0.75234375 0.88203125 0.05 0.06875
0 0.36484375 0.28671875 0.1140625 0.1078125
0 0.61015625 0.12265625 0.071875 0.109375
0 0.57421875 0.92109375 0.0796875 0.0984375
0 0.19140625 0.51640625 0.0515625 0.0328125
0 0.50234375 0.21875 0.046875 0.040625
0 0.9265625 0.0625 0.0859375 0.06875
0 0.090625 0.44296875 0.0578125 0.046875