0 0.33046875 0.84375 0.0703125 0.078125
0 0.725 0.95703125 0.1109375 0.0796875
0 0.265625 0.76796875 0.059375 0.0609375
0 0.07734375 0.19609375 0.090625 0.11875
0 0.8953125 0.2328125 0.1 0.075
0 0.5625 0.63359375 0.0546875 0.0578125
0 0.34921875 0.784375 0.0984375 0.1046875
0 0.68203125 0.75703125 0.0828125 0.0703125
0 0.66875 0.17421875 0.090625 0.0953125
0 0.8484375 0.13984375 0.071875 0.0859375
0 0.9484375 0.52734375 0.1 0.06875
0 0.6046875 0.21796875 0.040625 0.04375
0 0.91328125 0.10234375 0.065625 0.0859375
0 0.21328125 0.44296875 0.053125 0.0515625
0 0.49140625 0.646875 0.084375 0.0671875
0 0.0359375 0.05390625 0.071875 0.0828125
0 0.421875 0.66796875 0.0625 0.05625
0 0.2859375 0.665625 0.084375 0.0671875
0 0.49609375 0.1390625 0.0828125 0.1203125
0 0.61484375 0.14453125 0.075 0.0875
0 0.11953125 0.9515625 0.0640625 0.0671875
0 0.2671875 0.46171875 0.05625 0.0609375
0 0.3734375 0.49296875 0.05625 0.0515625
0 0.94140625 0.6203125 0.0703125 0.078125
0 0.4265625 0.95390625 0.1171875 0.0875
0 0.5859375 0.609375 0.0359375 0.040625
0 0.52421875 0.521875 0.04375 0.0484375
0 0.171875 0.625 0.071875 0.06875
0 0.72421875 0.90625 0.0703125 0.0828125
0 0.20625 0.8375 0.096875 0.109375
0 0.18359375 0.93515625 0.121875 0.1
0 0.75703125 0.72109375 0.0671875 0.0484375
0 0.3234375 0.3671875 0.05625 0.05625
0 0.47890625 0.76171875 0.115625 0.103125
0 0.190625 0.16484375 0.08125 0.05625
0 0.646875 0.5640625 0.059375 0.059375
0 0.57109375 0.48125 0.0578125 0.0546875
0 0.26640625 0.33359375 0.0609375 0.0703125
0 0.19765625 0.3453125 0.053125 0.05625
0 0.42734375 0.86640625 0.0828125 0.09375
0 0.20625 0.2359375 0.125 0.1078125
0 0.53125 0.86796875 0.0953125 0.1390625
0 0.4296875 0.60390625 0.1046875 0.0828125
0 0.090625 0.03671875 0.0765625 0.0734375
0 0.24609375 0.0265625 0.0671875 0.053125
0 0.63515625 0.8890625 0.11875 0.1078125
0 0.76875 0.6671875 0.09375 0.084375
0 0.53203125 0.365625 0.040625 0.040625
0 0.5984375 0.73203125 0.115625 0.084375
0 0.2421875 0.72109375 0.0515625 0.053125
0 0.8859375 0.8890625 0.096875 0.0796875
0 0.32421875 0.0546875 0.0421875 0.0609375
0 0.628125 0.28046875 0.053125 0.0484375
0 0.71171875 0.62109375 0.1 0.0796875
0 0.03671875 0.5015625 0.0734375 0.0953125
0 0.5953125 0.525 0.084375 0.071875
0 0.8125 0.36875 0.0859375 0.0859375
0 0.41328125 0.38515625 0.05 0.06875
0 0.66328125 0.4921875 0.0703125 0.05625
0 0.35625 0.6203125 0.059375 0.053125
0 0.34453125 0.31484375 0.0625 0.078125
0 0.76796875 0.5625 0.1078125 0.0796875
0 0.225 0.40390625 0.0640625 0.0609375
0 0.83203125 0.29453125 0.115625 0.06875
0 0.703125 0.709375 0.059375 0.078125
0 0.3265625 0.46796875 0.06875 0.0765625
0 0.76875 0.175 0.0859375 0.0859375
0 0.515625 0.60625 0.065625 0.0671875
0 0.16953125 0.5234375 0.0734375 0.084375
0 0.3109375 0.13828125 0.1 0.10625
0 0.3828125 0.10390625 0.078125 0.0875
0 0.04140625 0.76640625 0.0828125 0.1
0 0.04765625 0.3078125 0.0953125 0.11875
0 0.53046875 0.41875 0.0453125 0.05
0 0.13203125 0.3484375 0.09375 0.0984375
0 0.48984375 0.28125 0.059375 0.0671875
0 0.15 0.44921875 0.0828125 0.0796875
0 0.29921875 0.2734375 0.0390625 0.034375
0 0.82734375 0.03671875 0.0984375 0.0734375
0 0.884375 0.68984375 0.090625 0.1
0 0.57890625 0.3859375 0.0421875 0.040625
0 0.9515625 0.69453125 0.0953125 0.0765625
0 0.6109375 0.0375 0.0796875 0.071875
0 0.9578125 0.76328125 0.0796875 0.0765625
0 0.1015625 0.525 0.0765625 0.065625
0 0.56171875 0.290625 0.1125 0.1046875
0 0.71953125 0.81015625 0.090625 0.08125
0 0.89609375 0.84609375 0.0625 0.059375
0 0.55 0.1703125 0.0546875 0.0875
0 0.87421875 0.78515625 0.09375 0.084375
0 0.390625 0.346875 0.0625 0.0671875
0 0.62109375 0.37734375 0.05625 0.065625
0 0.8421875 0.5234375 0.0921875 0.0828125
0 0.44375 0.4703125 0.0796875 0.053125
0 0.5234375 0.475 0.05 0.0421875
0 0.63515625 0.328125 0.05625 0.05625
0 0.61640625 0.6796875 0.0703125 0.059375
0 0.696875 0.25703125 0.09375 0.09375
0 0.4171875 0.2078125 0.125 0.1421875
0 0.94453125 0.36796875 0.096875 0.109375
0 0.30625 0.21796875 0.1 0.06875
0 0.8609375 0.728125 0.090625 0.1078125
0 0.19453125 0.30546875 0.0609375 0.0515625
0 0.5265625 0.56171875 0.0515625 0.0390625
0 0.39765625 0.4234375 0.034375 0.040625
0 0.55390625 0.2328125 0.0515625 0.0359375
0 0.87578125 0.60078125 0.0953125 0.0828125
0 0.31015625 0.546875 0.115625 0.1
0 0.178125 0.05859375 0.115625 0.090625
0 0.8046875 0.84609375 0.0578125 0.0484375
0 0.45390625 0.36484375 0.059375 0.078125
0 0.128125 0.26015625 0.059375 0.0609375