0 0.515625 0.065625 0.15 0.13125
0 0.37734375 0.0390625 0.1171875 0.078125
0 0.9328125 0.74296875 0.13125 0.275
0 0.128125 0.41015625 0.1046875 0.0875
0 0.525 0.384375 0.1734375 0.1578125
0 0.375 0.29609375 0.175 0.178125
0 0.5109375 0.4859375 0.1015625 0.0828125
0 0.7953125 0.7328125 0.2546875 0.3046875
0 0.39375 0.8421875 0.25625 0.3140625
0 0.409375 0.4875 0.15625 0.1953125
0 0.3265625 0.4078125 0.078125 0.0765625
0 0.61640625 0.5078125 0.1703125 0.134375
0 0.68515625 0.61484375 0.2125 0.19375
0 0.10703125 0.7796875 0.2140625 0.2234375
0 0.0546875 0.64296875 0.10625 0.1109375
0 0.2265625 0.3828125 0.09375 0.0796875
0 0.5796875 0.65390625 0.1328125 0.159375
0 0.8328125 0.33046875 0.11875 0.1296875
0 0.70703125 0.24375 0.2078125 0.1875
0 0.38671875 0.134375 0.11875 0.1515625
0 0.16875 0.62578125 0.1515625 0.1515625
0 0.771875 0.18046875 0.1171875 0.13125
0 0.32890625 0.70078125 0.2328125 0.19375
0 0.05234375 0.54453125 0.1046875 0.11875
0 0.82578125 0.92734375 0.2515625 0.1453125
0 0.7328125 0.46015625 0.0875 0.1328125
0 0.58203125 0.82734375 0.2578125 0.3421875
0 0.06015625 0.14921875 0.1203125 0.14375
0 0.51015625 0.25625 0.121875 0.1625
0 0.6984375 0.80625 0.1125 0.121875
0 0.296875 0.09921875 0.1015625 0.1203125
0 0.6625 0.365625 0.1703125 0.1734375
0 0.31484375 0.54140625 0.1390625 0.1484375
0 0.19921875 0.4875 0.184375 0.15
0 0.0890625 0.30546875 0.178125 0.178125
0 0.05390625 0.43203125 0.1078125 0.1609375
0 0.44453125 0.1890625 0.0890625 0.0921875
0 0.9375 0.1328125 0.121875 0.2203125
0 0.09453125 0.059375 0.0953125 0.103125
0 0.865625 0.19921875 0.11875 0.159375
0 0.2515625 0.24296875 0.1890625 0.2140625
0 0.91171875 0.39609375 0.103125 0.0984375
0 0.20234375 0.10625 0.0984375 0.1546875