0 0.25 0.13203125 0.0640625 0.0625
0 0.346875 0.93515625 0.1625 0.128125
0 0.8796875 0.09296875 0.128125 0.153125
0 0.33046875 0.30859375 0.09375 0.0875
0 0.6359375 0.684375 0.08125 0.0609375
0 0.7734375 0.3671875 0.0875 0.075
0 0.42734375 0.55390625 0.071875 0.071875
0 0.7234375 0.48125 0.1015625 0.1140625
0 0.725 0.7953125 0.090625 0.10625
0 0.71796875 0.1375 0.0875 0.090625
0 0.57421875 0.63984375 0.1015625 0.096875
0 0.9671875 0.56015625 0.0609375 0.09375
0 0.9515625 0.6453125 0.0953125 0.084375
0 0.23515625 0.45078125 0.15 0.1375
0 0.78671875 0.13671875 0.08125 0.1
0 0.33984375 0.2078125 0.05625 0.0609375
0 0.78828125 0.04765625 0.1390625 0.0953125
0 0.19453125 0.8890625 0.2046875 0.2125
0 0.5375 0.37890625 0.0890625 0.0921875
0 0.965625 0.21484375 0.06875 0.075
0 0.96328125 0.7953125 0.071875 0.115625
0 0.63515625 0.52109375 0.059375 0.059375
0 0.0703125 0.66796875 0.1109375 0.090625
0 0.9453125 0.2828125 0.1078125 0.103125
0 0.0765625 0.584375 0.153125 0.128125
0 0.40625 0.47578125 0.0609375 0.0765625
0 0.94296875 0.89375 0.1109375 0.1078125
0 0.60859375 0.234375 0.08125 0.071875
0 0.90859375 0.53515625 0.128125 0.1234375
0 0.70859375 0.246875 0.128125 0.1390625
0 0.46484375 0.36015625 0.071875 0.0890625
0 0.6296875 0.14453125 0.0953125 0.0875
0 0.83046875 0.74375 0.1 0.0890625
0 0.03671875 0.50390625 0.0734375 0.071875
0 0.65 0.73203125 0.096875 0.109375
0 0.3734375 0.40390625 0.0953125 0.0984375
0 0.75 0.5671875 0.1015625 0.090625
0 0.3375 0.13984375 0.0859375 0.0953125
0 0.621875 0.46015625 0.075 0.078125
0 0.940625 0.059375 0.1171875 0.11875
0 0.88125 0.76171875 0.1109375 0.0953125
0 0.9296875 0.7109375 0.08125 0.0734375
0 0.321875 0.796875 0.1578125 0.140625
0 0.48828125 0.26640625 0.0984375 0.0921875
0 0.221875 0.56953125 0.134375 0.1078125
0 0.67734375 0.58203125 0.0734375 0.075
0 0.4125 0.296875 0.08125 0.109375
0 0.48671875 0.49296875 0.1390625 0.175
0 0.665625 0.64140625 0.0640625 0.0578125
0 0.8 0.521875 0.078125 0.090625
0 0.44609375 0.62109375 0.0875 0.1
0 0.09375 0.29296875 0.121875 0.1375
0 0.50390625 0.775 0.103125 0.1359375
0 0.55625 0.45234375 0.0671875 0.0859375
0 0.84609375 0.66875 0.11875 0.109375
0 0.45546875 0.17421875 0.1390625 0.13125
0 0.30625 0.0546875 0.0984375 0.103125
0 0.61640625 0.06328125 0.1484375 0.1140625
0 0.09765625 0.44375 0.1546875 0.1421875
0 0.29375 0.234375 0.0625 0.0671875
0 0.19375 0.6796875 0.1859375 0.190625
0 0.040625 0.34140625 0.08125 0.109375
0 0.56328125 0.7484375 0.078125 0.0921875
0 0.11015625 0.74765625 0.1109375 0.15625
0 0.75546875 0.2828125 0.0921875 0.1046875
0 0.5875 0.55078125 0.059375 0.0515625