0 0.89453125 0.22265625 0.1359375 0.0890625
0 0.65625 0.76484375 0.078125 0.0828125
0 0.3046875 0.36171875 0.1015625 0.121875
0 0.13515625 0.209375 0.1171875 0.1171875
0 0.5171875 0.73359375 0.075 0.103125
0 0.42890625 0.86015625 0.115625 0.1171875
0 0.43359375 0.709375 0.1078125 0.10625
0 0.0421875 0.2484375 0.084375 0.13125
0 0.3765625 0.62109375 0.1609375 0.1703125
0 0.92734375 0.0625 0.14375 0.125
0 0.92734375 0.46328125 0.103125 0.084375
0 0.11328125 0.7921875 0.0875 0.09375
0 0.50234375 0.1234375 0.096875 0.1078125
0 0.79609375 0.528125 0.1125 0.128125
0 0.1171875 0.10859375 0.1 0.09375
0 0.3078125 0.4625 0.1171875 0.11875
0 0.41953125 0.3484375 0.09375 0.1171875
0 0.51796875 0.82109375 0.0671875 0.08125
0 0.4796875 0.31328125 0.146875 0.146875
0 0.6921875 0.5296875 0.065625 0.0609375
0 0.59765625 0.2078125 0.1484375 0.1546875
0 0.62109375 0.62109375 0.0953125 0.10625
0 0.56796875 0.06328125 0.0984375 0.1265625
0 0.53046875 0.4296875 0.09375 0.1234375
0 0.0484375 0.41953125 0.096875 0.1265625
0 0.128125 0.29765625 0.1 0.1
0 0.58359375 0.84609375 0.084375 0.06875
0 0.7046875 0.58828125 0.08125 0.071875
0 0.88046875 0.7515625 0.078125 0.0578125
0 0.8609375 0.5375 0.0734375 0.1203125
0 0.9390625 0.5390625 0.1140625 0.1125
0 0.234375 0.80390625 0.0828125 0.09375
0 0.046875 0.72734375 0.09375 0.0984375
0 0.9546875 0.6703125 0.090625 0.10625
0 0.3203125 0.08984375 0.0953125 0.1078125
0 0.2328125 0.26953125 0.10625 0.121875
0 0.6515625 0.83828125 0.08125 0.084375
0 0.915625 0.28359375 0.0953125 0.0953125
0 0.759375 0.77734375 0.128125 0.134375
0 0.709375 0.05078125 0.078125 0.0859375
0 0.84296875 0.3203125 0.1359375 0.1046875
0 0.6953125 0.14296875 0.09375 0.121875
0 0.625 0.08125 0.0921875 0.1390625
0 0.140625 0.409375 0.1171875 0.15
0 0.78984375 0.09453125 0.1 0.115625
0 0.22890625 0.38203125 0.0828125 0.11875
0 0.43359375 0.0453125 0.084375 0.0890625
0 0.41015625 0.153125 0.0859375 0.0984375
0 0.9515625 0.390625 0.0953125 0.0921875
0 0.728125 0.6828125 0.1046875 0.115625
0 0.58984375 0.76796875 0.08125 0.1
0 0.03984375 0.5125 0.0796875 0.1125
0 0.25859375 0.04609375 0.065625 0.0921875
0 0.63125 0.3296875 0.1625 0.15625
0 0.8625 0.6828125 0.0921875 0.096875
0 0.34921875 0.3078125 0.09375 0.1359375
0 0.234375 0.15703125 0.0734375 0.0765625
0 0.17265625 0.103125 0.0765625 0.0859375
0 0.11328125 0.49765625 0.0515625 0.0484375
0 0.3375 0.203125 0.0953125 0.103125
0 0.9109375 0.90546875 0.1765625 0.1890625
0 0.5359375 0.571875 0.096875 0.109375
0 0.85 0.4078125 0.0828125 0.0953125
0 0.2984375 0.74140625 0.1265625 0.128125
0 0.4828125 0.196875 0.1015625 0.1171875
0 0.87890625 0.05 0.1359375 0.1
0 0.61484375 0.6984375 0.1328125 0.09375
0 0.7890625 0.21484375 0.1609375 0.1484375
0 0.1609375 0.6875 0.14375 0.1453125