0 0.82578125 0.0546875 0.05 0.0640625
0 0.8453125 0.1421875 0.065625 0.0515625
0 0.9078125 0.48203125 0.084375 0.0875
0 0.7828125 0.8328125 0.053125 0.05625
0 0.8234375 0.33671875 0.028125 0.04375
0 0.80703125 0.1890625 0.040625 0.0359375
0 0.24765625 0.30234375 0.059375 0.046875
0 0.1078125 0.13671875 0.0578125 0.04375
0 0.415625 0.07578125 0.028125 0.0359375
0 0.7265625 0.3578125 0.04375 0.04375
0 0.56875 0.68203125 0.028125 0.0296875
0 0.48984375 0.57421875 0.0328125 0.034375
0 0.23125 0.9390625 0.1265625 0.1203125
0 0.228125 0.15234375 0.05 0.06875
0 0.6734375 0.3140625 0.028125 0.0296875
0 0.390625 0.115625 0.0296875 0.0265625
0 0.11328125 0.17578125 0.04375 0.04375
0 0.51953125 0.153125 0.0390625 0.0453125
0 0.5140625 0.38125 0.0453125 0.04375
0 0.20234375 0.4703125 0.0359375 0.05
0 0.1921875 0.22421875 0.040625 0.0375
0 0.82421875 0.5984375 0.0453125 0.040625
0 0.34921875 0.3140625 0.0515625 0.0484375
0 0.7421875 0.65390625 0.0515625 0.0453125
0 0.7625 0.9453125 0.04375 0.046875
0 0.76953125 0.70234375 0.0625 0.0625
0 0.7078125 0.51796875 0.0484375 0.0359375
0 0.87109375 0.06328125 0.059375 0.065625
0 0.203125 0.296875 0.034375 0.04375
0 0.503125 0.453125 0.0390625 0.0296875
0 0.1484375 0.05 0.046875 0.04375
0 0.6421875 0.35546875 0.0671875 0.0609375
0 0.303125 0.225 0.0296875 0.0390625
0 0.75546875 0.49375 0.0515625 0.059375
0 0.55390625 0.46875 0.021875 0.025
0 0.95703125 0.85703125 0.0859375 0.053125
0 0.06640625 0.065625 0.053125 0.0640625
0 0.6953125 0.1109375 0.0484375 0.040625
0 0.1515625 0.34296875 0.075 0.0625
0 0.25546875 0.8296875 0.0765625 0.0703125
0 0.23203125 0.76953125 0.103125 0.075
0 0.09453125 0.27109375 0.0734375 0.0578125
0 0.25625 0.36875 0.0484375 0.03125
0 0.5203125 0.41875 0.05 0.0390625
0 0.62890625 0.09140625 0.025 0.03125
0 0.30859375 0.1578125 0.040625 0.040625
0 0.74609375 0.8109375 0.059375 0.0546875
0 0.92578125 0.9625 0.0515625 0.0359375
0 0.290625 0.3140625 0.0328125 0.0328125
0 0.371875 0.3703125 0.075 0.0734375
0 0.35078125 0.859375 0.109375 0.0984375
0 0.53828125 0.06640625 0.040625 0.05625
0 0.271875 0.3453125 0.021875 0.021875
0 0.765625 0.75546875 0.0625 0.05625
0 0.875 0.3390625 0.0578125 0.0546875
0 0.40390625 0.453125 0.075 0.071875
0 0.7578125 0.13203125 0.046875 0.0609375
0 0.071875 0.671875 0.1 0.0953125
0 0.1734375 0.2921875 0.0296875 0.0390625
0 0.5421875 0.6109375 0.0828125 0.0671875
0 0.48828125 0.9078125 0.0796875 0.121875
0 0.67890625 0.69453125 0.05 0.05625
0 0.615625 0.6546875 0.059375 0.059375
0 0.73671875 0.271875 0.05 0.0515625
0 0.46484375 0.3828125 0.0453125 0.040625
0 0.2390625 0.475 0.0484375 0.0625
0 0.24375 0.67578125 0.1484375 0.11875
0 0.26875 0.16015625 0.040625 0.04375
0 0.55546875 0.54453125 0.10625 0.0703125
0 0.06484375 0.33984375 0.0484375 0.0453125
0 0.6671875 0.959375 0.075 0.0765625
0 0.284375 0.428125 0.0734375 0.0484375
0 0.11328125 0.03671875 0.028125 0.04375
0 0.790625 0.346875 0.034375 0.0359375
0 0.10625 0.91875 0.1265625 0.0921875
0 0.3921875 0.16015625 0.0234375 0.040625
0 0.4140625 0.3046875 0.04375 0.0421875
0 0.24140625 0.3296875 0.03125 0.0296875
0 0.37734375 0.03828125 0.071875 0.0625
0 0.85703125 0.87734375 0.071875 0.0765625
0 0.11171875 0.090625 0.0453125 0.05
0 0.65234375 0.2265625 0.0640625 0.04375
0 0.70703125 0.4875 0.03125 0.0265625
0 0.74765625 0.07265625 0.05 0.059375
0 0.9234375 0.1171875 0.046875 0.0515625
0 0.32578125 0.228125 0.028125 0.0390625
0 0.52421875 0.70546875 0.034375 0.0375
0 0.0671875 0.17109375 0.0375 0.0296875
0 0.47578125 0.48515625 0.0484375 0.0515625
0 0.040625 0.4859375 0.08125 0.13125
0 0.93515625 0.615625 0.0625 0.0453125
0 0.56953125 0.89765625 0.0578125 0.0828125
0 0.5515625 0.19296875 0.0359375 0.03125
0 0.14609375 0.2359375 0.040625 0.04375
0 0.58359375 0.80625 0.0421875 0.0640625
0 0.41640625 0.8046875 0.065625 0.1015625
0 0.63359375 0.45078125 0.05625 0.053125
0 0.540625 0.11953125 0.0421875 0.05
0 0.53125 0.8109375 0.0765625 0.075
0 0.6296875 0.0484375 0.0671875 0.053125
0 0.12734375 0.671875 0.0921875 0.0671875
0 0.43984375 0.0234375 0.0609375 0.046875
0 0.6984375 0.0546875 0.0546875 0.0640625
0 0.38359375 0.515625 0.065625 0.0546875
0 0.1109375 0.821875 0.1328125 0.1265625
0 0.5578125 0.38515625 0.0453125 0.0421875
0 0.49140625 0.05546875 0.0734375 0.0578125
0 0.284375 0.0453125 0.053125 0.053125
0 0.8625 0.946875 0.0765625 0.0671875
0 0.11328125 0.59375 0.1 0.09375
0 0.65 0.084375 0.0265625 0.0296875
0 0.66796875 0.53515625 0.0515625 0.05625
0 0.49609375 0.2109375 0.0328125 0.0375
0 0.62265625 0.5328125 0.0359375 0.053125
0 0.475 0.2640625 0.053125 0.0328125
0 0.9375 0.759375 0.05625 0.0515625
0 0.3890625 0.2125 0.053125 0.0578125
0 0.79765625 0.909375 0.05 0.0609375
0 0.84140625 0.4953125 0.0578125 0.0640625
0 0.15546875 0.140625 0.0484375 0.0484375
0 0.36640625 0.0796875 0.03125 0.0328125
0 0.28046875 0.4796875 0.0484375 0.059375
0 0.61796875 0.7671875 0.0765625 0.0984375
0 0.33515625 0.0921875 0.028125 0.0265625
0 0.2640625 0.07890625 0.040625 0.0375
0 0.20546875 0.33984375 0.0375 0.034375
0 0.0375 0.5765625 0.075 0.090625
0 0.4375 0.1875 0.06875 0.05625
0 0.44609375 0.13046875 0.034375 0.046875
0 0.14765625 0.2859375 0.025 0.034375
0 0.5453125 0.32734375 0.04375 0.04375
0 0.78671875 0.54609375 0.0421875 0.05
0 0.28671875 0.115625 0.04375 0.0484375
0 0.90546875 0.8078125 0.0921875 0.0625
0 0.675 0.49140625 0.046875 0.0390625
0 0.5875 0.353125 0.04375 0.040625
0 0.5390625 0.95 0.0609375 0.065625
0 0.3328125 0.77734375 0.1015625 0.071875
0 0.25703125 0.21328125 0.0609375 0.0453125
0 0.43828125 0.06875 0.0359375 0.04375
0 0.18984375 0.07578125 0.0296875 0.0390625
0 0.3046875 0.08125 0.0328125 0.0390625
0 0.48515625 0.78046875 0.053125 0.0796875
0 0.34765625 0.26171875 0.0765625 0.0546875
0 0.6421875 0.271875 0.059375 0.0453125
0 0.57265625 0.4796875 0.021875 0.025
0 0.06875 0.14296875 0.0328125 0.0375
0 0.321875 0.0453125 0.0328125 0.0421875
0 0.92890625 0.2375 0.071875 0.0625
0 0.89921875 0.2828125 0.05625 0.0375
0 0.240625 0.26171875 0.040625 0.04375
0 0.82421875 0.55078125 0.0390625 0.0390625
0 0.94296875 0.571875 0.0671875 0.0484375
0 0.746875 0.89296875 0.0609375 0.0765625
0 0.23046875 0.41875 0.0390625 0.034375
0 0.49609375 0.10859375 0.0484375 0.0546875
0 0.0296875 0.12109375 0.0453125 0.0453125
0 0.72265625 0.96015625 0.04375 0.053125
0 0.87734375 0.5546875 0.04375 0.0359375
0 0.59140625 0.49453125 0.028125 0.021875
0 0.60390625 0.596875 0.0375 0.0421875
0 0.95703125 0.9625 0.0578125 0.0515625
0 0.79765625 0.95390625 0.025 0.0328125
0 0.79296875 0.3890625 0.053125 0.05
0 0.60546875 0.11484375 0.0484375 0.0484375
0 0.78125 0.275 0.0390625 0.0484375
0 0.2640625 0.55234375 0.140625 0.1
0 0.5734375 0.29765625 0.0578125 0.0578125
0 0.1484375 0.096875 0.0515625 0.0625
0 0.49140625 0.1703125 0.034375 0.0359375
0 0.4 0.95078125 0.0921875 0.0984375
0 0.2796875 0.25546875 0.0421875 0.040625
0 0.7953125 0.05 0.0484375 0.0546875
0 0.228125 0.09765625 0.0578125 0.05625
0 0.45546875 0.58671875 0.05 0.0484375
0 0.690625 0.83828125 0.0453125 0.04375
0 0.453125 0.653125 0.05625 0.0640625
0 0.4359375 0.240625 0.0421875 0.053125
0 0.74296875 0.43515625 0.06875 0.0640625
0 0.02734375 0.1640625 0.040625 0.0484375