0 0.23515625 0.67421875 0.178125 0.1453125
0 0.45625 0.93046875 0.18125 0.1390625
0 0.88515625 0.76484375 0.228125 0.2015625
0 0.109375 0.7875 0.21875 0.1796875
0 0.8484375 0.86640625 0.1703125 0.196875
0 0.4984375 0.72265625 0.1234375 0.1828125
0 0.07421875 0.6875 0.1484375 0.109375
0 0.19375 0.1640625 0.1671875 0.1765625
0 0.62109375 0.765625 0.1890625 0.2140625
0 0.76484375 0.559375 0.1421875 0.1515625
0 0.26171875 0.05625 0.1828125 0.1125
0 0.16015625 0.45390625 0.178125 0.1453125
0 0.36015625 0.725 0.178125 0.2
0 0.29296875 0.3953125 0.175 0.1890625
0 0.528125 0.309375 0.2265625 0.240625
0 0.40625 0.5046875 0.209375 0.25
0 0.10546875 0.31796875 0.2109375 0.225
0 0.83359375 0.46875 0.1546875 0.15
0 0.53125 0.8609375 0.18125 0.1421875
0 0.5765625 0.5765625 0.1265625 0.10625
0 0.3484375 0.19375 0.2046875 0.2640625
0 0.7171875 0.33359375 0.159375 0.165625
0 0.58203125 0.45 0.134375 0.1484375
0 0.896875 0.14140625 0.2046875 0.265625
0 0.76328125 0.075 0.140625 0.15
0 0.06796875 0.13828125 0.1359375 0.1765625
0 0.51640625 0.096875 0.20625 0.19375
0 0.07890625 0.56328125 0.1578125 0.1765625
0 0.7265625 0.2328125 0.1578125 0.134375
0 0.71484375 0.90625 0.215625 0.1875
0 0.9609375 0.93125 0.0765625 0.1359375
0 0.08984375 0.92734375 0.1796875 0.1453125
0 0.22109375 0.56640625 0.1734375 0.146875
0 0.8859375 0.365625 0.1546875 0.159375