0 0.88671875 0.26875 0.2046875 0.2015625
0 0.27734375 0.178125 0.275 0.2828125
0 0.121875 0.80546875 0.24375 0.2265625
0 0.67421875 0.2640625 0.2390625 0.2828125
0 0.8328125 0.71171875 0.2875 0.2484375
0 0.7078125 0.90546875 0.315625 0.1859375
0 0.13203125 0.61015625 0.2640625 0.3140625
0 0.1046875 0.21484375 0.209375 0.3640625
0 0.26640625 0.40234375 0.259375 0.25625
0 0.52109375 0.16328125 0.2484375 0.2875
0 0.79609375 0.51484375 0.4046875 0.3109375
0 0.33515625 0.828125 0.2515625 0.2859375
0 0.5328125 0.63125 0.2640625 0.2265625