0 0.2328125 0.8609375 0.1296875 0.1171875
0 0.4046875 0.3765625 0.06875 0.1
0 0.13046875 0.503125 0.13125 0.1171875
0 0.171875 0.94453125 0.1265625 0.1109375
0 0.1734375 0.6171875 0.1453125 0.125
0 0.696875 0.69921875 0.0828125 0.0671875
0 0.665625 0.9046875 0.1171875 0.1234375
0 0.48828125 0.69609375 0.1109375 0.0984375
0 0.9390625 0.30390625 0.1203125 0.1265625
0 0.0984375 0.0984375 0.196875 0.196875
0 0.5609375 0.065625 0.146875 0.13125
0 0.2671875 0.53359375 0.1578125 0.13125
0 0.45625 0.14375 0.1078125 0.10625
0 0.18125 0.05703125 0.1515625 0.1140625
0 0.4578125 0.4203125 0.1234375 0.1
0 0.78125 0.14921875 0.1421875 0.18125
0 0.29453125 0.61171875 0.0875 0.0796875
0 0.365625 0.715625 0.109375 0.109375
0 0.078125 0.59375 0.115625 0.1078125
0 0.04765625 0.68125 0.0953125 0.125
0 0.3390625 0.64375 0.0859375 0.090625
0 0.73203125 0.84765625 0.121875 0.1140625
0 0.621875 0.37265625 0.1625 0.121875
0 0.84375 0.22265625 0.1484375 0.1375
0 0.11015625 0.921875 0.0953125 0.0875
0 0.9234375 0.43828125 0.11875 0.1203125
0 0.68203125 0.58125 0.06875 0.0640625
0 0.3703125 0.17109375 0.1109375 0.1171875
0 0.57265625 0.14453125 0.13125 0.0953125
0 0.8953125 0.6203125 0.0921875 0.1109375
0 0.6875 0.64296875 0.0796875 0.0671875
0 0.5 0.61796875 0.13125 0.125
0 0.21328125 0.36875 0.1265625 0.109375
0 0.1453125 0.75703125 0.1171875 0.10625
0 0.846875 0.04375 0.1375 0.0875
0 0.50078125 0.3609375 0.1046875 0.1078125
0 0.28515625 0.4390625 0.109375 0.1
0 0.325 0.24375 0.1546875 0.146875
0 0.6625 0.49375 0.1265625 0.1265625
0 0.32890625 0.36015625 0.0921875 0.0890625
0 0.94140625 0.16015625 0.075 0.0921875
0 0.96171875 0.5484375 0.0765625 0.0765625
0 0.44296875 0.73828125 0.103125 0.103125
0 0.57734375 0.803125 0.1078125 0.1375
0 0.8671875 0.8203125 0.140625 0.0984375
0 0.7453125 0.76328125 0.1140625 0.09375
0 0.3890625 0.5078125 0.1078125 0.1109375
0 0.853125 0.7515625 0.0796875 0.0984375
0 0.83671875 0.571875 0.103125 0.11875
0 0.265625 0.15625 0.1328125 0.11875
0 0.446875 0.903125 0.0859375 0.1421875
0 0.6109375 0.69765625 0.10625 0.0984375
0 0.81640625 0.665625 0.0953125 0.1140625
0 0.10703125 0.42421875 0.1359375 0.0953125
0 0.675 0.059375 0.1046875 0.11875
0 0.74765625 0.6125 0.0765625 0.1
0 0.4765625 0.80546875 0.1078125 0.0953125
0 0.46015625 0.05625 0.1125 0.1125
0 0.08125 0.884375 0.1515625 0.1296875
0 0.78828125 0.378125 0.159375 0.1953125
0 0.365625 0.921875 0.084375 0.15625
0 0.40703125 0.63984375 0.075 0.0875
0 0.25 0.94453125 0.1 0.1078125
0 0.05078125 0.796875 0.1015625 0.1296875
0 0.61328125 0.609375 0.0828125 0.109375
0 0.1328125 0.684375 0.146875 0.0953125
0 0.803125 0.91328125 0.140625 0.1390625
0 0.69453125 0.1515625 0.0828125 0.0796875
0 0.55546875 0.48828125 0.1171875 0.1359375
0 0.5390625 0.903125 0.0921875 0.13125
0 0.45859375 0.5296875 0.0828125 0.13125
0 0.88671875 0.1390625 0.0953125 0.0921875