0 0.40078125 0.62890625 0.20625 0.1796875
0 0.79375 0.453125 0.2640625 0.2984375
0 0.07421875 0.45 0.1484375 0.175
0 0.52109375 0.06328125 0.1125 0.1265625
0 0.14140625 0.603125 0.2828125 0.246875
0 0.85234375 0.83671875 0.225 0.3109375
0 0.64296875 0.2203125 0.2203125 0.20625
0 0.3578125 0.80390625 0.19375 0.2234375
0 0.4203125 0.48046875 0.134375 0.1484375
0 0.6875 0.78125 0.2125 0.25625
0 0.875 0.11484375 0.1609375 0.2078125
0 0.50390625 0.396875 0.2171875 0.25625
0 0.31953125 0.51640625 0.18125 0.24375
0 0.17265625 0.9390625 0.1453125 0.1203125
0 0.41796875 0.22734375 0.18125 0.196875
0 0.15859375 0.10078125 0.1484375 0.2015625
0 0.34140625 0.93671875 0.2296875 0.1265625
0 0.93203125 0.2765625 0.134375 0.14375
0 0.78125 0.22734375 0.1609375 0.1890625
0 0.6765625 0.93125 0.14375 0.1359375
0 0.315625 0.121875 0.20625 0.24375
0 0.7390625 0.09140625 0.175 0.1484375
0 0.546875 0.73125 0.1359375 0.16875
0 0.66796875 0.39609375 0.209375 0.20625
0 0.6109375 0.62890625 0.1515625 0.1609375
0 0.928125 0.19296875 0.1359375 0.128125
0 0.459375 0.7 0.16875 0.2140625
0 0.06796875 0.91328125 0.1359375 0.1640625
0 0.51484375 0.88046875 0.1484375 0.159375
0 0.2125 0.44765625 0.19375 0.16875
0 0.91484375 0.79296875 0.165625 0.2515625
0 0.875 0.31328125 0.071875 0.0703125
0 0.22109375 0.79296875 0.2265625 0.24375
0 0.07890625 0.78984375 0.1578125 0.2203125
0 0.9359375 0.4703125 0.125 0.16875
0 0.4328125 0.06484375 0.121875 0.1296875
0 0.63515625 0.065625 0.1859375 0.13125