0 0.8515625 0.15 0.1375 0.13125
0 0.05078125 0.2609375 0.1015625 0.1390625
0 0.8359375 0.66796875 0.10625 0.0875
0 0.3484375 0.91171875 0.1046875 0.090625
0 0.7890625 0.8578125 0.0671875 0.0859375
0 0.2234375 0.93203125 0.11875 0.1296875
0 0.37265625 0.56328125 0.1140625 0.14375
0 0.615625 0.57734375 0.1890625 0.21875
0 0.94375 0.24140625 0.109375 0.1296875
0 0.934375 0.1734375 0.0875 0.0859375
0 0.2078125 0.28359375 0.1265625 0.11875
0 0.046875 0.75078125 0.09375 0.090625
0 0.359375 0.446875 0.1296875 0.1171875
0 0.5109375 0.125 0.1703125 0.2078125
0 0.28046875 0.73203125 0.084375 0.0890625
0 0.6625 0.4859375 0.078125 0.0953125
0 0.27265625 0.11328125 0.1046875 0.109375
0 0.55 0.746875 0.15625 0.1265625
0 0.16796875 0.734375 0.184375 0.1890625
0 0.33671875 0.265625 0.1015625 0.10625
0 0.32109375 0.834375 0.090625 0.1
0 0.77578125 0.65 0.0828125 0.1
0 0.65546875 0.90078125 0.1390625 0.196875
0 0.80234375 0.50625 0.0890625 0.090625
0 0.396875 0.35 0.1 0.1015625
0 0.84375 0.59375 0.0984375 0.08125
0 0.5046875 0.3046875 0.1609375 0.15
0 0.1625 0.42734375 0.11875 0.09375
0 0.92421875 0.36640625 0.1046875 0.08125
0 0.0578125 0.66328125 0.115625 0.1328125
0 0.1421875 0.353125 0.1234375 0.1
0 0.54921875 0.740625 0.165625 0.15
0 0.93125 0.45390625 0.1359375 0.109375
0 0.259375 0.42109375 0.0984375 0.11875
0 0.3984375 0.7734375 0.15625 0.1734375
0 0.7328125 0.86953125 0.0734375 0.0796875
0 0.9296875 0.08984375 0.0796875 0.08125
0 0.9140625 0.68203125 0.0828125 0.0875
0 0.81640625 0.08984375 0.128125 0.1421875
0 0.321875 0.334375 0.075 0.0921875
0 0.5921875 0.44296875 0.0734375 0.090625
0 0.11796875 0.853125 0.175 0.10625
0 0.51171875 0.82890625 0.1421875 0.103125
0 0.45625 0.66953125 0.0859375 0.08125
0 0.6375 0.15703125 0.1265625 0.178125
0 0.72109375 0.64140625 0.1078125 0.0953125
0 0.85078125 0.2984375 0.15 0.1765625
0 0.3375 0.05859375 0.1328125 0.1171875
0 0.54921875 0.9359375 0.0953125 0.1265625
0 0.89765625 0.8640625 0.1546875 0.1734375
0 0.93984375 0.56328125 0.11875 0.1578125
0 0.17890625 0.12265625 0.125 0.159375
0 0.61875 0.26953125 0.08125 0.0796875
0 0.74375 0.47109375 0.1109375 0.134375
0 0.3109375 0.1828125 0.1453125 0.096875
0 0.04453125 0.46640625 0.0890625 0.115625
0 0.22890625 0.0609375 0.075 0.0859375