0 0.3375 0.7875 0.1109375 0.1109375
0 0.80390625 0.09453125 0.053125 0.053125
0 0.13125 0.4765625 0.0609375 0.05625
0 0.165625 0.9609375 0.08125 0.078125
0 0.82890625 0.37578125 0.040625 0.053125
0 0.184375 0.52578125 0.0484375 0.0609375
0 0.54609375 0.4265625 0.053125 0.0484375
0 0.2546875 0.88046875 0.06875 0.065625
0 0.4015625 0.2046875 0.0703125 0.0703125
0 0.125 0.82421875 0.04375 0.046875
0 0.78125 0.75078125 0.065625 0.0515625
0 0.4078125 0.2515625 0.075 0.071875
0 0.26328125 0.54296875 0.0671875 0.05
0 0.33515625 0.38828125 0.0703125 0.0671875
0 0.8421875 0.94140625 0.075 0.0734375
0 0.72578125 0.95390625 0.0390625 0.040625
0 0.67734375 0.915625 0.05 0.05625
0 0.21484375 0.27578125 0.0859375 0.0828125
0 0.15703125 0.546875 0.0640625 0.08125
0 0.57109375 0.52421875 0.0375 0.05
0 0.5890625 0.42734375 0.0515625 0.046875
0 0.259375 0.4671875 0.0828125 0.0578125
0 0.21484375 0.56328125 0.0484375 0.0765625
0 0.321875 0.08515625 0.06875 0.0640625
0 0.7453125 0.5453125 0.053125 0.046875
0 0.07734375 0.16328125 0.125 0.090625
0 0.08125 0.846875 0.075 0.0828125
0 0.6265625 0.946875 0.034375 0.05
0 0.459375 0.56953125 0.096875 0.1125
0 0.05625 0.73203125 0.0671875 0.059375
0 0.725 0.0953125 0.1171875 0.115625
0 0.6875 0.53671875 0.059375 0.059375
0 0.76171875 0.39609375 0.09375 0.103125
0 0.11171875 0.615625 0.0890625 0.0796875
0 0.1640625 0.79453125 0.0640625 0.0578125
0 0.61875 0.8890625 0.0671875 0.0671875
0 0.7890625 0.51875 0.0828125 0.0859375
0 0.21484375 0.4125 0.0703125 0.0671875
0 0.52890625 0.69921875 0.0796875 0.0671875
0 0.265625 0.58828125 0.0625 0.0484375
0 0.66796875 0.42265625 0.0890625 0.065625
0 0.37265625 0.640625 0.0453125 0.0515625
0 0.46171875 0.20078125 0.0546875 0.065625
0 0.37578125 0.90546875 0.096875 0.1171875
0 0.39375 0.6734375 0.0609375 0.0625
0 0.23203125 0.33671875 0.071875 0.0703125
0 0.9125 0.91640625 0.1 0.1140625
0 0.63515625 0.53359375 0.0453125 0.040625
0 0.65625 0.97734375 0.034375 0.040625
0 0.60703125 0.6640625 0.0640625 0.065625
0 0.125 0.06640625 0.0640625 0.0703125
0 0.8671875 0.05703125 0.0859375 0.084375
0 0.59765625 0.3640625 0.0859375 0.078125
0 0.5859375 0.215625 0.0953125 0.096875
0 0.2375 0.8078125 0.1109375 0.096875
0 0.8546875 0.1890625 0.11875 0.128125
0 0.28671875 0.09453125 0.0515625 0.053125
0 0.578125 0.90078125 0.078125 0.1078125
0 0.5453125 0.8296875 0.071875 0.0859375
0 0.628125 0.2546875 0.084375 0.084375
0 0.5140625 0.36328125 0.1078125 0.0921875
0 0.93359375 0.76171875 0.1265625 0.0859375
0 0.19296875 0.69375 0.09375 0.0734375
0 0.80078125 0.1671875 0.121875 0.1125
0 0.3578125 0.27421875 0.040625 0.0421875
0 0.58671875 0.5734375 0.0484375 0.0484375
0 0.34765625 0.45078125 0.0765625 0.06875
0 0.240625 0.1046875 0.059375 0.0734375
0 0.24375 0.9515625 0.0703125 0.0609375
0 0.28515625 0.1390625 0.05 0.0640625
0 0.7890625 0.03203125 0.0984375 0.0640625
0 0.653125 0.6828125 0.05 0.0609375
0 0.5515625 0.74921875 0.05625 0.0609375
0 0.91796875 0.5765625 0.1296875 0.084375
0 0.40625 0.609375 0.053125 0.0625
0 0.925 0.72421875 0.0859375 0.0625
0 0.08203125 0.69140625 0.059375 0.0765625
0 0.32578125 0.95859375 0.059375 0.08125
0 0.240625 0.66328125 0.0640625 0.0421875
0 0.6640625 0.36640625 0.0671875 0.075
0 0.50859375 0.46953125 0.096875 0.096875
0 0.68515625 0.28828125 0.09375 0.078125
0 0.05546875 0.51796875 0.0953125 0.06875
0 0.61953125 0.46796875 0.0796875 0.078125
0 0.95390625 0.66484375 0.0921875 0.09375
0 0.2578125 0.50625 0.0703125 0.0375
0 0.68828125 0.96875 0.0453125 0.05625
0 0.05234375 0.2375 0.1046875 0.1171875
0 0.63984375 0.58984375 0.053125 0.0609375
0 0.4359375 0.7125 0.06875 0.075
0 0.31796875 0.66015625 0.0765625 0.0703125
0 0.1296875 0.68828125 0.0421875 0.05
0 0.8109375 0.3296875 0.04375 0.040625
0 0.04609375 0.07578125 0.0921875 0.10625
0 0.7875 0.6046875 0.090625 0.0765625
0 0.728125 0.86328125 0.1171875 0.121875
0 0.34140625 0.58984375 0.046875 0.0546875
0 0.63359375 0.63125 0.0265625 0.0265625
0 0.6640625 0.859375 0.059375 0.0578125
0 0.37421875 0.0265625 0.0609375 0.053125
0 0.1484375 0.29375 0.0765625 0.1078125
0 0.3890625 0.51953125 0.075 0.084375
0 0.18125 0.61953125 0.0796875 0.071875
0 0.49609375 0.9203125 0.05625 0.0609375
0 0.94375 0.81796875 0.1109375 0.059375
0 0.78046875 0.3109375 0.05 0.059375
0 0.6578125 0.7703125 0.071875 0.071875
0 0.68828125 0.4875 0.046875 0.0484375
0 0.03515625 0.578125 0.0515625 0.071875
0 0.0921875 0.575 0.0765625 0.06875
0 0.60625 0.8015625 0.05 0.0640625
0 0.4140625 0.3125 0.071875 0.0671875
0 0.7546875 0.27890625 0.05625 0.0515625
0 0.07421875 0.478125 0.0703125 0.06875
0 0.0328125 0.6546875 0.065625 0.096875
0 0.31015625 0.27109375 0.059375 0.0625
0 0.73046875 0.6640625 0.0703125 0.065625
0 0.2828125 0.375 0.0484375 0.0421875
0 0.253125 0.1703125 0.053125 0.0625
0 0.540625 0.2703125 0.08125 0.0796875
0 0.45859375 0.12734375 0.078125 0.0796875
0 0.34921875 0.5390625 0.059375 0.0640625
0 0.17734375 0.88125 0.0734375 0.0890625
0 0.68046875 0.18203125 0.1 0.090625
0 0.49453125 0.846875 0.0640625 0.096875
0 0.6078125 0.14296875 0.053125 0.0640625
0 0.7859375 0.70703125 0.05625 0.05
0 0.18125 0.16171875 0.09375 0.0984375
0 0.7265625 0.221875 0.075 0.0734375
0 0.89765625 0.48515625 0.1234375 0.121875
0 0.76015625 0.78203125 0.0421875 0.0484375
0 0.153125 0.415625 0.084375 0.0765625
0 0.35078125 0.32578125 0.0703125 0.05625
0 0.2703125 0.253125 0.103125 0.0859375
0 0.5453125 0.63671875 0.0703125 0.0796875