0 0.78359375 0.72890625 0.090625 0.075
0 0.71796875 0.93125 0.08125 0.0984375
0 0.7109375 0.7515625 0.084375 0.084375
0 0.10625 0.41796875 0.11875 0.103125
0 0.3984375 0.51328125 0.0609375 0.059375
0 0.87734375 0.78125 0.0921875 0.071875
0 0.665625 0.2421875 0.0921875 0.1046875
0 0.29296875 0.275 0.0796875 0.0984375
0 0.584375 0.7015625 0.0828125 0.078125
0 0.50078125 0.83125 0.078125 0.1234375
0 0.69453125 0.63515625 0.071875 0.075
0 0.9625 0.6046875 0.0671875 0.0734375
0 0.07265625 0.19921875 0.1453125 0.1015625
0 0.04296875 0.4625 0.084375 0.0828125
0 0.953125 0.4625 0.0640625 0.04375
0 0.14375 0.646875 0.0640625 0.05
0 0.86484375 0.64453125 0.0875 0.059375
0 0.22578125 0.27890625 0.0703125 0.0953125
0 0.59375 0.29140625 0.046875 0.0375
0 0.39765625 0.60078125 0.078125 0.0890625
0 0.9328125 0.390625 0.0921875 0.0765625
0 0.81328125 0.94609375 0.0765625 0.071875
0 0.5296875 0.275 0.090625 0.1015625
0 0.24296875 0.43046875 0.0765625 0.065625
0 0.31015625 0.4140625 0.0671875 0.0609375
0 0.6578125 0.084375 0.0578125 0.0640625
0 0.071875 0.125 0.0953125 0.06875
0 0.92890625 0.10546875 0.103125 0.1109375
0 0.0328125 0.86328125 0.065625 0.0734375
0 0.9609375 0.2078125 0.078125 0.084375
0 0.478125 0.65078125 0.0921875 0.0796875
0 0.428125 0.0796875 0.090625 0.090625
0 0.83515625 0.55625 0.06875 0.0640625
0 0.6375 0.91328125 0.0640625 0.08125
0 0.265625 0.8421875 0.0875 0.0953125
0 0.7578125 0.57578125 0.078125 0.08125
0 0.5796875 0.62421875 0.090625 0.0859375
0 0.0734375 0.58828125 0.090625 0.0875
0 0.84375 0.396875 0.09375 0.1046875
0 0.03828125 0.346875 0.0765625 0.153125
0 0.3765625 0.42890625 0.0828125 0.0921875
0 0.65625 0.84375 0.090625 0.1078125
0 0.21484375 0.18515625 0.0828125 0.1
0 0.21796875 0.47265625 0.065625 0.0609375
0 0.3609375 0.83203125 0.071875 0.059375
0 0.759375 0.39921875 0.096875 0.1015625
0 0.828125 0.484375 0.0859375 0.0796875
0 0.4 0.9375 0.084375 0.09375
0 0.63515625 0.7546875 0.065625 0.065625
0 0.2796875 0.92421875 0.0703125 0.084375
0 0.553125 0.18203125 0.1125 0.115625
0 0.2546875 0.5390625 0.0765625 0.0640625
0 0.51640625 0.11796875 0.0890625 0.09375
0 0.1125 0.71875 0.0796875 0.0734375
0 0.8265625 0.69375 0.1265625 0.071875
0 0.51328125 0.74453125 0.075 0.103125
0 0.57265625 0.0453125 0.0796875 0.078125
0 0.46484375 0.16640625 0.0640625 0.0921875
0 0.165625 0.56015625 0.078125 0.08125
0 0.6921875 0.315625 0.0875 0.078125
0 0.14453125 0.35 0.103125 0.1
0 0.4265625 0.77734375 0.0703125 0.0734375
0 0.73515625 0.821875 0.053125 0.0578125
0 0.321875 0.353125 0.0703125 0.0640625
0 0.9375 0.7515625 0.121875 0.09375
0 0.64140625 0.36015625 0.1109375 0.1171875
0 0.08984375 0.83984375 0.071875 0.0953125
0 0.078125 0.90625 0.065625 0.059375
0 0.9234375 0.51875 0.0828125 0.075
0 0.15546875 0.1 0.10625 0.1328125
0 0.42578125 0.85 0.0625 0.0765625
0 0.44921875 0.25625 0.0796875 0.084375
0 0.58046875 0.91875 0.0640625 0.0921875
0 0.2984375 0.49375 0.1015625 0.08125
0 0.3359375 0.5890625 0.071875 0.075
0 0.44296875 0.42734375 0.090625 0.109375
0 0.11171875 0.290625 0.0953125 0.0921875
0 0.22421875 0.62890625 0.075 0.1140625
0 0.37265625 0.06875 0.075 0.1109375
0 0.38828125 0.1875 0.0671875 0.0703125
0 0.21953125 0.9203125 0.06875 0.065625
0 0.69375 0.5296875 0.084375 0.0671875
0 0.84296875 0.1421875 0.0765625 0.0828125
0 0.6390625 0.62421875 0.065625 0.0734375
0 0.52734375 0.46796875 0.096875 0.09375
0 0.04296875 0.6171875 0.0859375 0.109375
0 0.59921875 0.10859375 0.08125 0.0859375
0 0.29296875 0.1734375 0.1171875 0.115625
0 0.77109375 0.2421875 0.0765625 0.0640625
0 0.809375 0.6078125 0.0453125 0.0453125
0 0.41796875 0.3390625 0.0765625 0.078125
0 0.61484375 0.5140625 0.0734375 0.0640625
0 0.73984375 0.49609375 0.09375 0.0875
0 0.25703125 0.3765625 0.0578125 0.0609375
0 0.9390625 0.9046875 0.1046875 0.084375
0 0.1921875 0.7046875 0.071875 0.08125
0 0.15234375 0.89921875 0.06875 0.06875
0 0.8625 0.3265625 0.0890625 0.0765625
0 0.72578125 0.14765625 0.075 0.0875
0 0.21171875 0.85390625 0.0640625 0.0796875
0 0.7609375 0.07421875 0.0859375 0.103125
0 0.8109375 0.04296875 0.084375 0.0859375
0 0.20546875 0.7984375 0.0734375 0.0703125
0 0.290625 0.6703125 0.0765625 0.0984375
0 0.79296875 0.86171875 0.0828125 0.1140625
0 0.859375 0.9 0.0609375 0.065625
0 0.48984375 0.54921875 0.10625 0.1078125
0 0.34453125 0.77109375 0.096875 0.0890625
0 0.30703125 0.04453125 0.071875 0.0890625
0 0.64765625 0.18125 0.09375 0.0859375
0 0.2828125 0.74921875 0.06875 0.0703125
0 0.8984375 0.590625 0.0796875 0.0796875
0 0.1015625 0.03828125 0.1125 0.0765625
0 0.4484375 0.715625 0.0578125 0.071875
0 0.86171875 0.23125 0.11875 0.103125
0 0.1046875 0.54609375 0.075 0.084375