0 0.396875 0.6390625 0.084375 0.0828125
0 0.940625 0.9 0.096875 0.096875
0 0.79375 0.63984375 0.08125 0.0828125
0 0.68984375 0.4828125 0.0703125 0.0625
0 0.72890625 0.36875 0.0859375 0.05625
0 0.4515625 0.1 0.0875 0.0921875
0 0.52265625 0.42265625 0.0546875 0.0625
0 0.51171875 0.3375 0.0703125 0.071875
0 0.29765625 0.83828125 0.06875 0.0921875
0 0.74375 0.88359375 0.090625 0.1078125
0 0.10859375 0.90390625 0.078125 0.0859375
0 0.14296875 0.821875 0.071875 0.059375
0 0.38203125 0.209375 0.078125 0.0796875
0 0.73125 0.4421875 0.075 0.0640625
0 0.12890625 0.4375 0.071875 0.0390625
0 0.1484375 0.3765625 0.071875 0.0625
0 0.65234375 0.42578125 0.0671875 0.0609375
0 0.88203125 0.26796875 0.1078125 0.0703125
0 0.21484375 0.91875 0.071875 0.09375
0 0.66953125 0.82734375 0.05 0.0828125
0 0.93515625 0.67109375 0.0671875 0.0625
0 0.70703125 0.196875 0.0546875 0.059375
0 0.66328125 0.5921875 0.0890625 0.0828125
0 0.90390625 0.35 0.11875 0.0859375
0 0.80546875 0.3234375 0.0921875 0.05625
0 0.084375 0.140625 0.103125 0.0859375
0 0.23203125 0.19453125 0.0734375 0.05625
0 0.21875 0.4984375 0.0609375 0.0796875
0 0.55078125 0.678125 0.071875 0.075
0 0.88125 0.85 0.1 0.1109375
0 0.21328125 0.2953125 0.103125 0.1015625
0 0.5765625 0.45390625 0.1 0.10625
0 0.07890625 0.23828125 0.09375 0.1
0 0.68203125 0.1078125 0.075 0.1015625
0 0.60390625 0.046875 0.09375 0.09375
0 0.72578125 0.60859375 0.053125 0.05625
0 0.90234375 0.1296875 0.125 0.096875
0 0.32421875 0.5171875 0.078125 0.0640625
0 0.4984375 0.5640625 0.0953125 0.09375
0 0.24453125 0.7984375 0.06875 0.0796875
0 0.565625 0.8125 0.075 0.084375
0 0.26171875 0.08203125 0.071875 0.0921875
0 0.7984375 0.1203125 0.0640625 0.08125
0 0.38671875 0.4203125 0.1109375 0.10625
0 0.31953125 0.88515625 0.08125 0.0921875
0 0.74375 0.5203125 0.0640625 0.0453125
0 0.0859375 0.87421875 0.0640625 0.0625
0 0.47421875 0.66796875 0.1 0.0828125
0 0.05859375 0.775 0.096875 0.0859375
0 0.815625 0.55390625 0.0859375 0.0703125
0 0.23984375 0.9203125 0.053125 0.0734375
0 0.4859375 0.046875 0.0671875 0.065625
0 0.29296875 0.56875 0.071875 0.0703125
0 0.09453125 0.58671875 0.090625 0.0828125
0 0.915625 0.790625 0.10625 0.090625
0 0.27734375 0.17890625 0.0859375 0.0921875
0 0.91015625 0.496875 0.103125 0.0609375
0 0.7484375 0.22265625 0.06875 0.06875
0 0.903125 0.415625 0.1203125 0.059375
0 0.35078125 0.5875 0.0859375 0.0875
0 0.58046875 0.19140625 0.0921875 0.1109375
0 0.04609375 0.8734375 0.0765625 0.0765625
0 0.7734375 0.94765625 0.075 0.084375
0 0.84921875 0.21484375 0.0953125 0.090625
0 0.79296875 0.053125 0.0796875 0.0875
0 0.86875 0.63203125 0.0953125 0.059375
0 0.52109375 0.7125 0.0671875 0.0734375
0 0.4484375 0.3421875 0.0734375 0.0765625
0 0.84453125 0.7671875 0.08125 0.0828125
0 0.196875 0.128125 0.0875 0.0984375
0 0.72421875 0.67578125 0.0765625 0.0640625
0 0.30625 0.37109375 0.0953125 0.1078125
0 0.696875 0.734375 0.1046875 0.1234375
0 0.284375 0.69296875 0.0796875 0.078125
0 0.9140625 0.0640625 0.08125 0.0671875
0 0.16171875 0.25 0.0828125 0.090625
0 0.92265625 0.18046875 0.075 0.0625
0 0.61953125 0.884375 0.1109375 0.125
0 0.3359375 0.209375 0.0640625 0.078125
0 0.3984375 0.51171875 0.0609375 0.059375
0 0.61640625 0.34140625 0.071875 0.065625
0 0.1828125 0.53984375 0.0796875 0.0625
0 0.85625 0.1203125 0.0875 0.09375
0 0.48359375 0.22578125 0.05625 0.075
0 0.38828125 0.775 0.0703125 0.0703125
0 0.1875 0.74765625 0.0859375 0.084375