0 0.646875 0.8125 0.11875 0.15
0 0.93984375 0.55390625 0.11875 0.1484375
0 0.9578125 0.05703125 0.0578125 0.0625
0 0.228125 0.57421875 0.109375 0.1046875
0 0.86171875 0.48046875 0.084375 0.078125
0 0.5328125 0.54453125 0.06875 0.0890625
0 0.87890625 0.946875 0.0921875 0.1015625
0 0.87421875 0.61875 0.08125 0.0671875
0 0.25390625 0.69765625 0.0640625 0.05625
0 0.275 0.3859375 0.140625 0.1171875
0 0.18671875 0.66796875 0.1125 0.0984375
0 0.7546875 0.1140625 0.103125 0.1234375
0 0.3890625 0.7203125 0.1203125 0.109375
0 0.4359375 0.03828125 0.1125 0.0765625
0 0.44609375 0.8640625 0.075 0.071875
0 0.3453125 0.3109375 0.0875 0.0859375
0 0.05546875 0.21796875 0.1015625 0.1140625
0 0.94453125 0.890625 0.1078125 0.134375
0 0.06171875 0.11640625 0.0671875 0.075
0 0.40390625 0.93828125 0.1265625 0.11875
0 0.6953125 0.94921875 0.125 0.0984375
0 0.6140625 0.134375 0.1265625 0.1640625
0 0.38125 0.26953125 0.096875 0.0875
0 0.075 0.7171875 0.090625 0.0828125
0 0.8890625 0.87890625 0.08125 0.0953125
0 0.8125 0.8171875 0.1015625 0.0875
0 0.09296875 0.578125 0.0734375 0.0734375
0 0.58984375 0.92578125 0.0875 0.1078125
0 0.884375 0.11328125 0.1171875 0.1375
0 0.04765625 0.83515625 0.0953125 0.0859375
0 0.52265625 0.64921875 0.0625 0.084375
0 0.69921875 0.26796875 0.14375 0.1453125
0 0.1859375 0.77421875 0.103125 0.103125
0 0.61015625 0.64296875 0.125 0.0953125
0 0.1171875 0.07265625 0.0671875 0.06875
0 0.31953125 0.2 0.1015625 0.103125
0 0.58203125 0.296875 0.1 0.0921875
0 0.125 0.159375 0.0921875 0.0828125
0 0.37578125 0.63359375 0.0625 0.0828125
0 0.2359375 0.19765625 0.125 0.1390625
0 0.284375 0.103125 0.065625 0.0953125
0 0.33125 0.54375 0.0625 0.053125
0 0.159375 0.91015625 0.1296875 0.140625
0 0.703125 0.45078125 0.071875 0.0828125
0 0.8109375 0.68046875 0.0921875 0.121875
0 0.1390625 0.625 0.071875 0.0609375
0 0.5703125 0.528125 0.0671875 0.0859375
0 0.5953125 0.39140625 0.0796875 0.078125
0 0.8859375 0.21171875 0.0578125 0.05625
0 0.915625 0.2640625 0.05625 0.059375
0 0.48515625 0.1859375 0.109375 0.10625
0 0.29453125 0.81328125 0.1171875 0.115625
0 0.3453125 0.07421875 0.0671875 0.0703125
0 0.9 0.7796875 0.0953125 0.0765625
0 0.30234375 0.47421875 0.090625 0.0796875
0 0.4828125 0.29453125 0.1109375 0.109375
0 0.8234375 0.05 0.065625 0.1
0 0.3078125 0.65234375 0.0828125 0.0765625
0 0.4859375 0.8046875 0.1 0.103125
0 0.44296875 0.54296875 0.11875 0.15
0 0.68671875 0.70546875 0.140625 0.13125
0 0.825 0.76171875 0.084375 0.05625
0 0.50234375 0.06640625 0.071875 0.0875
0 0.8078125 0.56953125 0.08125 0.0953125
0 0.63671875 0.55546875 0.065625 0.0828125
0 0.75625 0.409375 0.0515625 0.075
0 0.0328125 0.546875 0.065625 0.1
0 0.7796875 0.1671875 0.10625 0.140625
0 0.05546875 0.36328125 0.1109375 0.090625
0 0.11015625 0.753125 0.08125 0.0765625
0 0.75 0.859375 0.11875 0.0875
0 0.525 0.8953125 0.0921875 0.109375
0 0.9203125 0.2015625 0.028125 0.0484375
0 0.19921875 0.3625 0.090625 0.1015625
0 0.41328125 0.21953125 0.0703125 0.0796875
0 0.6 0.48359375 0.05625 0.053125
0 0.184375 0.29140625 0.084375 0.06875