0 0.471875 0.846875 0.19375 0.1859375
0 0.77265625 0.9234375 0.2453125 0.1515625
0 0.30078125 0.07578125 0.2875 0.1515625
0 0.60625 0.8859375 0.1109375 0.1734375
0 0.1484375 0.93671875 0.128125 0.103125
0 0.9203125 0.55859375 0.1546875 0.209375
0 0.06875 0.3796875 0.1375 0.2875
0 0.32265625 0.740625 0.1765625 0.225
0 0.3296875 0.1984375 0.278125 0.2953125
0 0.31328125 0.4171875 0.1609375 0.1984375
0 0.8109375 0.6921875 0.2171875 0.2796875
0 0.6640625 0.69453125 0.159375 0.1171875
0 0.17109375 0.71328125 0.1765625 0.1890625
0 0.45234375 0.35703125 0.1171875 0.171875
0 0.509375 0.1578125 0.1890625 0.23125
0 0.4390625 0.5296875 0.13125 0.115625
0 0.53203125 0.64140625 0.1625 0.1765625
0 0.88203125 0.28828125 0.2328125 0.2703125
0 0.6640625 0.79921875 0.1546875 0.1453125
0 0.25390625 0.5421875 0.1953125 0.171875
0 0.371875 0.33515625 0.125 0.15625
0 0.14296875 0.2375 0.15625 0.1703125
0 0.63984375 0.57890625 0.1703125 0.1875
0 0.58984375 0.3609375 0.24375 0.259375
0 0.19453125 0.84375 0.1828125 0.1765625
0 0.525 0.94453125 0.1828125 0.109375
0 0.1015625 0.1328125 0.203125 0.2296875
0 0.29140625 0.91640625 0.1703125 0.165625
0 0.07890625 0.63203125 0.1578125 0.2015625
0 0.396875 0.659375 0.19375 0.2046875
0 0.1921875 0.3671875 0.1453125 0.1875
0 0.059375 0.8375 0.11875 0.23125
0 0.5546875 0.49453125 0.1859375 0.146875
0 0.8 0.3671875 0.23125 0.2359375