0 0.2796875 0.725 0.0796875 0.0953125
0 0.85859375 0.6875 0.0921875 0.0859375
0 0.2453125 0.140625 0.1203125 0.103125
0 0.9171875 0.45390625 0.1625 0.1265625
0 0.53984375 0.0703125 0.1125 0.0875
0 0.7421875 0.4328125 0.1171875 0.078125
0 0.846875 0.07109375 0.11875 0.1296875
0 0.26796875 0.19375 0.0796875 0.0921875
0 0.946875 0.73359375 0.065625 0.06875
0 0.74375 0.5015625 0.140625 0.0953125
0 0.3484375 0.41171875 0.153125 0.146875
0 0.81796875 0.95078125 0.1125 0.096875
0 0.953125 0.52265625 0.0875 0.0859375
0 0.92109375 0.04609375 0.078125 0.0921875
0 0.3234375 0.8265625 0.1265625 0.134375
0 0.903125 0.85546875 0.11875 0.1484375
0 0.08203125 0.18125 0.1140625 0.1
0 0.325 0.696875 0.0625 0.096875
0 0.93515625 0.2359375 0.1265625 0.1359375
0 0.28515625 0.06796875 0.090625 0.0953125
0 0.58984375 0.12421875 0.071875 0.0625
0 0.4984375 0.71640625 0.0984375 0.090625
0 0.65 0.62890625 0.06875 0.1171875
0 0.0953125 0.359375 0.121875 0.13125
0 0.69375 0.30546875 0.090625 0.1046875
0 0.9421875 0.128125 0.0953125 0.090625
0 0.125 0.090625 0.1265625 0.13125
0 0.87421875 0.553125 0.0859375 0.103125
0 0.1421875 0.48046875 0.0515625 0.0453125
0 0.0875 0.52734375 0.075 0.06875
0 0.29296875 0.50625 0.0796875 0.075
0 0.20078125 0.3828125 0.053125 0.046875
0 0.76796875 0.64921875 0.0953125 0.1078125
0 0.94765625 0.60390625 0.1 0.1
0 0.371875 0.08515625 0.084375 0.078125
0 0.62890625 0.2515625 0.0953125 0.1171875
0 0.953125 0.2953125 0.0921875 0.0734375
0 0.68984375 0.675 0.071875 0.0703125
0 0.82578125 0.34453125 0.15625 0.1625
0 0.76953125 0.88359375 0.1109375 0.128125
0 0.2578125 0.428125 0.09375 0.084375
0 0.60625 0.9 0.10625 0.1640625
0 0.75078125 0.76953125 0.06875 0.0734375
0 0.63046875 0.76328125 0.0921875 0.1265625
0 0.7734375 0.1234375 0.14375 0.153125
0 0.62421875 0.16328125 0.13125 0.090625
0 0.5484375 0.790625 0.0953125 0.1125
0 0.88984375 0.22109375 0.084375 0.090625
0 0.21328125 0.47265625 0.084375 0.0890625
0 0.3671875 0.59375 0.0953125 0.0828125
0 0.546875 0.65 0.1578125 0.121875
0 0.55625 0.28984375 0.0984375 0.128125
0 0.0609375 0.58828125 0.1171875 0.0875
0 0.79296875 0.24609375 0.078125 0.0796875
0 0.1015625 0.86015625 0.203125 0.25625
0 0.41484375 0.15078125 0.1171875 0.084375
0 0.0625 0.6875 0.125 0.103125
0 0.95859375 0.36328125 0.0828125 0.071875
0 0.71875 0.2109375 0.0953125 0.09375
0 0.37734375 0.94921875 0.13125 0.1
0 0.18515625 0.91796875 0.1609375 0.1640625
0 0.35234375 0.2171875 0.14375 0.14375
0 0.86796875 0.7828125 0.0953125 0.1265625
0 0.6921875 0.08984375 0.0953125 0.0984375
0 0.4921875 0.234375 0.1 0.10625
0 0.48046875 0.33671875 0.121875 0.1265625
0 0.484375 0.484375 0.1109375 0.1203125
0 0.290625 0.328125 0.090625 0.0921875
0 0.5234375 0.40625 0.0921875 0.084375
0 0.38984375 0.51640625 0.0859375 0.084375
0 0.14453125 0.25 0.0953125 0.096875
0 0.20859375 0.74375 0.1015625 0.1140625
0 0.15078125 0.5953125 0.0734375 0.09375
0 0.40546875 0.68125 0.1046875 0.121875
0 0.2328125 0.62890625 0.140625 0.1296875
0 0.571875 0.54375 0.1375 0.109375
0 0.6234375 0.4375 0.1390625 0.128125
0 0.69296875 0.93828125 0.06875 0.1109375
0 0.66640625 0.82734375 0.090625 0.1015625
0 0.2015625 0.296875 0.1265625 0.1390625
0 0.04296875 0.29296875 0.0859375 0.1046875