0 0.2375 0.7953125 0.109375 0.128125
0 0.9296875 0.09765625 0.140625 0.1953125
0 0.1109375 0.1953125 0.20625 0.2046875
0 0.63671875 0.7625 0.1484375 0.165625
0 0.96953125 0.70390625 0.059375 0.109375
0 0.65546875 0.203125 0.1328125 0.16875
0 0.68671875 0.93046875 0.1359375 0.1390625
0 0.02265625 0.1890625 0.0453125 0.1703125
0 0.16328125 0.3265625 0.1859375 0.1484375
0 0.88828125 0.28046875 0.18125 0.140625
0 0.06953125 0.9359375 0.1390625 0.1265625
0 0.30859375 0.365625 0.115625 0.121875
0 0.26875 0.240625 0.153125 0.153125
0 0.5765625 0.66953125 0.1296875 0.1453125
0 0.61171875 0.11015625 0.196875 0.2203125
0 0.9078125 0.68515625 0.128125 0.16875
0 0.33984375 0.9046875 0.23125 0.1890625
0 0.5625 0.38984375 0.196875 0.2265625
0 0.67109375 0.59609375 0.1359375 0.16875
0 0.75390625 0.2203125 0.1484375 0.1625
0 0.89296875 0.44765625 0.1671875 0.1359375
0 0.51328125 0.11640625 0.1796875 0.2328125
0 0.9375 0.82421875 0.125 0.153125
0 0.13125 0.55859375 0.225 0.1734375
0 0.1625 0.93515625 0.1625 0.1296875
0 0.096875 0.80625 0.19375 0.1828125
0 0.21015625 0.646875 0.184375 0.1921875
0 0.796875 0.5765625 0.1609375 0.15
0 0.52890625 0.50234375 0.1625 0.153125
0 0.34140625 0.74453125 0.1265625 0.1625
0 0.6890625 0.040625 0.075 0.08125
0 0.33359375 0.1484375 0.1859375 0.19375
0 0.82265625 0.3921875 0.0921875 0.090625
0 0.74453125 0.1 0.1265625 0.153125
0 0.45625 0.8328125 0.2046875 0.240625
0 0.065625 0.69609375 0.13125 0.1765625
0 0.33125 0.51015625 0.19375 0.225
0 0.79609375 0.06796875 0.1328125 0.1359375
0 0.91953125 0.5390625 0.125 0.1109375
0 0.79765625 0.7421875 0.196875 0.1890625
0 0.353125 0.0421875 0.128125 0.084375
0 0.2375 0.05859375 0.1359375 0.1171875
0 0.409375 0.36875 0.109375 0.1296875
0 0.946875 0.3890625 0.1046875 0.1984375
0 0.71171875 0.36328125 0.15 0.1796875