0 0.51484375 0.9234375 0.0828125 0.084375
0 0.53671875 0.559375 0.0921875 0.071875
0 0.665625 0.49453125 0.1171875 0.1
0 0.62734375 0.58125 0.0484375 0.0546875
0 0.8359375 0.75078125 0.13125 0.09375
0 0.603125 0.721875 0.0734375 0.0765625
0 0.73125 0.1078125 0.075 0.1046875
0 0.7640625 0.6890625 0.0859375 0.0859375
0 0.828125 0.68828125 0.0875 0.078125
0 0.8046875 0.88984375 0.0953125 0.0921875
0 0.5375 0.040625 0.06875 0.0703125
0 0.90546875 0.04296875 0.103125 0.0828125
0 0.740625 0.578125 0.0703125 0.065625
0 0.5234375 0.38984375 0.0765625 0.0875
0 0.8859375 0.253125 0.1203125 0.078125
0 0.68984375 0.3421875 0.0625 0.0625
0 0.65 0.709375 0.05 0.059375
0 0.88984375 0.346875 0.1015625 0.06875
0 0.40703125 0.8515625 0.09375 0.1109375
0 0.634375 0.95390625 0.0484375 0.0640625
0 0.89609375 0.584375 0.0875 0.0875
0 0.5234375 0.7890625 0.065625 0.084375
0 0.8359375 0.17421875 0.1140625 0.103125
0 0.46015625 0.3953125 0.065625 0.075
0 0.93203125 0.1109375 0.075 0.08125
0 0.38671875 0.5515625 0.0546875 0.05625
0 0.4625 0.509375 0.1046875 0.1109375
0 0.86015625 0.446875 0.0953125 0.084375