0 0.3734375 0.4609375 0.1328125 0.1234375
0 0.83203125 0.7984375 0.090625 0.075
0 0.70234375 0.803125 0.1125 0.1234375
0 0.9 0.67421875 0.11875 0.0984375
0 0.4359375 0.15390625 0.1046875 0.103125
0 0.18125 0.83515625 0.11875 0.0765625
0 0.5046875 0.46796875 0.1359375 0.109375
0 0.4609375 0.56875 0.165625 0.1421875
0 0.4359375 0.36796875 0.065625 0.0703125
0 0.4828125 0.37109375 0.0515625 0.0796875
0 0.8703125 0.85546875 0.096875 0.0859375
0 0.6734375 0.94140625 0.1 0.1140625
0 0.8453125 0.46171875 0.1484375 0.1359375
0 0.61484375 0.18359375 0.0546875 0.046875
0 0.725 0.42265625 0.084375 0.0859375
0 0.85859375 0.74140625 0.0765625 0.0765625
0 0.2609375 0.7609375 0.1171875 0.1265625
0 0.54296875 0.275 0.04375 0.075
0 0.3125 0.959375 0.1640625 0.0796875
0 0.65703125 0.14609375 0.0703125 0.0546875
0 0.57578125 0.715625 0.14375 0.1578125
0 0.7015625 0.55546875 0.078125 0.084375
0 0.1109375 0.534375 0.128125 0.1421875
0 0.15234375 0.10078125 0.11875 0.078125
0 0.953125 0.38671875 0.065625 0.05625
0 0.6 0.31171875 0.103125 0.125
0 0.47890625 0.28984375 0.1125 0.1078125
0 0.7296875 0.69296875 0.059375 0.0796875
0 0.39609375 0.85390625 0.1453125 0.16875
0 0.825 0.59921875 0.14375 0.125
0 0.7265625 0.91875 0.090625 0.1078125
0 0.15390625 0.30703125 0.125 0.0921875
0 0.78515625 0.71484375 0.1140625 0.128125
0 0.625 0.2296875 0.0515625 0.0609375
0 0.084375 0.25078125 0.0796875 0.06875
0 0.71015625 0.35625 0.115625 0.0703125
0 0.92578125 0.23359375 0.1453125 0.1546875
0 0.09296875 0.7 0.11875 0.0984375
0 0.6953125 0.62890625 0.0578125 0.0546875
0 0.1515625 0.18203125 0.1640625 0.128125
0 0.8125 0.23828125 0.109375 0.1109375
0 0.25703125 0.8515625 0.0890625 0.103125
0 0.04609375 0.30703125 0.0921875 0.0734375
0 0.346875 0.08125 0.090625 0.128125
0 0.04375 0.6 0.0875 0.1375
0 0.6703125 0.68984375 0.078125 0.090625
0 0.64921875 0.03828125 0.0875 0.0765625
0 0.92734375 0.953125 0.1296875 0.090625
0 0.61328125 0.08671875 0.1078125 0.071875
0 0.32578125 0.21484375 0.1328125 0.1265625
0 0.23671875 0.6375 0.18125 0.1421875
0 0.08046875 0.90390625 0.1609375 0.1890625
0 0.171875 0.47890625 0.1234375 0.0984375
0 0.35 0.38828125 0.1359375 0.071875
0 0.6546875 0.18203125 0.06875 0.0671875
0 0.76015625 0.86484375 0.103125 0.1125
0 0.08203125 0.4140625 0.109375 0.1078125
0 0.5921875 0.14609375 0.0734375 0.0609375
0 0.44375 0.21796875 0.0625 0.0640625
0 0.49921875 0.21953125 0.0828125 0.0765625
0 0.6359375 0.5265625 0.1109375 0.10625
0 0.7203125 0.03125 0.075 0.0625
0 0.86328125 0.09609375 0.1375 0.165625
0 0.5046875 0.121875 0.1328125 0.1390625
0 0.48125 0.03828125 0.090625 0.0765625
0 0.5765625 0.853125 0.14375 0.153125
0 0.17265625 0.7734375 0.0796875 0.0484375
0 0.39140625 0.3203125 0.0921875 0.1
0 0.72265625 0.09453125 0.0859375 0.084375
0 0.4125 0.078125 0.0765625 0.0875
0 0.3234375 0.7703125 0.10625 0.1203125
0 0.9046875 0.78046875 0.0765625 0.1
0 0.046875 0.45546875 0.0671875 0.0625
0 0.46015625 0.87734375 0.109375 0.1375
0 0.0421875 0.80078125 0.065625 0.075
0 0.39140625 0.66953125 0.1515625 0.190625
0 0.45625 0.95859375 0.1265625 0.08125
0 0.14296875 0.72421875 0.0765625 0.0859375
0 0.70234375 0.18046875 0.0640625 0.06875
0 0.78828125 0.03671875 0.0828125 0.0734375
0 0.19609375 0.9484375 0.1078125 0.1
0 0.30859375 0.89375 0.0828125 0.121875
0 0.215625 0.725 0.1046875 0.090625
0 0.93828125 0.35625 0.040625 0.046875
0 0.26953125 0.30390625 0.1484375 0.1390625
0 0.76328125 0.4984375 0.065625 0.075
0 0.6796875 0.28828125 0.0953125 0.075
0 0.54375 0.3609375 0.096875 0.0953125
0 0.77734375 0.63828125 0.05 0.0578125
0 0.18671875 0.3984375 0.14375 0.1078125
0 0.87109375 0.3484375 0.1328125 0.1140625
0 0.09453125 0.7796875 0.0953125 0.090625
0 0.5625 0.209375 0.06875 0.0609375
0 0.49921875 0.6671875 0.0984375 0.115625
0 0.765625 0.20078125 0.0765625 0.0734375
0 0.7140625 0.2421875 0.0609375 0.0625
0 0.06953125 0.1046875 0.0765625 0.0890625
0 0.48046875 0.78046875 0.084375 0.1265625
0 0.81875 0.93359375 0.1015625 0.1296875
0 0.04140625 0.22265625 0.0828125 0.121875
0 0.9296875 0.5546875 0.1375 0.159375
0 0.23828125 0.0625 0.140625 0.125
0 0.215625 0.53046875 0.109375 0.1171875