0 0.56640625 0.69453125 0.075 0.078125
0 0.528125 0.18515625 0.08125 0.0875
0 0.40078125 0.440625 0.103125 0.1140625
0 0.665625 0.50859375 0.090625 0.1
0 0.178125 0.39140625 0.1390625 0.1
0 0.43984375 0.70234375 0.1046875 0.103125
0 0.74375 0.103125 0.1296875 0.134375
0 0.10625 0.0578125 0.05625 0.0796875
0 0.121875 0.25390625 0.109375 0.1421875
0 0.2609375 0.53828125 0.1671875 0.0828125
0 0.51015625 0.396875 0.0984375 0.1046875
0 0.4984375 0.24453125 0.08125 0.103125
0 0.56171875 0.759375 0.084375 0.1125
0 0.5765625 0.56875 0.121875 0.1
0 0.13125 0.76171875 0.13125 0.0875
0 0.16171875 0.15546875 0.103125 0.0859375
0 0.21953125 0.0890625 0.13125 0.1453125
0 0.06640625 0.22890625 0.1 0.1296875
0 0.5953125 0.340625 0.0609375 0.0671875
0 0.65390625 0.3234375 0.0828125 0.0953125
0 0.9296875 0.1359375 0.1078125 0.1421875
0 0.359375 0.7640625 0.14375 0.1171875
0 0.675 0.8421875 0.0875 0.1109375
0 0.17578125 0.66953125 0.1703125 0.153125
0 0.85546875 0.55625 0.1140625 0.103125
0 0.896875 0.61640625 0.078125 0.078125
0 0.48671875 0.0703125 0.0765625 0.1
0 0.4109375 0.1015625 0.0984375 0.1046875
0 0.3109375 0.678125 0.1 0.1109375
0 0.8046875 0.1203125 0.0859375 0.1140625
0 0.7578125 0.8515625 0.090625 0.10625
0 0.75625 0.48984375 0.1 0.090625
0 0.83046875 0.62265625 0.0875 0.078125
0 0.953125 0.53125 0.090625 0.115625
0 0.15546875 0.471875 0.15625 0.125
0 0.45390625 0.47109375 0.06875 0.0875
0 0.734375 0.4 0.1015625 0.121875
0 0.30703125 0.44765625 0.1296875 0.1390625
0 0.059375 0.41796875 0.11875 0.103125
0 0.953125 0.6375 0.09375 0.11875
0 0.60546875 0.6375 0.075 0.0828125
0 0.41640625 0.6125 0.1828125 0.1859375
0 0.59140625 0.221875 0.1125 0.1359375
0 0.43359375 0.3703125 0.1 0.115625
0 0.0671875 0.571875 0.134375 0.10625
0 0.78046875 0.8125 0.08125 0.0796875
0 0.940625 0.8734375 0.1171875 0.1421875
0 0.4671875 0.52890625 0.08125 0.075
0 0.2203125 0.26484375 0.128125 0.1359375
0 0.8453125 0.45078125 0.1484375 0.11875
0 0.8265625 0.73515625 0.115625 0.134375
0 0.2875 0.203125 0.1328125 0.121875
0 0.32890625 0.1390625 0.10625 0.1390625
0 0.08359375 0.64140625 0.134375 0.1265625
0 0.421875 0.21953125 0.1390625 0.15
0 0.853125 0.1609375 0.0875 0.13125
0 0.7296875 0.7515625 0.0921875 0.096875
0 0.721875 0.6875 0.0796875 0.075
0 0.528125 0.49609375 0.0859375 0.103125
0 0.58984375 0.859375 0.14375 0.11875
0 0.63828125 0.409375 0.1078125 0.10625
0 0.53515625 0.63125 0.0796875 0.1
0 0.6953125 0.2953125 0.1296875 0.1109375
0 0.478125 0.77421875 0.1203125 0.1390625
0 0.93359375 0.75234375 0.1328125 0.1421875
0 0.646875 0.75078125 0.0984375 0.1078125
0 0.29296875 0.34296875 0.1453125 0.1453125
0 0.52890625 0.12109375 0.1140625 0.1
0 0.7359375 0.571875 0.1609375 0.1265625