0 0.17578125 0.075 0.0703125 0.084375
0 0.07421875 0.384375 0.0421875 0.053125
0 0.2984375 0.6140625 0.0390625 0.053125
0 0.796875 0.859375 0.0984375 0.0734375
0 0.9203125 0.7484375 0.071875 0.0640625
0 0.80390625 0.51875 0.1421875 0.1671875
0 0.3203125 0.52734375 0.06875 0.071875
0 0.39375 0.1796875 0.1375 0.0859375
0 0.059375 0.5765625 0.059375 0.04375
0 0.8296875 0.2890625 0.084375 0.0484375
0 0.8921875 0.334375 0.0390625 0.0453125
0 0.834375 0.24453125 0.06875 0.0453125
0 0.67265625 0.2203125 0.0765625 0.0671875
0 0.203125 0.38125 0.06875 0.053125
0 0.09296875 0.621875 0.115625 0.0671875
0 0.68125 0.91796875 0.0984375 0.0609375
0 0.3609375 0.76015625 0.05625 0.071875
0 0.55625 0.95625 0.053125 0.053125
0 0.2171875 0.32734375 0.04375 0.053125
0 0.15703125 0.21171875 0.05625 0.053125
0 0.14453125 0.965625 0.0609375 0.06875
0 0.30078125 0.16796875 0.053125 0.075
0 0.3453125 0.63125 0.053125 0.0453125
0 0.38984375 0.5515625 0.0625 0.053125
0 0.21640625 0.12109375 0.0453125 0.04375
0 0.3578125 0.428125 0.05625 0.05
0 0.76328125 0.04609375 0.0734375 0.0640625
0 0.66875 0.85 0.084375 0.1015625
0 0.85546875 0.80703125 0.0875 0.0921875
0 0.875 0.06875 0.0765625 0.059375
0 0.546875 0.05390625 0.046875 0.05
0 0.7171875 0.27890625 0.075 0.059375
0 0.0734375 0.85859375 0.146875 0.1734375
0 0.209375 0.15859375 0.0515625 0.05625
0 0.05625 0.04609375 0.05625 0.0515625
0 0.94453125 0.09375 0.0609375 0.075
0 0.58203125 0.67109375 0.0796875 0.0765625
0 0.6390625 0.14296875 0.0875 0.096875
0 0.91640625 0.4375 0.165625 0.15
0 0.5921875 0.06015625 0.0515625 0.075
0 0.13359375 0.70703125 0.0640625 0.0671875
0 0.8921875 0.16171875 0.0625 0.0515625
0 0.73203125 0.1921875 0.05625 0.071875
0 0.90859375 0.28125 0.0609375 0.0515625
0 0.19453125 0.45625 0.0453125 0.040625
0 0.21953125 0.6734375 0.0875 0.0890625
0 0.4578125 0.5203125 0.0375 0.046875
0 0.0984375 0.42734375 0.05 0.04375
0 0.634375 0.0546875 0.0390625 0.05625
0 0.42109375 0.71640625 0.03125 0.0578125
0 0.25625 0.60546875 0.0515625 0.05625
0 0.37421875 0.05625 0.0546875 0.0796875
0 0.4046875 0.7859375 0.05 0.0578125
0 0.3890625 0.71953125 0.0484375 0.0578125
0 0.165625 0.1171875 0.075 0.0765625
0 0.378125 0.1125 0.115625 0.0828125
0 0.04296875 0.45 0.0484375 0.0453125
0 0.5015625 0.28046875 0.084375 0.06875
0 0.79453125 0.72890625 0.140625 0.11875
0 0.70390625 0.09296875 0.0640625 0.065625
0 0.60546875 0.24921875 0.071875 0.0578125
0 0.1703125 0.4953125 0.0375 0.0359375
0 0.37734375 0.89453125 0.0453125 0.0578125
0 0.2421875 0.2765625 0.0640625 0.084375
0 0.66484375 0.078125 0.053125 0.053125
0 0.1109375 0.1640625 0.0671875 0.046875
0 0.4296875 0.06328125 0.065625 0.0890625
0 0.11953125 0.4 0.053125 0.04375
0 0.16171875 0.57578125 0.05625 0.0421875
0 0.315625 0.9484375 0.0796875 0.1015625
0 0.075 0.10703125 0.071875 0.0515625
0 0.1015625 0.0765625 0.0609375 0.046875
0 0.728125 0.2234375 0.075 0.0640625
0 0.90234375 0.23984375 0.065625 0.03125
0 0.2640625 0.125 0.059375 0.059375
0 0.1875 0.8578125 0.071875 0.075
0 0.3015625 0.2515625 0.0390625 0.0546875
0 0.03671875 0.6703125 0.0734375 0.053125
0 0.4 0.63515625 0.0375 0.0453125
0 0.78828125 0.34765625 0.065625 0.084375
0 0.66171875 0.28828125 0.046875 0.059375
0 0.0484375 0.1421875 0.0640625 0.04375
0 0.8671875 0.87890625 0.0515625 0.059375
0 0.29296875 0.46953125 0.075 0.046875
0 0.13828125 0.33046875 0.053125 0.05
0 0.5 0.9328125 0.084375 0.13125
0 0.29453125 0.3875 0.125 0.121875
0 0.74375 0.115625 0.046875 0.0875
0 0.32734375 0.07421875 0.0859375 0.1078125
0 0.2140625 0.9046875 0.078125 0.05625
0 0.83125 0.9296875 0.0953125 0.0796875
0 0.11328125 0.90625 0.053125 0.05625
0 0.48828125 0.78046875 0.0484375 0.090625
0 0.2171875 0.04375 0.06875 0.084375
0 0.2265625 0.490625 0.0578125 0.0375
0 0.74921875 0.8984375 0.0765625 0.0921875
0 0.209375 0.58828125 0.053125 0.0609375
0 0.74140625 0.6234375 0.096875 0.0921875
0 0.91953125 0.8703125 0.078125 0.084375
0 0.88046875 0.1015625 0.0859375 0.0609375
0 0.37265625 0.58984375 0.075 0.0546875
0 0.09609375 0.18984375 0.06875 0.0484375
0 0.03671875 0.73828125 0.0734375 0.0796875
0 0.57890625 0.7875 0.15625 0.1609375
0 0.67265625 0.4390625 0.0765625 0.05625
0 0.24921875 0.53515625 0.0578125 0.046875
0 0.5921875 0.9203125 0.0515625 0.0953125
0 0.30078125 0.5765625 0.0453125 0.0390625
0 0.953125 0.54765625 0.09375 0.10625
0 0.33359375 0.8671875 0.0484375 0.0640625
0 0.0984375 0.5140625 0.059375 0.0453125
0 0.9078125 0.91796875 0.059375 0.0625
0 0.26796875 0.04375 0.040625 0.0453125
0 0.3984375 0.4859375 0.0921875 0.0859375
0 0.35703125 0.8296875 0.046875 0.0703125
0 0.68828125 0.15 0.0515625 0.05
0 0.21875 0.809375 0.109375 0.1359375
0 0.85 0.20078125 0.0359375 0.059375
0 0.47421875 0.61640625 0.05625 0.05625
0 0.4875 0.684375 0.059375 0.0671875
0 0.51640625 0.1140625 0.09375 0.1265625
0 0.59609375 0.5125 0.0671875 0.046875
0 0.63671875 0.33359375 0.0515625 0.059375
0 0.75390625 0.796875 0.1171875 0.0796875
0 0.2890625 0.66484375 0.0546875 0.0640625
0 0.125 0.1375 0.05625 0.0515625
0 0.446875 0.7921875 0.0390625 0.059375
0 0.07421875 0.54453125 0.0640625 0.0421875
0 0.44296875 0.35078125 0.09375 0.06875