0 0.1453125 0.55546875 0.0703125 0.06875
0 0.2890625 0.35078125 0.1140625 0.0828125
0 0.20859375 0.47890625 0.071875 0.06875
0 0.56171875 0.7171875 0.09375 0.0875
0 0.35703125 0.6734375 0.078125 0.0796875
0 0.065625 0.83828125 0.109375 0.1125
0 0.61328125 0.1375 0.146875 0.1671875
0 0.20859375 0.6734375 0.0765625 0.0671875
0 0.1984375 0.546875 0.0640625 0.059375
0 0.57265625 0.50234375 0.096875 0.1
0 0.14453125 0.421875 0.0890625 0.084375
0 0.034375 0.94375 0.06875 0.1015625
0 0.91796875 0.83671875 0.071875 0.06875
0 0.646875 0.73515625 0.075 0.0828125
0 0.1734375 0.88046875 0.05625 0.0625
0 0.69921875 0.72578125 0.075 0.1234375
0 0.39609375 0.3453125 0.0875 0.0609375
0 0.79453125 0.34140625 0.0828125 0.0671875
0 0.5265625 0.13984375 0.084375 0.0640625
0 0.9 0.4671875 0.0734375 0.0578125
0 0.1515625 0.33046875 0.0703125 0.04375
0 0.128125 0.6390625 0.1140625 0.0640625
0 0.0765625 0.4015625 0.08125 0.0828125
0 0.69609375 0.4515625 0.0609375 0.053125
0 0.38828125 0.42734375 0.0625 0.0671875
0 0.39375 0.51875 0.0703125 0.06875
0 0.79765625 0.43828125 0.084375 0.0578125
0 0.9078125 0.75 0.1171875 0.125
0 0.25078125 0.640625 0.053125 0.0640625
0 0.25625 0.7140625 0.059375 0.065625
0 0.40859375 0.39765625 0.0859375 0.0640625
0 0.52421875 0.521875 0.0671875 0.0546875
0 0.03125 0.65625 0.059375 0.046875
0 0.1109375 0.24296875 0.1609375 0.125
0 0.95703125 0.33671875 0.0828125 0.090625
0 0.88671875 0.9328125 0.0625 0.0734375
0 0.35703125 0.4453125 0.059375 0.05625
0 0.72265625 0.82265625 0.1390625 0.13125
0 0.253125 0.49296875 0.0890625 0.09375
0 0.58125 0.946875 0.1 0.096875
0 0.0921875 0.43984375 0.071875 0.0734375
0 0.31328125 0.41953125 0.078125 0.0796875
0 0.078125 0.1 0.0875 0.0859375
0 0.91015625 0.6609375 0.14375 0.1109375
0 0.596875 0.80859375 0.0859375 0.0953125
0 0.76484375 0.12265625 0.1546875 0.1453125
0 0.62109375 0.41015625 0.059375 0.0640625
0 0.28203125 0.6765625 0.0625 0.0546875
0 0.33046875 0.5609375 0.0890625 0.0953125
0 0.50703125 0.62265625 0.08125 0.0890625
0 0.946875 0.23828125 0.1046875 0.0953125
0 0.24296875 0.93671875 0.084375 0.109375
0 0.45859375 0.51015625 0.0703125 0.065625
0 0.325 0.91875 0.10625 0.0921875
0 0.8578125 0.853125 0.1171875 0.096875
0 0.51484375 0.20078125 0.1140625 0.103125
0 0.871875 0.23828125 0.0828125 0.1078125
0 0.2046875 0.61484375 0.0765625 0.05
0 0.26328125 0.540625 0.0625 0.05
0 0.1640625 0.74375 0.0703125 0.0671875
0 0.69453125 0.40078125 0.115625 0.109375
0 0.77265625 0.7984375 0.0875 0.1125
0 0.17421875 0.81953125 0.090625 0.0890625
0 0.834375 0.39765625 0.0671875 0.0859375
0 0.0609375 0.7546875 0.121875 0.1203125
0 0.575 0.83984375 0.059375 0.0625
0 0.1625 0.37890625 0.096875 0.0671875
0 0.27734375 0.28046875 0.0859375 0.075
0 0.36796875 0.26796875 0.1375 0.1390625
0 0.2078125 0.421875 0.0796875 0.06875
0 0.10625 0.69453125 0.0734375 0.0625
0 0.1328125 0.1890625 0.1109375 0.0890625
0 0.64453125 0.49921875 0.096875 0.1015625
0 0.94375 0.140625 0.0828125 0.0953125
0 0.0765625 0.5359375 0.0515625 0.059375
0 0.86875 0.78984375 0.0578125 0.053125
0 0.4359375 0.5890625 0.05 0.0390625
0 0.46015625 0.55703125 0.0671875 0.0515625
0 0.9609375 0.575 0.075 0.0796875
0 0.13125 0.6 0.05625 0.04375
0 0.15859375 0.6875 0.0671875 0.0640625
0 0.81171875 0.76015625 0.1234375 0.134375
0 0.25390625 0.578125 0.0796875 0.059375
0 0.103125 0.884375 0.096875 0.1109375
0 0.66015625 0.06875 0.0953125 0.103125
0 0.51796875 0.81953125 0.0796875 0.084375
0 0.88828125 0.06875 0.08125 0.09375
0 0.8859375 0.365625 0.1125 0.1234375
0 0.140625 0.959375 0.0796875 0.0796875
0 0.328125 0.490625 0.0796875 0.0765625
0 0.94375 0.94921875 0.0828125 0.0859375
0 0.1890625 0.92265625 0.0671875 0.0625
0 0.15390625 0.48671875 0.0640625 0.0546875
0 0.775 0.39375 0.078125 0.0625
0 0.184375 0.58203125 0.053125 0.053125
0 0.5859375 0.21796875 0.0703125 0.0765625
0 0.65546875 0.253125 0.0921875 0.0890625
0 0.85859375 0.57109375 0.1546875 0.1140625
0 0.06484375 0.565625 0.071875 0.0765625
0 0.41640625 0.87578125 0.0953125 0.0953125
0 0.79375 0.2609375 0.1265625 0.1546875
0 0.53828125 0.57265625 0.109375 0.10625
0 0.5046875 0.9296875 0.0828125 0.09375
0 0.14296875 0.10703125 0.0890625 0.096875
0 0.478125 0.04609375 0.109375 0.0921875
0 0.46015625 0.42421875 0.059375 0.059375
0 0.4140625 0.61953125 0.0484375 0.0484375
0 0.11484375 0.53046875 0.0609375 0.0640625
0 0.64609375 0.9140625 0.096875 0.1109375
0 0.48125 0.11640625 0.090625 0.090625
0 0.44375 0.18515625 0.071875 0.09375
0 0.51796875 0.325 0.1859375 0.2046875
0 0.23671875 0.7828125 0.0953125 0.090625