0 0.36328125 0.15078125 0.103125 0.0890625
0 0.58515625 0.16328125 0.1484375 0.165625
0 0.09765625 0.14609375 0.125 0.1421875
0 0.6015625 0.35234375 0.109375 0.1203125
0 0.88671875 0.20234375 0.0484375 0.0375
0 0.9 0.490625 0.08125 0.1109375
0 0.72265625 0.0765625 0.0875 0.0796875
0 0.71796875 0.31484375 0.1125 0.11875
0 0.3140625 0.090625 0.06875 0.0578125
0 0.63125 0.759375 0.0796875 0.078125
0 0.203125 0.11640625 0.1296875 0.1125
0 0.66953125 0.26640625 0.078125 0.09375
0 0.05078125 0.7515625 0.1015625 0.1296875
0 0.4234375 0.5859375 0.0703125 0.0765625
0 0.23828125 0.34375 0.15625 0.146875
0 0.89453125 0.8109375 0.1234375 0.1359375
0 0.61953125 0.66875 0.0984375 0.090625
0 0.58984375 0.47109375 0.1078125 0.115625
0 0.6625 0.7046875 0.0828125 0.075
0 0.32421875 0.60078125 0.0765625 0.0703125
0 0.853125 0.26015625 0.1421875 0.11875
0 0.7609375 0.19296875 0.1140625 0.1390625
0 0.39296875 0.32734375 0.1671875 0.1453125
0 0.29765625 0.4046875 0.1203125 0.1203125
0 0.38046875 0.06015625 0.1171875 0.1203125
0 0.6140625 0.584375 0.0953125 0.0875
0 0.5234375 0.04921875 0.0953125 0.0984375
0 0.78671875 0.9421875 0.08125 0.0796875
0 0.59765625 0.05390625 0.0953125 0.1078125
0 0.79296875 0.62734375 0.0828125 0.0828125
0 0.47578125 0.521875 0.125 0.0921875
0 0.7734375 0.85078125 0.0796875 0.1046875
0 0.61171875 0.25625 0.0890625 0.0921875
0 0.3046875 0.2234375 0.0765625 0.103125
0 0.53671875 0.3140625 0.11875 0.1390625
0 0.79453125 0.109375 0.0984375 0.0984375
0 0.71484375 0.890625 0.10625 0.1234375
0 0.66328125 0.16015625 0.0546875 0.071875
0 0.6734375 0.3890625 0.0921875 0.0921875
0 0.73828125 0.5359375 0.065625 0.0609375
0 0.69609375 0.4390625 0.0953125 0.1078125
0 0.5234375 0.8953125 0.0546875 0.071875
0 0.47265625 0.69140625 0.1234375 0.0984375
0 0.91796875 0.04765625 0.1328125 0.0953125
0 0.62734375 0.53828125 0.0875 0.0859375
0 0.9390625 0.071875 0.096875 0.075
0 0.73359375 0.671875 0.09375 0.1203125
0 0.234375 0.59375 0.1265625 0.175
0 0.28515625 0.6875 0.0921875 0.084375
0 0.48203125 0.85078125 0.1109375 0.115625
0 0.5640625 0.74921875 0.1046875 0.1390625
0 0.8765625 0.3890625 0.0875 0.08125
0 0.625 0.8546875 0.1 0.1234375
0 0.703125 0.15625 0.0796875 0.1234375
0 0.709375 0.58046875 0.1046875 0.075
0 0.84140625 0.91953125 0.071875 0.071875
0 0.9640625 0.53671875 0.06875 0.0671875
0 0.78515625 0.50390625 0.0953125 0.0890625
0 0.4078125 0.21875 0.0953125 0.096875
0 0.33046875 0.6765625 0.06875 0.0796875
0 0.68203125 0.6234375 0.0640625 0.0671875
0 0.5640625 0.9328125 0.0828125 0.13125
0 0.421875 0.4375 0.115625 0.109375
0 0.86640625 0.64140625 0.09375 0.1
0 0.9296875 0.684375 0.121875 0.1078125
0 0.384375 0.64375 0.09375 0.103125
0 0.525 0.4890625 0.078125 0.090625
0 0.078125 0.83359375 0.15625 0.1375
0 0.42578125 0.77265625 0.0953125 0.1046875
0 0.8375 0.46015625 0.109375 0.1015625
0 0.91796875 0.596875 0.078125 0.096875
0 0.90234375 0.13515625 0.0859375 0.1015625
0 0.82265625 0.5578125 0.121875 0.090625
0 0.95546875 0.4703125 0.0609375 0.06875
0 0.49609375 0.6140625 0.1109375 0.10625
0 0.7546875 0.41953125 0.075 0.0875
0 0.08671875 0.896875 0.1734375 0.1453125
0 0.93125 0.42265625 0.0640625 0.0671875
0 0.6328125 0.95 0.0828125 0.096875
0 0.3828125 0.53515625 0.0984375 0.103125
0 0.4203125 0.9109375 0.10625 0.1390625
0 0.5734375 0.6203125 0.08125 0.109375
0 0.85078125 0.17109375 0.0765625 0.0984375
0 0.89296875 0.9546875 0.0640625 0.08125
0 0.95234375 0.225 0.09375 0.1359375
0 0.93828125 0.93125 0.11875 0.125
0 0.8359375 0.83984375 0.0859375 0.1140625
0 0.8046875 0.35546875 0.0984375 0.1046875
0 0.91171875 0.33125 0.10625 0.0828125
0 0.69140625 0.76484375 0.075 0.0765625
0 0.35703125 0.8015625 0.1109375 0.13125
0 0.49296875 0.215625 0.121875 0.1234375
0 0.68125 0.5203125 0.0515625 0.0546875
0 0.4921875 0.4109375 0.103125 0.1265625
0 0.31328125 0.50703125 0.1046875 0.109375
0 0.23046875 0.2078125 0.1140625 0.1234375
0 0.80703125 0.6921875 0.071875 0.0625
0 0.0765625 0.09375 0.153125 0.1359375
0 0.478125 0.9546875 0.1078125 0.0859375
0 0.4984375 0.1203125 0.0953125 0.09375
0 0.28671875 0.74375 0.0984375 0.0859375