0 0.15234375 0.19921875 0.08125 0.071875
0 0.5296875 0.10625 0.05625 0.0796875
0 0.58203125 0.7984375 0.1 0.0984375
0 0.38984375 0.12734375 0.0671875 0.0828125
0 0.2109375 0.2796875 0.0625 0.0546875
0 0.91015625 0.815625 0.10625 0.090625
0 0.27734375 0.2375 0.103125 0.0859375
0 0.43125 0.55859375 0.0453125 0.0375
0 0.615625 0.41484375 0.0796875 0.0796875
0 0.209375 0.109375 0.090625 0.1
0 0.6375 0.52734375 0.1 0.0671875
0 0.30859375 0.75390625 0.046875 0.0609375
0 0.44296875 0.8296875 0.0625 0.090625
0 0.375 0.31953125 0.0515625 0.0453125
0 0.79140625 0.05390625 0.0484375 0.071875
0 0.66328125 0.22265625 0.0390625 0.04375
0 0.31015625 0.90546875 0.0734375 0.1171875
0 0.2734375 0.8453125 0.0640625 0.0875
0 0.71875 0.90546875 0.0609375 0.0625
0 0.94140625 0.9453125 0.1171875 0.1078125
0 0.69375 0.859375 0.053125 0.071875
0 0.06171875 0.23203125 0.071875 0.05625
0 0.915625 0.12890625 0.0890625 0.0796875
0 0.0609375 0.93359375 0.1 0.090625
0 0.05078125 0.6234375 0.1015625 0.075
0 0.1953125 0.89765625 0.109375 0.0984375
0 0.3375 0.06640625 0.0703125 0.0765625
0 0.8328125 0.1015625 0.071875 0.0671875
0 0.509375 0.8984375 0.0765625 0.0984375
0 0.140625 0.10546875 0.075 0.0609375
0 0.37890625 0.76640625 0.0765625 0.0875
0 0.54453125 0.46796875 0.125 0.1296875
0 0.20703125 0.825 0.0875 0.1015625
0 0.42109375 0.91640625 0.0578125 0.109375
0 0.303125 0.34375 0.0640625 0.0671875
0 0.74609375 0.0953125 0.075 0.0859375
0 0.18359375 0.37265625 0.0578125 0.053125
0 0.21484375 0.42578125 0.1234375 0.10625
0 0.84375 0.709375 0.1078125 0.0703125
0 0.7203125 0.5109375 0.065625 0.0453125
0 0.56953125 0.24609375 0.0546875 0.0796875
0 0.81796875 0.39609375 0.09375 0.090625
0 0.4890625 0.6328125 0.0859375 0.06875
0 0.68359375 0.66484375 0.0796875 0.09375
0 0.65 0.0671875 0.0515625 0.0703125
0 0.290625 0.54296875 0.0484375 0.0484375
0 0.04140625 0.49296875 0.0828125 0.0859375
0 0.8 0.91953125 0.0546875 0.0921875
0 0.878125 0.47109375 0.0984375 0.0875
0 0.7359375 0.2265625 0.075 0.0703125
0 0.86328125 0.60546875 0.11875 0.1125
0 0.67734375 0.3 0.084375 0.078125
0 0.046875 0.26875 0.0921875 0.0609375
0 0.74453125 0.43359375 0.0859375 0.0625
0 0.7078125 0.78125 0.096875 0.09375
0 0.37734375 0.38203125 0.0515625 0.0609375
0 0.36328125 0.18671875 0.0984375 0.0984375
0 0.34609375 0.48828125 0.0984375 0.103125
0 0.08984375 0.3609375 0.09375 0.0671875
0 0.1765625 0.65390625 0.11875 0.0921875
0 0.74921875 0.82578125 0.0828125 0.0859375
0 0.4484375 0.67265625 0.06875 0.075
0 0.8375 0.1484375 0.0828125 0.071875
0 0.61875 0.7453125 0.11875 0.078125
0 0.62265625 0.171875 0.0765625 0.071875
0 0.08359375 0.1625 0.0828125 0.059375
0 0.246875 0.50234375 0.0734375 0.0765625
0 0.64609375 0.89921875 0.06875 0.0828125
0 0.6 0.23828125 0.0515625 0.0734375
0 0.2671875 0.09609375 0.0921875 0.1015625
0 0.56328125 0.9421875 0.06875 0.1125
0 0.08984375 0.8625 0.0859375 0.1078125
0 0.48828125 0.390625 0.0921875 0.0984375
0 0.0921875 0.52734375 0.0859375 0.0640625
0 0.115625 0.628125 0.06875 0.0546875
0 0.69453125 0.60546875 0.0578125 0.053125
0 0.1171875 0.775 0.1015625 0.103125
0 0.215625 0.71484375 0.115625 0.0953125
0 0.9515625 0.325 0.0953125 0.0578125
0 0.44296875 0.1234375 0.06875 0.090625
0 0.86015625 0.75625 0.0796875 0.0546875
0 0.78671875 0.63828125 0.0453125 0.04375