0 0.54453125 0.8515625 0.0390625 0.0515625
0 0.85390625 0.94921875 0.08125 0.0953125
0 0.5 0.18203125 0.1890625 0.153125
0 0.11640625 0.35 0.109375 0.09375
0 0.365625 0.89375 0.10625 0.125
0 0.2421875 0.8546875 0.1375 0.16875
0 0.10078125 0.465625 0.1609375 0.16875
0 0.6109375 0.5671875 0.0671875 0.0671875
0 0.51171875 0.321875 0.209375 0.1765625
0 0.87578125 0.04453125 0.146875 0.0890625
0 0.34140625 0.40390625 0.1375 0.153125
0 0.39453125 0.7703125 0.1234375 0.1265625
0 0.38203125 0.18515625 0.0875 0.075
0 0.6421875 0.7890625 0.0953125 0.0859375
0 0.45625 0.91796875 0.1 0.1625
0 0.3734375 0.5796875 0.1515625 0.1625
0 0.57109375 0.9296875 0.1640625 0.140625
0 0.94375 0.28984375 0.10625 0.1078125
0 0.73203125 0.42109375 0.1984375 0.1625
0 0.509375 0.5171875 0.134375 0.1546875
0 0.26171875 0.94609375 0.0984375 0.10625
0 0.628125 0.875 0.0890625 0.0984375
0 0.8953125 0.65234375 0.0953125 0.1046875
0 0.64453125 0.1828125 0.10625 0.1484375
0 0.87734375 0.14375 0.1859375 0.1453125
0 0.6 0.3984375 0.1125 0.1140625
0 0.4578125 0.43359375 0.1109375 0.11875
0 0.134375 0.83984375 0.159375 0.0734375
0 0.2375 0.73359375 0.1 0.1140625
0 0.0875 0.25 0.175 0.178125
0 0.24140625 0.1734375 0.115625 0.0890625
0 0.54296875 0.70546875 0.11875 0.1296875
0 0.796875 0.66953125 0.11875 0.1140625
0 0.29140625 0.10078125 0.1109375 0.1484375
0 0.728125 0.1421875 0.1125 0.109375