0 0.83359375 0.75859375 0.0546875 0.059375
0 0.4921875 0.50390625 0.0546875 0.0625
0 0.05078125 0.4140625 0.0875 0.078125
0 0.41171875 0.49296875 0.0515625 0.046875
0 0.24921875 0.50625 0.0703125 0.040625
0 0.09765625 0.11015625 0.084375 0.0703125
0 0.153125 0.47890625 0.08125 0.1125
0 0.1953125 0.834375 0.103125 0.084375
0 0.0765625 0.13984375 0.0890625 0.0640625
0 0.1734375 0.71484375 0.0890625 0.08125
0 0.35078125 0.3015625 0.046875 0.05625
0 0.409375 0.2671875 0.0546875 0.071875
0 0.26015625 0.2453125 0.0546875 0.06875
0 0.6265625 0.8421875 0.0828125 0.0953125
0 0.2578125 0.6125 0.05625 0.0609375
0 0.85859375 0.7 0.090625 0.0734375
0 0.440625 0.69375 0.06875 0.0828125
0 0.4375 0.5390625 0.0546875 0.053125
0 0.109375 0.29296875 0.06875 0.0515625
0 0.3890625 0.20390625 0.059375 0.0765625
0 0.08515625 0.503125 0.084375 0.0453125
0 0.3625 0.62265625 0.1234375 0.0734375
0 0.14296875 0.10546875 0.06875 0.0734375
0 0.7078125 0.23671875 0.0640625 0.0921875
0 0.91953125 0.63984375 0.04375 0.04375
0 0.3640625 0.44765625 0.0515625 0.065625
0 0.8359375 0.4390625 0.05 0.053125
0 0.4046875 0.9046875 0.103125 0.09375
0 0.340625 0.95234375 0.078125 0.0703125
0 0.63828125 0.23515625 0.075 0.0796875
0 0.10703125 0.7578125 0.0609375 0.06875
0 0.63671875 0.72421875 0.0703125 0.0703125
0 0.775 0.75390625 0.0734375 0.0765625
0 0.36875 0.83359375 0.0640625 0.0921875
0 0.88125 0.634375 0.0453125 0.0390625
0 0.284375 0.384375 0.09375 0.0828125
0 0.85546875 0.209375 0.0578125 0.0484375
0 0.11328125 0.703125 0.0734375 0.0640625
0 0.4671875 0.74609375 0.075 0.071875
0 0.196875 0.8859375 0.071875 0.090625
0 0.8078125 0.69375 0.071875 0.0671875
0 0.70859375 0.05078125 0.078125 0.1
0 0.8453125 0.6078125 0.0609375 0.0734375
0 0.765625 0.2953125 0.08125 0.0703125
0 0.53203125 0.8265625 0.0546875 0.059375
0 0.14609375 0.915625 0.059375 0.071875
0 0.23125 0.265625 0.0640625 0.0609375
0 0.16640625 0.9578125 0.0515625 0.071875
0 0.85859375 0.29609375 0.0640625 0.0484375
0 0.271875 0.86953125 0.078125 0.078125
0 0.68671875 0.7953125 0.103125 0.090625
0 0.30859375 0.6703125 0.0609375 0.0671875
0 0.1796875 0.09921875 0.0703125 0.08125
0 0.8515625 0.9015625 0.1203125 0.1265625
0 0.35 0.35625 0.071875 0.05625
0 0.91953125 0.59375 0.04375 0.0484375
0 0.51640625 0.70234375 0.078125 0.065625
0 0.49375 0.65546875 0.071875 0.071875
0 0.3125 0.26484375 0.05625 0.059375
0 0.24453125 0.65859375 0.0765625 0.0578125
0 0.5390625 0.05859375 0.0578125 0.0875
0 0.7484375 0.378125 0.0625 0.0578125
0 0.29453125 0.1953125 0.065625 0.0765625
0 0.5546875 0.90625 0.0921875 0.0984375
0 0.30234375 0.05078125 0.0796875 0.0796875
0 0.70078125 0.65859375 0.075 0.08125
0 0.34921875 0.53203125 0.0875 0.065625
0 0.21484375 0.3375 0.0796875 0.0484375
0 0.2625 0.721875 0.0625 0.053125
0 0.76875 0.2046875 0.071875 0.075
0 0.11171875 0.6328125 0.0765625 0.0703125
0 0.16796875 0.6015625 0.078125 0.053125
0 0.08828125 0.32734375 0.1015625 0.0625
0 0.32578125 0.58203125 0.0484375 0.040625
0 0.06953125 0.74921875 0.0609375 0.0515625
0 0.11171875 0.896875 0.0515625 0.0453125
0 0.4625 0.0765625 0.0765625 0.096875
0 0.61171875 0.08359375 0.0796875 0.1140625
0 0.49375 0.18359375 0.0671875 0.0953125
0 0.30078125 0.81015625 0.06875 0.0796875
0 0.4890625 0.37265625 0.05625 0.0546875
0 0.76484375 0.57265625 0.0859375 0.090625
0 0.7671875 0.06328125 0.0734375 0.0859375
0 0.625 0.328125 0.0765625 0.0796875
0 0.64765625 0.49375 0.0609375 0.0609375
0 0.54296875 0.61015625 0.046875 0.053125
0 0.32265625 0.46953125 0.0515625 0.071875
0 0.11328125 0.56640625 0.1 0.0625
0 0.71328125 0.5109375 0.0796875 0.075