0 0.8046875 0.9078125 0.1390625 0.1796875
0 0.66015625 0.1421875 0.16875 0.1625
0 0.79296875 0.2390625 0.18125 0.1859375
0 0.115625 0.0859375 0.178125 0.171875
0 0.60625 0.678125 0.1265625 0.140625
0 0.36640625 0.0328125 0.1140625 0.065625
0 0.53984375 0.884375 0.13125 0.1234375
0 0.321875 0.7953125 0.1515625 0.153125
0 0.40234375 0.3296875 0.1078125 0.1734375
0 0.64453125 0.89921875 0.121875 0.1421875
0 0.11484375 0.63984375 0.225 0.2390625
0 0.34296875 0.49140625 0.2203125 0.2015625
0 0.1484375 0.94921875 0.134375 0.1015625
0 0.353125 0.10703125 0.1234375 0.1359375
0 0.72109375 0.728125 0.1703125 0.1640625
0 0.91953125 0.89921875 0.159375 0.2015625
0 0.5265625 0.2734375 0.209375 0.1703125
0 0.165625 0.50390625 0.146875 0.134375
0 0.73515625 0.55625 0.18125 0.2046875
0 0.43359375 0.1953125 0.125 0.1375
0 0.6546875 0.04375 0.1296875 0.0875
0 0.5609375 0.75625 0.1359375 0.1625
0 0.23515625 0.11875 0.1703125 0.2328125
0 0.1203125 0.3765625 0.2046875 0.2078125
0 0.73203125 0.83359375 0.1625 0.15
0 0.2046875 0.884375 0.1859375 0.1375
0 0.53828125 0.07109375 0.1484375 0.1421875
0 0.7765625 0.38203125 0.2234375 0.18125
0 0.05625 0.928125 0.1125 0.1421875
0 0.65859375 0.290625 0.0828125 0.0765625
0 0.43828125 0.61484375 0.1265625 0.128125
0 0.30078125 0.284375 0.1421875 0.20625
0 0.3328125 0.665625 0.1453125 0.1453125
0 0.5875 0.4140625 0.23125 0.234375
0 0.8640625 0.490625 0.146875 0.209375
0 0.178125 0.7875 0.1625 0.121875
0 0.45625 0.77265625 0.1484375 0.190625