0 0.67109375 0.315625 0.0703125 0.0703125
0 0.4375 0.1328125 0.1140625 0.1453125
0 0.9453125 0.38125 0.10625 0.134375
0 0.596875 0.85546875 0.0765625 0.090625
0 0.496875 0.403125 0.1359375 0.1390625
0 0.5171875 0.803125 0.071875 0.0921875
0 0.55078125 0.059375 0.1453125 0.11875
0 0.3765625 0.3359375 0.09375 0.1328125
0 0.30859375 0.04453125 0.11875 0.0890625
0 0.11484375 0.06953125 0.1640625 0.1390625
0 0.76171875 0.8578125 0.046875 0.0453125
0 0.1 0.24453125 0.1140625 0.1296875
0 0.8609375 0.65 0.1140625 0.0984375
0 0.7921875 0.38671875 0.09375 0.08125
0 0.6890625 0.03984375 0.0890625 0.0796875
0 0.80703125 0.15234375 0.134375 0.1390625
0 0.04453125 0.0953125 0.0890625 0.1140625
0 0.2515625 0.4390625 0.1015625 0.125
0 0.28828125 0.259375 0.05625 0.053125
0 0.69375 0.11171875 0.0796875 0.0765625
0 0.18359375 0.21875 0.0828125 0.0765625
0 0.66015625 0.39609375 0.1375 0.1078125
0 0.45859375 0.753125 0.0953125 0.125
0 0.4421875 0.89375 0.040625 0.065625
0 0.6953125 0.4625 0.13125 0.1078125
0 0.48203125 0.5328125 0.11875 0.1078125
0 0.0734375 0.459375 0.084375 0.0796875
0 0.69921875 0.7046875 0.1265625 0.1375
0 0.7734375 0.60078125 0.0484375 0.053125
0 0.77265625 0.08046875 0.0921875 0.0765625
0 0.07421875 0.9078125 0.0953125 0.09375
0 0.5109375 0.28984375 0.0703125 0.1
0 0.7125 0.25078125 0.0671875 0.0609375
0 0.31640625 0.3375 0.0640625 0.0984375
0 0.36015625 0.765625 0.1 0.1234375
0 0.3640625 0.4578125 0.0515625 0.08125
0 0.896875 0.034375 0.084375 0.06875
0 0.290625 0.61171875 0.1484375 0.1578125
0 0.809375 0.4625 0.1 0.071875
0 0.821875 0.525 0.0953125 0.05625
0 0.8359375 0.78203125 0.1328125 0.134375
0 0.24296875 0.15625 0.05 0.0515625
0 0.246875 0.34296875 0.1234375 0.1046875
0 0.06953125 0.36015625 0.1390625 0.115625
0 0.44375 0.59609375 0.1203125 0.1453125
0 0.16796875 0.6375 0.11875 0.1015625
0 0.22265625 0.84921875 0.1140625 0.0890625
0 0.2953125 0.465625 0.109375 0.1203125
0 0.2234375 0.7140625 0.0953125 0.0734375
0 0.83125 0.03359375 0.1140625 0.0671875
0 0.3453125 0.86875 0.1109375 0.1078125
0 0.79296875 0.67265625 0.078125 0.084375
0 0.65625 0.90234375 0.075 0.08125
0 0.93359375 0.47265625 0.1328125 0.09375
0 0.56875 0.18046875 0.0921875 0.121875
0 0.9578125 0.61640625 0.084375 0.0828125
0 0.7078125 0.88515625 0.071875 0.0921875
0 0.8140625 0.2953125 0.0859375 0.071875
0 0.85 0.39453125 0.0921875 0.103125
0 0.13515625 0.865625 0.0953125 0.1234375
0 0.64140625 0.225 0.115625 0.121875
0 0.9390625 0.165625 0.1203125 0.1546875
0 0.728125 0.19921875 0.0703125 0.071875
0 0.353125 0.15625 0.0984375 0.115625
0 0.87421875 0.1125 0.1 0.1125