0 0.2015625 0.884375 0.0359375 0.053125
0 0.51953125 0.521875 0.0546875 0.065625
0 0.6140625 0.27421875 0.0640625 0.065625
0 0.08359375 0.77109375 0.0859375 0.0875
0 0.36640625 0.31015625 0.096875 0.10625
0 0.67734375 0.54609375 0.06875 0.0890625
0 0.58984375 0.56171875 0.0640625 0.0703125
0 0.18984375 0.5203125 0.0671875 0.0625
0 0.73125 0.66015625 0.1015625 0.0625
0 0.93984375 0.41875 0.090625 0.0859375
0 0.1703125 0.27265625 0.0671875 0.0671875
0 0.821875 0.45625 0.071875 0.071875
0 0.103125 0.834375 0.0515625 0.05
0 0.84765625 0.6859375 0.078125 0.0890625
0 0.3125 0.63125 0.059375 0.06875
0 0.17734375 0.95546875 0.0625 0.0796875
0 0.1578125 0.31328125 0.04375 0.04375
0 0.17265625 0.6015625 0.0453125 0.05625
0 0.58203125 0.31640625 0.1015625 0.109375
0 0.41875 0.39609375 0.0765625 0.06875
0 0.921875 0.8625 0.13125 0.1359375
0 0.3625 0.6328125 0.0734375 0.078125
0 0.3734375 0.8546875 0.059375 0.0734375
0 0.7296875 0.6046875 0.0953125 0.0875
0 0.9453125 0.28125 0.0890625 0.0765625
0 0.3375 0.87890625 0.053125 0.0671875
0 0.8671875 0.59765625 0.0890625 0.1015625
0 0.30625 0.15625 0.0953125 0.103125
0 0.06015625 0.69375 0.071875 0.0671875
0 0.57890625 0.7765625 0.0703125 0.0859375
0 0.86875 0.04921875 0.0921875 0.090625
0 0.04609375 0.09140625 0.0921875 0.0921875
0 0.875 0.89140625 0.078125 0.0890625
0 0.253125 0.609375 0.0734375 0.0796875
0 0.15 0.8328125 0.0484375 0.0625
0 0.07265625 0.903125 0.06875 0.0890625
0 0.109375 0.9546875 0.1109375 0.090625
0 0.7546875 0.31328125 0.078125 0.08125
0 0.72109375 0.884375 0.071875 0.090625
0 0.19296875 0.42734375 0.0703125 0.06875
0 0.65234375 0.396875 0.090625 0.0859375
0 0.48671875 0.06328125 0.0546875 0.0609375
0 0.81484375 0.1015625 0.0625 0.0828125
0 0.803125 0.64609375 0.0609375 0.0625
0 0.72421875 0.75 0.0875 0.0828125
0 0.525 0.1015625 0.0625 0.0765625
0 0.76015625 0.09765625 0.084375 0.0796875
0 0.7859375 0.72890625 0.053125 0.0703125
0 0.2609375 0.8546875 0.084375 0.0921875
0 0.71484375 0.440625 0.0765625 0.084375
0 0.59375 0.86875 0.0703125 0.084375
0 0.8359375 0.19140625 0.0546875 0.053125
0 0.2921875 0.54140625 0.0625 0.0609375
0 0.334375 0.68203125 0.0640625 0.078125
0 0.67578125 0.9484375 0.0765625 0.0984375
0 0.9421875 0.57265625 0.0875 0.084375
0 0.79765625 0.53671875 0.0765625 0.0671875
0 0.3984375 0.56015625 0.0890625 0.084375
0 0.29921875 0.03359375 0.0578125 0.0671875
0 0.90234375 0.7171875 0.0890625 0.096875
0 0.40390625 0.7734375 0.059375 0.0796875
0 0.79453125 0.83984375 0.1015625 0.13125
0 0.36484375 0.9296875 0.059375 0.0796875
0 0.1234375 0.68359375 0.08125 0.115625
0 0.21171875 0.5765625 0.090625 0.084375
0 0.10625 0.2578125 0.1046875 0.103125
0 0.85390625 0.2578125 0.1171875 0.0796875
0 0.421875 0.4375 0.0484375 0.05625
0 0.1171875 0.03984375 0.065625 0.06875
0 0.190625 0.6421875 0.0453125 0.04375
0 0.04765625 0.84609375 0.0578125 0.06875
0 0.73046875 0.54296875 0.05625 0.059375
0 0.6296875 0.5828125 0.0625 0.0703125
0 0.53359375 0.59140625 0.08125 0.09375
0 0.89453125 0.3921875 0.0796875 0.0671875
0 0.675 0.08984375 0.0578125 0.0875
0 0.91640625 0.11875 0.071875 0.06875
0 0.896875 0.3484375 0.0703125 0.075
0 0.66328125 0.1609375 0.05 0.053125
0 0.74453125 0.7015625 0.0734375 0.0734375
0 0.52890625 0.3484375 0.0703125 0.0765625
0 0.659375 0.32421875 0.0546875 0.0703125
0 0.0453125 0.28125 0.071875 0.06875
0 0.2578125 0.28125 0.115625 0.1265625
0 0.24921875 0.1703125 0.0609375 0.071875
0 0.6234375 0.46875 0.1171875 0.1234375
0 0.6703125 0.84296875 0.0625 0.0890625
0 0.1078125 0.38828125 0.0921875 0.0640625
0 0.271875 0.703125 0.071875 0.08125
0 0.44453125 0.4703125 0.0796875 0.1
0 0.1265625 0.88359375 0.0609375 0.0734375
0 0.91796875 0.225 0.0640625 0.0609375
0 0.08671875 0.58671875 0.1046875 0.0921875
0 0.8375 0.1515625 0.0546875 0.053125
0 0.62265625 0.80703125 0.0453125 0.078125
0 0.3921875 0.353125 0.075 0.075
0 0.25703125 0.9125 0.0546875 0.0609375
0 0.725 0.26875 0.0640625 0.075
0 0.66640625 0.2640625 0.0765625 0.084375
0 0.2515625 0.1078125 0.0640625 0.06875
0 0.20234375 0.8375 0.0921875 0.115625
0 0.5328125 0.83203125 0.059375 0.084375
0 0.75 0.37890625 0.0578125 0.078125
0 0.69140625 0.37265625 0.0765625 0.0765625
0 0.634375 0.659375 0.1 0.103125
0 0.378125 0.7125 0.0765625 0.0953125
0 0.32421875 0.41796875 0.0953125 0.08125
0 0.3796875 0.078125 0.0546875 0.0625
0 0.22421875 0.759375 0.0875 0.08125
0 0.74609375 0.16015625 0.10625 0.10625
0 0.146875 0.63203125 0.04375 0.059375
0 0.12421875 0.52265625 0.109375 0.084375
0 0.42421875 0.646875 0.0890625 0.0875
0 0.63203125 0.075 0.0515625 0.0765625
0 0.3640625 0.4796875 0.0921875 0.084375
0 0.44140625 0.31640625 0.0765625 0.0921875
0 0.06640625 0.36015625 0.0859375 0.075
0 0.528125 0.66796875 0.0890625 0.1078125
0 0.20078125 0.0484375 0.09375 0.096875
0 0.19921875 0.32734375 0.0765625 0.0640625
0 0.38125 0.13828125 0.06875 0.096875
0 0.928125 0.0640625 0.0640625 0.065625
0 0.2421875 0.434375 0.0875 0.075
0 0.10078125 0.08984375 0.0796875 0.0859375
0 0.18359375 0.67578125 0.0390625 0.0390625
0 0.85703125 0.503125 0.078125 0.0859375
0 0.1796875 0.3734375 0.078125 0.075
0 0.5140625 0.45703125 0.090625 0.0875
0 0.590625 0.92578125 0.0671875 0.071875
0 0.1015625 0.44921875 0.115625 0.10625
0 0.25 0.48671875 0.090625 0.09375
0 0.3265625 0.56875 0.078125 0.0984375
0 0.1703125 0.16328125 0.09375 0.09375
0 0.47421875 0.8265625 0.078125 0.1015625
0 0.6703125 0.2109375 0.0703125 0.053125
0 0.9109375 0.1734375 0.0796875 0.078125
0 0.703125 0.11875 0.0609375 0.06875
0 0.7734375 0.49296875 0.0859375 0.0765625
0 0.19375 0.2234375 0.0609375 0.0703125
0 0.565625 0.50625 0.0546875 0.0546875
0 0.584375 0.05625 0.0546875 0.071875
0 0.33125 0.7609375 0.0609375 0.0703125
0 0.76953125 0.440625 0.05625 0.05625
0 0.42578125 0.26875 0.071875 0.0625
0 0.8515625 0.328125 0.109375 0.11875
0 0.51796875 0.28125 0.059375 0.0578125
0 0.7203125 0.06640625 0.0609375 0.0859375
0 0.578125 0.20703125 0.05 0.059375
0 0.87734375 0.79296875 0.090625 0.0953125
0 0.453125 0.70390625 0.1015625 0.121875