0 0.31796875 0.51953125 0.0859375 0.0859375
0 0.05859375 0.83359375 0.078125 0.0921875
0 0.15234375 0.6390625 0.1171875 0.1359375
0 0.575 0.69609375 0.1296875 0.1328125
0 0.609375 0.4125 0.0859375 0.0890625
0 0.59453125 0.14453125 0.0484375 0.0359375
0 0.3390625 0.234375 0.0640625 0.0796875
0 0.04765625 0.5203125 0.0953125 0.06875
0 0.46796875 0.2375 0.0734375 0.0984375
0 0.73671875 0.34140625 0.0625 0.071875
0 0.9625 0.1109375 0.0640625 0.075
0 0.21328125 0.46015625 0.0703125 0.06875
0 0.5765625 0.4 0.08125 0.1234375
0 0.734375 0.1046875 0.0609375 0.0921875
0 0.575 0.509375 0.08125 0.1
0 0.203125 0.76875 0.071875 0.10625
0 0.40078125 0.68203125 0.10625 0.0828125
0 0.15 0.54453125 0.1140625 0.0875
0 0.4234375 0.78125 0.075 0.078125
0 0.29296875 0.5640625 0.0515625 0.059375
0 0.52734375 0.165625 0.03125 0.0609375
0 0.89140625 0.446875 0.0546875 0.06875
0 0.71640625 0.61328125 0.078125 0.103125
0 0.115625 0.90625 0.0953125 0.1140625
0 0.14296875 0.7796875 0.0953125 0.14375
0 0.92421875 0.58125 0.071875 0.0765625
0 0.36796875 0.3796875 0.046875 0.0515625
0 0.24765625 0.5453125 0.059375 0.0625
0 0.24921875 0.11796875 0.0890625 0.1109375
0 0.05234375 0.29609375 0.090625 0.10625
0 0.15625 0.22578125 0.10625 0.134375
0 0.87265625 0.7859375 0.0921875 0.1171875
0 0.8 0.1 0.0671875 0.0671875
0 0.75 0.7015625 0.103125 0.14375
0 0.8234375 0.34296875 0.059375 0.05
0 0.94140625 0.53828125 0.05 0.0546875
0 0.540625 0.61328125 0.071875 0.1
0 0.26015625 0.63125 0.0875 0.0671875
0 0.39453125 0.4671875 0.078125 0.090625
0 0.79921875 0.38515625 0.0703125 0.0546875
0 0.41875 0.2890625 0.0625 0.0703125
0 0.50703125 0.67890625 0.059375 0.0546875
0 0.48515625 0.36171875 0.053125 0.0765625
0 0.446875 0.91796875 0.0890625 0.0953125
0 0.6171875 0.7578125 0.071875 0.075
0 0.7890625 0.4453125 0.1015625 0.1109375
0 0.2484375 0.2453125 0.0828125 0.0765625
0 0.840625 0.1453125 0.065625 0.0640625
0 0.92265625 0.69453125 0.090625 0.0890625
0 0.8421875 0.55625 0.08125 0.1015625
0 0.415625 0.865625 0.084375 0.084375
0 0.80703125 0.30859375 0.065625 0.0703125
0 0.83359375 0.26328125 0.0515625 0.04375
0 0.25 0.68359375 0.0609375 0.065625
0 0.55 0.33671875 0.078125 0.09375
0 0.29921875 0.1984375 0.06875 0.0640625
0 0.63359375 0.46953125 0.08125 0.0765625
0 0.4375 0.58046875 0.1 0.1203125
0 0.50625 0.43828125 0.0875 0.0890625
0 0.91796875 0.3765625 0.0546875 0.0765625
0 0.29296875 0.8203125 0.0734375 0.103125
0 0.6421875 0.58203125 0.075 0.0953125
0 0.81796875 0.8453125 0.115625 0.1296875
0 0.1890625 0.3796875 0.0625 0.0859375
0 0.3625 0.59609375 0.0953125 0.0890625
0 0.26328125 0.428125 0.0640625 0.0828125
0 0.496875 0.11171875 0.040625 0.0796875
0 0.32421875 0.72265625 0.053125 0.0625
0 0.71328125 0.24296875 0.0796875 0.0875
0 0.6421875 0.24375 0.090625 0.11875
0 0.55078125 0.12734375 0.040625 0.0515625
0 0.4140625 0.4046875 0.071875 0.059375
0 0.30625 0.42734375 0.046875 0.046875
0 0.8609375 0.93515625 0.1109375 0.103125
0 0.67578125 0.803125 0.09375 0.109375
0 0.3609375 0.77265625 0.084375 0.0859375
0 0.2921875 0.31484375 0.0859375 0.109375
0 0.90390625 0.15390625 0.0609375 0.0703125
0 0.32421875 0.37890625 0.0359375 0.0453125