0 0.1140625 0.209375 0.05 0.059375
0 0.7765625 0.55546875 0.06875 0.059375
0 0.25859375 0.09765625 0.0546875 0.071875
0 0.09296875 0.4609375 0.1265625 0.134375
0 0.12734375 0.771875 0.05 0.075
0 0.36171875 0.14453125 0.146875 0.15
0 0.3921875 0.94375 0.1546875 0.1109375
0 0.48125 0.1890625 0.059375 0.0625
0 0.24296875 0.18359375 0.046875 0.0546875
0 0.059375 0.26171875 0.11875 0.14375
0 0.86171875 0.8625 0.1609375 0.1296875
0 0.059375 0.90859375 0.11875 0.18125
0 0.19765625 0.2 0.040625 0.0546875
0 0.21796875 0.10546875 0.0625 0.0984375
0 0.18984375 0.1390625 0.0765625 0.06875
0 0.2484375 0.25390625 0.103125 0.08125
0 0.06171875 0.63125 0.1234375 0.178125