0 0.0890625 0.9109375 0.06875 0.0734375
0 0.21640625 0.30703125 0.071875 0.0671875
0 0.39453125 0.096875 0.1 0.115625
0 0.2328125 0.6390625 0.0484375 0.0515625
0 0.48671875 0.77578125 0.0875 0.0765625
0 0.6328125 0.2421875 0.0609375 0.0671875
0 0.5609375 0.85703125 0.053125 0.078125
0 0.96171875 0.490625 0.0765625 0.0953125
0 0.14765625 0.7875 0.109375 0.1234375
0 0.240625 0.809375 0.05625 0.0640625
0 0.30078125 0.39453125 0.06875 0.0875
0 0.6109375 0.865625 0.0609375 0.0640625
0 0.7703125 0.88125 0.0578125 0.0703125
0 0.6265625 0.81640625 0.04375 0.059375
0 0.35546875 0.1875 0.1234375 0.10625
0 0.56015625 0.18671875 0.0796875 0.0953125
0 0.8453125 0.45078125 0.146875 0.1609375
0 0.76171875 0.70703125 0.103125 0.1203125
0 0.26015625 0.23515625 0.071875 0.0796875
0 0.09296875 0.7875 0.0953125 0.1078125
0 0.20390625 0.6609375 0.053125 0.0546875
0 0.2390625 0.734375 0.0921875 0.0890625
0 0.7125 0.421875 0.0984375 0.103125
0 0.3078125 0.11953125 0.0859375 0.0875
0 0.196875 0.47109375 0.078125 0.06875
0 0.3546875 0.7453125 0.075 0.0578125
0 0.62109375 0.68828125 0.084375 0.1078125
0 0.1359375 0.23046875 0.06875 0.071875
0 0.41640625 0.6265625 0.1078125 0.1046875
0 0.7375 0.8140625 0.0921875 0.0796875
0 0.2890625 0.4578125 0.053125 0.046875
0 0.72578125 0.353125 0.1171875 0.0859375
0 0.353125 0.69375 0.0828125 0.071875
0 0.36484375 0.80078125 0.071875 0.071875
0 0.34609375 0.4765625 0.06875 0.0875
0 0.9625 0.17109375 0.075 0.1265625
0 0.16875 0.19609375 0.053125 0.05625
0 0.359375 0.565625 0.053125 0.040625
0 0.959375 0.81953125 0.0796875 0.1078125
0 0.5328125 0.89921875 0.059375 0.0796875
0 0.08515625 0.4125 0.078125 0.04375
0 0.14375 0.096875 0.0734375 0.04375
0 0.3 0.82734375 0.078125 0.065625
0 0.2109375 0.2640625 0.04375 0.04375
0 0.7078125 0.89375 0.10625 0.1234375
0 0.55703125 0.6328125 0.04375 0.05625
0 0.040625 0.65625 0.08125 0.08125
0 0.27109375 0.3734375 0.05 0.040625
0 0.25703125 0.065625 0.09375 0.0828125
0 0.06640625 0.575 0.0578125 0.0515625
0 0.23046875 0.409375 0.06875 0.0484375
0 0.6234375 0.3375 0.1078125 0.0921875
0 0.31953125 0.525 0.059375 0.0640625
0 0.7375 0.5328125 0.1140625 0.09375
0 0.16328125 0.4109375 0.0609375 0.0546875
0 0.1265625 0.55859375 0.0625 0.04375
0 0.6796875 0.72265625 0.059375 0.075
0 0.028125 0.89140625 0.05 0.0640625
0 0.59140625 0.4328125 0.1171875 0.115625
0 0.06640625 0.25625 0.1 0.0875
0 0.7484375 0.63046875 0.0671875 0.08125
0 0.6578125 0.47890625 0.06875 0.0984375
0 0.6171875 0.925 0.0765625 0.0609375
0 0.084375 0.33828125 0.0859375 0.06875
0 0.95625 0.27421875 0.071875 0.0765625
0 0.06328125 0.1828125 0.0640625 0.0609375
0 0.4640625 0.14375 0.09375 0.11875
0 0.8265625 0.6859375 0.0703125 0.0828125
0 0.32890625 0.2703125 0.0671875 0.0578125
0 0.19921875 0.36484375 0.071875 0.0546875
0 0.1296875 0.45859375 0.0578125 0.059375
0 0.03203125 0.58984375 0.05625 0.053125
0 0.3671875 0.328125 0.0640625 0.0734375
0 0.15 0.3515625 0.0671875 0.05625
0 0.8109375 0.57109375 0.0890625 0.0734375
0 0.1125 0.03984375 0.078125 0.078125
0 0.78984375 0.25078125 0.0875 0.0875
0 0.56796875 0.96875 0.0984375 0.0625
0 0.0890625 0.3828125 0.0640625 0.0453125
0 0.25546875 0.578125 0.084375 0.0796875
0 0.03359375 0.93671875 0.0453125 0.0265625
0 0.36875 0.40546875 0.0859375 0.08125
0 0.07265625 0.50625 0.115625 0.090625
0 0.29921875 0.76171875 0.06875 0.0703125
0 0.2953125 0.31953125 0.0765625 0.0703125
0 0.95859375 0.92890625 0.0828125 0.1234375
0 0.79453125 0.16953125 0.1203125 0.0953125
0 0.18515625 0.584375 0.053125 0.059375
0 0.18984375 0.6296875 0.040625 0.0484375
0 0.85 0.0921875 0.0734375 0.0625
0 0.53515625 0.70625 0.0921875 0.1
0 0.57890625 0.05859375 0.1109375 0.1078125
0 0.89453125 0.2375 0.090625 0.1046875
0 0.66640625 0.13046875 0.0796875 0.1015625
0 0.16015625 0.9046875 0.0640625 0.071875
0 0.45625 0.85234375 0.0984375 0.1234375
0 0.76015625 0.071875 0.0921875 0.090625
0 0.646875 0.653125 0.0625 0.084375
0 0.1796875 0.828125 0.0890625 0.0921875
0 0.45703125 0.95390625 0.0953125 0.0921875
0 0.5734375 0.746875 0.0875 0.0953125
0 0.3140625 0.6203125 0.0375 0.03125
0 0.14921875 0.290625 0.06875 0.0546875
0 0.553125 0.3609375 0.090625 0.0875
0 0.234375 0.15625 0.06875 0.05625
0 0.40625 0.690625 0.0484375 0.05
0 0.278125 0.8859375 0.06875 0.071875
0 0.55703125 0.26953125 0.075 0.0828125
0 0.66640625 0.6 0.1140625 0.0828125
0 0.2875 0.9453125 0.06875 0.06875
0 0.1140625 0.1578125 0.084375 0.0859375
0 0.4203125 0.30390625 0.13125 0.115625
0 0.94765625 0.6390625 0.1015625 0.134375
0 0.41015625 0.48125 0.071875 0.078125
0 0.56953125 0.5859375 0.0765625 0.0640625
0 0.18203125 0.1390625 0.05625 0.053125
0 0.125 0.65390625 0.0859375 0.0765625
0 0.65 0.77734375 0.065625 0.075