0 0.6015625 0.828125 0.15625 0.209375
0 0.7296875 0.83203125 0.1546875 0.15625
0 0.1578125 0.57578125 0.19375 0.1890625
0 0.52734375 0.63671875 0.103125 0.1046875
0 0.8609375 0.84765625 0.184375 0.190625
0 0.2625 0.16953125 0.1546875 0.196875
0 0.11484375 0.13203125 0.1953125 0.2265625
0 0.6640625 0.57421875 0.178125 0.1984375
0 0.475 0.9515625 0.1984375 0.0953125
0 0.25546875 0.3390625 0.1953125 0.2078125
0 0.65234375 0.409375 0.1828125 0.175
0 0.94921875 0.37734375 0.1 0.1546875
0 0.153125 0.75 0.2125 0.209375
0 0.33984375 0.93203125 0.109375 0.134375
0 0.35 0.82109375 0.2078125 0.178125
0 0.51171875 0.72578125 0.1578125 0.1578125
0 0.41796875 0.1953125 0.1625 0.2203125
0 0.40078125 0.55390625 0.1859375 0.2
0 0.628125 0.69609375 0.1109375 0.1296875
0 0.834375 0.3765625 0.1890625 0.1421875
0 0.859375 0.678125 0.1796875 0.171875
0 0.75625 0.1484375 0.1765625 0.1546875
0 0.428125 0.36015625 0.1671875 0.1515625
0 0.146875 0.91484375 0.1890625 0.165625
0 0.5671875 0.509375 0.11875 0.11875
0 0.73828125 0.934375 0.165625 0.128125
0 0.8859375 0.94609375 0.1703125 0.103125
0 0.91875 0.13125 0.159375 0.2109375
0 0.25703125 0.93125 0.096875 0.109375
0 0.56875 0.209375 0.2296875 0.290625
0 0.8921875 0.26875 0.2125 0.153125
0 0.4609375 0.8609375 0.134375 0.165625
0 0.8234375 0.50546875 0.1890625 0.165625
0 0.3453125 0.69140625 0.225 0.2046875
0 0.7390625 0.70078125 0.1546875 0.1765625