0 0.44296875 0.59765625 0.0859375 0.078125
0 0.1546875 0.934375 0.0828125 0.109375
0 0.36875 0.21328125 0.0796875 0.103125
0 0.93125 0.85 0.1359375 0.1359375
0 0.8546875 0.60234375 0.109375 0.090625
0 0.696875 0.2484375 0.096875 0.090625
0 0.7625 0.2765625 0.0546875 0.078125
0 0.3625 0.15234375 0.0625 0.0609375
0 0.4125 0.10703125 0.1 0.1328125
0 0.74375 0.71875 0.1046875 0.103125
0 0.6046875 0.55078125 0.0765625 0.0875
0 0.56953125 0.2015625 0.0859375 0.0875
0 0.70390625 0.809375 0.15625 0.1515625
0 0.84296875 0.3515625 0.071875 0.06875
0 0.203125 0.878125 0.0765625 0.0765625
0 0.4328125 0.5 0.084375 0.11875
0 0.36640625 0.48125 0.078125 0.1078125
0 0.16015625 0.6203125 0.134375 0.09375
0 0.17890625 0.74609375 0.109375 0.0828125
0 0.54921875 0.6125 0.0796875 0.0734375
0 0.259375 0.7 0.0625 0.0546875
0 0.28828125 0.34765625 0.09375 0.1390625
0 0.0578125 0.40234375 0.115625 0.1296875
0 0.521875 0.375 0.0671875 0.0953125
0 0.34296875 0.09609375 0.0625 0.071875
0 0.55703125 0.79296875 0.134375 0.1359375
0 0.48359375 0.2046875 0.06875 0.0828125
0 0.37109375 0.8890625 0.08125 0.1078125
0 0.05390625 0.24140625 0.1078125 0.0828125
0 0.42265625 0.840625 0.0890625 0.103125
0 0.5421875 0.075 0.0890625 0.1015625
0 0.040625 0.73359375 0.08125 0.0875
0 0.60703125 0.15703125 0.09375 0.0875
0 0.3046875 0.15 0.0671875 0.0875
0 0.1109375 0.80390625 0.1015625 0.0890625
0 0.4953125 0.8375 0.0515625 0.0625
0 0.8890625 0.2796875 0.0984375 0.0953125
0 0.23359375 0.47734375 0.06875 0.078125
0 0.634375 0.1 0.09375 0.0984375
0 0.35390625 0.76328125 0.06875 0.06875
0 0.10625 0.3078125 0.1171875 0.1171875
0 0.3765625 0.70546875 0.13125 0.1078125
0 0.2234375 0.04453125 0.115625 0.0890625
0 0.91875 0.065625 0.159375 0.13125
0 0.57734375 0.2796875 0.0921875 0.1140625
0 0.5 0.50234375 0.0828125 0.140625
0 0.47265625 0.3015625 0.1203125 0.11875
0 0.6109375 0.875 0.1015625 0.0625
0 0.73046875 0.35546875 0.121875 0.1421875
0 0.60859375 0.39765625 0.0921875 0.075
0 0.5375 0.1578125 0.05625 0.075
0 0.2734375 0.7625 0.1109375 0.1109375
0 0.4765625 0.65078125 0.0921875 0.115625
0 0.209375 0.80703125 0.0671875 0.071875
0 0.48984375 0.94453125 0.075 0.1078125
0 0.56640625 0.68515625 0.121875 0.0828125
0 0.75078125 0.05546875 0.1296875 0.1109375
0 0.13984375 0.48828125 0.0546875 0.071875
0 0.86875 0.23203125 0.0671875 0.065625
0 0.06796875 0.86640625 0.0984375 0.09375
0 0.34375 0.378125 0.0875 0.1140625
0 0.196875 0.18828125 0.1296875 0.1078125
0 0.9515625 0.9484375 0.0953125 0.1015625
0 0.31875 0.64296875 0.0640625 0.0640625
0 0.95859375 0.3671875 0.08125 0.11875
0 0.42421875 0.38359375 0.0890625 0.1078125
0 0.3765625 0.6296875 0.0796875 0.0609375
0 0.953125 0.678125 0.0921875 0.1375
0 0.8203125 0.26796875 0.0734375 0.103125
0 0.46875 0.7828125 0.0640625 0.06875
0 0.10078125 0.54921875 0.0796875 0.0828125
0 0.5578125 0.9234375 0.0875 0.096875
0 0.790625 0.92421875 0.05 0.040625
0 0.8890625 0.70078125 0.109375 0.128125
0 0.1 0.91484375 0.05 0.040625
0 0.10703125 0.1078125 0.1265625 0.134375
0 0.1578125 0.84140625 0.059375 0.0703125
0 0.1953125 0.24453125 0.059375 0.053125
0 0.58671875 0.484375 0.0953125 0.1046875
0 0.28984375 0.86171875 0.1109375 0.121875
0 0.20234375 0.671875 0.0671875 0.0875
0 0.2078125 0.95703125 0.0609375 0.0828125
0 0.78046875 0.96484375 0.05625 0.0625
0 0.10390625 0.68359375 0.115625 0.1109375
0 0.1890625 0.55625 0.1046875 0.0734375
0 0.909375 0.465625 0.0921875 0.0875
0 0.72109375 0.671875 0.1125 0.09375
0 0.5953125 0.33828125 0.0796875 0.078125
0 0.0453125 0.57265625 0.0828125 0.1171875
0 0.81796875 0.6890625 0.084375 0.1046875
0 0.8671875 0.95078125 0.096875 0.0984375
0 0.81015625 0.47421875 0.11875 0.0984375
0 0.603125 0.628125 0.05 0.0609375
0 0.84609375 0.51640625 0.1390625 0.096875
0 0.66796875 0.5890625 0.0875 0.11875
0 0.709375 0.91484375 0.0875 0.09375
0 0.43984375 0.1765625 0.0546875 0.084375
0 0.89296875 0.1671875 0.103125 0.09375
0 0.6609375 0.32734375 0.084375 0.0828125
0 0.2515625 0.63828125 0.0765625 0.09375
0 0.759375 0.59296875 0.109375 0.0859375
0 0.2265625 0.33359375 0.0703125 0.090625
0 0.3671875 0.57109375 0.0796875 0.0875
0 0.78359375 0.86875 0.084375 0.078125
0 0.64375 0.234375 0.075 0.0859375
0 0.84765625 0.8296875 0.0703125 0.121875
0 0.4828125 0.125 0.078125 0.0921875
0 0.1796875 0.48828125 0.0578125 0.071875
0 0.95546875 0.22109375 0.0875 0.0796875
0 0.71796875 0.15703125 0.1125 0.103125
0 0.30625 0.23203125 0.121875 0.128125
0 0.0625 0.1796875 0.125 0.115625
0 0.409375 0.7796875 0.075 0.0640625
0 0.2109375 0.1203125 0.1078125 0.090625
0 0.6453125 0.934375 0.0875 0.0953125
0 0.30625 0.4671875 0.0765625 0.10625
0 0.7875 0.20703125 0.0640625 0.05625
0 0.28359375 0.55234375 0.1109375 0.0890625