0 0.18984375 0.61328125 0.1265625 0.134375
0 0.29765625 0.65390625 0.1171875 0.1140625
0 0.41015625 0.5953125 0.1171875 0.140625
0 0.5078125 0.42734375 0.1125 0.121875
0 0.21328125 0.678125 0.1046875 0.0984375
0 0.815625 0.05390625 0.115625 0.1078125
0 0.21953125 0.41328125 0.13125 0.14375
0 0.19140625 0.20625 0.1078125 0.146875
0 0.82265625 0.68125 0.165625 0.159375
0 0.6890625 0.69140625 0.109375 0.140625
0 0.4859375 0.1390625 0.153125 0.1859375
0 0.42109375 0.4171875 0.06875 0.0671875
0 0.8296875 0.36015625 0.1046875 0.0859375
0 0.95 0.7109375 0.1 0.1453125
0 0.7640625 0.4109375 0.0875 0.109375
0 0.39375 0.0625 0.1375 0.125
0 0.5 0.6640625 0.11875 0.075
0 0.0859375 0.05390625 0.128125 0.1078125
0 0.44375 0.88828125 0.15 0.190625
0 0.14296875 0.5125 0.1 0.0734375
0 0.80859375 0.56328125 0.084375 0.1015625
0 0.89375 0.325 0.0390625 0.046875
0 0.6046875 0.89140625 0.0765625 0.1078125
0 0.4953125 0.73046875 0.10625 0.0796875
0 0.05546875 0.70859375 0.109375 0.11875
0 0.85234375 0.29140625 0.0609375 0.06875
0 0.2859375 0.19375 0.134375 0.0953125
0 0.10625 0.17265625 0.103125 0.1375
0 0.85859375 0.78515625 0.096875 0.09375
0 0.38984375 0.82109375 0.078125 0.0953125
0 0.54921875 0.86015625 0.090625 0.11875
0 0.6109375 0.6703125 0.10625 0.1375
0 0.0625 0.9 0.125 0.15
0 0.69609375 0.5453125 0.190625 0.19375
0 0.30546875 0.29375 0.1625 0.1640625
0 0.89296875 0.2484375 0.0921875 0.0921875
0 0.36484375 0.38671875 0.0828125 0.103125
0 0.1359375 0.2875 0.14375 0.11875
0 0.75625 0.91953125 0.0953125 0.128125
0 0.2671875 0.7375 0.0875 0.1
0 0.8921875 0.36640625 0.0390625 0.04375
0 0.9046875 0.921875 0.1625 0.1546875
0 0.67734375 0.0859375 0.09375 0.11875
0 0.93203125 0.56484375 0.134375 0.1625
0 0.9296875 0.7578125 0.0953125 0.128125
0 0.5453125 0.5328125 0.078125 0.0765625
0 0.4078125 0.4828125 0.10625 0.1140625
0 0.57578125 0.73203125 0.1140625 0.1203125
0 0.0859375 0.80234375 0.1484375 0.1203125
0 0.2390625 0.48984375 0.134375 0.1296875
0 0.1359375 0.4046875 0.10625 0.128125
0 0.0546875 0.384375 0.109375 0.1546875
0 0.9125 0.04453125 0.0953125 0.0890625
0 0.58359375 0.1953125 0.1609375 0.153125
0 0.77421875 0.8109375 0.1203125 0.1375
0 0.1875 0.8375 0.1265625 0.1421875
0 0.3296875 0.93984375 0.10625 0.11875
0 0.1375 0.1078125 0.128125 0.0796875
0 0.58046875 0.803125 0.1 0.071875
0 0.9609375 0.403125 0.075 0.065625
0 0.68359375 0.78515625 0.1078125 0.0984375
0 0.84296875 0.4828125 0.1296875 0.13125
0 0.43359375 0.3140625 0.1546875 0.1609375
0 0.6734375 0.875 0.128125 0.1265625
0 0.6421875 0.05703125 0.1453125 0.1140625
0 0.28984375 0.13203125 0.11875 0.090625
0 0.30390625 0.53359375 0.146875 0.1546875
0 0.79375 0.2703125 0.09375 0.1390625
0 0.69921875 0.3921875 0.109375 0.10625
0 0.875 0.15234375 0.1203125 0.134375
0 0.6578125 0.33203125 0.1140625 0.1265625
0 0.790625 0.13515625 0.134375 0.128125
0 0.1984375 0.059375 0.13125 0.11875
0 0.915625 0.43515625 0.0890625 0.0921875
0 0.4875 0.5015625 0.0671875 0.0828125
0 0.3109375 0.784375 0.146875 0.1546875
0 0.28203125 0.91171875 0.1 0.1140625
0 0.04375 0.26953125 0.0875 0.1171875
0 0.10546875 0.59765625 0.109375 0.1359375
0 0.753125 0.046875 0.071875 0.09375
0 0.95 0.346875 0.1 0.090625
0 0.934375 0.06640625 0.084375 0.11875
0 0.39453125 0.70234375 0.1 0.1140625
0 0.88671875 0.85625 0.1265625 0.0921875
0 0.5078125 0.5953125 0.0953125 0.09375
0 0.71640625 0.23828125 0.140625 0.1484375