0 0.146875 0.09140625 0.265625 0.1828125
0 0.84765625 0.28203125 0.1875 0.215625
0 0.34296875 0.47734375 0.196875 0.2125
0 0.6296875 0.59296875 0.1875 0.1859375
0 0.13984375 0.33984375 0.2796875 0.2328125
0 0.103125 0.92578125 0.20625 0.1453125
0 0.1609375 0.52578125 0.1734375 0.1890625
0 0.7828125 0.74375 0.1890625 0.1859375
0 0.3140625 0.7765625 0.2296875 0.29375
0 0.14296875 0.73046875 0.1546875 0.1890625
0 0.459375 0.05546875 0.0796875 0.078125
0 0.40390625 0.6453125 0.134375 0.14375
0 0.821875 0.08046875 0.1875 0.1609375
0 0.57734375 0.2125 0.18125 0.1859375
0 0.9203125 0.64609375 0.1578125 0.1828125
0 0.9140625 0.9140625 0.171875 0.1671875
0 0.44453125 0.1734375 0.1921875 0.203125
0 0.74921875 0.9546875 0.16875 0.0875
0 0.7328125 0.1984375 0.125 0.1296875
0 0.4921875 0.73671875 0.096875 0.1140625
0 0.06328125 0.14921875 0.1265625 0.1984375
0 0.76640625 0.49453125 0.1734375 0.2046875
0 0.075 0.60546875 0.15 0.203125
0 0.603125 0.35703125 0.203125 0.171875