0 0.35 0.040625 0.0640625 0.08125
0 0.565625 0.03515625 0.096875 0.0703125
0 0.0796875 0.06875 0.0703125 0.10625
0 0.61640625 0.49921875 0.13125 0.1296875
0 0.1484375 0.08125 0.06875 0.0875
0 0.503125 0.63046875 0.1171875 0.0953125
0 0.13671875 0.4 0.1 0.0765625
0 0.628125 0.08125 0.08125 0.0765625
0 0.928125 0.246875 0.06875 0.05
0 0.61171875 0.69609375 0.1140625 0.1359375
0 0.47265625 0.32421875 0.13125 0.1109375
0 0.0671875 0.4109375 0.084375 0.1046875
0 0.4078125 0.10078125 0.1171875 0.0703125
0 0.7015625 0.403125 0.1265625 0.1296875
0 0.9046875 0.1859375 0.0953125 0.075
0 0.809375 0.43359375 0.11875 0.146875
0 0.5984375 0.85546875 0.0875 0.0890625
0 0.11015625 0.178125 0.0453125 0.0390625
0 0.665625 0.19375 0.1390625 0.14375
0 0.65 0.8234375 0.1109375 0.0953125
0 0.13671875 0.45078125 0.0828125 0.06875
0 0.90078125 0.95625 0.1140625 0.0859375
0 0.321875 0.2296875 0.053125 0.0765625
0 0.21796875 0.2703125 0.175 0.1890625
0 0.93359375 0.5265625 0.128125 0.1015625
0 0.21875 0.575 0.0984375 0.096875
0 0.55 0.8765625 0.0921875 0.0921875
0 0.4109375 0.403125 0.08125 0.084375
0 0.6625 0.60390625 0.05625 0.05625
0 0.81328125 0.2140625 0.09375 0.09375
0 0.51484375 0.72890625 0.090625 0.1
0 0.4546875 0.91171875 0.1546875 0.11875
0 0.51171875 0.521875 0.0765625 0.0765625
0 0.8796875 0.32421875 0.13125 0.128125
0 0.42421875 0.5453125 0.0765625 0.090625
0 0.42421875 0.16875 0.1265625 0.115625
0 0.10234375 0.24140625 0.0625 0.0625
0 0.26953125 0.134375 0.10625 0.0984375
0 0.4890625 0.39921875 0.1015625 0.0828125
0 0.7609375 0.096875 0.0859375 0.096875
0 0.04765625 0.52890625 0.0953125 0.1234375
0 0.94140625 0.42109375 0.1109375 0.1296875
0 0.0921875 0.2953125 0.0984375 0.0625
0 0.33828125 0.4359375 0.0890625 0.0578125
0 0.69140625 0.1171875 0.0546875 0.053125
0 0.73984375 0.5296875 0.1375 0.13125
0 0.2765625 0.06171875 0.06875 0.0734375
0 0.4875 0.821875 0.0890625 0.0890625
0 0.85859375 0.70703125 0.0671875 0.071875
0 0.4921875 0.44921875 0.0734375 0.0625
0 0.765625 0.640625 0.1171875 0.103125
0 0.4296875 0.05 0.0875 0.1
0 0.87890625 0.090625 0.125 0.1125
0 0.66171875 0.03125 0.06875 0.059375