0 0.45546875 0.1875 0.0921875 0.0890625
0 0.1640625 0.28359375 0.071875 0.0609375
0 0.63828125 0.8140625 0.0859375 0.1171875
0 0.290625 0.546875 0.125 0.1390625
0 0.540625 0.065625 0.0953125 0.0609375
0 0.6171875 0.25625 0.09375 0.1109375
0 0.94140625 0.56484375 0.078125 0.0875
0 0.03515625 0.44609375 0.0703125 0.1046875
0 0.61171875 0.35625 0.0765625 0.0890625
0 0.35390625 0.5984375 0.1046875 0.10625
0 0.74375 0.77109375 0.1515625 0.153125
0 0.0765625 0.078125 0.090625 0.090625
0 0.253125 0.18359375 0.0734375 0.103125
0 0.2375 0.43515625 0.115625 0.109375
0 0.25625 0.6625 0.0703125 0.0828125
0 0.56796875 0.13984375 0.15 0.115625
0 0.43359375 0.53125 0.06875 0.0828125
0 0.8484375 0.878125 0.0953125 0.1203125
0 0.084375 0.30234375 0.1109375 0.1109375
0 0.42734375 0.43515625 0.0984375 0.109375
0 0.9515625 0.6546875 0.0953125 0.1421875
0 0.125 0.14453125 0.11875 0.090625
0 0.06015625 0.18046875 0.1203125 0.121875
0 0.5421875 0.303125 0.1140625 0.1109375
0 0.42265625 0.2328125 0.1046875 0.1109375
0 0.11953125 0.775 0.0578125 0.1078125
0 0.921875 0.75 0.103125 0.1078125
0 0.6234375 0.4984375 0.1328125 0.134375
0 0.48984375 0.51171875 0.084375 0.1015625
0 0.1171875 0.8671875 0.0890625 0.09375
0 0.36796875 0.6578125 0.0734375 0.071875
0 0.83203125 0.6484375 0.1015625 0.10625
0 0.81328125 0.1265625 0.128125 0.1359375
0 0.6359375 0.0453125 0.06875 0.090625
0 0.37734375 0.05859375 0.084375 0.1171875
0 0.159375 0.0578125 0.071875 0.0671875
0 0.27890625 0.3078125 0.1 0.0890625
0 0.8203125 0.2546875 0.1109375 0.1
0 0.17109375 0.21484375 0.0984375 0.121875
0 0.759375 0.89375 0.1078125 0.1109375
0 0.94375 0.34140625 0.1109375 0.11875
0 0.90625 0.9546875 0.1609375 0.090625
0 0.08515625 0.60546875 0.1109375 0.15625
0 0.4921875 0.5859375 0.0640625 0.0484375
0 0.6703125 0.94453125 0.0984375 0.109375
0 0.7484375 0.65703125 0.0671875 0.0703125
0 0.27734375 0.85 0.05625 0.0484375
0 0.5625 0.40625 0.10625 0.115625
0 0.36640625 0.8421875 0.1140625 0.0984375
0 0.57734375 0.57265625 0.0921875 0.0796875
0 0.24375 0.06640625 0.1078125 0.1296875
0 0.07421875 0.7125 0.134375 0.1078125
0 0.73046875 0.24765625 0.1015625 0.1
0 0.5640625 0.6734375 0.0671875 0.0890625
0 0.68828125 0.084375 0.128125 0.1359375
0 0.66953125 0.67890625 0.121875 0.1046875
0 0.36953125 0.4765625 0.0875 0.0890625
0 0.31328125 0.92578125 0.078125 0.1109375
0 0.05078125 0.92734375 0.1015625 0.1453125
0 0.9453125 0.9046875 0.0703125 0.0640625
0 0.49609375 0.43984375 0.0609375 0.0609375
0 0.37734375 0.93984375 0.1078125 0.11875
0 0.9375 0.84765625 0.0859375 0.090625
0 0.284375 0.79453125 0.078125 0.065625
0 0.3671875 0.1625 0.1078125 0.0921875
0 0.196875 0.7796875 0.109375 0.1421875
0 0.86171875 0.775 0.06875 0.0765625
0 0.3078125 0.7109375 0.1203125 0.103125
0 0.54296875 0.22265625 0.0796875 0.0796875
0 0.45 0.6171875 0.121875 0.0953125
0 0.959375 0.4796875 0.08125 0.1375
0 0.3140625 0.375 0.1234375 0.109375
0 0.8390625 0.38984375 0.1015625 0.1125
0 0.33359375 0.0546875 0.078125 0.109375
0 0.76953125 0.33203125 0.103125 0.0875
0 0.1203125 0.4375 0.1234375 0.1421875
0 0.9 0.66328125 0.0703125 0.078125
0 0.44609375 0.69375 0.125 0.0828125
0 0.490625 0.93984375 0.06875 0.11875
0 0.36875 0.76484375 0.084375 0.0765625
0 0.15078125 0.5484375 0.1359375 0.096875
0 0.4625 0.334375 0.1125 0.1375
0 0.2203125 0.90390625 0.115625 0.153125
0 0.9296875 0.140625 0.1375 0.134375
0 0.75 0.5890625 0.1203125 0.1
0 0.4625 0.88828125 0.096875 0.0859375
0 0.17734375 0.35625 0.1703125 0.1421875
0 0.93046875 0.41484375 0.0953125 0.1015625
0 0.94375 0.225 0.1109375 0.1140625
0 0.1859375 0.6296875 0.109375 0.153125
0 0.45703125 0.79765625 0.11875 0.125
0 0.15859375 0.9546875 0.1078125 0.090625
0 0.859375 0.51953125 0.1203125 0.1421875
0 0.678125 0.325 0.06875 0.08125
0 0.3125 0.2484375 0.0921875 0.134375
0 0.56953125 0.85703125 0.1 0.1515625
0 0.7296875 0.4765625 0.14375 0.1625
0 0.7328125 0.37890625 0.0875 0.075