0 0.25234375 0.1109375 0.225 0.21875
0 0.68984375 0.625 0.1140625 0.1640625
0 0.7921875 0.5140625 0.165625 0.1890625
0 0.36953125 0.7859375 0.0953125 0.0984375
0 0.61328125 0.25078125 0.2 0.225
0 0.8 0.34609375 0.2078125 0.1875
0 0.91875 0.4578125 0.159375 0.28125
0 0.24609375 0.8296875 0.1875 0.209375
0 0.41484375 0.3078125 0.225 0.3109375
0 0.17109375 0.259375 0.2859375 0.325
0 0.7984375 0.9296875 0.2015625 0.1390625
0 0.90390625 0.75234375 0.190625 0.2125
0 0.5890625 0.86171875 0.2875 0.275
0 0.6171875 0.4890625 0.1640625 0.190625
0 0.34375 0.58046875 0.1578125 0.1953125
0 0.79296875 0.64140625 0.175 0.134375
0 0.62265625 0.69375 0.11875 0.1296875
0 0.8125 0.78046875 0.165625 0.15625
0 0.13515625 0.51875 0.2484375 0.23125
0 0.440625 0.6515625 0.1609375 0.2125
0 0.534375 0.42578125 0.1609375 0.1625
0 0.31875 0.7265625 0.103125 0.1078125
0 0.7875 0.16328125 0.2921875 0.2796875