0 0.21171875 0.35546875 0.0484375 0.065625
0 0.29296875 0.16015625 0.053125 0.0546875
0 0.87109375 0.0921875 0.103125 0.1234375
0 0.20546875 0.6359375 0.103125 0.1
0 0.9359375 0.7359375 0.1265625 0.1765625
0 0.634375 0.41796875 0.1046875 0.1125
0 0.54375 0.090625 0.15 0.18125
0 0.1234375 0.3234375 0.053125 0.0671875
0 0.06875 0.2390625 0.0578125 0.05625
0 0.6484375 0.109375 0.0703125 0.0453125
0 0.51875 0.58515625 0.090625 0.0796875
0 0.8765625 0.8890625 0.125 0.153125
0 0.68671875 0.665625 0.10625 0.1140625
0 0.9359375 0.60625 0.115625 0.0640625
0 0.46015625 0.33984375 0.075 0.0859375
0 0.10703125 0.0859375 0.0875 0.115625
0 0.221875 0.1546875 0.0875 0.06875
0 0.7359375 0.24375 0.190625 0.1953125
0 0.21875 0.42421875 0.0609375 0.06875
0 0.06875 0.16640625 0.121875 0.0921875
0 0.1171875 0.28359375 0.0828125 0.071875
0 0.2765625 0.428125 0.0734375 0.0609375
0 0.171875 0.059375 0.103125 0.11875
0 0.48671875 0.27109375 0.0859375 0.071875
0 0.20859375 0.740625 0.1046875 0.109375
0 0.46640625 0.81796875 0.11875 0.140625
0 0.684375 0.77734375 0.184375 0.1265625
0 0.4015625 0.55546875 0.1375 0.159375
0 0.23984375 0.22109375 0.08125 0.0671875
0 0.746875 0.87890625 0.1265625 0.1109375
0 0.078125 0.34296875 0.071875 0.0671875
0 0.63671875 0.05390625 0.0546875 0.0625
0 0.15078125 0.52109375 0.084375 0.0796875
0 0.81328125 0.315625 0.1546875 0.1203125
0 0.06640625 0.903125 0.1234375 0.146875
0 0.928125 0.959375 0.1265625 0.0796875
0 0.140625 0.4609375 0.0640625 0.0640625
0 0.21328125 0.8515625 0.1703125 0.1484375
0 0.36640625 0.8 0.10625 0.125
0 0.4125 0.084375 0.1078125 0.0984375
0 0.0796875 0.6140625 0.1171875 0.146875
0 0.30390625 0.065625 0.0609375 0.06875
0 0.92734375 0.19375 0.1421875 0.103125
0 0.78359375 0.07109375 0.0921875 0.1421875
0 0.91328125 0.5234375 0.16875 0.11875
0 0.18515625 0.2890625 0.1015625 0.0796875
0 0.796875 0.77265625 0.0875 0.1109375
0 0.52578125 0.37578125 0.1125 0.1328125
0 0.3046875 0.753125 0.0984375 0.1203125
0 0.484375 0.946875 0.1125 0.1015625
0 0.35546875 0.70078125 0.0796875 0.0859375
0 0.09765625 0.7640625 0.146875 0.1390625
0 0.4609375 0.45859375 0.071875 0.0671875
0 0.31640625 0.47578125 0.0484375 0.0515625
0 0.26328125 0.3671875 0.059375 0.071875
0 0.3921875 0.35625 0.103125 0.1265625
0 0.7765625 0.54140625 0.1546875 0.1265625
0 0.80859375 0.65625 0.15 0.15
0 0.5546875 0.2328125 0.165625 0.153125
0 0.2875 0.2609375 0.05625 0.0453125
0 0.30390625 0.6203125 0.0859375 0.109375
0 0.490625 0.6890625 0.146875 0.125
0 0.70078125 0.07890625 0.090625 0.1203125
0 0.6390625 0.565625 0.1296875 0.1140625
0 0.64453125 0.8515625 0.1140625 0.1578125
0 0.0359375 0.0921875 0.071875 0.0890625
0 0.9390625 0.365625 0.1171875 0.1671875
0 0.03046875 0.26171875 0.0421875 0.0359375
0 0.58984375 0.67890625 0.1015625 0.096875