0 0.52109375 0.665625 0.0984375 0.10625
0 0.29453125 0.665625 0.1015625 0.0828125
0 0.42890625 0.7125 0.2109375 0.23125
0 0.2859375 0.7953125 0.221875 0.2328125
0 0.5296875 0.1375 0.0828125 0.1390625
0 0.56796875 0.39453125 0.159375 0.159375
0 0.19765625 0.38671875 0.1671875 0.2109375
0 0.0671875 0.353125 0.134375 0.271875
0 0.94921875 0.33984375 0.0984375 0.1265625
0 0.4125 0.4515625 0.171875 0.1703125
0 0.48828125 0.540625 0.1390625 0.134375
0 0.73046875 0.946875 0.15 0.1046875
0 0.12109375 0.23046875 0.1890625 0.1640625
0 0.8546875 0.584375 0.246875 0.31875
0 0.909375 0.3890625 0.103125 0.1078125
0 0.06484375 0.6453125 0.1296875 0.215625
0 0.61875 0.1796875 0.1109375 0.1625
0 0.4171875 0.1546875 0.1375 0.121875
0 0.9484375 0.5765625 0.1 0.20625
0 0.92265625 0.74921875 0.153125 0.225
0 0.115625 0.778125 0.1265625 0.14375
0 0.390625 0.9375 0.1296875 0.121875
0 0.790625 0.3578125 0.1671875 0.178125
0 0.74140625 0.18203125 0.1375 0.1859375
0 0.63828125 0.44453125 0.16875 0.1734375
0 0.28671875 0.190625 0.16875 0.171875
0 0.603125 0.3125 0.140625 0.103125
0 0.121875 0.91796875 0.1109375 0.15
0 0.05390625 0.88671875 0.1078125 0.1890625
0 0.2015625 0.73046875 0.109375 0.125
0 0.93984375 0.1171875 0.11875 0.20625
0 0.65859375 0.590625 0.1375 0.1546875
0 0.165625 0.10234375 0.1125 0.13125
0 0.49453125 0.88671875 0.1765625 0.1875
0 0.87578125 0.94296875 0.13125 0.1125
0 0.7515625 0.79453125 0.1140625 0.1078125
0 0.26484375 0.30703125 0.109375 0.1375
0 0.6125 0.81640625 0.16875 0.2421875