0 0.3515625 0.3140625 0.0828125 0.084375
0 0.5484375 0.5078125 0.08125 0.0890625
0 0.16328125 0.63984375 0.0890625 0.10625
0 0.4390625 0.71875 0.053125 0.065625
0 0.79921875 0.1828125 0.1109375 0.10625
0 0.2421875 0.50625 0.0875 0.08125
0 0.046875 0.81953125 0.09375 0.109375
0 0.40625 0.08828125 0.103125 0.1375
0 0.05078125 0.48359375 0.1015625 0.1078125
0 0.3296875 0.2375 0.0921875 0.10625
0 0.1546875 0.484375 0.1234375 0.09375
0 0.26015625 0.1171875 0.0921875 0.084375
0 0.85 0.39453125 0.0921875 0.078125
0 0.7609375 0.53515625 0.09375 0.071875
0 0.4359375 0.24296875 0.1109375 0.1203125
0 0.5953125 0.0546875 0.09375 0.109375
0 0.55625 0.36484375 0.1078125 0.0921875
0 0.871875 0.26015625 0.10625 0.0828125
0 0.1875 0.1953125 0.1796875 0.1265625
0 0.36875 0.64140625 0.075 0.078125
0 0.77265625 0.48046875 0.121875 0.1015625
0 0.31796875 0.05625 0.109375 0.1078125
0 0.33515625 0.55625 0.090625 0.0796875
0 0.92421875 0.5140625 0.090625 0.075