0 0.1234375 0.8921875 0.14375 0.20625
0 0.1265625 0.3875 0.2515625 0.2296875
0 0.25 0.709375 0.2328125 0.2546875
0 0.8859375 0.165625 0.1203125 0.146875
0 0.13515625 0.221875 0.2328125 0.19375
0 0.746875 0.25546875 0.1890625 0.190625
0 0.39453125 0.709375 0.1671875 0.2046875
0 0.24453125 0.1046875 0.225 0.209375
0 0.87578125 0.34140625 0.225 0.209375
0 0.5984375 0.42421875 0.2671875 0.2484375
0 0.48203125 0.83203125 0.2328125 0.2359375
0 0.4 0.078125 0.1765625 0.15625
0 0.74609375 0.090625 0.278125 0.18125
0 0.77578125 0.7640625 0.196875 0.1734375
0 0.93125 0.59375 0.1375 0.2359375
0 0.934375 0.89375 0.1234375 0.146875
0 0.80703125 0.8953125 0.1453125 0.1359375
0 0.55 0.075 0.140625 0.15
0 0.84453125 0.70234375 0.25 0.203125
0 0.14921875 0.11796875 0.1734375 0.15
0 0.52890625 0.665625 0.278125 0.275
0 0.49375 0.9609375 0.1734375 0.078125
0 0.83671875 0.54921875 0.2046875 0.1640625
0 0.29453125 0.9140625 0.209375 0.1703125
0 0.0375 0.86171875 0.071875 0.13125
0 0.6953125 0.9265625 0.215625 0.146875