0 0.65078125 0.8890625 0.2390625 0.2171875
0 0.86796875 0.3296875 0.2609375 0.209375
0 0.12421875 0.46640625 0.2484375 0.3234375
0 0.06875 0.8265625 0.1375 0.18125
0 0.1828125 0.1484375 0.25625 0.296875
0 0.396875 0.5609375 0.1859375 0.325
0 0.21640625 0.50546875 0.1796875 0.25625
0 0.1984375 0.72421875 0.334375 0.2875
0 0.459375 0.85 0.2 0.2234375
0 0.62109375 0.70390625 0.2578125 0.2296875
0 0.3109375 0.51640625 0.1078125 0.215625
0 0.421875 0.228125 0.2515625 0.3015625
0 0.8421875 0.5484375 0.296875 0.2765625
0 0.64140625 0.38984375 0.153125 0.203125
0 0.74375 0.1890625 0.2390625 0.2546875
0 0.865625 0.7828125 0.26875 0.2515625
0 0.5890625 0.7984375 0.15625 0.1515625
0 0.5453125 0.55078125 0.225 0.2828125