0 0.2796875 0.67734375 0.078125 0.0734375
0 0.68359375 0.0796875 0.071875 0.0875
0 0.471875 0.38828125 0.078125 0.0828125
0 0.653125 0.88125 0.1390625 0.1390625
0 0.87109375 0.11171875 0.0953125 0.0953125
0 0.08828125 0.70703125 0.090625 0.065625
0 0.33515625 0.88125 0.090625 0.084375
0 0.24765625 0.5921875 0.059375 0.059375
0 0.0734375 0.80859375 0.1171875 0.128125
0 0.04765625 0.32421875 0.0953125 0.13125
0 0.07890625 0.60390625 0.1015625 0.08125
0 0.46015625 0.203125 0.0734375 0.065625
0 0.515625 0.153125 0.053125 0.0765625
0 0.49296875 0.584375 0.125 0.1015625
0 0.8578125 0.24609375 0.0953125 0.1078125
0 0.62578125 0.5890625 0.1109375 0.1453125
0 0.15234375 0.1328125 0.0875 0.1
0 0.1890625 0.4015625 0.1375 0.125
0 0.88671875 0.66796875 0.14375 0.134375
0 0.6578125 0.721875 0.115625 0.109375
0 0.20703125 0.9171875 0.0875 0.10625
0 0.1875 0.659375 0.0875 0.075
0 0.1625 0.26484375 0.1 0.1265625
0 0.7453125 0.32890625 0.109375 0.0921875
0 0.71328125 0.2234375 0.18125 0.175
0 0.1640625 0.796875 0.090625 0.0828125
0 0.78828125 0.1015625 0.065625 0.0953125
0 0.29296875 0.7328125 0.0703125 0.0640625
0 0.4484375 0.1421875 0.0484375 0.08125
0 0.2484375 0.7515625 0.0609375 0.071875
0 0.37890625 0.49921875 0.1453125 0.13125
0 0.19140625 0.50390625 0.134375 0.0953125
0 0.34609375 0.146875 0.09375 0.06875
0 0.30234375 0.58046875 0.0765625 0.090625
0 0.403125 0.0640625 0.071875 0.1015625
0 0.7359375 0.69765625 0.1125 0.11875
0 0.0484375 0.0890625 0.09375 0.0984375
0 0.13515625 0.9375 0.109375 0.0921875
0 0.403125 0.37265625 0.109375 0.0953125
0 0.634375 0.10859375 0.05625 0.084375
0 0.37734375 0.2046875 0.065625 0.0859375
0 0.759375 0.540625 0.0765625 0.0640625
0 0.44765625 0.83828125 0.0984375 0.09375
0 0.19765625 0.71953125 0.0828125 0.05625
0 0.81796875 0.384375 0.1453125 0.1703125
0 0.89453125 0.5015625 0.1328125 0.1578125
0 0.49921875 0.8984375 0.1203125 0.103125
0 0.18125 0.8671875 0.1109375 0.0875
0 0.421875 0.6734375 0.1203125 0.15625
0 0.08828125 0.18359375 0.0671875 0.0875
0 0.1046875 0.52890625 0.1109375 0.115625
0 0.353125 0.7828125 0.1078125 0.115625
0 0.51328125 0.29921875 0.08125 0.1078125