0 0.53984375 0.45 0.0859375 0.0765625
0 0.8484375 0.16875 0.025 0.0328125
0 0.18359375 0.703125 0.0953125 0.0671875
0 0.2796875 0.9625 0.109375 0.0734375
0 0.04609375 0.69609375 0.0734375 0.0609375
0 0.75859375 0.1265625 0.053125 0.05625
0 0.59765625 0.07578125 0.059375 0.0515625
0 0.6734375 0.52734375 0.0765625 0.0796875
0 0.9140625 0.1390625 0.046875 0.0421875
0 0.825 0.8609375 0.0875 0.096875
0 0.6078125 0.63671875 0.11875 0.1328125
0 0.27109375 0.6046875 0.05 0.0609375
0 0.80234375 0.9359375 0.1078125 0.125
0 0.784375 0.48984375 0.128125 0.1109375
0 0.91015625 0.19296875 0.0703125 0.06875
0 0.85 0.740625 0.1109375 0.13125
0 0.84609375 0.12421875 0.0375 0.046875
0 0.3859375 0.6515625 0.090625 0.1140625
0 0.4703125 0.5703125 0.1578125 0.1625
0 0.05546875 0.52578125 0.1109375 0.1546875
0 0.66796875 0.16953125 0.040625 0.0375
0 0.709375 0.10078125 0.0640625 0.0484375
0 0.73671875 0.8046875 0.0953125 0.103125
0 0.28984375 0.5328125 0.0875 0.0921875
0 0.815625 0.19296875 0.04375 0.0421875
0 0.12890625 0.2828125 0.171875 0.1625
0 0.2671875 0.4390625 0.1015625 0.0859375
0 0.32109375 0.58515625 0.078125 0.0703125
0 0.3484375 0.85859375 0.078125 0.1
0 0.65 0.75859375 0.0703125 0.0875
0 0.603125 0.03203125 0.046875 0.0421875
0 0.92265625 0.93125 0.1 0.0875
0 0.1390625 0.8046875 0.0609375 0.0796875
0 0.54765625 0.08203125 0.0640625 0.06875
0 0.4515625 0.7234375 0.08125 0.0859375
0 0.5421875 0.91953125 0.084375 0.1265625
0 0.65859375 0.103125 0.05625 0.040625
0 0.37734375 0.5 0.09375 0.1
0 0.87265625 0.5390625 0.1 0.0875
0 0.65390625 0.471875 0.0515625 0.04375
0 0.8578125 0.32734375 0.215625 0.1703125
0 0.94921875 0.79140625 0.1015625 0.128125
0 0.20625 0.8484375 0.096875 0.084375
0 0.21015625 0.54140625 0.0515625 0.0609375
0 0.12734375 0.925 0.115625 0.109375
0 0.3921875 0.3453125 0.0546875 0.0515625
0 0.21484375 0.6390625 0.1390625 0.1140625
0 0.6734375 0.134375 0.034375 0.0359375
0 0.659375 0.06015625 0.0625 0.046875
0 0.93359375 0.06953125 0.10625 0.071875
0 0.62890625 0.16015625 0.0625 0.065625
0 0.71640625 0.19921875 0.0375 0.0359375
0 0.609375 0.475 0.078125 0.096875
0 0.29296875 0.2734375 0.1796875 0.16875
0 0.546875 0.80546875 0.0953125 0.1265625
0 0.71640625 0.15703125 0.0625 0.0484375
0 0.559375 0.14296875 0.0875 0.0859375
0 0.19296875 0.77265625 0.115625 0.0859375
0 0.809375 0.13828125 0.0296875 0.0359375
0 0.6296875 0.8546875 0.1015625 0.0921875
0 0.321875 0.71640625 0.103125 0.115625
0 0.76171875 0.19921875 0.059375 0.0484375
0 0.4265625 0.81640625 0.0859375 0.1078125
0 0.94140625 0.1265625 0.0546875 0.0484375
0 0.4859375 0.3265625 0.1921875 0.1890625
0 0.72265625 0.6953125 0.1078125 0.1078125
0 0.82421875 0.0765625 0.0390625 0.0484375
0 0.815625 0.421875 0.1421875 0.0859375
0 0.90546875 0.440625 0.0890625 0.08125
0 0.87890625 0.16484375 0.0390625 0.05625
0 0.67421875 0.2234375 0.0609375 0.0734375
0 0.4671875 0.88984375 0.103125 0.125