0 0.8953125 0.5515625 0.171875 0.1546875
0 0.4984375 0.71953125 0.16875 0.134375
0 0.759375 0.16796875 0.159375 0.134375
0 0.05 0.40390625 0.1 0.121875
0 0.12890625 0.64296875 0.1921875 0.1890625
0 0.53203125 0.1765625 0.090625 0.1359375
0 0.10078125 0.0421875 0.1546875 0.084375
0 0.9 0.925 0.196875 0.1484375
0 0.79453125 0.72421875 0.21875 0.209375
0 0.66015625 0.0546875 0.121875 0.109375
0 0.63125 0.153125 0.13125 0.1390625
0 0.37890625 0.92109375 0.11875 0.13125
0 0.2734375 0.5140625 0.2421875 0.175
0 0.790625 0.38515625 0.0625 0.0765625
0 0.18125 0.89453125 0.10625 0.1328125
0 0.28125 0.4109375 0.1875 0.109375
0 0.44375 0.04765625 0.134375 0.0953125
0 0.5921875 0.665625 0.10625 0.0984375
0 0.30703125 0.78125 0.1859375 0.1796875
0 0.865625 0.83515625 0.13125 0.096875
0 0.1296875 0.4890625 0.084375 0.1203125
0 0.6765625 0.359375 0.196875 0.2015625
0 0.3515625 0.17109375 0.1703125 0.184375
0 0.51953125 0.59140625 0.15 0.153125
0 0.91015625 0.34453125 0.146875 0.1015625
0 0.14765625 0.22890625 0.0796875 0.0671875
0 0.54453125 0.796875 0.165625 0.140625
0 0.26328125 0.25859375 0.18125 0.15
0 0.7546875 0.884375 0.1421875 0.1328125
0 0.68984375 0.80078125 0.1109375 0.1171875
0 0.8984375 0.41953125 0.18125 0.1390625
0 0.265625 0.88671875 0.109375 0.1078125
0 0.8140625 0.46171875 0.1046875 0.0828125
0 0.9265625 0.746875 0.0875 0.1
0 0.24375 0.3421875 0.10625 0.084375
0 0.709375 0.24609375 0.184375 0.109375
0 0.765625 0.0703125 0.1375 0.11875
0 0.2328125 0.16328125 0.0796875 0.0765625
0 0.14375 0.74453125 0.153125 0.115625
0 0.421875 0.415625 0.13125 0.153125
0 0.53515625 0.059375 0.0953125 0.11875
0 0.04765625 0.2796875 0.0953125 0.1515625
0 0.05546875 0.13671875 0.1109375 0.1671875
0 0.14296875 0.3703125 0.0953125 0.1296875
0 0.50625 0.946875 0.121875 0.1046875
0 0.16640625 0.13203125 0.159375 0.159375
0 0.5078125 0.4671875 0.0765625 0.0890625
0 0.9375 0.24140625 0.1234375 0.1984375
0 0.61953125 0.8828125 0.134375 0.121875