0 0.5390625 0.16015625 0.1109375 0.1
0 0.58984375 0.6640625 0.0765625 0.109375
0 0.05390625 0.578125 0.090625 0.0671875
0 0.10859375 0.79921875 0.0953125 0.103125
0 0.6671875 0.271875 0.0953125 0.0953125
0 0.75703125 0.52421875 0.0578125 0.0546875
0 0.734375 0.2921875 0.084375 0.0828125
0 0.50859375 0.5046875 0.08125 0.0609375
0 0.8359375 0.5984375 0.0703125 0.0734375
0 0.4484375 0.5078125 0.0546875 0.053125
0 0.04609375 0.63203125 0.090625 0.0859375
0 0.51796875 0.67265625 0.078125 0.075
0 0.9375 0.77265625 0.1234375 0.221875
0 0.19453125 0.24609375 0.184375 0.165625
0 0.79453125 0.93046875 0.1 0.103125
0 0.4703125 0.7828125 0.0609375 0.0671875
0 0.94453125 0.903125 0.1078125 0.0921875
0 0.325 0.4359375 0.0578125 0.0765625
0 0.6328125 0.54609375 0.103125 0.0828125
0 0.6421875 0.36640625 0.090625 0.090625
0 0.36640625 0.27421875 0.1640625 0.1578125
0 0.61875 0.121875 0.075 0.08125
0 0.19921875 0.64453125 0.09375 0.078125
0 0.20625 0.86328125 0.053125 0.06875
0 0.8453125 0.25234375 0.1875 0.178125
0 0.53515625 0.04453125 0.1234375 0.0890625
0 0.39921875 0.80546875 0.1046875 0.1234375
0 0.309375 0.88515625 0.046875 0.05625
0 0.35390625 0.61796875 0.0453125 0.0453125
0 0.18359375 0.74609375 0.0625 0.0828125
0 0.33984375 0.65546875 0.05625 0.053125
0 0.23359375 0.578125 0.0921875 0.0734375
0 0.25859375 0.91171875 0.0921875 0.065625
0 0.75625 0.2015625 0.0359375 0.0375
0 0.52890625 0.09609375 0.0671875 0.05625
0 0.48515625 0.7375 0.1015625 0.1078125
0 0.3765625 0.71171875 0.0796875 0.1
0 0.17421875 0.8609375 0.040625 0.0671875
0 0.1515625 0.15 0.19375 0.128125
0 0.103125 0.5109375 0.075 0.109375
0 0.178125 0.503125 0.0984375 0.121875
0 0.17265625 0.9421875 0.0609375 0.0921875
0 0.26328125 0.86796875 0.059375 0.0640625
0 0.88125 0.11328125 0.184375 0.1734375
0 0.82265625 0.7328125 0.0875 0.109375
0 0.6203125 0.19921875 0.0859375 0.090625
0 0.1203125 0.63203125 0.090625 0.09375
0 0.36875 0.53828125 0.0953125 0.0984375
0 0.80078125 0.5515625 0.0546875 0.075
0 0.4671875 0.60078125 0.065625 0.0578125
0 0.3875 0.64453125 0.05 0.05
0 0.5328125 0.61328125 0.0671875 0.071875
0 0.18359375 0.42890625 0.1359375 0.0875
0 0.934375 0.51328125 0.13125 0.265625
0 0.10390625 0.91015625 0.09375 0.1171875
0 0.22578125 0.809375 0.071875 0.06875
0 0.87109375 0.409375 0.165625 0.165625
0 0.77265625 0.1734375 0.0359375 0.0328125
0 0.8375 0.8546875 0.1203125 0.11875
0 0.628125 0.79375 0.146875 0.128125
0 0.56171875 0.45625 0.103125 0.109375
0 0.253125 0.7265625 0.078125 0.09375
0 0.696875 0.35 0.0796875 0.06875
0 0.32265625 0.8484375 0.0546875 0.0453125
0 0.57421875 0.54609375 0.0703125 0.08125
0 0.39765625 0.46171875 0.0671875 0.0640625
0 0.84609375 0.52421875 0.0796875 0.0765625
0 0.31328125 0.78671875 0.0828125 0.0953125
0 0.39921875 0.4078125 0.1546875 0.125
0 0.4765625 0.55390625 0.0953125 0.0765625
0 0.15078125 0.83515625 0.06875 0.0921875
0 0.315625 0.7203125 0.0828125 0.0859375
0 0.509375 0.8140625 0.0671875 0.0671875
0 0.25 0.503125 0.0578125 0.053125
0 0.73359375 0.6984375 0.109375 0.1109375
0 0.69921875 0.18359375 0.096875 0.103125
0 0.38359375 0.58828125 0.0765625 0.053125
0 0.44609375 0.6609375 0.075 0.0671875
0 0.7546875 0.7875 0.1625 0.153125
0 0.65859375 0.45859375 0.1109375 0.1234375
0 0.125 0.70078125 0.1484375 0.0796875
0 0.40859375 0.946875 0.196875 0.1046875
0 0.69921875 0.9265625 0.1546875 0.146875
0 0.4125 0.8734375 0.1078125 0.103125
0 0.85390625 0.65234375 0.1 0.0796875
0 0.6953125 0.44296875 0.0484375 0.05625
0 0.74765625 0.40234375 0.1171875 0.128125