0 0.36875 0.44140625 0.0640625 0.084375
0 0.9046875 0.0609375 0.0421875 0.0609375
0 0.153125 0.03984375 0.109375 0.0796875
0 0.8375 0.25625 0.0546875 0.0484375
0 0.92421875 0.1875 0.0578125 0.053125
0 0.9546875 0.4390625 0.0703125 0.078125
0 0.25546875 0.60546875 0.11875 0.121875
0 0.040625 0.3171875 0.08125 0.1046875
0 0.84609375 0.89140625 0.040625 0.05625
0 0.28671875 0.771875 0.10625 0.1046875
0 0.34609375 0.259375 0.084375 0.0796875
0 0.959375 0.1171875 0.046875 0.053125
0 0.2796875 0.9125 0.0640625 0.0609375
0 0.3140625 0.1921875 0.0796875 0.0609375
0 0.9546875 0.553125 0.0703125 0.0453125
0 0.446875 0.78125 0.0640625 0.05
0 0.19375 0.8578125 0.05625 0.0640625
0 0.1734375 0.76875 0.0796875 0.08125
0 0.859375 0.0421875 0.0671875 0.0703125
0 0.27421875 0.459375 0.0953125 0.065625
0 0.37421875 0.66953125 0.09375 0.0875
0 0.79375 0.25 0.0484375 0.0484375
0 0.23125 0.721875 0.090625 0.084375
0 0.93046875 0.25625 0.071875 0.0875
0 0.4296875 0.9546875 0.0515625 0.05
0 0.725 0.58125 0.0828125 0.0859375
0 0.925 0.38828125 0.06875 0.0625
0 0.3453125 0.5515625 0.0953125 0.0765625
0 0.8296875 0.1203125 0.065625 0.0625
0 0.95390625 0.18828125 0.0328125 0.0484375
0 0.38125 0.78359375 0.0765625 0.04375
0 0.096875 0.9359375 0.0984375 0.1265625
0 0.09375 0.834375 0.1171875 0.1
0 0.134375 0.40703125 0.1125 0.0890625
0 0.83515625 0.82265625 0.0578125 0.0640625
0 0.89296875 0.225 0.065625 0.053125
0 0.69609375 0.75859375 0.18125 0.18125
0 0.35234375 0.9359375 0.1140625 0.115625
0 0.3390625 0.6265625 0.078125 0.0796875
0 0.32265625 0.840625 0.075 0.0828125
0 0.21953125 0.5015625 0.0765625 0.078125
0 0.3828125 0.30546875 0.06875 0.08125
0 0.234375 0.94296875 0.0546875 0.090625
0 0.39375 0.734375 0.1328125 0.0984375
0 0.69296875 0.38359375 0.215625 0.2234375
0 0.58671875 0.54765625 0.190625 0.1453125
0 0.0953125 0.7046875 0.0953125 0.075
0 0.071875 0.0828125 0.078125 0.0796875
0 0.13125 0.1 0.0734375 0.0796875
0 0.4296875 0.12109375 0.1765625 0.159375
0 0.93984375 0.0625 0.053125 0.0640625
0 0.21328125 0.22578125 0.0953125 0.1046875
0 0.41796875 0.2109375 0.06875 0.071875
0 0.175 0.5765625 0.109375 0.1015625
0 0.371875 0.51171875 0.0890625 0.0703125
0 0.16875 0.665625 0.1 0.0765625
0 0.36796875 0.8625 0.065625 0.0640625
0 0.14921875 0.2078125 0.0734375 0.096875
0 0.42109375 0.59765625 0.0765625 0.0671875
0 0.3703125 0.17421875 0.084375 0.090625
0 0.55859375 0.9125 0.134375 0.1265625
0 0.0796875 0.51171875 0.0828125 0.0640625
0 0.8890625 0.31796875 0.059375 0.0515625
0 0.29296875 0.5171875 0.0484375 0.05625
0 0.55625 0.3375 0.0546875 0.0765625
0 0.9265625 0.146875 0.040625 0.04375
0 0.88828125 0.80078125 0.06875 0.0640625
0 0.965625 0.61328125 0.065625 0.0796875
0 0.43359375 0.25546875 0.0921875 0.09375
0 0.8125 0.371875 0.046875 0.046875
0 0.20703125 0.13984375 0.096875 0.0890625
0 0.0296875 0.21328125 0.059375 0.0671875
0 0.071875 0.16796875 0.0828125 0.0703125
0 0.21015625 0.94765625 0.15625 0.103125
0 0.33203125 0.403125 0.0765625 0.0703125
0 0.06484375 0.4515625 0.0640625 0.0578125
0 0.09609375 0.76640625 0.1078125 0.06875
0 0.0453125 0.39609375 0.0796875 0.071875
0 0.13125 0.4578125 0.08125 0.0796875
0 0.86171875 0.15078125 0.059375 0.0515625
0 0.965625 0.24609375 0.040625 0.0609375
0 0.26875 0.0796875 0.0953125 0.0984375
0 0.28203125 0.2671875 0.0859375 0.1078125
0 0.2765625 0.6859375 0.06875 0.0703125
0 0.959375 0.315625 0.078125 0.084375
0 0.17109375 0.35390625 0.1109375 0.1203125
0 0.80390625 0.86796875 0.0578125 0.0921875
0 0.42578125 0.475 0.053125 0.0375
0 0.72109375 0.165625 0.16875 0.1890625
0 0.55625 0.6421875 0.1890625 0.1328125
0 0.88125 0.19140625 0.0390625 0.040625
0 0.9609375 0.92890625 0.0765625 0.0703125
0 0.065625 0.60859375 0.13125 0.1296875
0 0.31875 0.13203125 0.0640625 0.065625