0 0.77890625 0.928125 0.11875 0.140625
0 0.5375 0.7765625 0.0671875 0.0859375
0 0.421875 0.84921875 0.0625 0.05625
0 0.8515625 0.43671875 0.078125 0.09375
0 0.75703125 0.2953125 0.08125 0.0796875
0 0.415625 0.56875 0.0796875 0.1015625
0 0.628125 0.70625 0.0734375 0.0890625
0 0.21875 0.13671875 0.171875 0.15625
0 0.32421875 0.37578125 0.1125 0.1203125
0 0.1140625 0.0953125 0.0828125 0.078125
0 0.90625 0.2203125 0.0625 0.0609375
0 0.43359375 0.3453125 0.0953125 0.0953125
0 0.5921875 0.7734375 0.0390625 0.0640625
0 0.5515625 0.60703125 0.109375 0.109375
0 0.4140625 0.7125 0.096875 0.09375
0 0.1265625 0.3453125 0.05625 0.0796875
0 0.8109375 0.71484375 0.06875 0.059375
0 0.2140625 0.434375 0.0890625 0.0734375
0 0.3046875 0.8734375 0.071875 0.0890625
0 0.778125 0.10625 0.1078125 0.0875
0 0.3421875 0.63671875 0.1046875 0.1015625
0 0.84609375 0.34609375 0.1140625 0.115625
0 0.93125 0.5890625 0.09375 0.078125
0 0.37734375 0.22890625 0.109375 0.1140625
0 0.6703125 0.64609375 0.075 0.08125
0 0.09140625 0.9390625 0.05625 0.0640625
0 0.09765625 0.48984375 0.053125 0.0453125
0 0.26796875 0.58359375 0.1140625 0.0890625
0 0.50859375 0.41875 0.0625 0.0890625
0 0.5 0.92734375 0.0796875 0.0921875
0 0.59296875 0.08046875 0.0765625 0.06875
0 0.85078125 0.52578125 0.078125 0.071875
0 0.1984375 0.24921875 0.15 0.15
0 0.1984375 0.9546875 0.0765625 0.08125
0 0.51171875 0.68046875 0.06875 0.1
0 0.77265625 0.16953125 0.096875 0.1015625
0 0.09765625 0.1859375 0.05625 0.0828125
0 0.05390625 0.80546875 0.1078125 0.1109375
0 0.215625 0.67578125 0.134375 0.1296875
0 0.7265625 0.571875 0.1 0.109375
0 0.52734375 0.0921875 0.0953125 0.1234375
0 0.628125 0.59765625 0.1078125 0.1421875
0 0.18125 0.8203125 0.1015625 0.10625
0 0.690625 0.22578125 0.1171875 0.1171875
0 0.190625 0.546875 0.084375 0.0875
0 0.796875 0.67734375 0.075 0.071875
0 0.49296875 0.83984375 0.0671875 0.0859375
0 0.575 0.45625 0.053125 0.0625
0 0.65234375 0.1484375 0.0421875 0.0484375
0 0.7046875 0.32265625 0.08125 0.0953125
0 0.4578125 0.78359375 0.0765625 0.084375
0 0.92734375 0.13828125 0.14375 0.134375
0 0.45703125 0.08125 0.09375 0.1125
0 0.36953125 0.53515625 0.1015625 0.103125
0 0.8046875 0.78046875 0.0765625 0.0875
0 0.42578125 0.4453125 0.1109375 0.096875
0 0.13671875 0.60234375 0.1 0.0828125
0 0.79296875 0.43828125 0.071875 0.06875
0 0.825 0.615625 0.0875 0.1015625
0 0.91796875 0.33125 0.0546875 0.04375
0 0.1875 0.8796875 0.075 0.0796875
0 0.740625 0.6625 0.0828125 0.075
0 0.92109375 0.0609375 0.0765625 0.0703125
0 0.40625 0.36953125 0.0875 0.0703125
0 0.15 0.44140625 0.071875 0.071875
0 0.6890625 0.06015625 0.1140625 0.1203125
0 0.4515625 0.93203125 0.0625 0.0953125
0 0.5765625 0.23515625 0.121875 0.134375
0 0.6046875 0.3765625 0.1375 0.1484375
0 0.784375 0.84296875 0.0734375 0.0765625
0 0.79296875 0.50859375 0.0796875 0.078125
0 0.57578125 0.70625 0.0734375 0.0921875
0 0.63359375 0.309375 0.0703125 0.0578125
0 0.2390625 0.3546875 0.1703125 0.1484375
0 0.72109375 0.47109375 0.0875 0.1015625
0 0.0875 0.675 0.1140625 0.109375
0 0.9390625 0.4203125 0.1203125 0.1328125
0 0.615625 0.896875 0.1390625 0.1546875
0 0.15234375 0.50625 0.0765625 0.0765625
0 0.27734375 0.48203125 0.1484375 0.13125
0 0.12109375 0.85546875 0.0953125 0.09375
0 0.96328125 0.3125 0.071875 0.084375
0 0.915625 0.52734375 0.0703125 0.0546875
0 0.63359375 0.52734375 0.078125 0.0796875
0 0.57421875 0.15 0.065625 0.0609375
0 0.3515625 0.10625 0.1546875 0.1625
0 0.61484375 0.81171875 0.046875 0.0609375
0 0.52421875 0.3078125 0.0703125 0.06875
0 0.49453125 0.50625 0.096875 0.084375
0 0.10703125 0.24921875 0.0609375 0.0671875
0 0.365625 0.8125 0.0796875 0.128125