0 0.53828125 0.62890625 0.06875 0.0671875
0 0.84296875 0.9515625 0.1234375 0.0953125
0 0.821875 0.3453125 0.04375 0.0328125
0 0.68203125 0.49140625 0.0796875 0.05625
0 0.52265625 0.43203125 0.034375 0.0453125
0 0.92421875 0.1609375 0.05625 0.0484375
0 0.7625 0.19921875 0.0328125 0.028125
0 0.5 0.50234375 0.0375 0.0421875
0 0.671875 0.890625 0.0484375 0.04375
0 0.53984375 0.37578125 0.040625 0.0421875
0 0.9796875 0.38125 0.0375 0.0296875
0 0.65390625 0.26953125 0.05625 0.04375
0 0.796875 0.40703125 0.040625 0.0453125
0 0.58359375 0.4859375 0.0625 0.05625
0 0.5390625 0.53828125 0.0453125 0.078125
0 0.971875 0.65 0.053125 0.0578125
0 0.97265625 0.45234375 0.0390625 0.034375
0 0.7265625 0.06328125 0.046875 0.0609375
0 0.40859375 0.50703125 0.06875 0.0515625
0 0.91796875 0.4703125 0.0546875 0.053125
0 0.61875 0.21171875 0.0265625 0.0328125
0 0.74375 0.75703125 0.0375 0.0375
0 0.83515625 0.72421875 0.0484375 0.0625
0 0.16484375 0.93828125 0.040625 0.05
0 0.7125 0.340625 0.0515625 0.046875
0 0.85703125 0.36171875 0.0359375 0.0328125
0 0.7421875 0.4984375 0.046875 0.0453125
0 0.884375 0.1953125 0.0453125 0.046875
0 0.77265625 0.06328125 0.034375 0.040625
0 0.83984375 0.62890625 0.0390625 0.040625
0 0.640625 0.02578125 0.034375 0.0375
0 0.03984375 0.93984375 0.040625 0.0375
0 0.85078125 0.49765625 0.0453125 0.0515625
0 0.8984375 0.55078125 0.046875 0.0421875
0 0.065625 0.896875 0.0546875 0.05625
0 0.9203125 0.81875 0.053125 0.0484375
0 0.90078125 0.2578125 0.0484375 0.0484375
0 0.77109375 0.82421875 0.053125 0.053125
0 0.7046875 0.6140625 0.05 0.05625
0 0.75234375 0.26953125 0.034375 0.0546875
0 0.7546875 0.315625 0.0328125 0.0375
0 0.82265625 0.8453125 0.040625 0.046875
0 0.078125 0.80078125 0.078125 0.059375
0 0.48984375 0.42265625 0.0203125 0.028125
0 0.76875 0.9125 0.0609375 0.0453125
0 0.8203125 0.0953125 0.071875 0.0546875
0 0.53125 0.6984375 0.046875 0.0546875
0 0.71640625 0.11328125 0.040625 0.034375
0 0.071875 0.7578125 0.0546875 0.059375
0 0.6625 0.60703125 0.04375 0.0515625
0 0.68046875 0.7984375 0.0546875 0.0546875
0 0.92421875 0.9125 0.0953125 0.084375
0 0.48203125 0.17265625 0.059375 0.0484375
0 0.5859375 0.0828125 0.0359375 0.0375
0 0.625 0.62890625 0.025 0.025
0 0.12890625 0.4453125 0.0484375 0.05625
0 0.66875 0.1046875 0.0203125 0.0234375
0 0.3859375 0.86015625 0.046875 0.0484375
0 0.5875 0.2 0.0375 0.0328125
0 0.50078125 0.3375 0.03125 0.0375
0 0.0328125 0.7421875 0.0359375 0.040625
0 0.853125 0.8296875 0.0546875 0.0625
0 0.528125 0.890625 0.053125 0.0640625
0 0.775 0.66796875 0.0515625 0.0484375
0 0.57734375 0.2328125 0.0546875 0.0484375
0 0.94140625 0.55859375 0.05 0.0546875
0 0.6875 0.75546875 0.0609375 0.0484375
0 0.3828125 0.68984375 0.034375 0.040625
0 0.80078125 0.784375 0.0484375 0.046875
0 0.46484375 0.515625 0.0515625 0.0703125
0 0.86484375 0.5703125 0.034375 0.0328125
0 0.81640625 0.14609375 0.04375 0.0484375
0 0.6796875 0.67734375 0.065625 0.065625
0 0.76796875 0.8671875 0.075 0.0515625
0 0.75 0.3546875 0.0359375 0.0390625
0 0.6734375 0.2203125 0.0390625 0.0421875
0 0.78828125 0.44921875 0.0609375 0.053125
0 0.68125 0.43046875 0.0484375 0.05
0 0.86328125 0.1078125 0.0546875 0.05625
0 0.2546875 0.3546875 0.0390625 0.046875
0 0.31015625 0.66796875 0.0390625 0.046875
0 0.7421875 0.7015625 0.05 0.0359375
0 0.2 0.71171875 0.040625 0.040625
0 0.64453125 0.23984375 0.0375 0.034375
0 0.68671875 0.134375 0.021875 0.0328125
0 0.425 0.7921875 0.0515625 0.0484375
0 0.7890625 0.12734375 0.0375 0.0421875
0 0.871875 0.60625 0.0265625 0.025
0 0.08046875 0.93828125 0.05 0.040625
0 0.33359375 0.74453125 0.0359375 0.040625
0 0.93359375 0.3515625 0.0484375 0.0453125
0 0.7796875 0.36640625 0.0359375 0.04375
0 0.02890625 0.70546875 0.0578125 0.040625
0 0.80625 0.64921875 0.046875 0.0484375
0 0.76015625 0.1578125 0.0359375 0.0359375
0 0.61796875 0.25703125 0.0328125 0.034375
0 0.82890625 0.3921875 0.0328125 0.0296875
0 0.73046875 0.171875 0.0484375 0.0375
0 0.72578125 0.38046875 0.04375 0.040625
0 0.9484375 0.72890625 0.06875 0.059375
0 0.95234375 0.4921875 0.0296875 0.0328125
0 0.5859375 0.71875 0.0484375 0.0578125
0 0.89921875 0.134375 0.046875 0.05625
0 0.90625 0.3125 0.04375 0.040625
0 0.790625 0.5796875 0.046875 0.046875
0 0.79453125 0.49609375 0.0625 0.0484375
0 0.9640625 0.2953125 0.0703125 0.06875
0 0.884375 0.84765625 0.0359375 0.0484375
0 0.5890625 0.31640625 0.0625 0.0609375
0 0.8296875 0.59140625 0.034375 0.034375
0 0.9609375 0.84375 0.04375 0.0484375
0 0.909375 0.615625 0.05625 0.05625
0 0.9515625 0.12734375 0.040625 0.034375
0 0.375 0.73359375 0.0375 0.04375
0 0.81640625 0.25390625 0.0515625 0.0578125
0 0.778125 0.2375 0.046875 0.0453125
0 0.3578125 0.65390625 0.0421875 0.0296875
0 0.9015625 0.584375 0.040625 0.03125
0 0.765625 0.73203125 0.0484375 0.04375
0 0.83828125 0.41640625 0.04375 0.0375
0 0.62734375 0.17578125 0.071875 0.04375
0 0.36953125 0.82890625 0.025 0.0296875
0 0.70546875 0.0390625 0.0328125 0.0453125
0 0.28828125 0.7984375 0.0390625 0.04375
0 0.34296875 0.85546875 0.0265625 0.034375
0 0.6609375 0.315625 0.0453125 0.04375
0 0.77734375 0.3328125 0.0265625 0.0296875
0 0.51640625 0.30625 0.0421875 0.040625
0 0.96015625 0.52578125 0.0453125 0.0328125
0 0.359375 0.95078125 0.0328125 0.0375
0 0.61796875 0.6625 0.0453125 0.0453125
0 0.8078125 0.37109375 0.034375 0.0328125
0 0.49140625 0.46171875 0.034375 0.0359375
0 0.0265625 0.6625 0.053125 0.04375
0 0.73046875 0.66875 0.0546875 0.0609375
0 0.5328125 0.90546875 0.0359375 0.046875
0 0.88671875 0.43671875 0.071875 0.0625
0 0.65546875 0.05078125 0.040625 0.0359375
0 0.321875 0.80078125 0.0328125 0.046875
0 0.9625 0.4140625 0.0453125 0.0359375
0 0.8609375 0.27578125 0.0421875 0.04375
0 0.13125 0.93671875 0.040625 0.0453125
0 0.8328125 0.2 0.0453125 0.0453125
0 0.7328125 0.45859375 0.0515625 0.04375
0 0.54765625 0.3390625 0.0390625 0.03125
0 0.91796875 0.85234375 0.046875 0.053125
0 0.528125 0.196875 0.0515625 0.0515625
0 0.39375 0.96171875 0.03125 0.0375
0 0.45859375 0.43125 0.040625 0.0453125
0 0.49296875 0.221875 0.04375 0.0421875
0 0.97734375 0.34375 0.0421875 0.053125
0 0.71953125 0.7875 0.0375 0.0375
0 0.8921875 0.34140625 0.0421875 0.04375
0 0.78359375 0.278125 0.0375 0.0421875
0 0.5125 0.81171875 0.0390625 0.0453125
0 0.74375 0.58828125 0.0421875 0.0484375
0 0.6015625 0.11328125 0.0328125 0.040625
0 0.85078125 0.32265625 0.0609375 0.046875
0 0.7125 0.19765625 0.0390625 0.0375
0 0.7171875 0.725 0.05625 0.0515625
0 0.5859375 0.59921875 0.0453125 0.0515625
0 0.6796875 0.540625 0.078125 0.0625
0 0.44921875 0.88828125 0.0453125 0.0515625
0 0.946875 0.78828125 0.0546875 0.053125
0 0.4203125 0.73125 0.0421875 0.0421875
0 0.46953125 0.271875 0.03125 0.0265625
0 0.87109375 0.75234375 0.053125 0.0609375
0 0.6140625 0.56171875 0.0359375 0.0421875
0 0.96875 0.8796875 0.034375 0.0375