0 0.6078125 0.328125 0.15 0.11875
0 0.625 0.41953125 0.165625 0.13125
0 0.37890625 0.471875 0.1578125 0.16875
0 0.38828125 0.60546875 0.1703125 0.153125
0 0.6140625 0.71328125 0.1234375 0.115625
0 0.52734375 0.4640625 0.1328125 0.0921875
0 0.24140625 0.60703125 0.146875 0.153125
0 0.79609375 0.75859375 0.2375 0.225
0 0.77578125 0.38046875 0.1734375 0.1390625
0 0.521875 0.5546875 0.19375 0.1671875
0 0.425 0.90703125 0.1734375 0.1859375
0 0.57578125 0.6421875 0.125 0.115625
0 0.46328125 0.7234375 0.1921875 0.2015625
0 0.171875 0.31640625 0.1625 0.2125
0 0.25625 0.478125 0.153125 0.15
0 0.0625 0.5546875 0.125 0.134375
0 0.86484375 0.8765625 0.084375 0.0734375
0 0.43984375 0.13828125 0.1171875 0.115625
0 0.1859375 0.8484375 0.2109375 0.25
0 0.4234375 0.04140625 0.0640625 0.0828125
0 0.321875 0.83515625 0.1296875 0.1734375
0 0.92421875 0.3734375 0.15 0.1390625
0 0.54453125 0.821875 0.1453125 0.1671875
0 0.06484375 0.93125 0.1296875 0.134375
0 0.0859375 0.04765625 0.171875 0.0953125
0 0.78125 0.89375 0.1484375 0.1625
0 0.57578125 0.93359375 0.196875 0.13125
0 0.46171875 0.2625 0.2109375 0.2328125
0 0.08671875 0.43359375 0.1734375 0.1703125
0 0.3140625 0.09296875 0.2140625 0.1859375
0 0.73046875 0.3109375 0.1296875 0.165625
0 0.15 0.55546875 0.0984375 0.1171875
0 0.19765625 0.11015625 0.0796875 0.1171875
0 0.6375 0.2203125 0.1765625 0.1734375
0 0.77109375 0.4984375 0.1671875 0.16875
0 0.84296875 0.2671875 0.1671875 0.1640625
0 0.9390625 0.0578125 0.10625 0.115625
0 0.67734375 0.96328125 0.121875 0.071875
0 0.6578125 0.08515625 0.121875 0.1171875
0 0.28359375 0.20859375 0.121875 0.128125
0 0.66640625 0.83203125 0.1203125 0.1890625
0 0.9078125 0.5015625 0.178125 0.178125
0 0.93125 0.89609375 0.1359375 0.20625
0 0.72265625 0.6578125 0.175 0.1375
0 0.50546875 0.3890625 0.090625 0.121875
0 0.3140625 0.6984375 0.153125 0.1390625
0 0.159375 0.42109375 0.0796875 0.065625
0 0.28125 0.30859375 0.0953125 0.109375
0 0.88125 0.70625 0.16875 0.2078125
0 0.5140625 0.0890625 0.1625 0.178125
0 0.959375 0.09296875 0.0796875 0.1703125
0 0.3765625 0.346875 0.1390625 0.1609375
0 0.95546875 0.23671875 0.0875 0.1828125
0 0.09375 0.1890625 0.1640625 0.125
0 0.1 0.11328125 0.1546875 0.1484375
0 0.1078125 0.68203125 0.2078125 0.209375
0 0.9515625 0.69375 0.09375 0.19375
0 0.90390625 0.58515625 0.190625 0.1109375
0 0.6796875 0.571875 0.1640625 0.15
0 0.075 0.2828125 0.1265625 0.1234375
0 0.8234375 0.125 0.215625 0.2046875