0 0.7515625 0.23125 0.1671875 0.134375
0 0.9125 0.66015625 0.1078125 0.1578125
0 0.453125 0.19453125 0.165625 0.2
0 0.4875 0.78046875 0.2015625 0.2265625
0 0.18359375 0.521875 0.203125 0.175
0 0.49453125 0.3984375 0.1921875 0.240625
0 0.64765625 0.86953125 0.178125 0.15
0 0.95703125 0.78984375 0.084375 0.16875
0 0.13203125 0.76484375 0.2046875 0.2234375
0 0.77421875 0.64140625 0.2140625 0.2515625
0 0.73125 0.36796875 0.10625 0.1984375
0 0.67109375 0.78125 0.1765625 0.18125
0 0.70234375 0.940625 0.178125 0.1171875
0 0.6203125 0.35859375 0.1859375 0.2484375
0 0.64609375 0.15859375 0.2078125 0.2015625
0 0.3640625 0.484375 0.15 0.1234375
0 0.0765625 0.5765625 0.1 0.0875
0 0.21328125 0.11953125 0.3359375 0.2390625
0 0.3640625 0.359375 0.1109375 0.1359375
0 0.07734375 0.2328125 0.1328125 0.134375
0 0.225 0.67421875 0.2265625 0.2046875
0 0.803125 0.13984375 0.1328125 0.19375
0 0.41875 0.58046875 0.21875 0.19375
0 0.378125 0.93515625 0.171875 0.1296875
0 0.3234375 0.76875 0.178125 0.225
0 0.22265625 0.91328125 0.2171875 0.171875
0 0.8390625 0.375 0.1921875 0.2890625
0 0.0859375 0.90859375 0.171875 0.18125
0 0.90546875 0.115625 0.13125 0.178125
0 0.2484375 0.3234375 0.290625 0.2734375
0 0.09765625 0.4265625 0.1953125 0.2546875
0 0.86015625 0.84453125 0.2109375 0.2140625
0 0.57890625 0.63125 0.2140625 0.25625
0 0.9078125 0.49765625 0.1828125 0.2265625