0 0.121875 0.7765625 0.109375 0.1
0 0.390625 0.50390625 0.271875 0.2984375
0 0.8625 0.49375 0.2671875 0.221875
0 0.27734375 0.70625 0.265625 0.209375
0 0.05078125 0.6390625 0.1015625 0.1296875
0 0.12734375 0.3515625 0.1703125 0.178125
0 0.33984375 0.29765625 0.178125 0.178125
0 0.1890625 0.9125 0.196875 0.1734375
0 0.24375 0.17890625 0.20625 0.175
0 0.7921875 0.9078125 0.1328125 0.16875
0 0.765625 0.69609375 0.2984375 0.2765625
0 0.4703125 0.0640625 0.190625 0.128125
0 0.17265625 0.5453125 0.2140625 0.196875
0 0.89453125 0.69140625 0.209375 0.2328125
0 0.178125 0.09296875 0.140625 0.1328125
0 0.66953125 0.87421875 0.2625 0.2484375
0 0.9109375 0.90234375 0.1640625 0.1953125
0 0.22734375 0.303125 0.128125 0.153125