0 0.80078125 0.221875 0.153125 0.178125
0 0.51171875 0.85859375 0.225 0.165625
0 0.28671875 0.44921875 0.084375 0.0953125
0 0.43359375 0.9375 0.096875 0.1046875
0 0.1640625 0.76640625 0.125 0.128125
0 0.95234375 0.0953125 0.09375 0.121875
0 0.7140625 0.6546875 0.1234375 0.1265625
0 0.528125 0.23359375 0.1203125 0.140625
0 0.38125 0.06484375 0.134375 0.1296875
0 0.9359375 0.36328125 0.1265625 0.1234375
0 0.12890625 0.4421875 0.1609375 0.13125
0 0.43984375 0.28984375 0.125 0.1234375
0 0.6625 0.33828125 0.1171875 0.15625
0 0.83671875 0.4359375 0.103125 0.1046875
0 0.225 0.38359375 0.065625 0.06875
0 0.3125 0.1609375 0.1484375 0.1703125
0 0.046875 0.296875 0.09375 0.1828125
0 0.07890625 0.62578125 0.1578125 0.096875
0 0.33203125 0.74921875 0.1421875 0.125
0 0.5828125 0.9296875 0.1 0.1
0 0.74375 0.9296875 0.159375 0.1390625
0 0.2296875 0.6453125 0.1171875 0.103125
0 0.77109375 0.38671875 0.134375 0.134375
0 0.3359375 0.903125 0.146875 0.178125
0 0.290625 0.56640625 0.128125 0.1
0 0.86171875 0.56171875 0.1390625 0.115625
0 0.63125 0.71875 0.1109375 0.1765625
0 0.1875 0.28515625 0.1625 0.171875
0 0.68515625 0.128125 0.1640625 0.1203125
0 0.065625 0.76015625 0.13125 0.2
0 0.8578125 0.303125 0.0671875 0.0765625
0 0.32265625 0.34453125 0.1546875 0.1515625
0 0.540625 0.05 0.109375 0.1
0 0.115625 0.91953125 0.2140625 0.159375
0 0.8546875 0.665625 0.1546875 0.1515625
0 0.9265625 0.48046875 0.1109375 0.121875
0 0.16953125 0.1359375 0.1421875 0.121875
0 0.490625 0.7140625 0.19375 0.1859375
0 0.678125 0.2140625 0.1484375 0.125
0 0.43203125 0.521875 0.096875 0.1
0 0.47265625 0.15703125 0.0875 0.1359375
0 0.0890625 0.54921875 0.140625 0.071875
0 0.8671875 0.10078125 0.11875 0.08125
0 0.24453125 0.69375 0.09375 0.10625