0 0.49453125 0.4859375 0.0734375 0.115625
0 0.075 0.65859375 0.0953125 0.0921875
0 0.7421875 0.88125 0.075 0.0765625
0 0.12890625 0.390625 0.0765625 0.0921875
0 0.24609375 0.26640625 0.1203125 0.115625
0 0.47265625 0.55859375 0.075 0.0734375
0 0.46640625 0.68984375 0.1140625 0.1140625
0 0.16796875 0.825 0.1390625 0.1015625
0 0.6796875 0.8421875 0.0875 0.0875
0 0.1125 0.509375 0.115625 0.1
0 0.6609375 0.1171875 0.1375 0.19375
0 0.7484375 0.80703125 0.1234375 0.11875
0 0.09375 0.4296875 0.1359375 0.0765625
0 0.7375 0.49375 0.1109375 0.121875
0 0.56953125 0.06015625 0.1 0.1203125
0 0.16015625 0.240625 0.053125 0.0515625
0 0.18828125 0.38671875 0.0453125 0.0453125
0 0.37890625 0.68515625 0.0609375 0.0625
0 0.290625 0.4984375 0.1109375 0.1046875
0 0.515625 0.85390625 0.103125 0.1125
0 0.6234375 0.49296875 0.153125 0.1359375
0 0.2609375 0.640625 0.1046875 0.0859375
0 0.42578125 0.4765625 0.0734375 0.1
0 0.3390625 0.1703125 0.0828125 0.0890625
0 0.08984375 0.0625 0.1140625 0.11875
0 0.9375 0.0828125 0.1140625 0.1046875
0 0.58125 0.60703125 0.0609375 0.0625
0 0.703125 0.3953125 0.14375 0.1296875
0 0.62578125 0.65234375 0.0765625 0.0828125
0 0.2734375 0.725 0.125 0.096875
0 0.81484375 0.8453125 0.0765625 0.096875
0 0.1875 0.34609375 0.0671875 0.0671875
0 0.428125 0.85234375 0.1 0.115625
0 0.26171875 0.209375 0.0984375 0.103125
0 0.7015625 0.5890625 0.1296875 0.0921875
0 0.04921875 0.221875 0.0921875 0.0734375
0 0.9109375 0.23515625 0.1421875 0.1890625
0 0.40625 0.321875 0.1265625 0.11875
0 0.4140625 0.1734375 0.084375 0.1078125
0 0.165625 0.59765625 0.0984375 0.140625
0 0.63046875 0.7359375 0.08125 0.0984375
0 0.48203125 0.375 0.078125 0.096875
0 0.04609375 0.32265625 0.0921875 0.071875
0 0.15546875 0.121875 0.103125 0.1171875
0 0.52734375 0.30390625 0.109375 0.1046875
0 0.915625 0.41015625 0.1671875 0.1859375
0 0.3421875 0.83203125 0.1609375 0.15625
0 0.25078125 0.125 0.0890625 0.0796875
0 0.828125 0.72890625 0.121875 0.1296875
0 0.88125 0.80390625 0.1171875 0.1078125
0 0.71015625 0.69921875 0.1296875 0.1296875
0 0.48828125 0.20859375 0.0921875 0.0890625
0 0.55859375 0.70234375 0.084375 0.1078125
0 0.75234375 0.06171875 0.1046875 0.1234375
0 0.28984375 0.34765625 0.084375 0.1
0 0.384375 0.42578125 0.06875 0.0921875
0 0.06015625 0.17265625 0.1203125 0.1
0 0.05546875 0.77265625 0.1109375 0.1359375
0 0.3203125 0.08046875 0.115625 0.1046875
0 0.58046875 0.37734375 0.1421875 0.14375
0 0.1203125 0.29609375 0.0984375 0.096875
0 0.26953125 0.571875 0.1109375 0.075
0 0.1890625 0.4703125 0.09375 0.0828125
0 0.490625 0.13125 0.1140625 0.0953125
0 0.7890625 0.91640625 0.109375 0.103125
0 0.24765625 0.38515625 0.0921875 0.0765625
0 0.4921875 0.78125 0.0875 0.0984375
0 0.41953125 0.04609375 0.10625 0.0921875
0 0.1546875 0.7265625 0.1234375 0.1171875
0 0.83125 0.615625 0.121875 0.103125
0 0.8265625 0.1734375 0.1390625 0.19375
0 0.5109375 0.6015625 0.0734375 0.0671875
0 0.4 0.59296875 0.1375 0.128125