0 0.271875 0.478125 0.0890625 0.08125
0 0.70859375 0.69375 0.0859375 0.0921875
0 0.93046875 0.2875 0.115625 0.1109375
0 0.825 0.359375 0.11875 0.115625
0 0.359375 0.18671875 0.103125 0.1453125
0 0.57109375 0.21875 0.0890625 0.090625
0 0.7203125 0.5390625 0.1875 0.13125
0 0.3125 0.28203125 0.078125 0.065625
0 0.18203125 0.4046875 0.125 0.1578125
0 0.1703125 0.80078125 0.115625 0.1328125
0 0.37421875 0.92890625 0.09375 0.140625
0 0.26015625 0.42109375 0.05625 0.046875
0 0.878125 0.58671875 0.1671875 0.140625
0 0.353125 0.46953125 0.115625 0.0859375
0 0.04765625 0.9328125 0.0953125 0.13125
0 0.0703125 0.08203125 0.140625 0.1640625
0 0.3046875 0.34296875 0.1078125 0.0921875
0 0.76953125 0.14296875 0.1109375 0.1140625
0 0.61640625 0.07421875 0.0921875 0.103125
0 0.20625 0.61015625 0.11875 0.121875
0 0.8875 0.690625 0.134375 0.153125
0 0.78515625 0.90078125 0.103125 0.1265625
0 0.6328125 0.946875 0.109375 0.1046875
0 0.2640625 0.06171875 0.0953125 0.1078125
0 0.21875 0.51875 0.06875 0.0625
0 0.459375 0.71484375 0.134375 0.140625
0 0.509375 0.8296875 0.0765625 0.1015625
0 0.48046875 0.03046875 0.0953125 0.0609375
0 0.196875 0.11796875 0.096875 0.1265625
0 0.421875 0.28046875 0.13125 0.14375
0 0.29375 0.70078125 0.084375 0.0828125
0 0.09765625 0.5796875 0.109375 0.121875
0 0.115625 0.490625 0.0875 0.053125
0 0.39765625 0.07109375 0.1 0.1421875
0 0.678125 0.146875 0.115625 0.1078125
0 0.51484375 0.46875 0.1140625 0.128125
0 0.88046875 0.953125 0.0921875 0.09375
0 0.0734375 0.1984375 0.09375 0.1015625
0 0.14609375 0.684375 0.115625 0.0734375
0 0.3609375 0.39140625 0.11875 0.1
0 0.59375 0.72734375 0.1234375 0.134375
0 0.271875 0.565625 0.084375 0.1015625
0 0.73828125 0.775 0.1046875 0.0984375
0 0.04609375 0.67734375 0.0921875 0.1125
0 0.48359375 0.10078125 0.06875 0.103125
0 0.80859375 0.7875 0.065625 0.0953125
0 0.32109375 0.04375 0.10625 0.0875
0 0.70703125 0.8625 0.153125 0.171875
0 0.9453125 0.10390625 0.109375 0.1
0 0.6734375 0.34296875 0.1109375 0.0859375
0 0.3859375 0.74140625 0.06875 0.0796875
0 0.1671875 0.21640625 0.1046875 0.109375
0 0.43046875 0.8375 0.0890625 0.1015625
0 0.46015625 0.19375 0.115625 0.1421875
0 0.603125 0.50234375 0.08125 0.0875
0 0.87734375 0.8578125 0.1453125 0.153125
0 0.53515625 0.6265625 0.103125 0.1171875
0 0.625 0.41796875 0.10625 0.1
0 0.06328125 0.453125 0.1265625 0.13125
0 0.4515625 0.93515625 0.1046875 0.121875
0 0.53828125 0.9453125 0.1 0.109375
0 0.33359375 0.79609375 0.1140625 0.1234375
0 0.47734375 0.35859375 0.1125 0.1328125
0 0.3421875 0.55703125 0.1078125 0.1078125
0 0.70859375 0.45078125 0.11875 0.109375
0 0.340625 0.6578125 0.1140625 0.1359375
0 0.08046875 0.31328125 0.146875 0.128125
0 0.7734375 0.6796875 0.11875 0.128125
0 0.24375 0.85546875 0.1828125 0.2078125
0 0.565625 0.30546875 0.09375 0.1359375
0 0.7828125 0.040625 0.1171875 0.08125
0 0.58671875 0.82734375 0.0671875 0.084375
0 0.853125 0.7875 0.0546875 0.06875
0 0.48203125 0.559375 0.1296875 0.1328125
0 0.0796875 0.78203125 0.09375 0.1109375
0 0.70390625 0.246875 0.15 0.13125
0 0.571875 0.1 0.1265625 0.1625
0 0.2828125 0.1640625 0.103125 0.1359375