0 0.3140625 0.0921875 0.090625 0.090625
0 0.7484375 0.115625 0.0640625 0.0609375
0 0.71875 0.05703125 0.103125 0.1
0 0.9546875 0.69296875 0.090625 0.1140625
0 0.60625 0.29375 0.0875 0.0765625
0 0.55 0.64453125 0.153125 0.2171875
0 0.8875 0.053125 0.1234375 0.10625
0 0.50703125 0.47578125 0.125 0.1453125
0 0.42109375 0.19296875 0.078125 0.0859375
0 0.02890625 0.3453125 0.0578125 0.0984375
0 0.15234375 0.87109375 0.10625 0.1140625
0 0.4546875 0.853125 0.0984375 0.13125
0 0.303125 0.55078125 0.0765625 0.06875
0 0.3734375 0.14140625 0.1109375 0.121875
0 0.8671875 0.7984375 0.11875 0.10625
0 0.60625 0.675 0.0796875 0.078125
0 0.62421875 0.23515625 0.084375 0.0796875
0 0.81796875 0.92421875 0.1328125 0.15
0 0.94296875 0.28984375 0.1125 0.1234375
0 0.12890625 0.3203125 0.134375 0.1046875
0 0.1265625 0.69921875 0.0625 0.090625
0 0.46875 0.653125 0.0953125 0.11875
0 0.259375 0.03125 0.13125 0.0625
0 0.11484375 0.4046875 0.1859375 0.103125
0 0.12734375 0.56953125 0.1 0.103125
0 0.5 0.13984375 0.084375 0.109375
0 0.05625 0.50546875 0.1125 0.153125
0 0.0484375 0.11640625 0.096875 0.1625
0 0.2875 0.49375 0.0625 0.059375
0 0.2109375 0.5921875 0.1015625 0.10625
0 0.47421875 0.79296875 0.0515625 0.0578125
0 0.31640625 0.45078125 0.0765625 0.078125
0 0.6640625 0.73046875 0.1203125 0.1015625
0 0.8171875 0.69609375 0.1359375 0.084375
0 0.259375 0.4078125 0.084375 0.0640625
0 0.7890625 0.35 0.134375 0.1421875
0 0.7671875 0.55625 0.08125 0.08125
0 0.446875 0.9515625 0.1078125 0.0953125
0 0.73828125 0.29609375 0.0703125 0.0546875
0 0.63359375 0.56640625 0.065625 0.0640625
0 0.81640625 0.17109375 0.09375 0.1171875
0 0.92890625 0.18125 0.1390625 0.15
0 0.0546875 0.92734375 0.096875 0.1
0 0.1953125 0.0671875 0.05625 0.071875
0 0.3890625 0.88515625 0.0765625 0.1359375
0 0.3703125 0.50625 0.1125 0.0984375
0 0.19375 0.6875 0.1109375 0.0890625
0 0.95703125 0.77578125 0.0515625 0.06875
0 0.4765625 0.0421875 0.084375 0.084375
0 0.2453125 0.10625 0.084375 0.115625
0 0.22578125 0.503125 0.065625 0.065625
0 0.1859375 0.909375 0.109375 0.13125
0 0.9234375 0.3890625 0.090625 0.084375
0 0.3359375 0.25859375 0.1390625 0.21875
0 0.03984375 0.84375 0.0796875 0.0953125
0 0.528125 0.82265625 0.0734375 0.0984375
0 0.078125 0.06875 0.1546875 0.1375
0 0.8625 0.5859375 0.1359375 0.1640625
0 0.47421875 0.553125 0.071875 0.0875
0 0.696875 0.6765625 0.0984375 0.1109375
0 0.79140625 0.05 0.05625 0.0703125
0 0.95703125 0.62109375 0.0828125 0.071875
0 0.95078125 0.96875 0.096875 0.0609375
0 0.625 0.4984375 0.09375 0.078125
0 0.1953125 0.41640625 0.05 0.05625
0 0.54453125 0.04296875 0.071875 0.0859375
0 0.15703125 0.49375 0.0890625 0.0828125
0 0.65234375 0.13203125 0.0859375 0.10625
0 0.40078125 0.55625 0.0765625 0.08125
0 0.4921875 0.2734375 0.0875 0.0953125
0 0.5765625 0.13828125 0.0953125 0.121875
0 0.82421875 0.4515625 0.1453125 0.1203125
0 0.6203125 0.415625 0.1234375 0.0953125
0 0.72578125 0.815625 0.08125 0.09375
0 0.73671875 0.20390625 0.11875 0.1390625
0 0.69921875 0.36328125 0.0609375 0.06875
0 0.1015625 0.8375 0.0828125 0.08125
0 0.4453125 0.31328125 0.0984375 0.10625
0 0.346875 0.7109375 0.153125 0.171875
0 0.61484375 0.04375 0.0875 0.0875
0 0.9421875 0.91875 0.0921875 0.0640625
0 0.61015625 0.34609375 0.1265625 0.0875
0 0.728125 0.471875 0.0703125 0.090625
0 0.89375 0.75078125 0.0578125 0.0578125