0 0.82734375 0.06015625 0.196875 0.1203125
0 0.46015625 0.91796875 0.1296875 0.13125
0 0.19296875 0.79453125 0.15 0.1453125
0 0.92890625 0.30703125 0.1390625 0.2046875
0 0.8578125 0.61171875 0.221875 0.18125
0 0.21484375 0.1171875 0.240625 0.234375
0 0.6796875 0.83125 0.2578125 0.2765625
0 0.83671875 0.8265625 0.1546875 0.23125
0 0.1046875 0.19921875 0.209375 0.19375
0 0.76171875 0.6796875 0.1140625 0.1140625
0 0.28828125 0.5703125 0.2359375 0.2359375
0 0.93359375 0.8078125 0.1296875 0.2078125
0 0.171875 0.6765625 0.1734375 0.1578125
0 0.05234375 0.53828125 0.1046875 0.14375
0 0.3359375 0.82421875 0.1703125 0.2203125
0 0.90625 0.140625 0.1515625 0.1921875
0 0.6734375 0.5328125 0.125 0.1359375
0 0.896875 0.9359375 0.1703125 0.1265625
0 0.06171875 0.87109375 0.1234375 0.1484375
0 0.74765625 0.35703125 0.2234375 0.146875
0 0.48515625 0.809375 0.146875 0.1890625
0 0.5859375 0.5609375 0.18125 0.19375
0 0.096875 0.77265625 0.0625 0.103125
0 0.65546875 0.65390625 0.175 0.1328125
0 0.06171875 0.68984375 0.1234375 0.23125
0 0.80625 0.46875 0.3140625 0.23125
0 0.2828125 0.9390625 0.121875 0.1171875
0 0.5734375 0.2265625 0.1703125 0.2046875
0 0.4453125 0.60234375 0.1625 0.196875
0 0.190625 0.90234375 0.1421875 0.146875
0 0.7609375 0.215625 0.2484375 0.253125
0 0.071875 0.3171875 0.14375 0.2125
0 0.1984375 0.490625 0.2328125 0.2328125