0 0.09921875 0.21328125 0.13125 0.1078125
0 0.04765625 0.32265625 0.0953125 0.084375
0 0.43671875 0.93984375 0.1296875 0.11875
0 0.66328125 0.68515625 0.1390625 0.1015625
0 0.04296875 0.7953125 0.0796875 0.065625
0 0.134375 0.73984375 0.0921875 0.14375
0 0.2765625 0.3203125 0.1078125 0.115625
0 0.53515625 0.15859375 0.1234375 0.13125
0 0.5140625 0.49765625 0.0921875 0.115625
0 0.7171875 0.378125 0.1265625 0.1484375
0 0.7046875 0.7828125 0.0984375 0.1203125
0 0.06953125 0.73359375 0.05625 0.0765625
0 0.51484375 0.8578125 0.078125 0.0890625
0 0.8046875 0.884375 0.11875 0.140625
0 0.2765625 0.846875 0.0375 0.0578125
0 0.28515625 0.59296875 0.0703125 0.06875
0 0.04140625 0.48125 0.0328125 0.05
0 0.2546875 0.4015625 0.1265625 0.0921875
0 0.40234375 0.8203125 0.115625 0.146875
0 0.8984375 0.51015625 0.1390625 0.115625
0 0.68828125 0.91015625 0.1109375 0.140625
0 0.10078125 0.453125 0.09375 0.0953125
0 0.7984375 0.31015625 0.090625 0.0921875
0 0.0640625 0.55234375 0.0875 0.1015625
0 0.85 0.73515625 0.13125 0.1078125
0 0.73515625 0.21171875 0.1265625 0.1109375
0 0.053125 0.8921875 0.10625 0.1265625
0 0.59765625 0.52890625 0.121875 0.1109375
0 0.1890625 0.303125 0.084375 0.0875
0 0.62109375 0.31171875 0.115625 0.1140625
0 0.14765625 0.95234375 0.11875 0.0921875
0 0.134375 0.53671875 0.06875 0.059375
0 0.69765625 0.07890625 0.1234375 0.121875
0 0.31796875 0.80703125 0.06875 0.0875
0 0.2046875 0.48359375 0.0859375 0.078125
0 0.8734375 0.3640625 0.1375 0.0984375
0 0.77734375 0.6609375 0.1109375 0.134375
0 0.2203125 0.128125 0.0875 0.0859375
0 0.50390625 0.321875 0.1265625 0.11875
0 0.40703125 0.58203125 0.15 0.15
0 0.5375 0.93828125 0.1 0.1015625
0 0.6671875 0.5796875 0.1 0.1171875
0 0.76796875 0.53203125 0.1359375 0.125
0 0.30390625 0.48828125 0.109375 0.0875
0 0.64296875 0.1484375 0.0984375 0.1421875
0 0.1984375 0.67265625 0.0796875 0.059375
0 0.25546875 0.94921875 0.134375 0.0984375
0 0.8140625 0.04765625 0.128125 0.0953125
0 0.975 0.13984375 0.0484375 0.0515625
0 0.3078125 0.6984375 0.125 0.0890625
0 0.42578125 0.15625 0.1265625 0.15
0 0.209375 0.584375 0.1078125 0.1109375
0 0.2171875 0.75078125 0.1140625 0.1
0 0.43984375 0.4109375 0.084375 0.1171875
0 0.1234375 0.3734375 0.1 0.09375
0 0.55234375 0.7640625 0.125 0.1421875
0 0.90703125 0.6578125 0.1421875 0.1375
0 0.134375 0.0625 0.15625 0.125
0 0.1640625 0.18671875 0.0921875 0.1078125
0 0.17578125 0.8765625 0.075 0.075
0 0.84609375 0.59453125 0.0703125 0.0546875
0 0.3140625 0.89453125 0.075 0.0703125
0 0.54921875 0.37734375 0.0984375 0.1078125
0 0.2578125 0.21640625 0.1140625 0.0984375
0 0.3828125 0.3078125 0.1140625 0.1359375
0 0.72265625 0.278125 0.0703125 0.0546875
0 0.44453125 0.7359375 0.109375 0.1125
0 0.8890625 0.89453125 0.1546875 0.1625
0 0.09453125 0.29296875 0.1109375 0.0984375
0 0.5125 0.6234375 0.090625 0.125
0 0.8953125 0.125 0.06875 0.0640625
0 0.0765625 0.6625 0.090625 0.0703125
0 0.8 0.12890625 0.1234375 0.1