0 0.31875 0.115625 0.0796875 0.0765625
0 0.453125 0.4140625 0.075 0.0640625
0 0.7 0.9015625 0.071875 0.078125
0 0.471875 0.86171875 0.0921875 0.1
0 0.89765625 0.578125 0.090625 0.0796875
0 0.50625 0.18125 0.0953125 0.0921875
0 0.9078125 0.7203125 0.0734375 0.09375
0 0.47734375 0.31328125 0.053125 0.053125
0 0.10078125 0.765625 0.053125 0.053125
0 0.38203125 0.30703125 0.0921875 0.090625
0 0.81640625 0.77890625 0.04375 0.053125
0 0.91875 0.775 0.0546875 0.0546875
0 0.534375 0.22265625 0.1140625 0.075
0 0.85234375 0.0734375 0.065625 0.06875
0 0.43828125 0.69609375 0.10625 0.071875
0 0.86484375 0.6578125 0.0796875 0.0734375
0 0.353125 0.04609375 0.05625 0.071875
0 0.1171875 0.246875 0.0828125 0.06875
0 0.91640625 0.08203125 0.103125 0.109375
0 0.41015625 0.04296875 0.0640625 0.0515625
0 0.57265625 0.68828125 0.0921875 0.115625
0 0.13125 0.715625 0.090625 0.0828125
0 0.18046875 0.9140625 0.0828125 0.0890625
0 0.2515625 0.753125 0.0671875 0.059375
0 0.2875 0.8109375 0.0546875 0.0625
0 0.94609375 0.69375 0.078125 0.0640625
0 0.35234375 0.771875 0.05625 0.0671875
0 0.86171875 0.75234375 0.0640625 0.0765625
0 0.53203125 0.4953125 0.0625 0.0609375
0 0.90078125 0.340625 0.1109375 0.109375
0 0.9390625 0.43515625 0.0828125 0.071875
0 0.409375 0.92890625 0.0640625 0.071875
0 0.915625 0.16171875 0.065625 0.0796875
0 0.66015625 0.9578125 0.0703125 0.0671875
0 0.20390625 0.51328125 0.0796875 0.0828125
0 0.21328125 0.58203125 0.059375 0.05625
0 0.7140625 0.78125 0.0703125 0.078125
0 0.46796875 0.503125 0.06875 0.0640625
0 0.82109375 0.1703125 0.1015625 0.0875
0 0.27109375 0.0421875 0.0828125 0.0703125
0 0.1015625 0.0953125 0.05625 0.05
0 0.7296875 0.3765625 0.0953125 0.075
0 0.37109375 0.65 0.0578125 0.059375
0 0.31796875 0.328125 0.0546875 0.0640625
0 0.81328125 0.553125 0.075 0.06875
0 0.23671875 0.278125 0.0609375 0.05625
0 0.109375 0.5765625 0.0609375 0.0703125
0 0.47109375 0.07421875 0.071875 0.1125
0 0.065625 0.04765625 0.0703125 0.0609375
0 0.69921875 0.61328125 0.0734375 0.059375
0 0.1546875 0.55390625 0.0765625 0.0796875
0 0.31328125 0.39453125 0.0796875 0.075
0 0.35859375 0.834375 0.0859375 0.0765625
0 0.80859375 0.33671875 0.071875 0.0703125
0 0.53359375 0.40859375 0.0921875 0.09375
0 0.76953125 0.7140625 0.0875 0.0734375
0 0.70234375 0.1421875 0.0984375 0.10625
0 0.28203125 0.5640625 0.0625 0.065625
0 0.55 0.88671875 0.0859375 0.1015625
0 0.4625 0.73515625 0.0890625 0.0890625
0 0.6890625 0.440625 0.0671875 0.05
0 0.4125 0.09296875 0.0765625 0.06875
0 0.375 0.18125 0.0765625 0.0640625
0 0.609375 0.7734375 0.084375 0.1
0 0.87109375 0.259375 0.103125 0.084375
0 0.5046875 0.646875 0.1 0.0921875
0 0.57421875 0.471875 0.0703125 0.059375
0 0.42109375 0.23828125 0.059375 0.0625
0 0.83828125 0.3921875 0.08125 0.06875
0 0.275 0.3125 0.059375 0.0671875
0 0.3984375 0.39140625 0.08125 0.078125
0 0.6921875 0.05859375 0.121875 0.109375
0 0.06640625 0.784375 0.059375 0.0734375
0 0.18359375 0.13984375 0.0671875 0.071875
0 0.521875 0.33125 0.053125 0.0546875
0 0.2984375 0.61015625 0.0828125 0.065625
0 0.62578125 0.9109375 0.0890625 0.0859375
0 0.684375 0.2828125 0.10625 0.11875
0 0.5171875 0.090625 0.0703125 0.0890625
0 0.45625 0.4609375 0.0703125 0.053125
0 0.1921875 0.81875 0.084375 0.0796875
0 0.63203125 0.51171875 0.06875 0.053125
0 0.11640625 0.52109375 0.084375 0.078125
0 0.140625 0.20625 0.075 0.0609375
0 0.6640625 0.796875 0.0609375 0.0734375
0 0.171875 0.609375 0.071875 0.0671875
0 0.76640625 0.28046875 0.08125 0.0890625
0 0.64453125 0.3796875 0.0875 0.09375
0 0.78125 0.91328125 0.090625 0.096875
0 0.75390625 0.42578125 0.0703125 0.078125
0 0.778125 0.47734375 0.04375 0.059375
0 0.590625 0.1359375 0.128125 0.1078125
0 0.60234375 0.44375 0.0578125 0.05625
0 0.53359375 0.2734375 0.0921875 0.0671875
0 0.1859375 0.3546875 0.08125 0.0609375
0 0.5375 0.5515625 0.071875 0.065625
0 0.41328125 0.8234375 0.065625 0.08125
0 0.35078125 0.9265625 0.0609375 0.0671875
0 0.0375 0.46328125 0.075 0.0609375
0 0.06640625 0.6015625 0.071875 0.0828125
0 0.7875 0.83125 0.090625 0.109375
0 0.1015625 0.41640625 0.0765625 0.05625
0 0.33828125 0.21953125 0.059375 0.0546875
0 0.16875 0.0546875 0.05625 0.0734375
0 0.53125 0.75703125 0.0734375 0.08125
0 0.3078125 0.178125 0.0515625 0.053125
0 0.58046875 0.04609375 0.0890625 0.0921875
0 0.82109375 0.45859375 0.0625 0.046875
0 0.0515625 0.27734375 0.084375 0.06875
0 0.3765625 0.49296875 0.0765625 0.06875
0 0.7796875 0.6703125 0.08125 0.08125
0 0.4234375 0.6421875 0.0671875 0.0640625
0 0.228125 0.17109375 0.0796875 0.071875
0 0.5765625 0.365625 0.071875 0.06875
0 0.234375 0.4296875 0.071875 0.0640625
0 0.27109375 0.0921875 0.0640625 0.0609375
0 0.10546875 0.15546875 0.1109375 0.0984375
0 0.29375 0.46171875 0.0734375 0.0609375
0 0.8875 0.93046875 0.05625 0.0578125
0 0.2796875 0.65703125 0.0796875 0.0671875
0 0.15 0.471875 0.0796875 0.065625
0 0.2203125 0.22109375 0.078125 0.0640625
0 0.7796875 0.05234375 0.1 0.1046875
0 0.2828125 0.925 0.084375 0.0953125
0 0.690625 0.5296875 0.0859375 0.0734375
0 0.5 0.9296875 0.0734375 0.08125
0 0.5859375 0.2921875 0.0640625 0.0609375
0 0.878125 0.1484375 0.059375 0.0703125
0 0.684375 0.68984375 0.0890625 0.1078125
0 0.1234375 0.9046875 0.040625 0.0625
0 0.7390625 0.21640625 0.0890625 0.0984375
0 0.76875 0.6171875 0.0734375 0.0796875
0 0.853125 0.80234375 0.0609375 0.0640625
0 0.96875 0.09765625 0.0609375 0.0875
0 0.075 0.7140625 0.0796875 0.0984375