0 0.5984375 0.09609375 0.2 0.1921875
0 0.25078125 0.4484375 0.24375 0.2734375
0 0.71875 0.36875 0.3234375 0.35625
0 0.1203125 0.16015625 0.240625 0.3203125
0 0.521875 0.38125 0.1546875 0.265625
0 0.37265625 0.8484375 0.2703125 0.3
0 0.37890625 0.3203125 0.2046875 0.2859375
0 0.678125 0.6734375 0.259375 0.271875
0 0.08828125 0.5046875 0.1765625 0.246875
0 0.8328125 0.86875 0.2875 0.259375
0 0.8921875 0.6046875 0.2109375 0.2921875
0 0.17578125 0.72109375 0.2421875 0.19375
0 0.18203125 0.89609375 0.2015625 0.2046875
0 0.78828125 0.16171875 0.271875 0.26875
0 0.59453125 0.8671875 0.1953125 0.2125