0 0.81953125 0.7328125 0.1171875 0.1265625
0 0.7015625 0.6578125 0.1421875 0.16875
0 0.59453125 0.65546875 0.1109375 0.146875
0 0.86953125 0.6484375 0.1453125 0.140625
0 0.3125 0.84375 0.209375 0.215625
0 0.8734375 0.5296875 0.1234375 0.1265625
0 0.209375 0.6609375 0.1984375 0.190625
0 0.484375 0.0484375 0.1546875 0.096875
0 0.8921875 0.22578125 0.1515625 0.115625
0 0.3203125 0.3609375 0.11875 0.1
0 0.42890625 0.6890625 0.121875 0.1171875
0 0.678125 0.4953125 0.121875 0.1578125
0 0.9 0.7703125 0.1125 0.1234375
0 0.08203125 0.64609375 0.15 0.1828125
0 0.6125 0.52265625 0.1015625 0.1109375
0 0.21640625 0.125 0.103125 0.165625
0 0.04609375 0.3578125 0.0859375 0.1
0 0.25625 0.04453125 0.146875 0.0890625
0 0.11640625 0.41953125 0.153125 0.125
0 0.7390625 0.93359375 0.165625 0.1296875
0 0.353125 0.44921875 0.1109375 0.1140625
0 0.215625 0.32109375 0.2390625 0.2359375
0 0.7546875 0.81015625 0.1265625 0.13125
0 0.55703125 0.240625 0.1703125 0.16875
0 0.575 0.79921875 0.159375 0.1625
0 0.40703125 0.590625 0.1203125 0.134375
0 0.63359375 0.346875 0.1 0.140625
0 0.703125 0.4015625 0.0734375 0.0828125
0 0.89375 0.41953125 0.1578125 0.140625
0 0.81796875 0.0953125 0.1640625 0.1890625
0 0.4859375 0.87109375 0.1203125 0.13125
0 0.51875 0.7015625 0.078125 0.1
0 0.41796875 0.3578125 0.134375 0.14375
0 0.365625 0.0515625 0.121875 0.103125
0 0.7109375 0.05078125 0.15625 0.1015625
0 0.7515625 0.5859375 0.10625 0.121875
0 0.6625 0.15234375 0.1375 0.1578125
0 0.875 0.30546875 0.115625 0.1375
0 0.33515625 0.175 0.203125 0.1859375
0 0.45 0.94453125 0.1359375 0.1078125
0 0.51171875 0.571875 0.1234375 0.1703125
0 0.5921875 0.93046875 0.153125 0.134375
0 0.30703125 0.54765625 0.1859375 0.146875
0 0.78515625 0.4703125 0.11875 0.1125
0 0.73359375 0.21875 0.1171875 0.1265625
0 0.775 0.32421875 0.159375 0.1734375
0 0.875 0.85546875 0.1234375 0.11875
0 0.52890625 0.39609375 0.18125 0.215625
0 0.528125 0.13359375 0.2015625 0.209375
0 0.43515625 0.48203125 0.0921875 0.0953125
0 0.2375 0.44765625 0.115625 0.1109375
0 0.94375 0.6140625 0.1109375 0.1359375
0 0.1140625 0.2265625 0.1890625 0.15625