0 0.28671875 0.13828125 0.203125 0.2578125
0 0.1328125 0.91640625 0.225 0.1640625
0 0.25546875 0.38515625 0.1125 0.2078125
0 0.31015625 0.5703125 0.23125 0.1671875
0 0.2578125 0.728125 0.25 0.2359375
0 0.3296875 0.8828125 0.196875 0.1328125
0 0.3734375 0.40625 0.175 0.2203125
0 0.64921875 0.271875 0.2046875 0.225
0 0.52265625 0.09453125 0.253125 0.1890625
0 0.3671875 0.74921875 0.2203125 0.221875
0 0.11328125 0.37265625 0.2203125 0.2359375
0 0.78125 0.83203125 0.2625 0.271875
0 0.44765625 0.23203125 0.225 0.2671875
0 0.03828125 0.71171875 0.0765625 0.1421875
0 0.51953125 0.8828125 0.240625 0.234375
0 0.90078125 0.125 0.19375 0.1703125
0 0.05078125 0.571875 0.1015625 0.1703125
0 0.13828125 0.5515625 0.1390625 0.1328125
0 0.3171875 0.9625 0.1625 0.071875
0 0.1078125 0.7390625 0.159375 0.21875
0 0.72890625 0.11796875 0.1828125 0.2078125
0 0.89296875 0.30703125 0.2125 0.2953125
0 0.89765625 0.68125 0.2015625 0.2515625
0 0.87578125 0.56640625 0.1546875 0.1625