0 0.1328125 0.78125 0.165625 0.109375
0 0.14375 0.3703125 0.1046875 0.1171875
0 0.725 0.4375 0.1109375 0.09375
0 0.48984375 0.209375 0.1390625 0.1203125
0 0.65546875 0.26796875 0.0953125 0.0953125
0 0.62265625 0.46484375 0.103125 0.13125
0 0.18125 0.81484375 0.15625 0.075
0 0.28828125 0.603125 0.065625 0.0671875
0 0.3484375 0.94609375 0.1375 0.103125
0 0.59375 0.7578125 0.0671875 0.078125
0 0.94453125 0.2046875 0.109375 0.1375
0 0.5296875 0.65078125 0.0484375 0.0671875
0 0.46484375 0.9171875 0.128125 0.1546875
0 0.5265625 0.484375 0.1140625 0.0796875
0 0.68203125 0.49140625 0.0796875 0.0828125
0 0.24453125 0.4234375 0.0640625 0.06875
0 0.1265625 0.67109375 0.128125 0.0984375
0 0.315625 0.15078125 0.1171875 0.1
0 0.53515625 0.2890625 0.1421875 0.125
0 0.6859375 0.56640625 0.125 0.11875
0 0.25234375 0.75078125 0.0921875 0.090625
0 0.82578125 0.8375 0.06875 0.065625
0 0.87265625 0.95 0.10625 0.0953125
0 0.628125 0.08984375 0.1296875 0.1703125
0 0.3328125 0.709375 0.1015625 0.15
0 0.37265625 0.5578125 0.09375 0.18125
0 0.4328125 0.11875 0.0578125 0.071875
0 0.57109375 0.88515625 0.159375 0.196875
0 0.39140625 0.74453125 0.1140625 0.11875
0 0.81640625 0.35 0.0671875 0.0828125
0 0.6484375 0.78515625 0.0515625 0.0734375
0 0.76796875 0.94765625 0.0921875 0.103125
0 0.77109375 0.55703125 0.065625 0.071875
0 0.28125 0.87109375 0.090625 0.0984375
0 0.7515625 0.50234375 0.065625 0.0609375
0 0.0734375 0.94453125 0.1171875 0.109375
0 0.7515625 0.7921875 0.078125 0.0921875
0 0.75 0.865625 0.09375 0.090625
0 0.31875 0.07734375 0.0859375 0.0796875
0 0.15234375 0.47265625 0.1171875 0.0953125
0 0.78125 0.7609375 0.0875 0.1359375
0 0.69296875 0.8 0.0578125 0.084375
0 0.575 0.11953125 0.0796875 0.1078125
0 0.84296875 0.509375 0.109375 0.1
0 0.084375 0.43125 0.090625 0.090625
0 0.8625 0.43671875 0.1234375 0.0859375
0 0.83125 0.74921875 0.084375 0.1015625
0 0.6640625 0.86171875 0.059375 0.0828125
0 0.503125 0.79921875 0.10625 0.1375
0 0.11953125 0.87890625 0.115625 0.103125
0 0.7859375 0.275 0.115625 0.1296875
0 0.63203125 0.33203125 0.0609375 0.0640625
0 0.85703125 0.38203125 0.06875 0.0796875
0 0.2140625 0.57421875 0.0984375 0.1171875
0 0.5484375 0.36328125 0.1421875 0.11875
0 0.47578125 0.4078125 0.103125 0.1453125
0 0.2421875 0.95234375 0.0796875 0.0921875
0 0.765625 0.61796875 0.0625 0.075
0 0.171875 0.95625 0.0953125 0.084375
0 0.67421875 0.66640625 0.1 0.090625
0 0.6734375 0.3546875 0.0578125 0.0703125
0 0.87890625 0.859375 0.1203125 0.1484375
0 0.53359375 0.56015625 0.1328125 0.1265625
0 0.71015625 0.21484375 0.1203125 0.115625
0 0.69375 0.053125 0.0640625 0.1015625
0 0.334375 0.35546875 0.075 0.1109375
0 0.62890625 0.9546875 0.075 0.0859375
0 0.6265625 0.5796875 0.0671875 0.0828125
0 0.79453125 0.06484375 0.1359375 0.1296875
0 0.234375 0.653125 0.1 0.0796875
0 0.31953125 0.45234375 0.1078125 0.09375
0 0.415625 0.6515625 0.0796875 0.0890625
0 0.2265625 0.0515625 0.10625 0.103125
0 0.171875 0.146875 0.1 0.1078125
0 0.39375 0.83515625 0.121875 0.1046875
0 0.26328125 0.52265625 0.0671875 0.071875
0 0.40625 0.29140625 0.1234375 0.1390625
0 0.2125 0.88203125 0.0828125 0.0859375
0 0.82265625 0.63359375 0.0921875 0.1171875
0 0.86328125 0.58515625 0.0953125 0.0765625
0 0.4125 0.4375 0.0984375 0.1125
0 0.8796875 0.2515625 0.096875 0.1359375
0 0.06171875 0.59375 0.1171875 0.1109375
0 0.68984375 0.965625 0.0671875 0.065625
0 0.24375 0.3453125 0.13125 0.1140625
0 0.29609375 0.28125 0.0984375 0.071875
0 0.69375 0.9140625 0.08125 0.071875
0 0.44921875 0.53828125 0.0796875 0.0984375
0 0.11875 0.25078125 0.1890625 0.1859375
0 0.12734375 0.59453125 0.103125 0.096875
0 0.5015625 0.11015625 0.0921875 0.1109375
0 0.87578125 0.11953125 0.1546875 0.1390625
0 0.62734375 0.72109375 0.0734375 0.0671875
0 0.58203125 0.66484375 0.0828125 0.0734375
0 0.73984375 0.65234375 0.0515625 0.046875
0 0.0671875 0.11875 0.13125 0.1328125
0 0.95546875 0.9265625 0.0875 0.0875
0 0.75 0.3703125 0.11875 0.10625
0 0.58203125 0.2 0.059375 0.0640625
0 0.8890625 0.67109375 0.084375 0.09375
0 0.23125 0.13046875 0.06875 0.0953125
0 0.3265625 0.22265625 0.109375 0.0859375
0 0.37890625 0.10703125 0.0796875 0.090625
0 0.46484375 0.63125 0.08125 0.103125