0 0.88828125 0.90703125 0.221875 0.18125
0 0.384375 0.3234375 0.1625 0.1625
0 0.18984375 0.86328125 0.1828125 0.15
0 0.08828125 0.5 0.1765625 0.159375
0 0.5265625 0.5609375 0.1640625 0.15
0 0.196875 0.14609375 0.15 0.184375
0 0.46015625 0.50234375 0.11875 0.1234375
0 0.27734375 0.54453125 0.1484375 0.0953125
0 0.61640625 0.4046875 0.1203125 0.14375
0 0.26171875 0.2828125 0.1171875 0.1078125
0 0.63828125 0.7984375 0.1203125 0.1125
0 0.08828125 0.64921875 0.1765625 0.1328125
0 0.146875 0.57734375 0.1390625 0.146875
0 0.8578125 0.240625 0.1265625 0.1421875
0 0.128125 0.9265625 0.178125 0.1390625
0 0.06015625 0.15625 0.1203125 0.1703125
0 0.396875 0.6234375 0.1765625 0.184375
0 0.34765625 0.1734375 0.1 0.146875
0 0.903125 0.728125 0.084375 0.1015625
0 0.76953125 0.43125 0.1171875 0.13125
0 0.703125 0.06953125 0.14375 0.1390625
0 0.2671875 0.6421875 0.125 0.1171875
0 0.934375 0.16171875 0.1265625 0.121875
0 0.48828125 0.88671875 0.1234375 0.10625
0 0.2765625 0.178125 0.078125 0.1046875
0 0.68828125 0.93125 0.1875 0.1359375
0 0.7 0.27578125 0.1703125 0.165625
0 0.08125 0.7890625 0.125 0.13125
0 0.5140625 0.3984375 0.1546875 0.1734375
0 0.27578125 0.46796875 0.209375 0.1484375
0 0.54609375 0.709375 0.21875 0.1859375
0 0.87890625 0.34375 0.0796875 0.0703125
0 0.4375 0.1796875 0.2046875 0.24375
0 0.26953125 0.37734375 0.1546875 0.1
0 0.878125 0.51953125 0.240625 0.3140625
0 0.3875 0.05 0.1375 0.1
0 0.13125 0.35703125 0.153125 0.171875
0 0.1390625 0.0515625 0.16875 0.103125
0 0.78515625 0.31953125 0.109375 0.1015625
0 0.80625 0.77890625 0.1125 0.1328125