0 0.41875 0.3296875 0.325 0.3046875
0 0.775 0.375 0.1703125 0.14375
0 0.8921875 0.7734375 0.2125 0.246875
0 0.36875 0.92109375 0.1796875 0.1546875
0 0.3125 0.675 0.2625 0.23125
0 0.765625 0.515625 0.2484375 0.2078125
0 0.86875 0.59140625 0.1359375 0.15
0 0.23984375 0.21875 0.16875 0.190625
0 0.49609375 0.80078125 0.3078125 0.2984375
0 0.109375 0.575 0.21875 0.21875
0 0.4828125 0.5515625 0.2421875 0.20625
0 0.52421875 0.134375 0.203125 0.2328125
0 0.1125 0.72578125 0.225 0.2140625
0 0.909375 0.08671875 0.178125 0.1734375
0 0.1953125 0.39453125 0.203125 0.2015625
0 0.63671875 0.3875 0.1546875 0.178125
0 0.0625 0.38515625 0.125 0.2578125
0 0.7046875 0.8046875 0.2640625 0.3890625
0 0.30078125 0.0890625 0.1765625 0.178125
0 0.73828125 0.203125 0.30625 0.2734375
0 0.91484375 0.30078125 0.16875 0.2609375