0 0.31953125 0.1625 0.109375 0.121875
0 0.8671875 0.2578125 0.0421875 0.0578125
0 0.265625 0.93046875 0.125 0.125
0 0.9296875 0.4828125 0.10625 0.0890625
0 0.8546875 0.79140625 0.0984375 0.11875
0 0.78125 0.56328125 0.0625 0.0828125
0 0.7875 0.634375 0.0921875 0.109375
0 0.4765625 0.4828125 0.109375 0.1171875
0 0.68125 0.20390625 0.1078125 0.134375
0 0.28359375 0.371875 0.1390625 0.1296875
0 0.915625 0.0625 0.09375 0.10625
0 0.646875 0.653125 0.0953125 0.121875
0 0.903125 0.6578125 0.0765625 0.109375
0 0.5671875 0.06484375 0.0875 0.059375
0 0.3140625 0.79296875 0.1453125 0.1375
0 0.5765625 0.8046875 0.10625 0.1046875
0 0.23515625 0.2953125 0.1078125 0.084375
0 0.6 0.95703125 0.1046875 0.0828125
0 0.85 0.640625 0.0953125 0.11875
0 0.28046875 0.5671875 0.0828125 0.1265625
0 0.865625 0.05546875 0.059375 0.0875
0 0.3453125 0.078125 0.1421875 0.1359375
0 0.5109375 0.28515625 0.109375 0.1265625
0 0.4828125 0.14140625 0.0546875 0.0640625
0 0.56640625 0.2265625 0.1015625 0.1046875
0 0.7171875 0.79921875 0.121875 0.1453125
0 0.528125 0.884375 0.1171875 0.1328125
0 0.90546875 0.42421875 0.0484375 0.0671875
0 0.3859375 0.91796875 0.109375 0.1203125
0 0.5953125 0.43515625 0.1125 0.090625
0 0.0890625 0.3421875 0.109375 0.128125
0 0.07109375 0.4515625 0.13125 0.14375
0 0.9546875 0.3609375 0.0890625 0.084375
0 0.51171875 0.3859375 0.10625 0.121875
0 0.928125 0.890625 0.1421875 0.1609375
0 0.22265625 0.80703125 0.071875 0.0796875
0 0.3 0.6859375 0.1140625 0.121875
0 0.86484375 0.203125 0.071875 0.090625
0 0.39453125 0.4046875 0.1265625 0.128125
0 0.36953125 0.240625 0.1203125 0.1421875
0 0.8671875 0.91953125 0.0671875 0.103125
0 0.653125 0.51015625 0.1078125 0.134375
0 0.34765625 0.56796875 0.0890625 0.1375
0 0.80546875 0.95390625 0.103125 0.0921875
0 0.41171875 0.69296875 0.1171875 0.1203125
0 0.7828125 0.21640625 0.1140625 0.0984375
0 0.94609375 0.75859375 0.1078125 0.115625
0 0.728125 0.5796875 0.0953125 0.1140625
0 0.121875 0.7015625 0.1875 0.1609375
0 0.8671875 0.37109375 0.0703125 0.0859375
0 0.43046875 0.8125 0.14375 0.165625
0 0.9125 0.60625 0.0765625 0.071875
0 0.07421875 0.609375 0.1078125 0.1140625
0 0.1765625 0.86328125 0.0890625 0.071875
0 0.734375 0.68984375 0.125 0.11875
0 0.69140625 0.08671875 0.090625 0.1234375
0 0.096875 0.08203125 0.115625 0.1234375
0 0.7671875 0.47578125 0.128125 0.10625
0 0.484375 0.6953125 0.084375 0.1078125
0 0.3859375 0.48515625 0.084375 0.0671875
0 0.6203125 0.8796875 0.128125 0.1421875
0 0.18671875 0.58203125 0.11875 0.13125
0 0.55078125 0.13203125 0.071875 0.096875
0 0.471875 0.05703125 0.090625 0.1078125
0 0.540625 0.66484375 0.0828125 0.115625
0 0.71484375 0.38046875 0.1296875 0.134375
0 0.62578125 0.11640625 0.084375 0.10625
0 0.95234375 0.42109375 0.0640625 0.0734375
0 0.15703125 0.4921875 0.1578125 0.146875
0 0.45078125 0.2875 0.0671875 0.10625
0 0.61171875 0.19375 0.059375 0.0671875
0 0.73046875 0.8875 0.0828125 0.0953125
0 0.14921875 0.253125 0.1 0.1
0 0.40546875 0.58515625 0.1015625 0.121875
0 0.80859375 0.55 0.046875 0.053125
0 0.27890625 0.46015625 0.1109375 0.078125
0 0.4453125 0.17109375 0.1234375 0.128125
0 0.2359375 0.7421875 0.0859375 0.09375
0 0.15 0.78515625 0.109375 0.10625
0 0.48671875 0.60234375 0.078125 0.0984375
0 0.93203125 0.1671875 0.0984375 0.1171875
0 0.203125 0.13984375 0.1265625 0.1421875
0 0.93671875 0.25390625 0.0921875 0.10625
0 0.1859375 0.3671875 0.1109375 0.1453125
0 0.8546875 0.44453125 0.0609375 0.078125
0 0.88046875 0.53359375 0.128125 0.1078125
0 0.8046875 0.384375 0.0828125 0.0921875
0 0.8046875 0.29375 0.128125 0.096875
0 0.6015625 0.62109375 0.0984375 0.109375
0 0.825 0.12109375 0.0953125 0.103125
0 0.7859375 0.7421875 0.0609375 0.071875
0 0.55390625 0.5328125 0.1328125 0.1546875
0 0.803125 0.5015625 0.053125 0.046875
0 0.79375 0.84453125 0.103125 0.1421875
0 0.74921875 0.10859375 0.1046875 0.121875
0 0.58984375 0.371875 0.0875 0.0859375
0 0.6703125 0.9015625 0.1140625 0.1546875
0 0.0875 0.21171875 0.165625 0.1625