0 0.87734375 0.953125 0.140625 0.09375
0 0.5859375 0.30859375 0.0875 0.0765625
0 0.8328125 0.778125 0.2015625 0.1359375
0 0.6265625 0.56015625 0.2328125 0.2546875
0 0.81640625 0.04765625 0.140625 0.0953125
0 0.43671875 0.87265625 0.08125 0.165625
0 0.8703125 0.25859375 0.109375 0.0765625
0 0.13828125 0.2578125 0.2546875 0.2796875
0 0.2046875 0.86015625 0.2125 0.21875
0 0.7828125 0.32734375 0.1265625 0.1015625
0 0.728125 0.12109375 0.0859375 0.06875
0 0.60546875 0.24609375 0.1109375 0.153125
0 0.33828125 0.86171875 0.1359375 0.175
0 0.78359375 0.43984375 0.1953125 0.134375
0 0.92109375 0.4984375 0.1078125 0.1125
0 0.8015625 0.53671875 0.1703125 0.159375
0 0.10859375 0.78125 0.2171875 0.215625
0 0.52734375 0.84375 0.184375 0.2140625
0 0.25390625 0.3765625 0.1640625 0.13125
0 0.86953125 0.66171875 0.103125 0.1453125
0 0.6265625 0.08828125 0.2875 0.1765625
0 0.75390625 0.68046875 0.1671875 0.171875
0 0.565625 0.94921875 0.1859375 0.1
0 0.3703125 0.375 0.071875 0.103125
0 0.43125 0.65390625 0.1640625 0.15625
0 0.88671875 0.37734375 0.125 0.175
0 0.41015625 0.540625 0.178125 0.15
0 0.93125 0.8625 0.1359375 0.1859375
0 0.828125 0.1859375 0.18125 0.203125
0 0.73515625 0.8984375 0.1890625 0.2
0 0.30703125 0.10078125 0.2078125 0.1328125
0 0.58046875 0.6796875 0.1609375 0.1234375
0 0.11640625 0.609375 0.1765625 0.15625
0 0.621875 0.38515625 0.125 0.128125
0 0.48671875 0.328125 0.171875 0.2734375
0 0.26640625 0.49296875 0.1390625 0.1578125
0 0.2 0.69921875 0.1375 0.1390625
0 0.9515625 0.68671875 0.09375 0.15625
0 0.36796875 0.2046875 0.2578125 0.24375
0 0.13984375 0.47734375 0.1421875 0.171875
0 0.70078125 0.2171875 0.1046875 0.1734375
0 0.28984375 0.66640625 0.1546875 0.1859375
0 0.628125 0.81328125 0.1265625 0.1859375