0 0.43359375 0.23984375 0.128125 0.159375
0 0.8765625 0.32734375 0.0703125 0.0875
0 0.73046875 0.2234375 0.0984375 0.1109375
0 0.32265625 0.76484375 0.084375 0.0921875
0 0.0546875 0.87578125 0.1 0.096875
0 0.940625 0.515625 0.1171875 0.13125
0 0.2109375 0.31875 0.0828125 0.0796875
0 0.36875 0.83515625 0.0984375 0.0703125
0 0.44375 0.84375 0.1078125 0.134375
0 0.69140625 0.125 0.13125 0.15625
0 0.32734375 0.2234375 0.1125 0.1234375
0 0.44375 0.7359375 0.1109375 0.115625
0 0.6109375 0.81875 0.1140625 0.0828125
0 0.33671875 0.6921875 0.096875 0.0796875
0 0.171875 0.91328125 0.1546875 0.153125
0 0.725 0.8921875 0.0875 0.1140625
0 0.61875 0.06015625 0.09375 0.1203125
0 0.55390625 0.26875 0.103125 0.125
0 0.3546875 0.92421875 0.1296875 0.1390625
0 0.4078125 0.678125 0.09375 0.1171875
0 0.4453125 0.0546875 0.11875 0.109375
0 0.6890625 0.82890625 0.0828125 0.0953125
0 0.78125 0.55703125 0.1421875 0.13125
0 0.334375 0.63125 0.1078125 0.090625
0 0.953125 0.34609375 0.0921875 0.1203125
0 0.79921875 0.31640625 0.1234375 0.15625
0 0.79609375 0.12890625 0.10625 0.121875
0 0.4890625 0.359375 0.1078125 0.1109375
0 0.05625 0.05234375 0.1125 0.1046875
0 0.2234375 0.51171875 0.11875 0.128125
0 0.07890625 0.521875 0.1578125 0.1140625
0 0.35 0.521875 0.1703125 0.178125
0 0.65078125 0.58046875 0.0796875 0.08125
0 0.08125 0.40859375 0.0890625 0.096875
0 0.7953125 0.64765625 0.1078125 0.0953125
0 0.84921875 0.728125 0.115625 0.1296875
0 0.91171875 0.62578125 0.1515625 0.11875
0 0.83046875 0.840625 0.1234375 0.11875
0 0.3359375 0.121875 0.1703125 0.134375
0 0.7984375 0.9140625 0.075 0.1265625
0 0.41171875 0.446875 0.1234375 0.1921875
0 0.671875 0.49140625 0.1765625 0.190625
0 0.09140625 0.3296875 0.1203125 0.0984375
0 0.64921875 0.73046875 0.0953125 0.1109375
0 0.171875 0.084375 0.1625 0.16875
0 0.46640625 0.15546875 0.103125 0.1265625
0 0.89140625 0.42109375 0.1265625 0.1234375
0 0.07734375 0.60390625 0.1546875 0.1015625
0 0.13203125 0.8015625 0.1515625 0.1265625
0 0.84140625 0.20625 0.1234375 0.115625
0 0.94765625 0.234375 0.103125 0.1359375
0 0.29140625 0.3515625 0.1625 0.175
0 0.5984375 0.915625 0.1265625 0.1640625
0 0.06953125 0.2078125 0.096875 0.146875
0 0.58203125 0.14765625 0.1140625 0.128125
0 0.52109375 0.5765625 0.1546875 0.103125
0 0.3828125 0.76484375 0.0875 0.0875
0 0.940625 0.11796875 0.1171875 0.1421875
0 0.55390625 0.42890625 0.1171875 0.1234375
0 0.5359375 0.50703125 0.1125 0.1015625
0 0.6828125 0.3515625 0.1609375 0.1578125
0 0.82421875 0.4484375 0.1109375 0.0984375
0 0.16796875 0.3859375 0.1015625 0.115625
0 0.16015625 0.24140625 0.1625 0.1703125
0 0.65546875 0.2515625 0.1015625 0.1078125
0 0.890625 0.9140625 0.103125 0.125
0 0.58125 0.628125 0.1515625 0.1328125
0 0.1796875 0.73203125 0.103125 0.0859375
0 0.9 0.77734375 0.1046875 0.1375
0 0.51171875 0.7578125 0.103125 0.1109375
0 0.503125 0.875 0.109375 0.14375
0 0.57265625 0.73046875 0.1078125 0.1078125
0 0.23671875 0.78828125 0.1109375 0.134375
0 0.07578125 0.71875 0.1515625 0.1515625
0 0.21796875 0.64140625 0.1625 0.125
0 0.74296875 0.74765625 0.1328125 0.1671875