0 0.27109375 0.68046875 0.0515625 0.053125
0 0.21015625 0.65078125 0.0609375 0.0484375
0 0.27109375 0.6328125 0.065625 0.0625
0 0.8015625 0.95 0.0765625 0.0703125
0 0.2921875 0.915625 0.0953125 0.1265625
0 0.94375 0.6296875 0.103125 0.06875
0 0.2953125 0.309375 0.0859375 0.08125
0 0.3015625 0.803125 0.08125 0.0671875
0 0.1859375 0.72578125 0.075 0.0796875
0 0.58984375 0.03515625 0.078125 0.0703125
0 0.390625 0.5015625 0.075 0.1140625
0 0.3453125 0.56484375 0.071875 0.0828125
0 0.94296875 0.71796875 0.034375 0.0421875
0 0.54375 0.5796875 0.14375 0.121875
0 0.7453125 0.28359375 0.103125 0.1078125
0 0.3734375 0.309375 0.0953125 0.0859375
0 0.2375 0.31171875 0.053125 0.0421875
0 0.45625 0.54140625 0.0546875 0.04375
0 0.615625 0.17734375 0.1578125 0.125
0 0.884375 0.8828125 0.090625 0.0875
0 0.546875 0.865625 0.0703125 0.1109375
0 0.3125 0.053125 0.0640625 0.084375
0 0.17890625 0.14453125 0.0625 0.053125
0 0.803125 0.05 0.090625 0.1
0 0.42890625 0.58359375 0.09375 0.0828125
0 0.81171875 0.69375 0.0984375 0.125
0 0.71796875 0.3921875 0.103125 0.1109375
0 0.2828125 0.56640625 0.059375 0.0734375
0 0.521875 0.6640625 0.090625 0.11875
0 0.10234375 0.4203125 0.1109375 0.0875
0 0.70390625 0.16875 0.075 0.090625
0 0.71875 0.05703125 0.11875 0.1140625
0 0.128125 0.68828125 0.090625 0.0953125
0 0.61171875 0.9578125 0.0671875 0.084375
0 0.4859375 0.875 0.071875 0.1015625
0 0.5390625 0.38125 0.075 0.075
0 0.06953125 0.0703125 0.1375 0.140625
0 0.86328125 0.80546875 0.1109375 0.0953125
0 0.09921875 0.51953125 0.0859375 0.1078125
0 0.053125 0.271875 0.10625 0.1734375
0 0.6046875 0.43984375 0.096875 0.1
0 0.66328125 0.92421875 0.0796875 0.0828125
0 0.93515625 0.04765625 0.1078125 0.0953125
0 0.07890625 0.93984375 0.040625 0.05625
0 0.8375 0.534375 0.0828125 0.0859375
0 0.178125 0.890625 0.078125 0.0921875
0 0.14453125 0.20703125 0.0875 0.0703125
0 0.1796875 0.47578125 0.1421875 0.1015625
0 0.440625 0.4890625 0.0421875 0.0546875
0 0.23515625 0.765625 0.0484375 0.05625
0 0.5921875 0.90078125 0.0640625 0.0515625
0 0.575 0.68515625 0.08125 0.11875
0 0.16953125 0.09609375 0.0765625 0.0609375
0 0.328125 0.68203125 0.0796875 0.0671875
0 0.67421875 0.690625 0.115625 0.15625
0 0.5890625 0.26796875 0.128125 0.134375
0 0.24765625 0.10546875 0.0875 0.1046875
0 0.190625 0.40546875 0.0375 0.04375
0 0.86015625 0.6703125 0.115625 0.16875
0 0.6625 0.62265625 0.1109375 0.0890625
0 0.865625 0.1984375 0.13125 0.09375
0 0.9421875 0.5484375 0.115625 0.0859375
0 0.403125 0.81328125 0.1234375 0.1484375
0 0.365625 0.20625 0.0640625 0.090625
0 0.296875 0.49921875 0.1328125 0.125
0 0.32734375 0.41796875 0.109375 0.0875
0 0.0875 0.1765625 0.0984375 0.096875
0 0.23203125 0.884375 0.05625 0.0890625
0 0.47578125 0.7796875 0.084375 0.0859375
0 0.86875 0.45390625 0.0953125 0.109375
0 0.946875 0.2453125 0.090625 0.109375
0 0.17578125 0.79296875 0.059375 0.0515625
0 0.43203125 0.17421875 0.1078125 0.11875
0 0.0609375 0.65 0.0828125 0.059375
0 0.95546875 0.92109375 0.0640625 0.0765625
0 0.734375 0.890625 0.0625 0.0625
0 0.03984375 0.87890625 0.0796875 0.1125
0 0.871875 0.2734375 0.084375 0.0859375
0 0.275 0.196875 0.0875 0.10625
0 0.16640625 0.2625 0.075 0.0609375
0 0.4203125 0.93125 0.1 0.103125
0 0.4953125 0.10703125 0.0703125 0.078125
0 0.109375 0.58203125 0.059375 0.0515625
0 0.75234375 0.51328125 0.1 0.109375
0 0.725 0.70078125 0.0796875 0.090625
0 0.3515625 0.25703125 0.0234375 0.0234375
0 0.19296875 0.83125 0.0703125 0.05625
0 0.20390625 0.56640625 0.11875 0.1203125
0 0.86171875 0.33671875 0.11875 0.090625
0 0.22421875 0.24921875 0.0515625 0.0453125
0 0.3109375 0.73984375 0.0796875 0.0578125