0 0.24609375 0.7546875 0.0984375 0.0921875
0 0.48203125 0.7234375 0.13125 0.1390625
0 0.30390625 0.4015625 0.0875 0.103125
0 0.16953125 0.94765625 0.0984375 0.0984375
0 0.3578125 0.709375 0.1046875 0.1109375
0 0.2671875 0.91484375 0.128125 0.1390625
0 0.48984375 0.53984375 0.0859375 0.09375
0 0.59921875 0.61953125 0.0625 0.0609375
0 0.71484375 0.52421875 0.09375 0.125
0 0.853125 0.3515625 0.0828125 0.0890625
0 0.403125 0.81640625 0.0890625 0.1109375
0 0.69453125 0.821875 0.115625 0.1578125
0 0.32265625 0.82265625 0.0796875 0.1046875
0 0.55234375 0.334375 0.09375 0.0921875
0 0.953125 0.18125 0.090625 0.1140625
0 0.0421875 0.2890625 0.084375 0.1328125
0 0.30703125 0.0703125 0.15 0.140625
0 0.34453125 0.47421875 0.078125 0.0640625
0 0.68515625 0.4828125 0.06875 0.0578125
0 0.11953125 0.66328125 0.084375 0.0796875
0 0.13984375 0.5609375 0.0890625 0.0890625
0 0.5375 0.48671875 0.125 0.134375
0 0.621875 0.4484375 0.096875 0.109375
0 0.61875 0.1 0.171875 0.2
0 0.7984375 0.7 0.1734375 0.1578125
0 0.42734375 0.32890625 0.10625 0.11875
0 0.2140625 0.359375 0.1234375 0.11875
0 0.26484375 0.5609375 0.0875 0.0734375
0 0.48984375 0.6140625 0.0859375 0.0765625
0 0.603125 0.9125 0.1265625 0.1234375
0 0.06171875 0.7703125 0.11875 0.1546875
0 0.48125 0.29140625 0.08125 0.090625
0 0.21328125 0.51640625 0.103125 0.09375
0 0.375 0.3140625 0.0640625 0.0859375
0 0.1921875 0.69921875 0.11875 0.1375
0 0.10546875 0.2921875 0.0875 0.09375
0 0.1328125 0.4875 0.084375 0.078125
0 0.69375 0.63828125 0.13125 0.165625
0 0.4265625 0.65234375 0.065625 0.090625
0 0.83125 0.09296875 0.14375 0.1078125
0 0.59453125 0.2734375 0.1078125 0.0921875
0 0.45859375 0.79765625 0.0828125 0.0796875
0 0.78125 0.6046875 0.065625 0.053125
0 0.0796875 0.3890625 0.103125 0.0890625
0 0.940625 0.65703125 0.1171875 0.11875
0 0.6390625 0.36015625 0.0703125 0.0703125
0 0.06640625 0.4671875 0.0765625 0.0703125
0 0.5671875 0.72265625 0.0703125 0.0921875
0 0.78203125 0.38046875 0.0796875 0.0703125
0 0.153125 0.153125 0.1265625 0.1140625
0 0.15625 0.26484375 0.0953125 0.0953125
0 0.3109375 0.64296875 0.1234375 0.121875
0 0.125 0.79765625 0.096875 0.084375
0 0.4140625 0.55859375 0.0796875 0.0828125
0 0.36484375 0.4140625 0.09375 0.1
0 0.89140625 0.5375 0.0609375 0.0765625
0 0.19765625 0.603125 0.071875 0.059375
0 0.321875 0.94375 0.0984375 0.1078125
0 0.8203125 0.2359375 0.2515625 0.215625
0 0.225 0.2359375 0.109375 0.13125
0 0.5875 0.8015625 0.10625 0.115625
0 0.3890625 0.13984375 0.2953125 0.25625
0 0.44609375 0.4359375 0.09375 0.1
0 0.4703125 0.8875 0.1015625 0.103125
0 0.94609375 0.5765625 0.103125 0.1
0 0.87265625 0.46171875 0.0734375 0.0703125
0 0.30859375 0.515625 0.0453125 0.0421875
0 0.06796875 0.57421875 0.1296875 0.1484375
0 0.2359375 0.46484375 0.0640625 0.05625
0 0.50703125 0.384375 0.0625 0.0640625
0 0.865625 0.590625 0.053125 0.05
0 0.79921875 0.5109375 0.1234375 0.13125
0 0.1046875 0.92421875 0.075 0.071875
0 0.16171875 0.85546875 0.121875 0.1109375