0 0.3828125 0.846875 0.11875 0.13125
0 0.1375 0.4 0.1 0.0859375
0 0.059375 0.296875 0.11875 0.165625
0 0.06328125 0.6421875 0.0890625 0.08125
0 0.14375 0.06015625 0.1265625 0.1203125
0 0.41796875 0.0484375 0.1109375 0.096875
0 0.3671875 0.15078125 0.1390625 0.1484375
0 0.0328125 0.81015625 0.065625 0.1125
0 0.3515625 0.6875 0.0953125 0.1140625
0 0.759375 0.45625 0.0625 0.0625
0 0.16640625 0.6546875 0.1140625 0.0734375
0 0.58828125 0.62109375 0.0953125 0.0828125
0 0.70859375 0.76875 0.128125 0.1421875
0 0.90078125 0.140625 0.1140625 0.1078125
0 0.24453125 0.41796875 0.06875 0.06875
0 0.22265625 0.9140625 0.121875 0.140625
0 0.62109375 0.05 0.1015625 0.1
0 0.06875 0.48359375 0.134375 0.1125
0 0.69453125 0.04296875 0.059375 0.0703125
0 0.45 0.278125 0.121875 0.1328125
0 0.4546875 0.3578125 0.0671875 0.071875
0 0.17734375 0.77578125 0.1109375 0.0984375
0 0.9109375 0.8109375 0.1078125 0.096875
0 0.46015625 0.5296875 0.109375 0.1046875
0 0.23046875 0.47265625 0.1171875 0.1015625
0 0.6609375 0.2953125 0.090625 0.0875
0 0.765625 0.525 0.1078125 0.1
0 0.203125 0.82734375 0.1234375 0.1
0 0.3453125 0.5125 0.0765625 0.0703125
0 0.5171875 0.80625 0.1140625 0.1140625
0 0.13671875 0.9078125 0.096875 0.10625
0 0.23046875 0.27578125 0.1234375 0.11875
0 0.84453125 0.690625 0.1 0.140625
0 0.06953125 0.73359375 0.071875 0.065625
0 0.65 0.3921875 0.065625 0.0515625
0 0.84921875 0.9140625 0.103125 0.1484375
0 0.18984375 0.2 0.0671875 0.05625
0 0.03828125 0.5609375 0.0765625 0.084375
0 0.9375 0.8828125 0.121875 0.1203125
0 0.80234375 0.25234375 0.084375 0.0765625
0 0.603125 0.53984375 0.0828125 0.084375
0 0.959375 0.240625 0.075 0.059375
0 0.61875 0.2484375 0.08125 0.0765625
0 0.7171875 0.2484375 0.0796875 0.0953125
0 0.35625 0.4546875 0.0734375 0.0796875
0 0.76953125 0.04921875 0.1015625 0.0984375
0 0.77421875 0.8828125 0.115625 0.0953125
0 0.7921875 0.77265625 0.0828125 0.0640625
0 0.90859375 0.05 0.1296875 0.1
0 0.09765625 0.77265625 0.0734375 0.0703125
0 0.465625 0.671875 0.0984375 0.121875
0 0.90234375 0.66640625 0.0953125 0.0953125
0 0.04765625 0.075 0.0953125 0.1375
0 0.27109375 0.65234375 0.0953125 0.0953125
0 0.88203125 0.7484375 0.0890625 0.0640625
0 0.7828125 0.96015625 0.0671875 0.0703125
0 0.85 0.43515625 0.103125 0.115625
0 0.8546875 0.35625 0.0765625 0.0703125
0 0.8296875 0.29375 0.1265625 0.0953125
0 0.76953125 0.696875 0.1046875 0.1234375
0 0.559375 0.37578125 0.1359375 0.1
0 0.5546875 0.4625 0.0859375 0.0796875
0 0.15625 0.315625 0.0796875 0.0875
0 0.1078125 0.134375 0.121875 0.090625
0 0.7171875 0.16640625 0.059375 0.0609375
0 0.4890625 0.13515625 0.1171875 0.146875
0 0.6640625 0.17265625 0.0671875 0.0875
0 0.8765625 0.20390625 0.0921875 0.084375
0 0.69609375 0.96015625 0.103125 0.078125
0 0.540625 0.5578125 0.0984375 0.1109375
0 0.89140625 0.5765625 0.128125 0.103125
0 0.4 0.3578125 0.071875 0.1
0 0.5578125 0.29296875 0.0765625 0.071875
0 0.60859375 0.4703125 0.075 0.1109375
0 0.7625 0.2046875 0.0640625 0.0484375
0 0.32890625 0.24921875 0.06875 0.0609375
0 0.79921875 0.159375 0.1078125 0.1046875
0 0.74375 0.603125 0.0640625 0.0765625
0 0.33515625 0.31796875 0.0828125 0.0984375
0 0.91640625 0.303125 0.1078125 0.1265625
0 0.3453125 0.91484375 0.084375 0.0953125
0 0.5765625 0.090625 0.1421875 0.15
0 0.4171875 0.46171875 0.0703125 0.0890625
0 0.2671875 0.17265625 0.0984375 0.1328125
0 0.1875 0.1484375 0.0640625 0.0609375
0 0.56875 0.2171875 0.059375 0.059375
0 0.13984375 0.25234375 0.078125 0.05625
0 0.13046875 0.203125 0.0796875 0.059375
0 0.2828125 0.76328125 0.103125 0.1109375
0 0.15234375 0.715625 0.1109375 0.0765625
0 0.359375 0.38671875 0.0578125 0.04375
0 0.48359375 0.40390625 0.075 0.0859375
0 0.4859375 0.58515625 0.0828125 0.09375
0 0.65859375 0.86015625 0.121875 0.146875
0 0.71328125 0.1078125 0.0796875 0.06875
0 0.46875 0.8953125 0.0921875 0.1546875
0 0.07578125 0.57734375 0.0796875 0.0859375
0 0.090625 0.8421875 0.09375 0.0890625
0 0.6640625 0.67578125 0.06875 0.071875
0 0.73671875 0.409375 0.121875 0.1140625
0 0.134375 0.590625 0.0921875 0.090625
0 0.39765625 0.5640625 0.0671875 0.0734375
0 0.66953125 0.58984375 0.09375 0.1296875
0 0.22265625 0.57890625 0.090625 0.0875
0 0.54296875 0.696875 0.090625 0.1171875
0 0.6734375 0.4640625 0.08125 0.09375
0 0.23203125 0.0953125 0.0578125 0.0671875
0 0.5171875 0.2421875 0.06875 0.0609375
0 0.28828125 0.08671875 0.0640625 0.06875