0 0.41953125 0.51953125 0.0546875 0.040625
0 0.1140625 0.3546875 0.078125 0.121875
0 0.82890625 0.7953125 0.1 0.115625
0 0.07890625 0.2234375 0.1578125 0.15
0 0.33984375 0.459375 0.11875 0.1171875
0 0.0625 0.5046875 0.0875 0.065625
0 0.79375 0.41015625 0.084375 0.1171875
0 0.8203125 0.70625 0.071875 0.0828125
0 0.475 0.54140625 0.053125 0.059375
0 0.821875 0.090625 0.128125 0.13125
0 0.36953125 0.6125 0.084375 0.09375
0 0.29296875 0.9359375 0.11875 0.1265625
0 0.90390625 0.1703125 0.1203125 0.11875
0 0.46875 0.77578125 0.1078125 0.1296875
0 0.93515625 0.36953125 0.096875 0.0875
0 0.04765625 0.325 0.0953125 0.146875
0 0.27265625 0.66328125 0.1234375 0.153125
0 0.1875 0.865625 0.109375 0.134375
0 0.34453125 0.36953125 0.1046875 0.096875
0 0.4796875 0.3140625 0.0859375 0.0984375
0 0.7171875 0.20078125 0.140625 0.14375
0 0.80078125 0.60234375 0.1015625 0.10625
0 0.47265625 0.64921875 0.159375 0.1609375
0 0.59765625 0.1703125 0.11875 0.1140625
0 0.7234375 0.425 0.103125 0.1015625
0 0.65234375 0.8703125 0.128125 0.0625
0 0.71953125 0.0609375 0.075 0.0921875
0 0.9546875 0.78203125 0.0875 0.103125
0 0.34921875 0.534375 0.059375 0.0609375
0 0.4796875 0.9265625 0.125 0.146875
0 0.7578125 0.69765625 0.0703125 0.0875
0 0.52734375 0.521875 0.084375 0.096875
0 0.22734375 0.28828125 0.184375 0.1515625
0 0.1171875 0.53046875 0.0875 0.09375
0 0.7609375 0.8296875 0.125 0.121875
0 0.4203125 0.56171875 0.08125 0.0765625
0 0.29140625 0.240625 0.103125 0.1046875
0 0.18359375 0.634375 0.09375 0.0828125
0 0.39453125 0.94765625 0.0921875 0.103125
0 0.7015625 0.6796875 0.0828125 0.0796875
0 0.903125 0.85234375 0.0953125 0.1
0 0.37890625 0.31484375 0.1234375 0.084375
0 0.38359375 0.7109375 0.10625 0.115625
0 0.31328125 0.828125 0.1546875 0.1296875
0 0.45390625 0.415625 0.121875 0.13125
0 0.6234375 0.60078125 0.1453125 0.171875
0 0.17421875 0.72890625 0.115625 0.1421875
0 0.27734375 0.5453125 0.1265625 0.090625
0 0.19296875 0.5390625 0.09375 0.1
0 0.06015625 0.6296875 0.1203125 0.1125
0 0.55 0.31484375 0.109375 0.1421875
0 0.10390625 0.778125 0.1109375 0.1265625
0 0.55859375 0.43984375 0.1140625 0.13125
0 0.4359375 0.07109375 0.15 0.1421875
0 0.4421875 0.49140625 0.0984375 0.05625
0 0.915625 0.51171875 0.1328125 0.1296875
0 0.25234375 0.13046875 0.1078125 0.1296875
0 0.6453125 0.45390625 0.0875 0.096875
0 0.06796875 0.1234375 0.1359375 0.1109375
0 0.928125 0.25078125 0.109375 0.1078125
0 0.821875 0.51875 0.0984375 0.0859375
0 0.82890625 0.209375 0.1578125 0.1125
0 0.63828125 0.33515625 0.1234375 0.171875
0 0.71953125 0.7453125 0.1296875 0.08125
0 0.334375 0.03671875 0.0640625 0.0734375
0 0.31640625 0.17421875 0.11875 0.1078125
0 0.81796875 0.3140625 0.16875 0.1109375
0 0.66171875 0.9265625 0.096875 0.071875
0 0.8828125 0.696875 0.0875 0.121875
0 0.4375 0.2203125 0.13125 0.1609375
0 0.5859375 0.7484375 0.1515625 0.1546875
0 0.20234375 0.44296875 0.178125 0.15
0 0.05234375 0.41796875 0.1046875 0.0703125
0 0.06171875 0.8953125 0.1234375 0.1546875