0 0.84765625 0.23828125 0.0640625 0.0859375
0 0.9578125 0.665625 0.0828125 0.0984375
0 0.83203125 0.05703125 0.075 0.0875
0 0.76171875 0.775 0.0921875 0.084375
0 0.47109375 0.8546875 0.1015625 0.0921875
0 0.75234375 0.8390625 0.0984375 0.0890625
0 0.93671875 0.59296875 0.1234375 0.0859375
0 0.815625 0.29921875 0.08125 0.0875
0 0.6421875 0.1328125 0.1046875 0.1
0 0.93203125 0.51171875 0.134375 0.1171875
0 0.77109375 0.09765625 0.1046875 0.1078125
0 0.4890625 0.61796875 0.1140625 0.1203125
0 0.77109375 0.39921875 0.11875 0.121875
0 0.30078125 0.27734375 0.146875 0.1234375
0 0.96015625 0.0734375 0.078125 0.1171875
0 0.046875 0.09453125 0.078125 0.0875
0 0.125 0.265625 0.0875 0.0640625
0 0.6875 0.60390625 0.0875 0.0734375
0 0.1625 0.20546875 0.0984375 0.0609375
0 0.06171875 0.253125 0.1234375 0.1
0 0.84296875 0.1625 0.0703125 0.0671875
0 0.93515625 0.72265625 0.0765625 0.0625
0 0.13515625 0.06796875 0.0734375 0.0984375
0 0.171875 0.24375 0.0640625 0.0578125
0 0.87578125 0.29453125 0.05625 0.0828125
0 0.75703125 0.71015625 0.103125 0.0875
0 0.52578125 0.0828125 0.109375 0.10625
0 0.77578125 0.171875 0.0671875 0.0671875
0 0.6484375 0.9609375 0.1046875 0.078125
0 0.6953125 0.66484375 0.0875 0.0703125
0 0.76796875 0.65703125 0.0515625 0.0359375
0 0.25703125 0.8875 0.1109375 0.178125
0 0.8890625 0.625 0.0796875 0.0609375
0 0.64453125 0.396875 0.078125 0.0953125
0 0.50625 0.42734375 0.090625 0.090625
0 0.6640625 0.5234375 0.0546875 0.071875
0 0.94375 0.38046875 0.1109375 0.0953125
0 0.10234375 0.4859375 0.1234375 0.0890625
0 0.90625 0.07421875 0.0953125 0.1
0 0.14375 0.5828125 0.121875 0.11875
0 0.28125 0.36796875 0.0984375 0.0734375
0 0.04453125 0.4390625 0.0890625 0.1
0 0.04609375 0.56328125 0.078125 0.0921875
0 0.13203125 0.4046875 0.10625 0.0921875
0 0.80859375 0.8453125 0.078125 0.0890625
0 0.9078125 0.45234375 0.0921875 0.0609375
0 0.61328125 0.81875 0.08125 0.0875
0 0.309375 0.20234375 0.075 0.059375
0 0.18984375 0.85 0.1296875 0.190625
0 0.77109375 0.56640625 0.0828125 0.071875
0 0.5203125 0.20703125 0.1015625 0.1140625
0 0.30234375 0.03671875 0.05625 0.0625
0 0.73828125 0.53046875 0.046875 0.0546875
0 0.6953125 0.5328125 0.0484375 0.0796875
0 0.1203125 0.13828125 0.140625 0.1296875
0 0.72421875 0.2734375 0.0484375 0.0625
0 0.909375 0.76171875 0.09375 0.0765625
0 0.60546875 0.8984375 0.0890625 0.103125
0 0.03984375 0.65234375 0.0796875 0.0859375
0 0.55 0.28984375 0.15625 0.15
0 0.90859375 0.153125 0.084375 0.06875
0 0.65078125 0.68828125 0.059375 0.0625
0 0.671875 0.86484375 0.0734375 0.1046875
0 0.8359375 0.5875 0.0515625 0.06875
0 0.68359375 0.76484375 0.09375 0.103125
0 0.4828125 0.5078125 0.1265625 0.1234375
0 0.80078125 0.4609375 0.0859375 0.0515625
0 0.50703125 0.94921875 0.1171875 0.0984375
0 0.9296875 0.93515625 0.0671875 0.0734375
0 0.090625 0.7171875 0.0953125 0.0796875
0 0.6546875 0.2140625 0.134375 0.109375
0 0.8625 0.8125 0.0890625 0.0875
0 0.8125 0.5140625 0.109375 0.084375
0 0.559375 0.40234375 0.1109375 0.096875
0 0.46640625 0.76796875 0.1140625 0.1296875
0 0.5171875 0.73125 0.0953125 0.1078125
0 0.2 0.359375 0.0921875 0.0921875
0 0.68046875 0.08046875 0.084375 0.115625
0 0.82265625 0.70390625 0.0640625 0.0796875
0 0.11875 0.3296875 0.0828125 0.06875
0 0.7 0.421875 0.0609375 0.0921875
0 0.24140625 0.50234375 0.1359375 0.1203125
0 0.915625 0.23359375 0.084375 0.096875
0 0.88046875 0.67890625 0.1 0.08125
0 0.225 0.07890625 0.1296875 0.1546875
0 0.25625 0.428125 0.0984375 0.065625
0 0.7765625 0.62109375 0.08125 0.0515625
0 0.62734375 0.2796875 0.0578125 0.06875
0 0.57265625 0.48671875 0.0515625 0.053125
0 0.59609375 0.64921875 0.103125 0.10625
0 0.3109375 0.12890625 0.1 0.103125
0 0.5984375 0.74453125 0.0828125 0.0984375
0 0.75234375 0.9171875 0.10625 0.096875
0 0.77734375 0.24140625 0.121875 0.115625
0 0.81875 0.94375 0.059375 0.06875
0 0.6734375 0.3140625 0.071875 0.084375
0 0.571875 0.5578125 0.1171875 0.1171875
0 0.525 0.13828125 0.0859375 0.06875
0 0.63359375 0.4828125 0.1 0.121875
0 0.87109375 0.89765625 0.109375 0.10625