0 0.5375 0.1 0.090625 0.10625
0 0.225 0.28671875 0.0984375 0.078125
0 0.56484375 0.715625 0.115625 0.134375
0 0.38046875 0.175 0.0953125 0.0890625
0 0.1765625 0.09921875 0.084375 0.096875
0 0.8984375 0.42890625 0.1453125 0.1328125
0 0.940625 0.859375 0.1171875 0.1109375
0 0.6375 0.78359375 0.134375 0.159375
0 0.178125 0.803125 0.128125 0.134375
0 0.76640625 0.475 0.1015625 0.1125
0 0.146875 0.29375 0.0609375 0.0828125
0 0.09609375 0.75859375 0.090625 0.0921875
0 0.33828125 0.86640625 0.0609375 0.0453125
0 0.30078125 0.44296875 0.0796875 0.090625
0 0.840625 0.05 0.08125 0.1
0 0.065625 0.4421875 0.13125 0.109375
0 0.078125 0.21015625 0.1234375 0.084375
0 0.2046875 0.94296875 0.090625 0.1125
0 0.0640625 0.8765625 0.128125 0.146875
0 0.32578125 0.62265625 0.09375 0.078125
0 0.4546875 0.39375 0.0671875 0.0890625
0 0.48046875 0.6671875 0.078125 0.065625
0 0.38046875 0.72890625 0.06875 0.0671875
0 0.55546875 0.9390625 0.14375 0.1203125
0 0.31015625 0.68046875 0.0984375 0.0734375
0 0.05625 0.353125 0.1 0.06875
0 0.234375 0.465625 0.0828125 0.0609375
0 0.16796875 0.46875 0.065625 0.0734375
0 0.4265625 0.84609375 0.1171875 0.15
0 0.45078125 0.16015625 0.0875 0.1140625
0 0.928125 0.25703125 0.1421875 0.103125
0 0.3265625 0.5234375 0.059375 0.05625
0 0.94375 0.57109375 0.075 0.0828125
0 0.11875 0.62890625 0.140625 0.1140625
0 0.10859375 0.30703125 0.065625 0.071875
0 0.08203125 0.9328125 0.1640625 0.1328125
0 0.43515625 0.615625 0.1140625 0.103125
0 0.44453125 0.0625 0.084375 0.096875
0 0.496875 0.88828125 0.05 0.046875
0 0.271875 0.571875 0.078125 0.0859375
0 0.31640625 0.16171875 0.059375 0.0625
0 0.2921875 0.734375 0.0828125 0.059375
0 0.69296875 0.8765625 0.0984375 0.1125
0 0.35 0.7984375 0.1046875 0.1015625
0 0.46171875 0.234375 0.05 0.059375
0 0.84453125 0.48828125 0.1109375 0.11875
0 0.321875 0.1109375 0.071875 0.0609375
0 0.81328125 0.88359375 0.0875 0.115625
0 0.2640625 0.86015625 0.0890625 0.071875
0 0.88046875 0.60546875 0.14375 0.125
0 0.065625 0.12578125 0.13125 0.121875
0 0.62421875 0.3 0.071875 0.0734375
0 0.878125 0.7390625 0.125 0.1546875
0 0.83125 0.23359375 0.13125 0.1453125
0 0.4484375 0.7234375 0.0484375 0.0609375
0 0.69296875 0.0875 0.1125 0.1140625
0 0.4015625 0.69453125 0.0953125 0.0859375
0 0.41015625 0.34921875 0.0953125 0.090625
0 0.27578125 0.2421875 0.0796875 0.0890625
0 0.55703125 0.346875 0.0828125 0.0953125
0 0.3203125 0.334375 0.1109375 0.1265625
0 0.5703125 0.859375 0.0828125 0.0984375
0 0.50703125 0.80859375 0.090625 0.1109375
0 0.38671875 0.26171875 0.1078125 0.1109375
0 0.61171875 0.16796875 0.05625 0.0546875
0 0.3859375 0.4359375 0.075 0.075
0 0.94453125 0.94375 0.109375 0.10625
0 0.26796875 0.8015625 0.0875 0.0796875
0 0.5015625 0.2828125 0.0921875 0.09375
0 0.34375 0.2265625 0.0546875 0.06875
0 0.51953125 0.41796875 0.115625 0.134375
0 0.14296875 0.36484375 0.0484375 0.059375
0 0.9296875 0.13046875 0.140625 0.115625
0 0.809375 0.9625 0.0765625 0.0734375
0 0.25546875 0.0875 0.084375 0.11875
0 0.26171875 0.3875 0.1109375 0.1015625
0 0.12734375 0.51015625 0.0625 0.084375
0 0.3578125 0.57890625 0.115625 0.090625
0 0.5671875 0.26015625 0.0859375 0.0765625
0 0.3546875 0.078125 0.0890625 0.1
0 0.9140625 0.51328125 0.0390625 0.040625
0 0.7734375 0.70625 0.128125 0.13125
0 0.8734375 0.34609375 0.103125 0.078125
0 0.071875 0.5171875 0.05 0.0546875
0 0.20859375 0.34765625 0.09375 0.0921875
0 0.196875 0.21484375 0.096875 0.0890625
0 0.7046875 0.33046875 0.0890625 0.1
0 0.6390625 0.3828125 0.1328125 0.1234375
0 0.75703125 0.771875 0.1078125 0.0953125
0 0.08984375 0.26015625 0.09375 0.05625
0 0.2390625 0.6671875 0.115625 0.1296875
0 0.12890625 0.11328125 0.103125 0.115625
0 0.234375 0.16015625 0.1078125 0.0796875
0 0.1015625 0.7015625 0.09375 0.0609375
0 0.80390625 0.378125 0.109375 0.0828125
0 0.7828125 0.28359375 0.0921875 0.103125
0 0.234375 0.52421875 0.090625 0.08125
0 0.19296875 0.41796875 0.0671875 0.059375
0 0.7390625 0.92890625 0.059375 0.0609375
0 0.74765625 0.853125 0.078125 0.1125
0 0.67265625 0.21328125 0.1171875 0.1390625
0 0.5 0.7140625 0.06875 0.071875
0 0.18359375 0.55 0.0984375 0.1015625
0 0.5390625 0.18984375 0.1109375 0.1078125
0 0.62109375 0.10234375 0.090625 0.1