0 0.88515625 0.5796875 0.0625 0.0640625
0 0.21875 0.14140625 0.08125 0.0875
0 0.49296875 0.859375 0.071875 0.075
0 0.43828125 0.47578125 0.0734375 0.103125
0 0.5671875 0.55625 0.0546875 0.0734375
0 0.1890625 0.62265625 0.0890625 0.0859375
0 0.53671875 0.07734375 0.0515625 0.0953125
0 0.36640625 0.42578125 0.06875 0.059375
0 0.93984375 0.7 0.090625 0.071875
0 0.85625 0.209375 0.0953125 0.0984375
0 0.44140625 0.88046875 0.071875 0.0921875
0 0.28984375 0.4 0.09375 0.075
0 0.68125 0.9484375 0.078125 0.0796875
0 0.3796875 0.47109375 0.0703125 0.0828125
0 0.23671875 0.246875 0.0859375 0.0703125
0 0.21328125 0.884375 0.0703125 0.09375
0 0.7734375 0.5625 0.0671875 0.075
0 0.109375 0.465625 0.09375 0.075
0 0.6921875 0.5078125 0.0984375 0.0921875
0 0.42578125 0.371875 0.0984375 0.0953125
0 0.696875 0.27265625 0.0671875 0.078125
0 0.90078125 0.3046875 0.05625 0.05625
0 0.41796875 0.1796875 0.1078125 0.1421875
0 0.61875 0.1671875 0.0890625 0.115625
0 0.834375 0.09453125 0.0703125 0.0953125
0 0.4828125 0.10546875 0.053125 0.0921875
0 0.38984375 0.66796875 0.0703125 0.0625
0 0.58125 0.69609375 0.0546875 0.075
0 0.1828125 0.425 0.0875 0.071875
0 0.4890625 0.6640625 0.06875 0.0859375
0 0.7234375 0.62265625 0.0734375 0.078125
0 0.675 0.6 0.0859375 0.0890625
0 0.35234375 0.81875 0.0375 0.0546875
0 0.540625 0.69609375 0.0796875 0.0828125
0 0.88671875 0.44453125 0.0734375 0.0734375
0 0.83203125 0.8609375 0.0546875 0.0734375
0 0.94296875 0.8203125 0.1125 0.1484375
0 0.35 0.3296875 0.0875 0.134375
0 0.22421875 0.70078125 0.115625 0.1046875
0 0.83515625 0.7453125 0.0609375 0.059375
0 0.8109375 0.8046875 0.06875 0.0734375
0 0.1046875 0.7875 0.04375 0.0625
0 0.57265625 0.76171875 0.0625 0.0703125
0 0.196875 0.815625 0.0796875 0.065625
0 0.79765625 0.15625 0.06875 0.0875
0 0.9453125 0.6328125 0.1 0.078125
0 0.95234375 0.346875 0.0734375 0.0828125
0 0.29296875 0.80078125 0.0890625 0.0828125
0 0.8421875 0.5484375 0.096875 0.075
0 0.50625 0.815625 0.071875 0.0703125
0 0.9234375 0.58203125 0.05 0.053125
0 0.215625 0.47421875 0.0609375 0.071875
0 0.134375 0.3296875 0.0796875 0.0671875
0 0.62890625 0.44375 0.1109375 0.1109375
0 0.64453125 0.890625 0.075 0.0921875
0 0.265625 0.5796875 0.0921875 0.103125
0 0.39140625 0.60859375 0.0734375 0.0859375
0 0.846875 0.4828125 0.05625 0.0578125
0 0.8390625 0.640625 0.11875 0.06875
0 0.72109375 0.21796875 0.084375 0.09375
0 0.95625 0.41484375 0.084375 0.0796875
0 0.93984375 0.48046875 0.0671875 0.065625
0 0.87109375 0.35078125 0.1015625 0.0875
0 0.540625 0.50546875 0.0796875 0.084375
0 0.5 0.484375 0.0703125 0.0953125
0 0.7359375 0.140625 0.0875 0.090625
0 0.628125 0.38359375 0.059375 0.05625
0 0.83046875 0.5984375 0.0765625 0.0703125
0 0.42734375 0.70078125 0.1015625 0.10625
0 0.56640625 0.290625 0.071875 0.09375
0 0.3078125 0.4703125 0.0765625 0.08125
0 0.94375 0.88671875 0.0875 0.0796875
0 0.26171875 0.33359375 0.078125 0.084375
0 0.78125 0.84765625 0.084375 0.090625
0 0.66640625 0.78203125 0.0484375 0.0703125
0 0.93046875 0.09140625 0.1265625 0.1109375
0 0.94296875 0.9609375 0.053125 0.059375
0 0.5859375 0.81015625 0.0875 0.0875
0 0.63125 0.559375 0.0703125 0.0859375
0 0.83984375 0.69296875 0.1125 0.0859375
0 0.8421875 0.91796875 0.053125 0.05625
0 0.8890625 0.734375 0.075 0.08125
0 0.7640625 0.6515625 0.0796875 0.0859375
0 0.7046875 0.71171875 0.0765625 0.0828125
0 0.72734375 0.79765625 0.0734375 0.0828125
0 0.44140625 0.32421875 0.059375 0.0609375
0 0.240625 0.19375 0.0640625 0.0609375
0 0.04609375 0.85234375 0.0921875 0.0921875
0 0.12734375 0.371875 0.08125 0.053125
0 0.75703125 0.4546875 0.125 0.1203125
0 0.0375 0.5453125 0.075 0.059375
0 0.334375 0.7125 0.078125 0.0859375
0 0.484375 0.29765625 0.0609375 0.0921875
0 0.11328125 0.640625 0.0859375 0.1078125
0 0.503125 0.7609375 0.06875 0.0703125
0 0.82109375 0.4078125 0.084375 0.0640625
0 0.09140625 0.5296875 0.103125 0.084375
0 0.33359375 0.221875 0.103125 0.1125
0 0.78203125 0.76015625 0.0734375 0.078125
0 0.246875 0.915625 0.075 0.1015625
0 0.690625 0.41015625 0.0625 0.0703125
0 0.64765625 0.32109375 0.0703125 0.0921875
0 0.89921875 0.9140625 0.0875 0.0859375
0 0.35234375 0.9109375 0.084375 0.1
0 0.63359375 0.73125 0.075 0.0921875
0 0.18125 0.33203125 0.059375 0.0546875
0 0.4453125 0.8015625 0.078125 0.1015625
0 0.7125 0.33515625 0.0875 0.0828125
0 0.69765625 0.9109375 0.06875 0.0921875
0 0.0625 0.19140625 0.084375 0.0921875
0 0.38046875 0.7734375 0.0765625 0.0921875
0 0.60078125 0.6421875 0.08125 0.1140625
0 0.5578125 0.8484375 0.0703125 0.0734375
0 0.87421875 0.85078125 0.0796875 0.084375