0 0.21484375 0.8375 0.2515625 0.290625
0 0.4203125 0.63828125 0.2546875 0.2296875
0 0.6703125 0.49296875 0.403125 0.2546875
0 0.88125 0.93046875 0.234375 0.1390625
0 0.378125 0.1796875 0.221875 0.3140625
0 0.70390625 0.71328125 0.2734375 0.2421875
0 0.08359375 0.6 0.1671875 0.25625
0 0.87890625 0.09296875 0.2421875 0.1859375
0 0.134375 0.41875 0.26875 0.2484375
0 0.5421875 0.27421875 0.2234375 0.271875
0 0.5875 0.91640625 0.3140625 0.1640625
0 0.14609375 0.19765625 0.2921875 0.2984375
0 0.75625 0.27421875 0.2015625 0.2171875
0 0.88984375 0.703125 0.21875 0.3671875