0 0.65859375 0.73046875 0.1421875 0.1375
0 0.2390625 0.8625 0.1328125 0.109375
0 0.20078125 0.38515625 0.078125 0.0765625
0 0.77734375 0.87890625 0.10625 0.1390625
0 0.61875 0.528125 0.0828125 0.1078125
0 0.3640625 0.6234375 0.0578125 0.1
0 0.4125 0.76328125 0.06875 0.065625
0 0.3828125 0.54921875 0.0875 0.0640625
0 0.68515625 0.27890625 0.0828125 0.0765625
0 0.23984375 0.3203125 0.071875 0.071875
0 0.12421875 0.23359375 0.06875 0.078125
0 0.22109375 0.5046875 0.1609375 0.1078125
0 0.534375 0.63515625 0.1296875 0.1453125
0 0.1484375 0.42109375 0.0890625 0.090625
0 0.8484375 0.48984375 0.1703125 0.153125
0 0.2578125 0.13359375 0.1 0.1
0 0.55390625 0.940625 0.090625 0.115625
0 0.521875 0.55859375 0.0765625 0.059375
0 0.8421875 0.18359375 0.1109375 0.159375
0 0.159375 0.3109375 0.0890625 0.0796875
0 0.31015625 0.3296875 0.0625 0.05625
0 0.42265625 0.640625 0.1046875 0.1265625
0 0.928125 0.27421875 0.103125 0.084375
0 0.47109375 0.12421875 0.103125 0.10625
0 0.35625 0.95625 0.0859375 0.0859375
0 0.21328125 0.74609375 0.1078125 0.1140625
0 0.6546875 0.88203125 0.134375 0.16875
0 0.3921875 0.2859375 0.0796875 0.096875
0 0.07421875 0.5125 0.1484375 0.128125
0 0.9484375 0.21640625 0.1015625 0.0890625
0 0.7484375 0.34453125 0.0984375 0.096875
0 0.790625 0.59140625 0.078125 0.078125
0 0.175 0.16015625 0.06875 0.0640625
0 0.35859375 0.0625 0.09375 0.096875
0 0.196875 0.2328125 0.0953125 0.103125
0 0.04375 0.771875 0.0875 0.115625
0 0.39296875 0.17109375 0.1203125 0.1296875
0 0.0796875 0.2953125 0.09375 0.1265625
0 0.296875 0.39296875 0.084375 0.078125
0 0.34296875 0.72578125 0.075 0.0859375
0 0.19296875 0.8328125 0.065625 0.0828125
0 0.31328125 0.1703125 0.0625 0.0734375
0 0.953125 0.8046875 0.0859375 0.08125
0 0.609375 0.0390625 0.09375 0.078125
0 0.31015625 0.61484375 0.06875 0.0953125
0 0.3375 0.78671875 0.0640625 0.0578125
0 0.5578125 0.17734375 0.0625 0.09375
0 0.29296875 0.703125 0.0546875 0.06875
0 0.49609375 0.7765625 0.071875 0.078125
0 0.86953125 0.04765625 0.1140625 0.0953125
0 0.5578125 0.7390625 0.071875 0.084375
0 0.69921875 0.53125 0.109375 0.1140625
0 0.11171875 0.190625 0.0765625 0.0640625
0 0.59140625 0.2578125 0.0734375 0.090625
0 0.84296875 0.8609375 0.084375 0.0953125
0 0.54609375 0.4765625 0.09375 0.1171875
0 0.55859375 0.821875 0.0734375 0.0765625
0 0.4234375 0.85859375 0.1640625 0.14375
0 0.26015625 0.428125 0.0875 0.0765625
0 0.65546875 0.0859375 0.0859375 0.08125
0 0.809375 0.66171875 0.0765625 0.0734375
0 0.05390625 0.42421875 0.1078125 0.1
0 0.76015625 0.17578125 0.15 0.178125
0 0.4515625 0.2421875 0.1078125 0.10625
0 0.69609375 0.6171875 0.115625 0.0984375
0 0.15234375 0.70234375 0.0765625 0.0625
0 0.4421875 0.7171875 0.0890625 0.0671875
0 0.49609375 0.34609375 0.115625 0.1359375
0 0.6640625 0.35625 0.0859375 0.0859375
0 0.12578125 0.05703125 0.1578125 0.1140625
0 0.1203125 0.8890625 0.1 0.1
0 0.128125 0.79921875 0.0828125 0.10625
0 0.93125 0.09765625 0.1015625 0.1046875
0 0.125 0.6578125 0.084375 0.078125
0 0.50078125 0.078125 0.153125 0.11875
0 0.740625 0.66796875 0.059375 0.0640625
0 0.37109375 0.38203125 0.09375 0.0828125
0 0.284375 0.221875 0.0828125 0.084375
0 0.95078125 0.896875 0.096875 0.134375
0 0.04765625 0.19765625 0.071875 0.0671875
0 0.51875 0.25078125 0.0703125 0.1
0 0.27890625 0.2875 0.06875 0.071875
0 0.61484375 0.165625 0.0796875 0.1015625