0 0.62109375 0.71015625 0.115625 0.1234375
0 0.4484375 0.1859375 0.1203125 0.1125
0 0.51875 0.28046875 0.109375 0.1046875
0 0.315625 0.05390625 0.140625 0.1078125
0 0.5234375 0.61953125 0.1421875 0.13125
0 0.56953125 0.375 0.1171875 0.1390625
0 0.73828125 0.68125 0.08125 0.0828125
0 0.69140625 0.58046875 0.109375 0.0921875
0 0.0546875 0.2671875 0.109375 0.1421875
0 0.296875 0.15546875 0.1140625 0.1453125
0 0.9484375 0.56953125 0.1 0.1328125
0 0.16640625 0.28359375 0.13125 0.1140625
0 0.6234375 0.165625 0.1265625 0.2046875
0 0.32109375 0.325 0.1375 0.125
0 0.7265625 0.0625 0.14375 0.125
0 0.3265625 0.49609375 0.1203125 0.1125
0 0.928125 0.91015625 0.1234375 0.1125
0 0.89921875 0.15625 0.19375 0.1421875
0 0.66875 0.4890625 0.1546875 0.140625
0 0.3453125 0.6515625 0.1359375 0.1421875
0 0.93515625 0.3859375 0.1296875 0.09375
0 0.8625 0.42578125 0.103125 0.0765625
0 0.7875 0.1734375 0.109375 0.11875
0 0.53515625 0.75625 0.0984375 0.159375
0 0.671875 0.946875 0.0625 0.0703125
0 0.109375 0.9140625 0.2140625 0.1328125
0 0.25703125 0.240625 0.109375 0.1140625
0 0.6640625 0.30625 0.1 0.084375
0 0.6859375 0.65703125 0.1265625 0.0953125
0 0.91875 0.28359375 0.13125 0.13125
0 0.46875 0.77578125 0.1171875 0.134375
0 0.43671875 0.88828125 0.125 0.1375
0 0.940625 0.47421875 0.096875 0.103125
0 0.47265625 0.39765625 0.1125 0.128125
0 0.80546875 0.56015625 0.14375 0.109375
0 0.171875 0.51484375 0.103125 0.1015625
0 0.13984375 0.8203125 0.19375 0.1421875
0 0.6296875 0.86875 0.1046875 0.1109375
0 0.815625 0.2859375 0.1125 0.11875
0 0.08828125 0.37734375 0.1234375 0.1234375
0 0.8515625 0.49296875 0.1140625 0.0984375
0 0.7109375 0.39921875 0.1734375 0.14375
0 0.546875 0.20859375 0.0953125 0.0953125
0 0.59921875 0.55234375 0.096875 0.10625
0 0.84140625 0.74921875 0.1265625 0.1171875
0 0.16875 0.62265625 0.153125 0.1453125
0 0.30546875 0.7171875 0.0953125 0.103125
0 0.69296875 0.7671875 0.0859375 0.103125
0 0.54453125 0.90546875 0.0765625 0.1078125
0 0.31796875 0.42109375 0.15 0.09375
0 0.79140625 0.85078125 0.0953125 0.1296875
0 0.09140625 0.7421875 0.1640625 0.1484375
0 0.14921875 0.128125 0.14375 0.1390625
0 0.60078125 0.76953125 0.06875 0.06875
0 0.51171875 0.5171875 0.109375 0.0953125
0 0.50390625 0.91015625 0.0484375 0.0640625
0 0.8671875 0.64609375 0.1453125 0.1015625
0 0.384375 0.7609375 0.1015625 0.096875
0 0.934375 0.7890625 0.11875 0.128125
0 0.1875 0.415625 0.134375 0.1421875