0 0.8140625 0.90703125 0.2234375 0.1859375
0 0.153125 0.6484375 0.30625 0.28125
0 0.7265625 0.65234375 0.3328125 0.321875
0 0.525 0.1015625 0.2484375 0.203125
0 0.68828125 0.40078125 0.1890625 0.1921875
0 0.4015625 0.7859375 0.1875 0.1671875
0 0.3765625 0.91171875 0.228125 0.1765625
0 0.2375 0.46484375 0.2703125 0.259375
0 0.93125 0.896875 0.1359375 0.2046875
0 0.853125 0.40859375 0.2375 0.24375
0 0.5859375 0.8828125 0.2828125 0.2328125
0 0.075 0.7921875 0.15 0.2
0 0.11875 0.20078125 0.2109375 0.2203125
0 0.925 0.66796875 0.146875 0.271875
0 0.22890625 0.89140625 0.1796875 0.2171875
0 0.70859375 0.12109375 0.1203125 0.13125
0 0.4765625 0.64765625 0.2328125 0.2234375
0 0.85859375 0.15390625 0.24375 0.30625
0 0.7296875 0.23984375 0.1546875 0.1453125
0 0.47265625 0.4625 0.275 0.25
0 0.0703125 0.4359375 0.140625 0.1671875
0 0.315625 0.71015625 0.1421875 0.178125
0 0.6578125 0.80859375 0.2640625 0.2265625