0 0.1671875 0.32265625 0.121875 0.09375
0 0.8265625 0.32421875 0.0984375 0.0765625
0 0.93984375 0.2953125 0.11875 0.1265625
0 0.92578125 0.70078125 0.125 0.134375
0 0.9328125 0.82109375 0.13125 0.1203125
0 0.1015625 0.853125 0.0828125 0.084375
0 0.3375 0.93125 0.071875 0.1125
0 0.60078125 0.7546875 0.096875 0.1359375
0 0.1546875 0.95078125 0.084375 0.096875
0 0.1859375 0.1453125 0.0953125 0.1078125
0 0.68359375 0.45546875 0.0984375 0.1
0 0.71796875 0.70078125 0.0828125 0.078125
0 0.64609375 0.30078125 0.1140625 0.10625
0 0.325 0.7984375 0.08125 0.096875
0 0.171875 0.72109375 0.071875 0.0828125
0 0.315625 0.05859375 0.103125 0.0921875
0 0.12265625 0.22421875 0.128125 0.140625
0 0.59921875 0.38984375 0.096875 0.1015625
0 0.3640625 0.2046875 0.0578125 0.053125
0 0.37421875 0.9140625 0.0796875 0.0828125
0 0.89609375 0.2671875 0.125 0.1140625
0 0.946875 0.20859375 0.0625 0.0578125
0 0.62421875 0.94609375 0.115625 0.103125
0 0.64296875 0.5875 0.0953125 0.10625
0 0.26171875 0.2375 0.0984375 0.1
0 0.46328125 0.746875 0.08125 0.1234375
0 0.07578125 0.52578125 0.1421875 0.115625
0 0.27109375 0.14453125 0.1078125 0.1234375
0 0.6734375 0.52734375 0.078125 0.071875
0 0.303125 0.6484375 0.1 0.115625
0 0.86171875 0.1703125 0.103125 0.1078125
0 0.3671875 0.4921875 0.09375 0.1
0 0.6734375 0.37265625 0.075 0.0703125
0 0.05859375 0.89921875 0.0734375 0.0796875
0 0.21875 0.671875 0.0859375 0.1125
0 0.42578125 0.0546875 0.1 0.103125
0 0.74140625 0.1078125 0.0921875 0.1140625
0 0.8671875 0.57421875 0.09375 0.0953125
0 0.034375 0.15546875 0.06875 0.0890625
0 0.51875 0.61640625 0.078125 0.0921875
0 0.36328125 0.4 0.1109375 0.1109375
0 0.52578125 0.7953125 0.0796875 0.1109375
0 0.7125 0.24609375 0.0703125 0.078125
0 0.24296875 0.86796875 0.1015625 0.1203125
0 0.296875 0.54375 0.1078125 0.1078125
0 0.93359375 0.3953125 0.059375 0.0546875
0 0.9 0.0734375 0.1140625 0.1171875
0 0.43984375 0.959375 0.0703125 0.078125
0 0.828125 0.62265625 0.0890625 0.1046875
0 0.82890625 0.39375 0.0875 0.078125
0 0.396875 0.75625 0.065625 0.115625
0 0.75390625 0.1796875 0.0640625 0.0546875
0 0.54375 0.334375 0.10625 0.1109375
0 0.2796875 0.2984375 0.109375 0.11875
0 0.378125 0.8328125 0.0671875 0.103125
0 0.89765625 0.50703125 0.1 0.10625
0 0.18125 0.259375 0.1046875 0.1140625
0 0.26171875 0.40234375 0.121875 0.1078125
0 0.73359375 0.39375 0.1125 0.1171875
0 0.459375 0.89921875 0.0703125 0.0875
0 0.5890625 0.47578125 0.0984375 0.10625
0 0.78515625 0.509375 0.103125 0.1078125
0 0.42578125 0.2796875 0.134375 0.1375
0 0.74609375 0.590625 0.0890625 0.1171875
0 0.43203125 0.60859375 0.0921875 0.1203125
0 0.44140625 0.53203125 0.0796875 0.0828125
0 0.20390625 0.475 0.1265625 0.071875
0 0.17734375 0.40703125 0.1140625 0.096875
0 0.6625 0.16484375 0.121875 0.128125
0 0.3765625 0.12890625 0.1 0.115625
0 0.796875 0.2421875 0.115625 0.1328125
0 0.18984375 0.8421875 0.1109375 0.1234375
0 0.315625 0.49375 0.0859375 0.084375