0 0.90234375 0.6546875 0.1265625 0.1265625
0 0.87109375 0.4515625 0.2078125 0.1828125
0 0.56328125 0.08984375 0.1875 0.1796875
0 0.90703125 0.32421875 0.1828125 0.16875
0 0.55078125 0.8828125 0.1859375 0.1625
0 0.3421875 0.1234375 0.2375 0.2453125
0 0.50625 0.36484375 0.1671875 0.1703125
0 0.4203125 0.82265625 0.103125 0.13125
0 0.92421875 0.1234375 0.103125 0.1140625
0 0.0625 0.25703125 0.125 0.1171875
0 0.6015625 0.1984375 0.0921875 0.1
0 0.684375 0.040625 0.1 0.08125
0 0.85234375 0.20078125 0.0921875 0.109375
0 0.37578125 0.69609375 0.1171875 0.1328125
0 0.89453125 0.55625 0.14375 0.1
0 0.7546875 0.75390625 0.2953125 0.290625
0 0.546875 0.57578125 0.196875 0.1921875
0 0.0546875 0.39921875 0.109375 0.171875
0 0.9546875 0.06953125 0.090625 0.0953125
0 0.2796875 0.45390625 0.196875 0.221875
0 0.0890625 0.15859375 0.178125 0.1765625
0 0.190625 0.515625 0.115625 0.13125
0 0.7515625 0.30390625 0.184375 0.1703125
0 0.09765625 0.85546875 0.1328125 0.165625
0 0.53125 0.45625 0.1 0.0859375
0 0.23203125 0.89453125 0.246875 0.2078125
0 0.19453125 0.70703125 0.2234375 0.203125
0 0.52109375 0.7265625 0.184375 0.196875
0 0.7265625 0.18125 0.175 0.209375
0 0.63125 0.946875 0.1109375 0.103125