0 0.178125 0.884375 0.296875 0.2296875
0 0.1203125 0.4140625 0.240625 0.3
0 0.31875 0.9296875 0.11875 0.1109375
0 0.15390625 0.671875 0.225 0.2234375
0 0.69453125 0.3203125 0.3625 0.3828125
0 0.4296875 0.35078125 0.2328125 0.2296875
0 0.83359375 0.78125 0.203125 0.2109375
0 0.66171875 0.8546875 0.2453125 0.2875
0 0.084375 0.08828125 0.16875 0.1765625
0 0.06171875 0.18984375 0.1234375 0.2140625
0 0.31328125 0.075 0.253125 0.15
0 0.5671875 0.11171875 0.253125 0.2234375
0 0.48046875 0.65234375 0.2828125 0.35625
0 0.48046875 0.915625 0.1234375 0.1671875
0 0.884375 0.2015625 0.2265625 0.2828125
0 0.3140625 0.8046875 0.1421875 0.1484375
0 0.32734375 0.51484375 0.209375 0.2265625