0 0.765625 0.34296875 0.1109375 0.134375
0 0.74296875 0.23046875 0.13125 0.1171875
0 0.3703125 0.83984375 0.1625 0.175
0 0.25390625 0.77421875 0.153125 0.146875
0 0.5265625 0.60390625 0.234375 0.2546875
0 0.06328125 0.9234375 0.1265625 0.15
0 0.2328125 0.1046875 0.2046875 0.209375
0 0.746875 0.0515625 0.0890625 0.103125
0 0.33671875 0.415625 0.1609375 0.1421875
0 0.6640625 0.91328125 0.2078125 0.1703125
0 0.59296875 0.03671875 0.109375 0.0734375
0 0.07421875 0.0421875 0.1484375 0.084375
0 0.4 0.28984375 0.1171875 0.103125
0 0.38046875 0.13671875 0.171875 0.16875
0 0.096875 0.365625 0.19375 0.16875
0 0.1203125 0.159375 0.19375 0.2
0 0.278125 0.5328125 0.165625 0.11875
0 0.90390625 0.59765625 0.190625 0.359375
0 0.453125 0.9234375 0.2015625 0.15
0 0.87890625 0.1890625 0.221875 0.3296875
0 0.5078125 0.16953125 0.0984375 0.1265625
0 0.084375 0.6375 0.1453125 0.16875
0 0.49296875 0.77890625 0.159375 0.1671875
0 0.66875 0.11171875 0.13125 0.125
0 0.40078125 0.053125 0.1125 0.0828125
0 0.659375 0.30078125 0.09375 0.0921875
0 0.0828125 0.4609375 0.165625 0.128125
0 0.72265625 0.584375 0.21875 0.2
0 0.2234375 0.68828125 0.18125 0.1703125
0 0.57109375 0.2921875 0.11875 0.13125