0 0.72890625 0.85703125 0.0734375 0.0703125
0 0.07421875 0.425 0.05625 0.0375
0 0.8546875 0.41484375 0.0796875 0.1171875
0 0.95390625 0.615625 0.0796875 0.0828125
0 0.12421875 0.7125 0.1015625 0.1015625
0 0.42578125 0.6953125 0.0984375 0.1046875
0 0.653125 0.084375 0.096875 0.153125
0 0.2796875 0.46484375 0.1 0.103125
0 0.359375 0.36640625 0.096875 0.1078125
0 0.25390625 0.0859375 0.140625 0.171875
0 0.6078125 0.69453125 0.0953125 0.084375
0 0.41640625 0.14140625 0.1359375 0.165625
0 0.1265625 0.465625 0.05625 0.0703125
0 0.19921875 0.85546875 0.09375 0.13125
0 0.04765625 0.0828125 0.0953125 0.15625
0 0.8453125 0.528125 0.14375 0.1046875
0 0.53984375 0.865625 0.1078125 0.115625
0 0.371875 0.86171875 0.1328125 0.134375
0 0.9359375 0.55 0.0484375 0.0453125
0 0.08671875 0.50078125 0.08125 0.0859375
0 0.36171875 0.65546875 0.084375 0.084375
0 0.1203125 0.80703125 0.0765625 0.0640625
0 0.1234375 0.1140625 0.140625 0.2265625
0 0.1046875 0.88828125 0.09375 0.103125
0 0.85078125 0.86328125 0.1 0.10625
0 0.39453125 0.77265625 0.0921875 0.0765625
0 0.72734375 0.62109375 0.1 0.1078125
0 0.86796875 0.6859375 0.1015625 0.0984375
0 0.76171875 0.6921875 0.084375 0.084375
0 0.62421875 0.6015625 0.1109375 0.0953125
0 0.50390625 0.678125 0.06875 0.0796875
0 0.7875 0.90625 0.109375 0.0984375
0 0.471875 0.71328125 0.078125 0.090625
0 0.1640625 0.75390625 0.0796875 0.071875
0 0.7234375 0.159375 0.125 0.1390625
0 0.17421875 0.44921875 0.1 0.134375
0 0.78515625 0.065625 0.1109375 0.121875
0 0.659375 0.79765625 0.0984375 0.1109375
0 0.61328125 0.40625 0.0953125 0.1046875
0 0.88984375 0.19375 0.1 0.11875
0 0.78203125 0.41484375 0.0875 0.06875
0 0.03203125 0.47734375 0.0640625 0.0984375
0 0.3296875 0.43046875 0.075 0.078125
0 0.04921875 0.746875 0.0984375 0.06875
0 0.584375 0.10078125 0.0984375 0.1390625
0 0.37109375 0.0890625 0.1234375 0.15625
0 0.48125 0.47265625 0.0578125 0.084375
0 0.8984375 0.3515625 0.0328125 0.0375
0 0.5609375 0.76640625 0.10625 0.0921875
0 0.16796875 0.3 0.10625 0.1046875
0 0.5640625 0.49375 0.071875 0.075
0 0.7453125 0.7640625 0.1 0.09375
0 0.67890625 0.91328125 0.1 0.128125
0 0.740625 0.49296875 0.046875 0.0578125
0 0.20703125 0.59140625 0.0859375 0.0859375
0 0.765625 0.12421875 0.0859375 0.1203125
0 0.634375 0.26796875 0.115625 0.1109375
0 0.0890625 0.553125 0.0640625 0.0640625
0 0.8875 0.03671875 0.0890625 0.0734375
0 0.4171875 0.484375 0.0890625 0.1078125
0 0.509375 0.57109375 0.0921875 0.0921875
0 0.0734375 0.64140625 0.146875 0.13125
0 0.834375 0.2140625 0.1078125 0.0859375
0 0.84375 0.07734375 0.0578125 0.1125
0 0.77421875 0.5796875 0.0953125 0.121875
0 0.94375 0.46171875 0.1109375 0.128125
0 0.50390625 0.109375 0.115625 0.1859375
0 0.4671875 0.38671875 0.103125 0.103125
0 0.25703125 0.6515625 0.125 0.1296875
0 0.696875 0.45625 0.09375 0.090625
0 0.940625 0.809375 0.1171875 0.071875
0 0.2375 0.9515625 0.1046875 0.0953125
0 0.45703125 0.2453125 0.0921875 0.0890625
0 0.95 0.04765625 0.0859375 0.0953125
0 0.73125 0.3640625 0.109375 0.08125
0 0.86328125 0.30078125 0.1453125 0.1
0 0.38828125 0.27578125 0.04375 0.05625
0 0.23828125 0.75 0.0984375 0.0671875