0 0.16171875 0.11953125 0.1796875 0.184375
0 0.3140625 0.75625 0.103125 0.10625
0 0.33203125 0.915625 0.16875 0.1484375
0 0.59453125 0.165625 0.1078125 0.115625
0 0.065625 0.75 0.125 0.1328125
0 0.73984375 0.6328125 0.1125 0.125
0 0.54765625 0.3765625 0.1140625 0.1078125
0 0.40625 0.75078125 0.096875 0.0890625
0 0.13828125 0.840625 0.1265625 0.1078125
0 0.1359375 0.76328125 0.0859375 0.096875
0 0.60859375 0.24765625 0.13125 0.1203125
0 0.06015625 0.89375 0.11875 0.1078125
0 0.22265625 0.796875 0.1140625 0.09375
0 0.415625 0.8296875 0.0859375 0.0859375
0 0.29453125 0.8375 0.1453125 0.10625
0 0.17734375 0.634375 0.15 0.134375
0 0.6625 0.79375 0.153125 0.165625
0 0.20078125 0.91171875 0.11875 0.1203125
0 0.94453125 0.6609375 0.0875 0.0984375
0 0.49765625 0.515625 0.134375 0.18125
0 0.5390625 0.8296875 0.1234375 0.153125
0 0.6921875 0.71015625 0.1265625 0.1203125
0 0.46953125 0.8890625 0.1125 0.121875
0 0.67734375 0.5875 0.096875 0.115625
0 0.51328125 0.6703125 0.134375 0.1609375
0 0.80703125 0.534375 0.13125 0.13125
0 0.81328125 0.80546875 0.13125 0.165625
0 0.8953125 0.409375 0.115625 0.1546875
0 0.61484375 0.865625 0.1 0.121875
0 0.30546875 0.08671875 0.13125 0.1734375
0 0.92578125 0.771875 0.140625 0.1375
0 0.765625 0.47578125 0.1296875 0.10625
0 0.265625 0.68828125 0.1234375 0.13125
0 0.7125 0.3515625 0.125 0.165625
0 0.28984375 0.309375 0.1421875 0.1234375
0 0.08671875 0.27734375 0.15 0.1421875
0 0.490625 0.95703125 0.1078125 0.0828125
0 0.18359375 0.71015625 0.1015625 0.078125
0 0.146875 0.52890625 0.134375 0.1296875
0 0.4890625 0.2234375 0.1640625 0.1546875
0 0.05390625 0.53046875 0.10625 0.125
0 0.8796875 0.10703125 0.134375 0.1203125
0 0.86953125 0.68125 0.15 0.1203125
0 0.5015625 0.77421875 0.0796875 0.09375
0 0.34609375 0.37890625 0.121875 0.134375
0 0.81875 0.36171875 0.1078125 0.1453125
0 0.97109375 0.43125 0.05625 0.0765625
0 0.0578125 0.64453125 0.115625 0.1265625
0 0.8390625 0.9421875 0.103125 0.1140625
0 0.3578125 0.68125 0.08125 0.090625
0 0.70390625 0.19609375 0.115625 0.159375
0 0.8953125 0.55703125 0.134375 0.1359375
0 0.11015625 0.94453125 0.1109375 0.1078125
0 0.62109375 0.321875 0.0984375 0.115625
0 0.2671875 0.5078125 0.165625 0.11875
0 0.259375 0.25703125 0.1953125 0.159375
0 0.62421875 0.4484375 0.1328125 0.1375
0 0.60234375 0.6125 0.0890625 0.109375
0 0.91875 0.175 0.1390625 0.146875
0 0.0578125 0.1859375 0.115625 0.121875
0 0.41640625 0.646875 0.1078125 0.1140625
0 0.74296875 0.10234375 0.0875 0.103125
0 0.37421875 0.553125 0.140625 0.1671875
0 0.25234375 0.59296875 0.1171875 0.0953125
0 0.4234375 0.26953125 0.1109375 0.1328125
0 0.4359375 0.440625 0.1046875 0.0953125
0 0.08046875 0.075 0.1609375 0.15
0 0.79453125 0.19921875 0.0984375 0.1546875