0 0.81328125 0.46875 0.1421875 0.13125
0 0.1875 0.26640625 0.09375 0.1
0 0.921875 0.8109375 0.15625 0.1890625
0 0.5453125 0.2390625 0.1359375 0.1703125
0 0.49765625 0.0765625 0.15 0.153125
0 0.7546875 0.7359375 0.0796875 0.0984375
0 0.44140625 0.75 0.0671875 0.08125
0 0.56640625 0.584375 0.1015625 0.1140625
0 0.26484375 0.2609375 0.0890625 0.0875
0 0.36015625 0.19140625 0.065625 0.04375
0 0.109375 0.2796875 0.115625 0.0796875
0 0.52109375 0.3703125 0.0984375 0.1015625
0 0.4328125 0.47265625 0.0765625 0.0875
0 0.31328125 0.44609375 0.0546875 0.065625
0 0.434375 0.33203125 0.1015625 0.125
0 0.29921875 0.346875 0.0734375 0.0859375
0 0.3828125 0.40234375 0.0796875 0.0765625
0 0.5484375 0.7 0.1265625 0.1390625
0 0.246875 0.171875 0.1109375 0.1109375
0 0.30390625 0.59140625 0.0890625 0.096875
0 0.4734375 0.659375 0.0765625 0.1015625
0 0.34375 0.36015625 0.0640625 0.0640625
0 0.69609375 0.38203125 0.078125 0.109375
0 0.63671875 0.8296875 0.071875 0.1109375
0 0.09375 0.5203125 0.0875 0.1015625
0 0.121875 0.70546875 0.0953125 0.1140625
0 0.0875 0.10546875 0.1109375 0.1078125
0 0.0828125 0.040625 0.109375 0.08125
0 0.178125 0.53984375 0.0796875 0.0859375
0 0.86171875 0.08984375 0.1 0.134375
0 0.27890625 0.08203125 0.08125 0.103125
0 0.3640625 0.4625 0.0703125 0.084375
0 0.13046875 0.43671875 0.090625 0.0765625
0 0.35859375 0.12265625 0.10625 0.11875
0 0.053125 0.80546875 0.1015625 0.0921875
0 0.1859375 0.3796875 0.0765625 0.0734375
0 0.715625 0.196875 0.153125 0.140625
0 0.6296875 0.453125 0.103125 0.115625
0 0.47109375 0.84765625 0.1125 0.109375
0 0.48125 0.5203125 0.078125 0.0609375
0 0.03828125 0.30390625 0.0765625 0.0859375
0 0.19375 0.61796875 0.0796875 0.0796875
0 0.128125 0.79375 0.09375 0.0890625
0 0.24609375 0.3453125 0.059375 0.084375
0 0.9328125 0.140625 0.084375 0.084375
0 0.65625 0.06875 0.0671875 0.1296875
0 0.93203125 0.24921875 0.134375 0.13125
0 0.24375 0.54921875 0.0734375 0.0671875
0 0.290625 0.796875 0.103125 0.1171875
0 0.85546875 0.74140625 0.140625 0.14375
0 0.80390625 0.178125 0.0671875 0.084375
0 0.04453125 0.725 0.0890625 0.1109375
0 0.38125 0.26015625 0.05625 0.071875
0 0.56328125 0.83984375 0.1109375 0.1265625
0 0.4203125 0.5765625 0.14375 0.134375
0 0.115625 0.2234375 0.0796875 0.0796875
0 0.165625 0.1390625 0.0890625 0.121875
0 0.22578125 0.71015625 0.13125 0.13125
0 0.3765625 0.82421875 0.0796875 0.1
0 0.61796875 0.35390625 0.096875 0.1140625
0 0.44765625 0.225 0.115625 0.1484375
0 0.50625 0.45859375 0.084375 0.0953125
0 0.240625 0.45703125 0.1015625 0.1171875
0 0.64765625 0.60625 0.1203125 0.1421875
0 0.2125 0.07578125 0.084375 0.0984375
0 0.43671875 0.12734375 0.0859375 0.0765625
0 0.38515625 0.7125 0.103125 0.128125
0 0.11953125 0.6046875 0.0921875 0.0890625
0 0.25390625 0.3796875 0.1015625 0.0578125
0 0.6640625 0.68671875 0.1078125 0.0796875
0 0.83046875 0.63515625 0.0796875 0.0984375
0 0.8390625 0.37890625 0.1203125 0.0953125
0 0.9328125 0.3609375 0.13125 0.1421875
0 0.49453125 0.79453125 0.0765625 0.0765625
0 0.778125 0.0671875 0.10625 0.134375
0 0.68671875 0.73046875 0.08125 0.06875
0 0.10078125 0.371875 0.1 0.1125
0 0.334375 0.26328125 0.0796875 0.1109375
0 0.31953125 0.50546875 0.0859375 0.071875
0 0.8671875 0.190625 0.0875 0.1
0 0.040625 0.22265625 0.08125 0.09375
0 0.69609375 0.81875 0.0921875 0.115625
0 0.5953125 0.07265625 0.0859375 0.1015625
0 0.25234375 0.6015625 0.05625 0.059375