0 0.875 0.25390625 0.246875 0.2015625
0 0.16015625 0.22265625 0.1875 0.2140625
0 0.5359375 0.784375 0.20625 0.1859375
0 0.9 0.8234375 0.1984375 0.2171875
0 0.3484375 0.0890625 0.353125 0.178125
0 0.1453125 0.85 0.290625 0.2828125
0 0.16875 0.52578125 0.3375 0.3578125
0 0.9140625 0.59140625 0.171875 0.3
0 0.05078125 0.28359375 0.1015625 0.16875
0 0.47890625 0.26015625 0.2515625 0.2203125
0 0.32421875 0.23671875 0.165625 0.1671875
0 0.63203125 0.52578125 0.25625 0.3890625
0 0.4125 0.94921875 0.1984375 0.1
0 0.2859375 0.38828125 0.1734375 0.1609375
0 0.56640625 0.93671875 0.175 0.1234375
0 0.46171875 0.49609375 0.2234375 0.30625
0 0.3109375 0.70390625 0.2359375 0.271875