0 0.5859375 0.6921875 0.1484375 0.1546875
0 0.6671875 0.2046875 0.24375 0.2125
0 0.12421875 0.415625 0.1578125 0.1265625
0 0.13046875 0.27734375 0.2609375 0.246875
0 0.2578125 0.14140625 0.24375 0.2796875
0 0.1 0.7890625 0.140625 0.23125
0 0.5703125 0.79375 0.1546875 0.1171875
0 0.42109375 0.20078125 0.1875 0.2859375
0 0.46953125 0.428125 0.2140625 0.2375
0 0.6703125 0.3671875 0.2796875 0.2125
0 0.68515625 0.51875 0.1890625 0.234375
0 0.840625 0.82265625 0.2359375 0.2125
0 0.22578125 0.81328125 0.159375 0.1734375
0 0.21953125 0.5078125 0.21875 0.1890625
0 0.0484375 0.471875 0.096875 0.16875
0 0.3328125 0.88046875 0.2109375 0.1859375
0 0.328125 0.35546875 0.1390625 0.1625
0 0.4140625 0.75625 0.1890625 0.1640625
0 0.13125 0.55625 0.084375 0.096875
0 0.92890625 0.66796875 0.1390625 0.1578125
0 0.8796875 0.284375 0.2015625 0.271875
0 0.05390625 0.7171875 0.1078125 0.15
0 0.66015625 0.71328125 0.075 0.0984375
0 0.453125 0.6453125 0.1859375 0.175
0 0.12890625 0.65078125 0.059375 0.0984375
0 0.84296875 0.51875 0.15625 0.19375
0 0.55234375 0.8703125 0.18125 0.1125
0 0.04921875 0.596875 0.0984375 0.121875
0 0.55234375 0.5359375 0.2015625 0.2078125
0 0.2578125 0.65 0.2203125 0.21875
0 0.77734375 0.65078125 0.203125 0.19375