0 0.79921875 0.54921875 0.115625 0.1046875
0 0.309375 0.0453125 0.075 0.090625
0 0.4359375 0.59375 0.1 0.1109375
0 0.18828125 0.05234375 0.121875 0.1046875
0 0.44765625 0.084375 0.0828125 0.1
0 0.6859375 0.684375 0.1421875 0.1484375
0 0.61796875 0.109375 0.0921875 0.1234375
0 0.89921875 0.17265625 0.0671875 0.0765625
0 0.44296875 0.18125 0.140625 0.128125
0 0.87734375 0.140625 0.084375 0.0875
0 0.7703125 0.21796875 0.121875 0.1203125
0 0.32421875 0.5796875 0.0875 0.0765625
0 0.29765625 0.115625 0.09375 0.1203125
0 0.4140625 0.43984375 0.121875 0.1203125
0 0.91640625 0.26953125 0.121875 0.0984375
0 0.55546875 0.82421875 0.0875 0.103125
0 0.76953125 0.30546875 0.1109375 0.084375
0 0.84765625 0.85078125 0.115625 0.1171875
0 0.1890625 0.48828125 0.1359375 0.1203125
0 0.70078125 0.121875 0.1125 0.1359375
0 0.15234375 0.31171875 0.1296875 0.103125
0 0.921875 0.72890625 0.1203125 0.115625
0 0.08125 0.1390625 0.0640625 0.071875
0 0.55 0.475 0.125 0.1265625
0 0.50546875 0.74375 0.1296875 0.13125
0 0.73046875 0.9046875 0.1203125 0.1359375
0 0.1125 0.08203125 0.0796875 0.071875
0 0.79140625 0.45390625 0.10625 0.0796875
0 0.38671875 0.10546875 0.0765625 0.0953125
0 0.915625 0.6078125 0.1234375 0.1203125
0 0.25390625 0.17578125 0.0875 0.1171875
0 0.928125 0.4109375 0.1125 0.109375
0 0.1703125 0.15234375 0.140625 0.1296875
0 0.3078125 0.79296875 0.109375 0.1078125
0 0.596875 0.55859375 0.1125 0.1296875
0 0.2796875 0.425 0.1390625 0.1265625
0 0.334375 0.27578125 0.1484375 0.13125
0 0.81875 0.73671875 0.1078125 0.125
0 0.72890625 0.38984375 0.1171875 0.096875