0 0.7484375 0.434375 0.103125 0.090625
0 0.10546875 0.903125 0.1421875 0.1390625
0 0.734375 0.75234375 0.09375 0.0796875
0 0.3890625 0.91953125 0.09375 0.0984375
0 0.47421875 0.86640625 0.09375 0.0921875
0 0.853125 0.05390625 0.146875 0.1078125
0 0.06484375 0.1 0.11875 0.128125
0 0.2125 0.15390625 0.0953125 0.090625
0 0.11484375 0.71953125 0.146875 0.19375
0 0.8296875 0.2046875 0.1359375 0.14375
0 0.51640625 0.490625 0.1015625 0.075
0 0.87109375 0.340625 0.1875 0.1796875
0 0.35546875 0.796875 0.11875 0.1140625
0 0.65078125 0.5828125 0.0875 0.0921875
0 0.140625 0.23359375 0.14375 0.11875
0 0.04609375 0.63515625 0.0921875 0.165625
0 0.63359375 0.478125 0.1625 0.16875
0 0.04609375 0.825 0.0703125 0.0765625
0 0.7375 0.5453125 0.096875 0.090625
0 0.2890625 0.278125 0.13125 0.1578125
0 0.48203125 0.73984375 0.115625 0.125
0 0.6078125 0.6578125 0.0796875 0.0796875
0 0.49375 0.93984375 0.1 0.103125
0 0.16171875 0.7921875 0.134375 0.1203125
0 0.5625 0.34453125 0.1546875 0.125
0 0.959375 0.76171875 0.075 0.0765625
0 0.9140625 0.1828125 0.1109375 0.153125
0 0.65 0.0828125 0.2125 0.165625
0 0.221875 0.46640625 0.10625 0.0984375
0 0.27421875 0.7125 0.1546875 0.1375
0 0.57734375 0.58125 0.109375 0.10625
0 0.9484375 0.84296875 0.1 0.1125
0 0.49609375 0.16953125 0.115625 0.1390625
0 0.24296875 0.85 0.146875 0.18125
0 0.78515625 0.4921875 0.1078125 0.1
0 0.48359375 0.5796875 0.15 0.1328125
0 0.68515625 0.68046875 0.115625 0.1
0 0.6125 0.8171875 0.1984375 0.225
0 0.2125 0.6046875 0.196875 0.2015625
0 0.81875 0.92109375 0.090625 0.115625
0 0.17421875 0.29453125 0.128125 0.121875
0 0.89453125 0.95859375 0.1171875 0.0828125
0 0.87109375 0.8578125 0.109375 0.1078125
0 0.69921875 0.5765625 0.0640625 0.0796875
0 0.5578125 0.91640625 0.09375 0.103125
0 0.3921875 0.17734375 0.134375 0.1875
0 0.41171875 0.4640625 0.203125 0.2328125
0 0.4015625 0.65625 0.171875 0.15625
0 0.74765625 0.85546875 0.140625 0.1640625
0 0.85 0.73828125 0.1546875 0.1640625
0 0.759375 0.95703125 0.1140625 0.0828125
0 0.7578125 0.615625 0.103125 0.0953125
0 0.67578125 0.209375 0.1921875 0.15