0 0.31796875 0.7140625 0.121875 0.1
0 0.1375 0.1484375 0.1515625 0.1078125
0 0.40390625 0.6265625 0.140625 0.125
0 0.85 0.740625 0.0578125 0.0703125
0 0.17578125 0.42734375 0.1765625 0.115625
0 0.6296875 0.0859375 0.1109375 0.1578125
0 0.3296875 0.30859375 0.0859375 0.0828125
0 0.1203125 0.7734375 0.0921875 0.0890625
0 0.2171875 0.75 0.121875 0.109375
0 0.13671875 0.5515625 0.0875 0.04375
0 0.09609375 0.3359375 0.1140625 0.0921875
0 0.28046875 0.90703125 0.14375 0.1
0 0.09609375 0.70390625 0.05 0.0625
0 0.434375 0.821875 0.175 0.16875
0 0.68046875 0.425 0.1765625 0.1328125
0 0.68515625 0.0921875 0.075 0.1015625
0 0.2296875 0.5046875 0.1234375 0.109375
0 0.95859375 0.77578125 0.0828125 0.1
0 0.38828125 0.51796875 0.225 0.1734375
0 0.2 0.64375 0.0921875 0.115625
0 0.08203125 0.60703125 0.1265625 0.1171875
0 0.1234375 0.0546875 0.1109375 0.109375
0 0.0625 0.4734375 0.103125 0.1203125
0 0.21953125 0.33125 0.1578125 0.15
0 0.9125 0.065625 0.1734375 0.13125
0 0.27890625 0.6390625 0.103125 0.1015625
0 0.1546875 0.24609375 0.15 0.103125
0 0.14921875 0.70078125 0.0609375 0.084375
0 0.9390625 0.703125 0.0734375 0.0578125
0 0.15 0.4984375 0.0671875 0.0609375
0 0.08203125 0.8734375 0.103125 0.125
0 0.21328125 0.06171875 0.1671875 0.1234375
0 0.646875 0.321875 0.21875 0.1796875
0 0.5140625 0.0703125 0.1796875 0.140625
0 0.69921875 0.521875 0.18125 0.140625
0 0.221875 0.9328125 0.0890625 0.0921875
0 0.88203125 0.6390625 0.0671875 0.0671875
0 0.8734375 0.509375 0.1734375 0.1703125
0 0.75703125 0.3703125 0.1 0.1109375
0 0.17265625 0.88125 0.11875 0.1609375
0 0.2984375 0.81484375 0.1046875 0.1109375