0 0.1703125 0.0375 0.0640625 0.0671875
0 0.32265625 0.73359375 0.0796875 0.0703125
0 0.64453125 0.49609375 0.0765625 0.0734375
0 0.8265625 0.54140625 0.1109375 0.0875
0 0.5953125 0.1015625 0.0859375 0.0796875
0 0.72421875 0.5671875 0.05 0.059375
0 0.18046875 0.87265625 0.084375 0.0859375
0 0.0828125 0.125 0.08125 0.0671875
0 0.715625 0.853125 0.0734375 0.0921875
0 0.51875 0.4484375 0.0625 0.071875
0 0.1484375 0.1125 0.08125 0.06875
0 0.07734375 0.5546875 0.11875 0.115625
0 0.2453125 0.52578125 0.14375 0.125
0 0.45625 0.0421875 0.0625 0.084375
0 0.19921875 0.0890625 0.08125 0.084375
0 0.51640625 0.8953125 0.0734375 0.0828125
0 0.4375 0.3765625 0.0703125 0.071875
0 0.546875 0.64453125 0.0890625 0.078125
0 0.484375 0.80625 0.0828125 0.0796875
0 0.3046875 0.603125 0.071875 0.078125
0 0.66171875 0.14140625 0.0546875 0.053125
0 0.7640625 0.4625 0.0921875 0.0828125
0 0.80625 0.91796875 0.0609375 0.0796875
0 0.40859375 0.50390625 0.0953125 0.071875
0 0.678125 0.53828125 0.078125 0.0734375
0 0.4671875 0.43515625 0.065625 0.0734375
0 0.71953125 0.78515625 0.075 0.0765625
0 0.36640625 0.0515625 0.0765625 0.0828125
0 0.43359375 0.615625 0.071875 0.0703125
0 0.48046875 0.67265625 0.0796875 0.0953125
0 0.84921875 0.87578125 0.071875 0.0796875
0 0.9234375 0.4875 0.0875 0.053125
0 0.59453125 0.7125 0.0828125 0.08125
0 0.6609375 0.6484375 0.0703125 0.071875
0 0.19375 0.61484375 0.1078125 0.1109375
0 0.2875 0.7875 0.05625 0.084375
0 0.075 0.44765625 0.09375 0.0859375
0 0.70703125 0.16328125 0.078125 0.0765625
0 0.89921875 0.9078125 0.0640625 0.0953125
0 0.1375 0.8109375 0.0796875 0.0890625
0 0.4875 0.7390625 0.0640625 0.0703125
0 0.4328125 0.809375 0.04375 0.0390625
0 0.753125 0.51171875 0.0875 0.0796875
0 0.821875 0.11015625 0.0828125 0.078125
0 0.81328125 0.259375 0.0859375 0.0765625
0 0.85390625 0.325 0.0671875 0.06875
0 0.25546875 0.06484375 0.05625 0.0796875
0 0.16171875 0.721875 0.078125 0.0875
0 0.940625 0.68671875 0.1109375 0.0875
0 0.853125 0.41953125 0.075 0.0640625
0 0.8203125 0.6921875 0.065625 0.0734375
0 0.19375 0.196875 0.0734375 0.0796875
0 0.76328125 0.634375 0.059375 0.0671875
0 0.38125 0.778125 0.053125 0.0453125
0 0.64921875 0.23046875 0.0625 0.053125
0 0.06875 0.28984375 0.084375 0.059375
0 0.57421875 0.30546875 0.0859375 0.0671875
0 0.31015625 0.30546875 0.0953125 0.0921875
0 0.55078125 0.3625 0.06875 0.065625
0 0.734375 0.05703125 0.1109375 0.109375
0 0.88203125 0.6890625 0.0828125 0.0875
0 0.896875 0.62421875 0.103125 0.0546875
0 0.51171875 0.21875 0.04375 0.05625
0 0.5640625 0.5265625 0.046875 0.0453125
0 0.415625 0.9546875 0.0875 0.0828125
0 0.82109375 0.7921875 0.0921875 0.0734375
0 0.8734375 0.15078125 0.0546875 0.0578125
0 0.35078125 0.2328125 0.0921875 0.0765625
0 0.53984375 0.42890625 0.05625 0.0671875
0 0.3015625 0.13984375 0.0703125 0.059375
0 0.146875 0.284375 0.096875 0.078125
0 0.6328125 0.91796875 0.06875 0.08125
0 0.2546875 0.2125 0.09375 0.084375
0 0.678125 0.4234375 0.0890625 0.071875
0 0.4734375 0.14140625 0.10625 0.084375
0 0.634375 0.75625 0.0640625 0.05625
0 0.05546875 0.79921875 0.1109375 0.0984375
0 0.1265625 0.36015625 0.1234375 0.0828125
0 0.78046875 0.1859375 0.0953125 0.090625
0 0.20859375 0.71328125 0.059375 0.0796875
0 0.953125 0.390625 0.08125 0.0734375
0 0.16484375 0.4359375 0.09375 0.09375
0 0.109375 0.0734375 0.0734375 0.0796875
0 0.11328125 0.6734375 0.09375 0.090625
0 0.384375 0.4109375 0.0875 0.0984375
0 0.8734375 0.2484375 0.078125 0.0765625
0 0.66875 0.265625 0.053125 0.0578125
0 0.33359375 0.66796875 0.071875 0.08125