0 0.8390625 0.6484375 0.1015625 0.1
0 0.865625 0.921875 0.1515625 0.1171875
0 0.434375 0.2671875 0.0703125 0.06875
0 0.69375 0.278125 0.10625 0.146875
0 0.88671875 0.83203125 0.096875 0.096875
0 0.26953125 0.7453125 0.0859375 0.078125
0 0.565625 0.41875 0.071875 0.0703125
0 0.1015625 0.14609375 0.10625 0.0984375
0 0.12109375 0.23984375 0.0859375 0.0859375
0 0.5140625 0.70859375 0.1078125 0.1140625
0 0.06953125 0.91328125 0.125 0.1375
0 0.415625 0.36328125 0.1578125 0.115625
0 0.76015625 0.5671875 0.090625 0.0859375
0 0.675 0.05703125 0.053125 0.0640625
0 0.48046875 0.93984375 0.1 0.0875
0 0.221875 0.571875 0.1140625 0.1265625
0 0.825 0.321875 0.0640625 0.0515625
0 0.165625 0.3296875 0.0953125 0.0703125
0 0.1484375 0.921875 0.1015625 0.1359375
0 0.26953125 0.34375 0.1046875 0.0875
0 0.21171875 0.0453125 0.0765625 0.0890625
0 0.7609375 0.38046875 0.1015625 0.109375
0 0.30546875 0.2109375 0.078125 0.0640625
0 0.6265625 0.83203125 0.05625 0.0765625
0 0.59140625 0.61015625 0.0578125 0.0640625
0 0.4828125 0.32109375 0.0453125 0.0515625
0 0.70078125 0.4328125 0.084375 0.0859375
0 0.9515625 0.665625 0.0953125 0.10625
0 0.7140625 0.6578125 0.115625 0.1015625
0 0.23671875 0.82109375 0.103125 0.0921875
0 0.8515625 0.403125 0.0796875 0.0828125
0 0.72265625 0.8578125 0.078125 0.1140625
0 0.90234375 0.08984375 0.1234375 0.1453125
0 0.68984375 0.1453125 0.1140625 0.1546875
0 0.625 0.46953125 0.0640625 0.0421875
0 0.0578125 0.37109375 0.115625 0.1015625
0 0.9265625 0.31171875 0.128125 0.09375
0 0.6734375 0.575 0.115625 0.0953125
0 0.60234375 0.53046875 0.0984375 0.0921875
0 0.59765625 0.059375 0.0859375 0.103125
0 0.371875 0.67578125 0.0734375 0.0859375
0 0.06953125 0.8296875 0.1265625 0.1234375
0 0.32265625 0.278125 0.0609375 0.06875
0 0.553125 0.7921875 0.0953125 0.0890625
0 0.7734375 0.06796875 0.0953125 0.1265625
0 0.25390625 0.2625 0.059375 0.0734375
0 0.2921875 0.10625 0.053125 0.0625
0 0.50859375 0.07421875 0.090625 0.0921875
0 0.49296875 0.2484375 0.053125 0.0453125
0 0.58125 0.16953125 0.109375 0.103125
0 0.13671875 0.08515625 0.0765625 0.0609375
0 0.24296875 0.13828125 0.0609375 0.0671875
0 0.66875 0.84375 0.0703125 0.1078125
0 0.35625 0.090625 0.090625 0.11875
0 0.7796875 0.25546875 0.059375 0.0671875
0 0.19375 0.16015625 0.0859375 0.0765625
0 0.56171875 0.2734375 0.109375 0.125
0 0.9171875 0.5734375 0.103125 0.0921875
0 0.39375 0.9046875 0.078125 0.06875
0 0.925 0.18359375 0.071875 0.059375
0 0.07265625 0.28359375 0.0484375 0.0453125
0 0.1171875 0.55859375 0.125 0.1109375
0 0.0734375 0.24609375 0.053125 0.05625
0 0.86953125 0.24609375 0.103125 0.11875
0 0.40625 0.17890625 0.134375 0.1234375