0 0.43984375 0.81171875 0.0921875 0.090625
0 0.72890625 0.08203125 0.1234375 0.140625
0 0.77578125 0.3125 0.0609375 0.0765625
0 0.49375 0.91796875 0.0765625 0.13125
0 0.60546875 0.0921875 0.1328125 0.15
0 0.36875 0.75703125 0.05625 0.0828125
0 0.74765625 0.74765625 0.071875 0.059375
0 0.50234375 0.596875 0.0703125 0.084375
0 0.8609375 0.8296875 0.065625 0.0609375
0 0.59609375 0.8453125 0.0859375 0.0765625
0 0.74375 0.9328125 0.1390625 0.1328125
0 0.25625 0.7203125 0.115625 0.1109375
0 0.64921875 0.6578125 0.06875 0.0875
0 0.6390625 0.34453125 0.1 0.1140625
0 0.7890625 0.48125 0.0703125 0.0875
0 0.575 0.64140625 0.0859375 0.134375
0 0.2515625 0.40234375 0.2390625 0.2671875
0 0.36328125 0.95 0.0875 0.0875
0 0.54765625 0.5265625 0.0703125 0.0984375
0 0.40546875 0.4078125 0.11875 0.11875
0 0.18671875 0.2625 0.1171875 0.0953125
0 0.51640625 0.76796875 0.140625 0.1234375
0 0.5359375 0.42265625 0.1171875 0.115625
0 0.24453125 0.09453125 0.1921875 0.1890625
0 0.7359375 0.384375 0.1171875 0.1109375
0 0.04765625 0.44609375 0.0953125 0.1765625
0 0.08125 0.8984375 0.1625 0.2
0 0.57265625 0.92578125 0.0796875 0.0984375
0 0.09453125 0.7703125 0.1453125 0.0828125
0 0.8015625 0.71328125 0.084375 0.10625
0 0.7359375 0.671875 0.0734375 0.09375
0 0.175 0.60859375 0.215625 0.159375
0 0.9046875 0.53125 0.103125 0.096875
0 0.48984375 0.1671875 0.153125 0.140625
0 0.79921875 0.85390625 0.0875 0.0953125
0 0.8234375 0.32890625 0.0609375 0.0859375
0 0.4734375 0.4765625 0.125 0.11875
0 0.63046875 0.8546875 0.05625 0.078125
0 0.78359375 0.79453125 0.0609375 0.05625
0 0.47109375 0.2859375 0.1375 0.1515625
0 0.44453125 0.56796875 0.1171875 0.1328125
0 0.4453125 0.64140625 0.0703125 0.0625
0 0.70625 0.2796875 0.09375 0.10625
0 0.33046875 0.62109375 0.1078125 0.1140625
0 0.34140625 0.8328125 0.0984375 0.115625
0 0.74453125 0.58359375 0.0796875 0.1203125
0 0.57578125 0.20703125 0.1140625 0.1125
0 0.0625 0.19609375 0.115625 0.1234375
0 0.61875 0.778125 0.0921875 0.0875
0 0.82734375 0.58125 0.1296875 0.15
0 0.86015625 0.45703125 0.125 0.1078125
0 0.12890625 0.29296875 0.075 0.1015625
0 0.4125 0.89609375 0.065625 0.075
0 0.87109375 0.89296875 0.05625 0.065625
0 0.440625 0.9375 0.0671875 0.059375
0 0.8828125 0.08515625 0.15625 0.1703125
0 0.36875 0.56484375 0.071875 0.084375
0 0.284375 0.76953125 0.0796875 0.0703125
0 0.64765625 0.20703125 0.0765625 0.090625
0 0.9546875 0.6015625 0.0625 0.05625
0 0.7421875 0.19375 0.1390625 0.146875
0 0.69375 0.48125 0.1140625 0.109375
0 0.625 0.60703125 0.053125 0.0515625
0 0.13515625 0.08203125 0.0953125 0.1640625
0 0.6125 0.53203125 0.090625 0.1046875
0 0.50390625 0.665625 0.0765625 0.0703125
0 0.21484375 0.8625 0.1765625 0.171875
0 0.54921875 0.3140625 0.0828125 0.1
0 0.7234375 0.8203125 0.0796875 0.0875
0 0.48359375 0.06015625 0.08125 0.0828125
0 0.21953125 0.19375 0.146875 0.14375
0 0.9078125 0.72421875 0.1234375 0.10625
0 0.6609375 0.72734375 0.09375 0.09375
0 0.0640625 0.33515625 0.1234375 0.1296875
0 0.646875 0.265625 0.059375 0.06875
0 0.41484375 0.725 0.0703125 0.0921875
0 0.39296875 0.05 0.1359375 0.1
0 0.109375 0.421875 0.1140625 0.1390625
0 0.3671875 0.103125 0.0796875 0.10625
0 0.9234375 0.340625 0.1375 0.1578125
0 0.34140625 0.7125 0.059375 0.0546875
0 0.85546875 0.2453125 0.1328125 0.1234375
0 0.9390625 0.64296875 0.11875 0.1109375
0 0.31484375 0.2640625 0.13125 0.121875
0 0.70390625 0.5546875 0.046875 0.0671875