0 0.26484375 0.4609375 0.2328125 0.1296875
0 0.1265625 0.925 0.1859375 0.146875
0 0.6515625 0.92421875 0.2546875 0.15
0 0.2796875 0.33203125 0.2125 0.1546875
0 0.87265625 0.853125 0.253125 0.228125
0 0.81796875 0.69609375 0.21875 0.1828125
0 0.3421875 0.07421875 0.1625 0.1484375
0 0.075 0.7046875 0.15 0.28125
0 0.58828125 0.103125 0.246875 0.20625
0 0.540625 0.5765625 0.1625 0.1890625
0 0.4515625 0.521875 0.171875 0.1921875
0 0.87578125 0.565625 0.246875 0.184375
0 0.4609375 0.790625 0.15 0.23125
0 0.2640625 0.59375 0.3078125 0.2625
0 0.82890625 0.1953125 0.2046875 0.26875
0 0.88828125 0.3765625 0.2125 0.2328125
0 0.14765625 0.1796875 0.1921875 0.2203125
0 0.65703125 0.55703125 0.159375 0.1921875
0 0.475 0.24765625 0.2671875 0.2953125
0 0.509375 0.40546875 0.1453125 0.1484375
0 0.1265625 0.36640625 0.1421875 0.1859375
0 0.53359375 0.734375 0.178125 0.16875
0 0.71484375 0.27578125 0.1328125 0.1796875
0 0.14921875 0.75546875 0.2203125 0.2671875
0 0.7875 0.06171875 0.1890625 0.1234375
0 0.29375 0.20546875 0.1578125 0.178125
0 0.3234375 0.90234375 0.2765625 0.19375
0 0.32578125 0.740625 0.19375 0.178125