0 0.36640625 0.47890625 0.0703125 0.0375
0 0.50234375 0.25390625 0.090625 0.1078125
0 0.96015625 0.8046875 0.078125 0.071875
0 0.18515625 0.13828125 0.1 0.0984375
0 0.759375 0.753125 0.046875 0.0421875
0 0.72265625 0.55390625 0.05625 0.075
0 0.8546875 0.83828125 0.0921875 0.0765625
0 0.309375 0.37109375 0.09375 0.1140625
0 0.7328125 0.45390625 0.0578125 0.05
0 0.70546875 0.875 0.0953125 0.1109375
0 0.9328125 0.85 0.0828125 0.1078125
0 0.8765625 0.78046875 0.078125 0.0703125
0 0.375 0.32421875 0.1109375 0.0875
0 0.79375 0.4171875 0.053125 0.0625
0 0.5078125 0.940625 0.1140625 0.084375
0 0.31953125 0.93359375 0.0703125 0.0765625
0 0.6015625 0.7421875 0.121875 0.0859375
0 0.759375 0.80546875 0.0578125 0.05
0 0.21796875 0.6125 0.0921875 0.096875
0 0.7328125 0.71015625 0.0828125 0.0859375
0 0.71328125 0.259375 0.0875 0.059375
0 0.509375 0.81015625 0.0546875 0.053125
0 0.3578125 0.75078125 0.0609375 0.06875
0 0.51640625 0.19375 0.084375 0.0640625
0 0.49140625 0.6140625 0.0421875 0.05
0 0.6390625 0.8046875 0.053125 0.0671875
0 0.871875 0.5015625 0.0609375 0.0671875
0 0.0515625 0.328125 0.1 0.0921875
0 0.8015625 0.696875 0.0796875 0.06875
0 0.6703125 0.575 0.05625 0.0421875
0 0.61328125 0.04453125 0.0890625 0.0890625
0 0.8828125 0.67265625 0.0859375 0.1
0 0.58671875 0.13671875 0.103125 0.10625
0 0.42265625 0.65703125 0.0515625 0.0421875
0 0.7890625 0.5546875 0.0640625 0.071875
0 0.06875 0.55 0.13125 0.1171875
0 0.64453125 0.28984375 0.05625 0.0578125
0 0.37578125 0.82265625 0.0828125 0.0796875
0 0.31875 0.79609375 0.0546875 0.06875
0 0.17109375 0.35390625 0.1 0.10625
0 0.71484375 0.31171875 0.071875 0.0625
0 0.6796875 0.69453125 0.0390625 0.05
0 0.6265625 0.96484375 0.09375 0.06875
0 0.5984375 0.5015625 0.0484375 0.0546875
0 0.140625 0.72734375 0.0875 0.0578125
0 0.5125 0.415625 0.0515625 0.053125
0 0.35703125 0.64453125 0.0390625 0.046875
0 0.61015625 0.428125 0.0875 0.08125
0 0.5171875 0.8625 0.0359375 0.03125
0 0.32890625 0.875 0.0390625 0.053125
0 0.08046875 0.15625 0.1265625 0.0828125
0 0.6078125 0.9046875 0.103125 0.0640625
0 0.16875 0.9203125 0.0609375 0.0703125
0 0.55 0.075 0.0953125 0.090625
0 0.13125 0.2296875 0.084375 0.1171875
0 0.07578125 0.94921875 0.059375 0.0546875
0 0.4140625 0.61171875 0.0484375 0.0484375
0 0.571875 0.5296875 0.053125 0.046875
0 0.12890625 0.3890625 0.1 0.121875
0 0.2546875 0.75703125 0.06875 0.0765625
0 0.36875 0.2046875 0.0828125 0.10625
0 0.28203125 0.171875 0.115625 0.13125
0 0.74140625 0.38203125 0.0703125 0.0578125
0 0.62578125 0.66875 0.0609375 0.06875
0 0.56796875 0.67890625 0.04375 0.0453125
0 0.88515625 0.35 0.0984375 0.084375
0 0.28828125 0.275 0.08125 0.0796875
0 0.68671875 0.7375 0.0453125 0.04375
0 0.690625 0.41953125 0.078125 0.075
0 0.3796875 0.8859375 0.0734375 0.0734375
0 0.1484375 0.7859375 0.084375 0.0875
0 0.20703125 0.29296875 0.1078125 0.1078125
0 0.12890625 0.6 0.084375 0.0875
0 0.5453125 0.5671875 0.0453125 0.0390625
0 0.07734375 0.0828125 0.0890625 0.0796875
0 0.06171875 0.415625 0.078125 0.084375
0 0.26484375 0.8890625 0.0703125 0.0828125
0 0.2140625 0.51953125 0.1078125 0.0953125
0 0.66171875 0.6328125 0.0921875 0.06875
0 0.5984375 0.859375 0.0953125 0.046875
0 0.228125 0.0578125 0.165625 0.115625
0 0.04453125 0.77265625 0.0484375 0.0578125
0 0.81640625 0.73828125 0.071875 0.0390625
0 0.7140625 0.7828125 0.0578125 0.05
0 0.93671875 0.10546875 0.0859375 0.0921875
0 0.20859375 0.85703125 0.0828125 0.0734375
0 0.825 0.5265625 0.0796875 0.06875
0 0.08984375 0.9 0.0796875 0.0359375
0 0.496875 0.57109375 0.0515625 0.0484375
0 0.928125 0.46953125 0.09375 0.078125
0 0.5078125 0.12890625 0.0890625 0.084375
0 0.25859375 0.42421875 0.1046875 0.1015625
0 0.228125 0.7984375 0.05 0.0515625
0 0.0671875 0.659375 0.09375 0.0921875
0 0.85703125 0.925 0.140625 0.1046875
0 0.47265625 0.42734375 0.0484375 0.05625
0 0.409375 0.51015625 0.05625 0.0421875
0 0.91640625 0.2171875 0.1078125 0.103125
0 0.66015625 0.48203125 0.05 0.0515625
0 0.7640625 0.9140625 0.0640625 0.08125
0 0.221875 0.946875 0.06875 0.071875
0 0.43203125 0.23046875 0.0828125 0.1328125
0 0.9484375 0.334375 0.053125 0.0875
0 0.80703125 0.11328125 0.1078125 0.125
0 0.75390625 0.96484375 0.0828125 0.06875
0 0.64765625 0.35546875 0.0734375 0.0828125
0 0.115625 0.85625 0.0875 0.0796875
0 0.4796875 0.89921875 0.0515625 0.046875
0 0.91015625 0.57265625 0.0671875 0.0609375
0 0.80625 0.20703125 0.0734375 0.084375
0 0.9625 0.665625 0.0671875 0.1109375
0 0.425 0.43984375 0.05 0.0453125
0 0.2734375 0.8140625 0.0453125 0.0671875
0 0.5828125 0.8171875 0.0734375 0.0609375
0 0.9625 0.2828125 0.0609375 0.06875
0 0.796875 0.63125 0.0765625 0.0640625
0 0.45546875 0.73671875 0.115625 0.0671875
0 0.03984375 0.8453125 0.0796875 0.1015625