0 0.4796875 0.53515625 0.3109375 0.2796875
0 0.1453125 0.47109375 0.290625 0.3328125
0 0.9 0.90703125 0.1953125 0.18125
0 0.49375 0.91953125 0.325 0.159375
0 0.915625 0.7734375 0.1640625 0.2625
0 0.6125 0.28515625 0.175 0.3265625
0 0.259375 0.659375 0.290625 0.3078125
0 0.2359375 0.91953125 0.2140625 0.1578125
0 0.78125 0.81796875 0.1734375 0.15625
0 0.73515625 0.61875 0.2734375 0.2890625
0 0.44921875 0.296875 0.2875 0.2890625
0 0.43828125 0.11015625 0.2359375 0.2203125
0 0.89375 0.53984375 0.2078125 0.253125
0 0.13671875 0.846875 0.2734375 0.3015625
0 0.8765625 0.23984375 0.2453125 0.290625