0 0.2796875 0.46171875 0.0453125 0.0578125
0 0.09375 0.94609375 0.103125 0.1078125
0 0.33515625 0.825 0.109375 0.1078125
0 0.16484375 0.56328125 0.1 0.0875
0 0.103125 0.6859375 0.04375 0.0796875
0 0.078125 0.584375 0.0703125 0.0796875
0 0.0734375 0.8671875 0.109375 0.1078125
0 0.17734375 0.70859375 0.1140625 0.1234375
0 0.26875 0.59765625 0.0546875 0.0640625
0 0.15390625 0.8140625 0.0765625 0.06875
0 0.321875 0.94765625 0.09375 0.071875
0 0.30703125 0.6578125 0.1421875 0.1125
0 0.27734375 0.73671875 0.0953125 0.0765625
0 0.19140625 0.94296875 0.0921875 0.0828125
0 0.05859375 0.75234375 0.090625 0.059375
0 0.29921875 0.8859375 0.0703125 0.0765625
0 0.05 0.69296875 0.0625 0.0828125
0 0.253125 0.82890625 0.1078125 0.109375
0 0.13125 0.434375 0.0828125 0.0703125