0 0.4046875 0.715625 0.1109375 0.1171875
0 0.59375 0.26328125 0.0921875 0.1
0 0.6484375 0.58125 0.1015625 0.1265625
0 0.04921875 0.203125 0.0984375 0.121875
0 0.175 0.67265625 0.1453125 0.1453125
0 0.740625 0.18984375 0.1265625 0.16875
0 0.56015625 0.509375 0.1171875 0.1171875
0 0.5140625 0.9109375 0.14375 0.165625
0 0.70859375 0.45625 0.0984375 0.1359375
0 0.5015625 0.44140625 0.115625 0.1140625
0 0.27265625 0.2109375 0.1140625 0.121875
0 0.46875 0.56796875 0.115625 0.1140625
0 0.13515625 0.09921875 0.175 0.171875
0 0.3015625 0.53671875 0.19375 0.1296875
0 0.28671875 0.65 0.15 0.1328125
0 0.83984375 0.05703125 0.0859375 0.0703125
0 0.92578125 0.46484375 0.14375 0.1265625
0 0.62734375 0.41015625 0.0984375 0.11875
0 0.65078125 0.8421875 0.0921875 0.1265625
0 0.11640625 0.63671875 0.1703125 0.15
0 0.6265625 0.728125 0.09375 0.0921875
0 0.93359375 0.5765625 0.109375 0.1109375
0 0.0875 0.54296875 0.175 0.115625
0 0.15703125 0.40625 0.1765625 0.209375
0 0.86953125 0.6671875 0.115625 0.1
0 0.346875 0.05546875 0.115625 0.1109375
0 0.09296875 0.88515625 0.1859375 0.228125
0 0.821875 0.22734375 0.1296875 0.1109375
0 0.4875 0.70859375 0.140625 0.11875
0 0.75078125 0.6203125 0.1390625 0.15625
0 0.23359375 0.753125 0.1203125 0.0859375
0 0.81484375 0.56875 0.134375 0.1296875
0 0.37421875 0.28671875 0.2109375 0.19375
0 0.6171875 0.12890625 0.184375 0.1890625
0 0.56953125 0.6234375 0.1125 0.146875
0 0.175 0.92734375 0.19375 0.1453125
0 0.33984375 0.4296875 0.1625 0.1578125
0 0.81640625 0.12265625 0.15 0.1140625
0 0.92890625 0.81875 0.1390625 0.1875
0 0.37890625 0.9078125 0.178125 0.184375
0 0.79765625 0.43359375 0.1171875 0.1109375
0 0.69140625 0.053125 0.1140625 0.10625
0 0.45546875 0.0984375 0.103125 0.1625
0 0.9375 0.1234375 0.1234375 0.1453125
0 0.9578125 0.3671875 0.084375 0.103125
0 0.7015625 0.33515625 0.1140625 0.121875
0 0.88125 0.91171875 0.153125 0.175
0 0.48828125 0.2609375 0.1 0.078125
0 0.62265625 0.94609375 0.1796875 0.1078125
0 0.56796875 0.81875 0.096875 0.1234375
0 0.85 0.34375 0.1265625 0.1109375
0 0.3671875 0.14375 0.1265625 0.1046875
0 0.446875 0.6359375 0.0875 0.0609375
0 0.71640625 0.709375 0.109375 0.1140625
0 0.28671875 0.828125 0.178125 0.196875
0 0.559375 0.046875 0.1171875 0.09375
0 0.9140625 0.2703125 0.1015625 0.115625
0 0.7578125 0.93203125 0.1328125 0.1203125
0 0.23984375 0.403125 0.08125 0.121875
0 0.1 0.47109375 0.115625 0.128125
0 0.9546875 0.6953125 0.090625 0.1015625
0 0.75390625 0.80859375 0.165625 0.1484375
0 0.42421875 0.79453125 0.0953125 0.08125