0 0.18828125 0.12734375 0.103125 0.11875
0 0.23671875 0.80546875 0.1390625 0.1390625
0 0.946875 0.5875 0.1046875 0.1265625
0 0.103125 0.77578125 0.1453125 0.1140625
0 0.1359375 0.4703125 0.153125 0.090625
0 0.890625 0.2875 0.0875 0.1625
0 0.334375 0.54140625 0.0921875 0.1140625
0 0.603125 0.74921875 0.1296875 0.1015625
0 0.72578125 0.475 0.096875 0.090625
0 0.10234375 0.5296875 0.103125 0.0734375
0 0.78984375 0.25 0.1265625 0.1609375
0 0.3046875 0.42421875 0.0953125 0.10625
0 0.1453125 0.234375 0.1109375 0.109375
0 0.565625 0.109375 0.109375 0.128125
0 0.52578125 0.88125 0.0921875 0.084375
0 0.34921875 0.19140625 0.0765625 0.078125
0 0.78828125 0.784375 0.1125 0.1015625
0 0.33828125 0.084375 0.08125 0.1109375
0 0.1828125 0.6171875 0.0921875 0.0796875
0 0.546875 0.509375 0.0953125 0.1
0 0.89453125 0.484375 0.1296875 0.11875
0 0.90625 0.17578125 0.0875 0.09375
0 0.81640625 0.90234375 0.1328125 0.1484375
0 0.32109375 0.31640625 0.125 0.1078125
0 0.44375 0.5 0.1265625 0.140625
0 0.8046875 0.03203125 0.08125 0.0640625
0 0.44453125 0.1859375 0.0859375 0.0828125
0 0.63828125 0.07265625 0.08125 0.09375
0 0.6296875 0.29453125 0.1890625 0.1453125
0 0.05859375 0.62890625 0.1171875 0.134375
0 0.18046875 0.3265625 0.134375 0.11875
0 0.8875 0.6625 0.103125 0.090625
0 0.64453125 0.38125 0.1375 0.1015625
0 0.24296875 0.540625 0.1234375 0.1265625
0 0.34453125 0.9375 0.153125 0.1234375
0 0.7203125 0.1765625 0.0828125 0.1015625
0 0.8125 0.55859375 0.1171875 0.1421875
0 0.93125 0.45625 0.115625 0.1015625
0 0.07265625 0.05859375 0.1234375 0.109375
0 0.45625 0.715625 0.1109375 0.1078125
0 0.60859375 0.634375 0.175 0.15625
0 0.6765625 0.94140625 0.1078125 0.115625
0 0.35 0.71640625 0.1 0.125
0 0.48984375 0.28203125 0.103125 0.1546875
0 0.76796875 0.1234375 0.0875 0.096875
0 0.40546875 0.44140625 0.1203125 0.115625
0 0.84375 0.746875 0.1140625 0.0953125
0 0.13984375 0.81875 0.09375 0.1109375