0 0.9171875 0.51796875 0.1640625 0.178125
0 0.3203125 0.9265625 0.1078125 0.0984375
0 0.3828125 0.91640625 0.078125 0.0703125
0 0.0546875 0.58359375 0.109375 0.0671875
0 0.671875 0.8015625 0.1109375 0.1359375
0 0.059375 0.428125 0.096875 0.06875
0 0.4015625 0.81328125 0.153125 0.1578125
0 0.9109375 0.6328125 0.15625 0.109375
0 0.8984375 0.7109375 0.203125 0.165625
0 0.959375 0.940625 0.08125 0.1109375
0 0.88671875 0.93515625 0.1546875 0.128125
0 0.23984375 0.16328125 0.1015625 0.0765625
0 0.628125 0.925 0.1359375 0.1484375
0 0.3046875 0.85078125 0.0953125 0.109375
0 0.2015625 0.5078125 0.2125 0.196875
0 0.490625 0.84453125 0.090625 0.103125
0 0.64453125 0.09375 0.128125 0.18125
0 0.328125 0.2171875 0.0796875 0.078125
0 0.4953125 0.9390625 0.140625 0.1203125
0 0.16796875 0.35 0.0875 0.0921875
0 0.14453125 0.2671875 0.0765625 0.05
0 0.046875 0.22265625 0.09375 0.10625
0 0.55 0.21171875 0.234375 0.2375
0 0.52890625 0.70703125 0.1 0.11875
0 0.271875 0.740625 0.11875 0.1390625
0 0.37890625 0.67578125 0.159375 0.171875
0 0.20234375 0.90234375 0.134375 0.1890625
0 0.1328125 0.19375 0.0875 0.11875
0 0.91953125 0.82734375 0.159375 0.1421875
0 0.31328125 0.33984375 0.1859375 0.2171875
0 0.38046875 0.13125 0.1296875 0.13125
0 0.52421875 0.05625 0.128125 0.1125
0 0.66015625 0.6671875 0.121875 0.109375
0 0.05625 0.1140625 0.1125 0.1234375
0 0.196875 0.20859375 0.1125 0.1015625
0 0.06484375 0.334375 0.1296875 0.128125
0 0.76875 0.53359375 0.1890625 0.1984375
0 0.45 0.921875 0.0890625 0.0984375
0 0.7875 0.8296875 0.1078125 0.1296875
0 0.9 0.35703125 0.2 0.1890625
0 0.46171875 0.31484375 0.171875 0.15
0 0.17421875 0.11328125 0.0953125 0.0921875
0 0.234375 0.0828125 0.109375 0.109375
0 0.225 0.2546875 0.0828125 0.0765625
0 0.56640625 0.7875 0.1140625 0.140625
0 0.73359375 0.9515625 0.096875 0.0953125
0 0.71328125 0.859375 0.071875 0.1015625
0 0.27734375 0.034375 0.0625 0.0453125
0 0.53359375 0.57109375 0.14375 0.1421875
0 0.3375 0.08515625 0.1109375 0.1203125
0 0.41484375 0.23125 0.109375 0.09375