0 0.54765625 0.79375 0.071875 0.053125
0 0.9765625 0.5484375 0.046875 0.0484375
0 0.05625 0.19765625 0.046875 0.053125
0 0.11796875 0.55703125 0.065625 0.0765625
0 0.7703125 0.52734375 0.040625 0.04375
0 0.2671875 0.42109375 0.040625 0.05625
0 0.67265625 0.653125 0.0515625 0.046875
0 0.70859375 0.3171875 0.0703125 0.0625
0 0.15703125 0.28125 0.05625 0.05
0 0.7015625 0.76484375 0.0484375 0.0671875
0 0.70859375 0.8171875 0.0625 0.0609375
0 0.20625 0.3421875 0.040625 0.034375
0 0.34296875 0.22421875 0.0515625 0.0625
0 0.27421875 0.1 0.06875 0.065625
0 0.22890625 0.6125 0.0484375 0.0484375
0 0.92578125 0.49296875 0.071875 0.0671875
0 0.64453125 0.06484375 0.053125 0.0515625
0 0.55390625 0.33671875 0.04375 0.05
0 0.16484375 0.515625 0.0609375 0.06875
0 0.296875 0.20625 0.0390625 0.0375
0 0.1875 0.90234375 0.0515625 0.05625
0 0.45234375 0.78515625 0.0515625 0.046875
0 0.83125 0.5234375 0.078125 0.0828125
0 0.32890625 0.61484375 0.034375 0.046875
0 0.4625 0.228125 0.0640625 0.059375
0 0.76484375 0.04296875 0.0765625 0.0671875
0 0.4859375 0.38359375 0.0734375 0.046875
0 0.3046875 0.70625 0.0546875 0.0375
0 0.35859375 0.63046875 0.04375 0.0546875
0 0.45078125 0.09765625 0.04375 0.05625
0 0.7734375 0.290625 0.05625 0.059375
0 0.75546875 0.18515625 0.046875 0.05625
0 0.19140625 0.1234375 0.05625 0.0734375
0 0.1765625 0.36328125 0.05625 0.0609375
0 0.36015625 0.29296875 0.0578125 0.065625
0 0.228125 0.8578125 0.0515625 0.0703125
0 0.6953125 0.2046875 0.0484375 0.0421875
0 0.3984375 0.9234375 0.0953125 0.109375
0 0.8234375 0.8859375 0.0453125 0.0453125
0 0.16953125 0.46171875 0.078125 0.0546875
0 0.6921875 0.0703125 0.05625 0.0421875
0 0.490625 0.19765625 0.053125 0.0453125
0 0.4375 0.42890625 0.0515625 0.046875
0 0.7734375 0.95234375 0.1265625 0.09375
0 0.61796875 0.265625 0.05 0.0625
0 0.09765625 0.21015625 0.05625 0.053125
0 0.84765625 0.4609375 0.0625 0.0640625
0 0.91875 0.9203125 0.159375 0.1546875
0 0.74921875 0.37578125 0.0375 0.03125
0 0.834375 0.29375 0.0328125 0.0546875
0 0.13125 0.12109375 0.053125 0.0484375
0 0.50625 0.35234375 0.053125 0.0578125
0 0.7875 0.221875 0.053125 0.0625
0 0.0640625 0.13671875 0.0609375 0.05625
0 0.37421875 0.15234375 0.0546875 0.05625
0 0.5484375 0.68359375 0.065625 0.0671875
0 0.4453125 0.471875 0.0484375 0.046875
0 0.365625 0.36875 0.084375 0.0546875
0 0.44140625 0.62578125 0.05625 0.0578125
0 0.203125 0.25546875 0.0515625 0.0421875
0 0.55 0.8515625 0.0859375 0.078125
0 0.2578125 0.2984375 0.046875 0.0484375
0 0.28984375 0.240625 0.046875 0.0453125
0 0.1015625 0.47421875 0.0625 0.0640625
0 0.203125 0.20703125 0.0421875 0.046875
0 0.359375 0.7375 0.0734375 0.0859375
0 0.23828125 0.33515625 0.040625 0.046875
0 0.9375 0.3609375 0.0625 0.0828125
0 0.32734375 0.8796875 0.0703125 0.08125
0 0.5375 0.89453125 0.115625 0.075
0 0.12890625 0.871875 0.06875 0.071875
0 0.77734375 0.41484375 0.0359375 0.0390625
0 0.084375 0.2578125 0.0515625 0.046875
0 0.69453125 0.3875 0.071875 0.0546875
0 0.83125 0.22578125 0.05625 0.06875
0 0.7625 0.6703125 0.06875 0.05625
0 0.3140625 0.5296875 0.0796875 0.090625
0 0.59453125 0.05078125 0.0421875 0.0609375
0 0.40625 0.24609375 0.0640625 0.059375
0 0.51328125 0.30078125 0.04375 0.040625
0 0.484375 0.4296875 0.05625 0.05625
0 0.665625 0.709375 0.05 0.0515625
0 0.778125 0.871875 0.0578125 0.0578125
0 0.3109375 0.27265625 0.0453125 0.046875
0 0.6921875 0.4890625 0.053125 0.0546875
0 0.60703125 0.121875 0.065625 0.078125
0 0.3 0.653125 0.0546875 0.053125
0 0.62109375 0.19765625 0.046875 0.0640625
0 0.80078125 0.16015625 0.0671875 0.0671875
0 0.62109375 0.3171875 0.059375 0.0578125
0 0.21171875 0.5296875 0.0484375 0.04375
0 0.31484375 0.2984375 0.034375 0.0375
0 0.65 0.43828125 0.05 0.05
0 0.57265625 0.375 0.0453125 0.046875
0 0.10078125 0.3421875 0.0796875 0.059375
0 0.72421875 0.2640625 0.05 0.0515625
0 0.50234375 0.65859375 0.046875 0.04375
0 0.378125 0.41328125 0.0671875 0.0703125
0 0.53125 0.7375 0.0546875 0.0515625
0 0.88125 0.2875 0.0671875 0.084375
0 0.58125 0.4625 0.0984375 0.0953125
0 0.4375 0.7296875 0.0734375 0.0734375
0 0.740625 0.71484375 0.0484375 0.046875
0 0.4515625 0.8578125 0.0546875 0.0515625
0 0.33359375 0.13359375 0.059375 0.065625
0 0.19453125 0.6015625 0.0390625 0.040625
0 0.29765625 0.409375 0.04375 0.0453125
0 0.18125 0.31796875 0.059375 0.040625
0 0.83828125 0.6609375 0.04375 0.0453125
0 0.49375 0.471875 0.0484375 0.0421875
0 0.6578125 0.8265625 0.05625 0.059375
0 0.96484375 0.66015625 0.053125 0.05625
0 0.803125 0.3984375 0.0359375 0.0453125
0 0.86796875 0.38671875 0.0921875 0.1109375
0 0.25703125 0.55625 0.053125 0.04375
0 0.734375 0.428125 0.040625 0.0625
0 0.14375 0.2140625 0.0546875 0.05625
0 0.66796875 0.95390625 0.0921875 0.0875