0 0.15 0.08203125 0.1546875 0.11875
0 0.859375 0.1046875 0.1796875 0.1640625
0 0.74140625 0.08203125 0.190625 0.1640625
0 0.746875 0.8265625 0.1359375 0.1421875
0 0.31796875 0.51015625 0.196875 0.18125
0 0.95 0.45546875 0.096875 0.178125
0 0.61171875 0.24609375 0.1421875 0.1328125
0 0.63359375 0.64375 0.1625 0.1578125
0 0.109375 0.87578125 0.121875 0.1359375
0 0.48828125 0.73046875 0.165625 0.1875
0 0.8015625 0.24375 0.146875 0.1296875
0 0.04609375 0.884375 0.0921875 0.178125
0 0.709375 0.69921875 0.0859375 0.090625
0 0.90078125 0.80703125 0.1234375 0.1390625
0 0.8671875 0.915625 0.1546875 0.153125
0 0.75234375 0.62734375 0.0875 0.08125
0 0.5984375 0.4859375 0.1890625 0.209375
0 0.7734375 0.940625 0.1578125 0.1171875
0 0.85234375 0.4296875 0.1171875 0.1109375
0 0.0484375 0.46796875 0.096875 0.140625
0 0.37734375 0.7046875 0.0921875 0.0703125
0 0.2171875 0.86328125 0.103125 0.1421875
0 0.075 0.28359375 0.15 0.1828125
0 0.4875 0.18984375 0.1734375 0.1890625
0 0.8109375 0.75 0.121875 0.125
0 0.3484375 0.0734375 0.1875 0.146875
0 0.0640625 0.78984375 0.115625 0.13125
0 0.63828125 0.37421875 0.153125 0.140625
0 0.16328125 0.40078125 0.1734375 0.1515625
0 0.85625 0.6296875 0.125 0.1671875
0 0.625 0.13203125 0.1859375 0.1828125
0 0.3171875 0.6609375 0.146875 0.1546875
0 0.9171875 0.240625 0.1625 0.1921875
0 0.5859375 0.05390625 0.14375 0.1078125
0 0.40625 0.56640625 0.1109375 0.1328125
0 0.275 0.13046875 0.1390625 0.1796875
0 0.36484375 0.790625 0.1703125 0.125
0 0.93671875 0.628125 0.1234375 0.2171875
0 0.14765625 0.52421875 0.1484375 0.14375
0 0.178125 0.63359375 0.1625 0.1515625
0 0.1390625 0.21171875 0.1703125 0.1796875
0 0.65234375 0.80390625 0.11875 0.128125
0 0.3234375 0.8609375 0.1015625 0.0765625
0 0.1484375 0.740625 0.1734375 0.153125
0 0.72265625 0.534375 0.15625 0.1640625
0 0.34140625 0.93671875 0.1921875 0.1234375
0 0.46484375 0.94375 0.134375 0.109375