0 0.921875 0.90078125 0.1546875 0.1890625
0 0.7984375 0.04765625 0.1453125 0.0953125
0 0.54375 0.18359375 0.171875 0.19375
0 0.2890625 0.72421875 0.1203125 0.128125
0 0.0703125 0.57578125 0.140625 0.1359375
0 0.51796875 0.43359375 0.0828125 0.0875
0 0.53046875 0.72578125 0.1328125 0.1703125
0 0.25625 0.58125 0.1546875 0.15
0 0.6734375 0.30546875 0.1921875 0.2203125
0 0.62421875 0.80546875 0.13125 0.1578125
0 0.66484375 0.65625 0.16875 0.1421875
0 0.734375 0.5015625 0.11875 0.1265625
0 0.828125 0.828125 0.121875 0.1484375
0 0.590625 0.90234375 0.1296875 0.125
0 0.9390625 0.565625 0.1203125 0.1484375
0 0.6125 0.4859375 0.13125 0.1421875
0 0.428125 0.521875 0.13125 0.146875
0 0.4375 0.09921875 0.1578125 0.1765625
0 0.2171875 0.78515625 0.153125 0.1296875
0 0.1046875 0.7140625 0.1125 0.11875
0 0.1015625 0.47109375 0.1609375 0.1390625
0 0.828125 0.615625 0.1546875 0.1765625
0 0.27421875 0.90859375 0.1890625 0.178125
0 0.70546875 0.56875 0.10625 0.103125
0 0.4546875 0.315625 0.2078125 0.20625
0 0.75234375 0.1421875 0.2203125 0.1890625
0 0.2015625 0.3359375 0.121875 0.1203125
0 0.8765625 0.21171875 0.1625 0.1421875
0 0.48515625 0.909375 0.1390625 0.1796875
0 0.06171875 0.0640625 0.1234375 0.128125
0 0.4046875 0.70703125 0.1203125 0.115625
0 0.32109375 0.43125 0.178125 0.203125
0 0.85234375 0.35703125 0.115625 0.1140625
0 0.0984375 0.93203125 0.1734375 0.134375
0 0.71875 0.78203125 0.121875 0.1421875
0 0.415625 0.6234375 0.0796875 0.0671875
0 0.0953125 0.23828125 0.1828125 0.1640625
0 0.5609375 0.38984375 0.128125 0.103125
0 0.0578125 0.3390625 0.115625 0.125
0 0.2265625 0.115625 0.2140625 0.221875