0 0.33515625 0.1078125 0.159375 0.215625
0 0.47890625 0.16796875 0.2421875 0.25
0 0.225 0.45 0.1625 0.2
0 0.7734375 0.81875 0.2171875 0.1734375
0 0.77421875 0.43203125 0.2328125 0.20625
0 0.1609375 0.55546875 0.159375 0.171875
0 0.771875 0.28828125 0.165625 0.1859375
0 0.25390625 0.8265625 0.2671875 0.3
0 0.08203125 0.096875 0.1421875 0.19375
0 0.08046875 0.8125 0.1609375 0.265625
0 0.09765625 0.3765625 0.1953125 0.24375
0 0.65 0.26484375 0.1609375 0.1390625
0 0.58828125 0.4109375 0.2390625 0.240625
0 0.40234375 0.5765625 0.240625 0.196875
0 0.278125 0.28125 0.1703125 0.1796875
0 0.446875 0.71484375 0.2328125 0.2578125
0 0.10546875 0.2078125 0.1640625 0.13125
0 0.34453125 0.7484375 0.1234375 0.1734375
0 0.66796875 0.11015625 0.1953125 0.2046875
0 0.6859375 0.6375 0.2828125 0.2671875
0 0.8734375 0.615625 0.253125 0.25625
0 0.93359375 0.4796875 0.13125 0.1828125
0 0.45 0.38046875 0.190625 0.228125
0 0.19140625 0.10234375 0.1578125 0.2046875
0 0.9078125 0.1703125 0.1828125 0.3078125
0 0.58828125 0.80390625 0.1734375 0.18125
0 0.3234375 0.48046875 0.1671875 0.228125