0 0.63125 0.87578125 0.0375 0.0421875
0 0.42890625 0.5703125 0.05 0.0328125
0 0.65 0.3390625 0.05625 0.0609375
0 0.92734375 0.6203125 0.040625 0.0296875
0 0.3296875 0.5515625 0.071875 0.0953125
0 0.8109375 0.0328125 0.0609375 0.065625
0 0.1421875 0.125 0.040625 0.0453125
0 0.80078125 0.2109375 0.0375 0.0328125
0 0.60625 0.053125 0.046875 0.053125
0 0.3765625 0.49140625 0.0390625 0.040625
0 0.221875 0.1625 0.053125 0.053125
0 0.3890625 0.05625 0.053125 0.0390625
0 0.60625 0.16796875 0.0359375 0.0421875
0 0.91328125 0.58515625 0.0453125 0.0375
0 0.40859375 0.50546875 0.0421875 0.040625
0 0.08203125 0.6328125 0.103125 0.0890625
0 0.6 0.85078125 0.040625 0.0578125
0 0.9171875 0.54609375 0.053125 0.0453125
0 0.3625 0.77109375 0.0359375 0.0296875
0 0.4875 0.05078125 0.0796875 0.084375
0 0.24765625 0.7515625 0.046875 0.04375
0 0.6109375 0.53515625 0.0453125 0.0375
0 0.146875 0.29921875 0.0609375 0.0703125
0 0.04296875 0.22890625 0.0421875 0.0453125
0 0.27421875 0.48828125 0.071875 0.040625
0 0.98046875 0.5109375 0.0390625 0.04375
0 0.1390625 0.57578125 0.05 0.053125
0 0.7296875 0.17890625 0.0484375 0.0484375
0 0.27109375 0.0921875 0.0515625 0.0671875
0 0.21796875 0.36171875 0.0375 0.040625
0 0.7046875 0.62265625 0.0671875 0.075
0 0.625 0.371875 0.040625 0.034375
0 0.27265625 0.409375 0.0578125 0.0796875
0 0.0515625 0.45078125 0.0609375 0.071875
0 0.08203125 0.81015625 0.0296875 0.0359375
0 0.76875 0.19921875 0.04375 0.046875
0 0.94609375 0.3109375 0.1 0.06875
0 0.19453125 0.58984375 0.053125 0.0578125
0 0.52734375 0.58203125 0.0578125 0.075
0 0.42578125 0.09375 0.071875 0.0640625
0 0.59140625 0.27421875 0.040625 0.0359375
0 0.50390625 0.38125 0.059375 0.046875
0 0.66484375 0.4671875 0.0625 0.0765625
0 0.309375 0.10234375 0.034375 0.0578125
0 0.9578125 0.071875 0.053125 0.053125
0 0.39453125 0.553125 0.059375 0.0515625
0 0.22265625 0.63046875 0.078125 0.0703125
0 0.93125 0.48125 0.0515625 0.05625
0 0.1125 0.08203125 0.075 0.0515625
0 0.63984375 0.8390625 0.053125 0.040625
0 0.4421875 0.43515625 0.0421875 0.0515625
0 0.2625 0.54140625 0.0765625 0.06875
0 0.7625 0.13828125 0.071875 0.0671875
0 0.68828125 0.796875 0.06875 0.0734375
0 0.8859375 0.665625 0.084375 0.096875
0 0.8125 0.6546875 0.0359375 0.034375
0 0.0953125 0.12890625 0.0375 0.0328125
0 0.88203125 0.94609375 0.0890625 0.1015625
0 0.446875 0.8484375 0.059375 0.053125
0 0.8640625 0.18125 0.0390625 0.0421875
0 0.85859375 0.5625 0.0640625 0.0671875
0 0.38125 0.634375 0.0890625 0.078125
0 0.28125 0.64140625 0.08125 0.05625
0 0.7265625 0.9046875 0.065625 0.06875
0 0.97421875 0.20234375 0.0421875 0.040625
0 0.5640625 0.309375 0.0484375 0.0546875
0 0.065625 0.1546875 0.03125 0.040625
0 0.0921875 0.5609375 0.0625 0.0640625
0 0.59921875 0.48359375 0.08125 0.1015625
0 0.696875 0.92421875 0.0453125 0.053125
0 0.8109375 0.26953125 0.0390625 0.0375
0 0.9546875 0.57265625 0.0359375 0.040625
0 0.47265625 0.5234375 0.0609375 0.0609375
0 0.31171875 0.775 0.0546875 0.053125
0 0.07421875 0.765625 0.0328125 0.0390625
0 0.62109375 0.115625 0.0828125 0.0609375
0 0.46484375 0.28125 0.0578125 0.0609375
0 0.528125 0.85703125 0.115625 0.103125
0 0.5171875 0.31328125 0.040625 0.0421875
0 0.8953125 0.08828125 0.040625 0.0453125
0 0.1703125 0.07734375 0.0453125 0.0453125
0 0.30546875 0.709375 0.0390625 0.04375
0 0.303125 0.95859375 0.0703125 0.078125
0 0.7765625 0.6984375 0.065625 0.071875
0 0.5515625 0.06015625 0.0328125 0.0390625
0 0.9609375 0.94375 0.0640625 0.078125
0 0.64609375 0.92109375 0.0578125 0.0609375
0 0.58046875 0.35625 0.0375 0.03125
0 0.27890625 0.68125 0.028125 0.0421875
0 0.52734375 0.809375 0.053125 0.0515625
0 0.9296875 0.18671875 0.0578125 0.065625
0 0.790625 0.92109375 0.071875 0.071875
0 0.47890625 0.45234375 0.0484375 0.0484375
0 0.796875 0.85078125 0.0671875 0.0609375
0 0.62890625 0.79140625 0.0546875 0.0640625
0 0.225 0.46484375 0.0953125 0.0640625
0 0.046875 0.1 0.040625 0.0375
0 0.3453125 0.053125 0.0484375 0.0484375
0 0.3453125 0.1 0.0453125 0.05625
0 0.5828125 0.4 0.0875 0.0546875
0 0.70390625 0.22265625 0.053125 0.046875
0 0.85 0.2609375 0.040625 0.0328125
0 0.38984375 0.4359375 0.071875 0.0765625