0 0.73359375 0.634375 0.0609375 0.0734375
0 0.77578125 0.9109375 0.040625 0.0546875
0 0.80390625 0.6078125 0.078125 0.0765625
0 0.1828125 0.36484375 0.096875 0.084375
0 0.7703125 0.84140625 0.0703125 0.065625
0 0.1578125 0.41796875 0.059375 0.040625
0 0.73828125 0.95 0.0484375 0.0390625
0 0.915625 0.271875 0.128125 0.0890625
0 0.6359375 0.51953125 0.078125 0.0875
0 0.3546875 0.45078125 0.1 0.0859375
0 0.70703125 0.9140625 0.0671875 0.0546875
0 0.225 0.41796875 0.071875 0.0640625
0 0.68515625 0.64140625 0.065625 0.05625
0 0.70703125 0.43125 0.0609375 0.0765625
0 0.82265625 0.91015625 0.0484375 0.0578125
0 0.70703125 0.55234375 0.05625 0.059375
0 0.72578125 0.890625 0.05625 0.046875
0 0.9234375 0.353125 0.128125 0.1015625
0 0.7078125 0.8390625 0.0625 0.065625
0 0.91015625 0.63125 0.075 0.0828125
0 0.09296875 0.40234375 0.078125 0.06875
0 0.6265625 0.3265625 0.071875 0.0875
0 0.63125 0.7828125 0.0875 0.0859375
0 0.803125 0.94453125 0.0453125 0.05