0 0.5484375 0.45859375 0.0875 0.0796875
0 0.0546875 0.54140625 0.06875 0.075
0 0.14921875 0.3296875 0.0609375 0.0609375
0 0.50703125 0.07578125 0.1296875 0.15
0 0.64609375 0.228125 0.0671875 0.0734375
0 0.38671875 0.81640625 0.103125 0.1265625
0 0.54609375 0.91953125 0.053125 0.078125
0 0.26953125 0.0484375 0.0796875 0.096875
0 0.14375 0.85546875 0.0921875 0.0953125
0 0.2109375 0.84375 0.078125 0.084375
0 0.5703125 0.1171875 0.071875 0.0953125
0 0.8609375 0.20625 0.1078125 0.1015625
0 0.77265625 0.85546875 0.11875 0.103125
0 0.32734375 0.8984375 0.0609375 0.090625
0 0.70703125 0.478125 0.090625 0.0796875
0 0.1171875 0.7375 0.0734375 0.05625
0 0.39921875 0.3546875 0.046875 0.059375
0 0.521875 0.184375 0.065625 0.0625
0 0.75078125 0.571875 0.0765625 0.08125
0 0.27265625 0.30859375 0.0546875 0.0546875
0 0.83984375 0.728125 0.08125 0.0765625
0 0.3609375 0.42421875 0.0765625 0.0859375
0 0.06875 0.48203125 0.1203125 0.1125
0 0.55546875 0.71875 0.0671875 0.0890625
0 0.2875 0.60546875 0.0546875 0.071875
0 0.30703125 0.2078125 0.0484375 0.046875
0 0.3859375 0.19921875 0.103125 0.1
0 0.81640625 0.10625 0.0921875 0.09375
0 0.096875 0.3296875 0.0796875 0.075
0 0.26796875 0.4234375 0.0484375 0.053125
0 0.47421875 0.42734375 0.0546875 0.065625
0 0.11328125 0.68828125 0.1109375 0.084375
0 0.1421875 0.76484375 0.084375 0.0765625
0 0.62265625 0.85 0.040625 0.06875
0 0.1921875 0.640625 0.053125 0.0578125
0 0.25234375 0.79375 0.0703125 0.078125
0 0.4984375 0.8046875 0.0671875 0.075
0 0.76796875 0.06796875 0.103125 0.1359375
0 0.540625 0.2703125 0.065625 0.0640625
0 0.38359375 0.28125 0.053125 0.0703125
0 0.15859375 0.5421875 0.13125 0.125
0 0.3078125 0.4875 0.0546875 0.0765625
0 0.225 0.89453125 0.071875 0.0828125
0 0.4328125 0.57890625 0.0984375 0.1046875
0 0.04609375 0.90703125 0.0921875 0.1359375
0 0.5375 0.23125 0.0515625 0.053125
0 0.65078125 0.54765625 0.0671875 0.065625
0 0.81171875 0.9328125 0.1109375 0.1015625
0 0.72265625 0.225 0.096875 0.090625
0 0.78984375 0.5171875 0.0765625 0.0796875
0 0.69296875 0.32734375 0.0921875 0.0984375
0 0.1109375 0.22890625 0.0546875 0.0484375
0 0.2875 0.83515625 0.0546875 0.0734375
0 0.83515625 0.296875 0.1 0.0796875
0 0.78515625 0.378125 0.1078125 0.1
0 0.75 0.7765625 0.0640625 0.0703125
0 0.06796875 0.05625 0.1015625 0.1078125
0 0.17734375 0.16953125 0.078125 0.0921875
0 0.1859375 0.7015625 0.065625 0.071875
0 0.6578125 0.60625 0.1 0.096875
0 0.27734375 0.71484375 0.0890625 0.0921875
0 0.69140625 0.08515625 0.0640625 0.084375
0 0.6171875 0.12421875 0.0671875 0.08125
0 0.678125 0.7125 0.0921875 0.0828125
0 0.25234375 0.46015625 0.075 0.0640625
0 0.4828125 0.3390625 0.071875 0.06875
0 0.15078125 0.21796875 0.065625 0.065625
0 0.4515625 0.89453125 0.103125 0.1234375