0 0.38203125 0.37109375 0.11875 0.109375
0 0.7109375 0.1046875 0.1 0.11875
0 0.06171875 0.49140625 0.1234375 0.1265625
0 0.48203125 0.4890625 0.234375 0.221875
0 0.76171875 0.72109375 0.1640625 0.103125
0 0.725 0.890625 0.1890625 0.171875
0 0.28125 0.87890625 0.15625 0.1578125
0 0.55625 0.63984375 0.1625 0.15625
0 0.92734375 0.303125 0.1453125 0.2203125
0 0.821875 0.12109375 0.1140625 0.153125
0 0.57265625 0.7421875 0.071875 0.065625
0 0.4078125 0.88828125 0.2078125 0.2203125
0 0.1046875 0.2171875 0.209375 0.2515625
0 0.871875 0.8296875 0.165625 0.1921875
0 0.928125 0.10546875 0.1421875 0.19375
0 0.15390625 0.87890625 0.1421875 0.1890625
0 0.56640625 0.88515625 0.1546875 0.1625
0 0.84140625 0.61640625 0.1515625 0.221875
0 0.275 0.3859375 0.1203125 0.1109375
0 0.85859375 0.43359375 0.1671875 0.1484375
0 0.08984375 0.3765625 0.1796875 0.121875
0 0.68828125 0.4921875 0.2 0.1703125
0 0.634375 0.73046875 0.1109375 0.1171875
0 0.14296875 0.08125 0.1578125 0.1625
0 0.6890625 0.61875 0.1609375 0.1171875
0 0.2484375 0.05390625 0.1078125 0.1078125
0 0.7484375 0.296875 0.228125 0.2328125