0 0.82265625 0.771875 0.0671875 0.115625
0 0.9625 0.27890625 0.0734375 0.06875
0 0.92265625 0.31328125 0.115625 0.125
0 0.0484375 0.78046875 0.0828125 0.0765625
0 0.6578125 0.7703125 0.0890625 0.1109375
0 0.55234375 0.5734375 0.1171875 0.0953125
0 0.83515625 0.29453125 0.0640625 0.0765625
0 0.25234375 0.68515625 0.0875 0.0828125
0 0.703125 0.475 0.096875 0.134375
0 0.08203125 0.6578125 0.0859375 0.0640625
0 0.75703125 0.6984375 0.0828125 0.115625
0 0.309375 0.7078125 0.0828125 0.06875
0 0.17734375 0.59921875 0.0375 0.05625
0 0.8859375 0.14453125 0.0859375 0.1171875
0 0.7015625 0.6953125 0.1140625 0.15625
0 0.20703125 0.7328125 0.0859375 0.121875
0 0.78984375 0.246875 0.0578125 0.065625
0 0.1890625 0.32734375 0.1421875 0.134375
0 0.14140625 0.21171875 0.0875 0.084375
0 0.740625 0.8234375 0.1140625 0.11875
0 0.41953125 0.58359375 0.103125 0.1421875
0 0.16015625 0.76015625 0.0703125 0.0828125
0 0.10703125 0.83671875 0.0859375 0.115625
0 0.9609375 0.16484375 0.078125 0.1609375
0 0.36640625 0.35546875 0.134375 0.1734375
0 0.23515625 0.5796875 0.0859375 0.0828125
0 0.228125 0.8734375 0.146875 0.16875
0 0.665625 0.890625 0.084375 0.1171875
0 0.73125 0.23515625 0.08125 0.0953125
0 0.36640625 0.0515625 0.1015625 0.103125
0 0.6109375 0.096875 0.0828125 0.1
0 0.05078125 0.9125 0.059375 0.10625
0 0.0703125 0.13671875 0.140625 0.16875
0 0.25546875 0.4984375 0.09375 0.0921875
0 0.30859375 0.5875 0.0609375 0.1125
0 0.35859375 0.471875 0.1234375 0.103125
0 0.54453125 0.89765625 0.1375 0.1484375
0 0.575 0.4921875 0.0421875 0.040625
0 0.309375 0.79296875 0.1203125 0.1421875
0 0.259375 0.26328125 0.1 0.1046875
0 0.8625 0.0921875 0.103125 0.1234375
0 0.171875 0.1375 0.0828125 0.0796875
0 0.559375 0.66953125 0.0953125 0.1171875
0 0.09375 0.35546875 0.1 0.1546875
0 0.7703125 0.4875 0.115625 0.11875
0 0.55390625 0.07734375 0.1140625 0.1546875
0 0.509375 0.41796875 0.1734375 0.1875
0 0.72265625 0.078125 0.109375 0.15
0 0.228125 0.634375 0.034375 0.034375
0 0.91953125 0.49296875 0.1609375 0.1625
0 0.8421875 0.515625 0.10625 0.10625
0 0.78828125 0.0984375 0.0765625 0.084375
0 0.75078125 0.153125 0.059375 0.0546875
0 0.9609375 0.70546875 0.075 0.1015625
0 0.5234375 0.49375 0.05 0.04375
0 0.040625 0.83828125 0.0375 0.0515625
0 0.484375 0.63046875 0.0734375 0.0625
0 0.06875 0.30390625 0.1375 0.1421875
0 0.415625 0.9171875 0.15 0.15625
0 0.6328125 0.50625 0.090625 0.0734375
0 0.43828125 0.75859375 0.190625 0.1796875
0 0.61796875 0.66796875 0.0453125 0.0578125
0 0.61875 0.428125 0.09375 0.0875
0 0.56484375 0.7734375 0.0953125 0.1046875
0 0.44921875 0.08046875 0.0890625 0.1453125
0 0.22421875 0.16328125 0.0578125 0.09375
0 0.11484375 0.57265625 0.109375 0.0984375