0 0.584375 0.5421875 0.2234375 0.1953125
0 0.93203125 0.59375 0.134375 0.15625
0 0.41171875 0.6234375 0.271875 0.246875
0 0.075 0.07578125 0.15 0.1515625
0 0.178125 0.52578125 0.2671875 0.2140625
0 0.11875 0.34921875 0.2375 0.240625
0 0.878125 0.2078125 0.240625 0.259375
0 0.21015625 0.69921875 0.25625 0.1921875
0 0.7390625 0.3796875 0.1671875 0.1828125
0 0.50546875 0.30625 0.309375 0.3140625
0 0.8640625 0.38203125 0.1734375 0.1171875
0 0.38828125 0.08203125 0.16875 0.1640625
0 0.8109375 0.8 0.2734375 0.396875
0 0.46640625 0.90390625 0.2015625 0.190625
0 0.78828125 0.178125 0.2203125 0.303125
0 0.32421875 0.19921875 0.1859375 0.159375
0 0.62421875 0.13203125 0.2453125 0.2640625
0 0.29140625 0.3578125 0.18125 0.19375
0 0.05703125 0.13515625 0.1140625 0.1578125
0 0.8609375 0.50859375 0.2515625 0.1875
0 0.59140625 0.7796875 0.3171875 0.309375