0 0.68203125 0.60390625 0.10625 0.096875
0 0.928125 0.3671875 0.1078125 0.09375
0 0.53671875 0.5359375 0.125 0.1609375
0 0.18046875 0.1890625 0.1078125 0.1078125
0 0.22734375 0.14765625 0.11875 0.134375
0 0.13359375 0.22578125 0.11875 0.1359375
0 0.04765625 0.1515625 0.090625 0.1046875
0 0.06953125 0.26953125 0.103125 0.1296875
0 0.45703125 0.10078125 0.09375 0.103125
0 0.83125 0.1453125 0.090625 0.09375
0 0.88671875 0.24609375 0.109375 0.1
0 0.3796875 0.2296875 0.1578125 0.240625
0 0.33671875 0.078125 0.0953125 0.1203125
0 0.11328125 0.115625 0.09375 0.090625
0 0.6875 0.37109375 0.1796875 0.1578125
0 0.81328125 0.31015625 0.1203125 0.109375
0 0.703125 0.209375 0.234375 0.221875
0 0.89921875 0.16171875 0.1109375 0.084375