0 0.37578125 0.89453125 0.1859375 0.2109375
0 0.665625 0.646875 0.215625 0.284375
0 0.48359375 0.7671875 0.1734375 0.13125
0 0.096875 0.68984375 0.19375 0.1625
0 0.534375 0.39375 0.3078125 0.2890625
0 0.18125 0.49375 0.284375 0.2546875
0 0.50078125 0.6921875 0.1484375 0.1015625
0 0.52890625 0.90859375 0.1484375 0.18125
0 0.921875 0.16953125 0.1546875 0.165625
0 0.59296875 0.165625 0.265625 0.3109375
0 0.10625 0.12734375 0.2046875 0.221875
0 0.88671875 0.58046875 0.2265625 0.403125
0 0.13203125 0.40625 0.2640625 0.2515625
0 0.78203125 0.19140625 0.2109375 0.3609375
0 0.2328125 0.2578125 0.240625 0.2375
0 0.353125 0.55859375 0.23125 0.340625
0 0.8421875 0.33671875 0.2453125 0.2046875
0 0.51796875 0.58203125 0.1359375 0.15625
0 0.71484375 0.89609375 0.2484375 0.2078125