0 0.7046875 0.496875 0.3125 0.2296875
0 0.79296875 0.2953125 0.2203125 0.228125
0 0.69921875 0.66484375 0.153125 0.1625
0 0.6625 0.78515625 0.23125 0.246875
0 0.3140625 0.91015625 0.34375 0.1796875
0 0.95 0.61171875 0.0953125 0.240625
0 0.8890625 0.36875 0.16875 0.2234375
0 0.76015625 0.08671875 0.1890625 0.1734375
0 0.115625 0.43671875 0.23125 0.24375
0 0.86171875 0.671875 0.2078125 0.1578125
0 0.3234375 0.0609375 0.1875 0.121875
0 0.5875 0.128125 0.2078125 0.215625
0 0.07109375 0.70859375 0.1421875 0.2390625
0 0.45625 0.053125 0.1265625 0.10625
0 0.87265625 0.0984375 0.1984375 0.196875
0 0.85546875 0.5640625 0.1359375 0.13125
0 0.41953125 0.57109375 0.25625 0.1984375
0 0.7546875 0.9296875 0.1609375 0.1390625
0 0.165625 0.7875 0.23125 0.2671875
0 0.3671875 0.1953125 0.2296875 0.2125
0 0.90859375 0.80546875 0.178125 0.15625
0 0.1375 0.16015625 0.259375 0.290625
0 0.93203125 0.1171875 0.13125 0.23125
0 0.509375 0.69765625 0.1078125 0.18125
0 0.60859375 0.3125 0.253125 0.2265625
0 0.5796875 0.6453125 0.0953125 0.1078125
0 0.86796875 0.90546875 0.1890625 0.1875
0 0.23125 0.62265625 0.2078125 0.196875
0 0.3859375 0.3234375 0.2296875 0.1359375
0 0.5703125 0.8890625 0.2671875 0.2203125
0 0.4109375 0.72109375 0.1375 0.18125
0 0.35703125 0.42890625 0.3140625 0.234375