0 0.60390625 0.8375 0.115625 0.128125
0 0.7234375 0.1703125 0.1078125 0.13125
0 0.47734375 0.9640625 0.06875 0.06875
0 0.04453125 0.30625 0.0890625 0.1
0 0.68515625 0.8703125 0.0859375 0.0875
0 0.571875 0.27109375 0.109375 0.13125
0 0.35234375 0.30234375 0.1359375 0.1171875
0 0.4390625 0.1703125 0.121875 0.1515625
0 0.5421875 0.63984375 0.1140625 0.1234375
0 0.94375 0.33984375 0.1109375 0.1265625
0 0.646875 0.36640625 0.115625 0.1171875
0 0.66875 0.6046875 0.08125 0.0609375
0 0.52109375 0.21328125 0.109375 0.1296875
0 0.05546875 0.3828125 0.1109375 0.115625
0 0.7203125 0.69765625 0.1390625 0.1453125
0 0.1578125 0.171875 0.1421875 0.109375
0 0.596875 0.09765625 0.1046875 0.1265625
0 0.09765625 0.31328125 0.0953125 0.1
0 0.5015625 0.85 0.1125 0.1671875
0 0.30546875 0.93984375 0.090625 0.0921875
0 0.4171875 0.790625 0.1109375 0.0796875
0 0.05703125 0.515625 0.0953125 0.1390625
0 0.6 0.51796875 0.1265625 0.1625
0 0.67265625 0.9640625 0.071875 0.0703125
0 0.2046875 0.96328125 0.0828125 0.071875
0 0.821875 0.1359375 0.1140625 0.1453125
0 0.29453125 0.14609375 0.109375 0.1390625
0 0.36328125 0.821875 0.13125 0.1375
0 0.0984375 0.5 0.1125 0.115625
0 0.196875 0.3515625 0.165625 0.146875
0 0.63046875 0.23125 0.125 0.146875
0 0.68515625 0.06171875 0.1328125 0.1234375
0 0.35625 0.0796875 0.08125 0.1203125
0 0.1265625 0.95546875 0.109375 0.0875
0 0.83203125 0.34609375 0.165625 0.146875
0 0.08359375 0.6109375 0.0890625 0.0734375
0 0.1890625 0.05859375 0.1296875 0.1171875
0 0.37421875 0.5125 0.09375 0.0859375
0 0.8609375 0.73671875 0.1 0.10625
0 0.16328125 0.4515625 0.125 0.1
0 0.7765625 0.89921875 0.1203125 0.1390625
0 0.10390625 0.0703125 0.13125 0.1265625
0 0.54375 0.95859375 0.075 0.0828125
0 0.38828125 0.72265625 0.1109375 0.0796875
0 0.365625 0.19140625 0.0828125 0.1171875
0 0.6328125 0.75390625 0.159375 0.1328125
0 0.71640625 0.9421875 0.0421875 0.053125
0 0.9453125 0.67421875 0.109375 0.103125
0 0.275 0.5 0.103125 0.11875
0 0.92421875 0.21953125 0.15 0.1390625
0 0.3875 0.90703125 0.109375 0.06875
0 0.4765625 0.5203125 0.115625 0.115625
0 0.265625 0.63203125 0.121875 0.096875
0 0.10703125 0.2046875 0.09375 0.1140625
0 0.921875 0.59453125 0.0734375 0.0640625
0 0.94609375 0.846875 0.084375 0.0921875
0 0.4234375 0.6078125 0.134375 0.16875
0 0.7859375 0.81171875 0.1 0.0703125
0 0.03828125 0.16640625 0.0765625 0.0953125
0 0.2296875 0.553125 0.1 0.0953125
0 0.271875 0.8515625 0.1 0.121875
0 0.896875 0.82890625 0.0640625 0.071875
0 0.50390625 0.4109375 0.1234375 0.125
0 0.30625 0.39296875 0.075 0.08125
0 0.3859375 0.4078125 0.125 0.1296875
0 0.8546875 0.93046875 0.059375 0.06875
0 0.2953125 0.6953125 0.1109375 0.103125