0 0.953125 0.234375 0.078125 0.075
0 0.10859375 0.08671875 0.103125 0.0953125
0 0.42734375 0.21328125 0.1015625 0.1
0 0.50234375 0.1875 0.103125 0.1046875
0 0.6484375 0.9296875 0.1390625 0.1390625
0 0.46328125 0.7953125 0.13125 0.1296875
0 0.66015625 0.51953125 0.1015625 0.0921875
0 0.33515625 0.93125 0.10625 0.1375
0 0.8546875 0.5375 0.09375 0.084375
0 0.84921875 0.7953125 0.10625 0.1078125
0 0.21875 0.51171875 0.1640625 0.1234375
0 0.1015625 0.175 0.090625 0.078125
0 0.35859375 0.82421875 0.09375 0.1296875
0 0.546875 0.3765625 0.1390625 0.1265625
0 0.07734375 0.50859375 0.121875 0.125
0 0.3765625 0.3734375 0.1546875 0.15
0 0.753125 0.19921875 0.1375 0.0953125
0 0.39765625 0.28359375 0.096875 0.0921875
0 0.796875 0.05546875 0.09375 0.0875
0 0.06640625 0.621875 0.0625 0.059375
0 0.73046875 0.35703125 0.096875 0.0921875
0 0.72890625 0.9109375 0.090625 0.1421875
0 0.10234375 0.4453125 0.0921875 0.0703125
0 0.2984375 0.509375 0.0875 0.1078125
0 0.5609375 0.5375 0.10625 0.1109375
0 0.275 0.63984375 0.19375 0.1515625
0 0.80625 0.4109375 0.15 0.1046875
0 0.77578125 0.5328125 0.13125 0.1
0 0.90234375 0.67421875 0.1203125 0.0828125
0 0.8671875 0.371875 0.0984375 0.09375
0 0.17109375 0.3109375 0.0890625 0.0953125
0 0.05234375 0.1921875 0.084375 0.0828125
0 0.20390625 0.928125 0.1921875 0.1421875
0 0.946875 0.30859375 0.1046875 0.1171875
0 0.66796875 0.296875 0.11875 0.13125
0 0.11328125 0.7296875 0.1265625 0.1234375
0 0.134375 0.23046875 0.1046875 0.0875
0 0.26953125 0.17421875 0.1453125 0.1703125
0 0.575 0.66015625 0.1234375 0.134375
0 0.921875 0.7859375 0.0875 0.1015625
0 0.453125 0.52578125 0.06875 0.0859375
0 0.04296875 0.25234375 0.0828125 0.084375
0 0.68984375 0.41875 0.1 0.1015625
0 0.82265625 0.471875 0.0828125 0.0625
0 0.634375 0.11953125 0.128125 0.1625
0 0.49140625 0.246875 0.0734375 0.0828125
0 0.19765625 0.77265625 0.1140625 0.1546875
0 0.2078125 0.10078125 0.0953125 0.1171875
0 0.646875 0.590625 0.1078125 0.0875
0 0.56953125 0.284375 0.128125 0.11875
0 0.7890625 0.859375 0.0796875 0.0703125
0 0.04453125 0.74609375 0.0890625 0.1109375
0 0.2046875 0.4078125 0.103125 0.1109375
0 0.865625 0.8828125 0.1203125 0.1140625
0 0.7546875 0.27265625 0.1078125 0.0921875
0 0.26953125 0.859375 0.140625 0.15
0 0.57734375 0.80234375 0.1328125 0.1171875
0 0.6578125 0.69609375 0.125 0.14375
0 0.37265625 0.16796875 0.109375 0.1203125
0 0.61953125 0.1953125 0.10625 0.09375
0 0.48984375 0.615625 0.1109375 0.1265625
0 0.115625 0.5828125 0.11875 0.1234375
0 0.7515625 0.71875 0.0859375 0.0859375
0 0.93046875 0.6296875 0.1109375 0.0796875
0 0.76328125 0.12109375 0.1671875 0.140625
0 0.92421875 0.934375 0.15 0.13125
0 0.79921875 0.6546875 0.13125 0.1265625
0 0.56328125 0.92578125 0.1265625 0.1484375
0 0.1109375 0.40234375 0.1234375 0.0953125
0 0.09375 0.2796875 0.0984375 0.1
0 0.74140625 0.8109375 0.096875 0.1140625
0 0.334375 0.73828125 0.1671875 0.134375
0 0.8671875 0.19375 0.1328125 0.1140625
0 0.246875 0.27734375 0.11875 0.1140625
0 0.79765625 0.92734375 0.084375 0.1046875
0 0.51484375 0.07734375 0.10625 0.109375
0 0.796875 0.75859375 0.0875 0.103125