0 0.759375 0.92421875 0.1421875 0.15
0 0.578125 0.31875 0.221875 0.2265625
0 0.4359375 0.55078125 0.1921875 0.19375
0 0.35625 0.43203125 0.165625 0.140625
0 0.73046875 0.5578125 0.2171875 0.2109375
0 0.08828125 0.425 0.1765625 0.1453125
0 0.659375 0.82265625 0.203125 0.196875
0 0.940625 0.078125 0.115625 0.15625
0 0.85625 0.46484375 0.1359375 0.1453125
0 0.22265625 0.20703125 0.221875 0.2203125
0 0.08671875 0.5375 0.1734375 0.1453125
0 0.62109375 0.14453125 0.3 0.2625
0 0.75703125 0.67890625 0.140625 0.1328125
0 0.31015625 0.69140625 0.33125 0.3296875
0 0.865625 0.31171875 0.2421875 0.203125
0 0.57109375 0.68984375 0.171875 0.175
0 0.2171875 0.075 0.196875 0.15
0 0.38046875 0.2828125 0.2171875 0.2203125
0 0.0515625 0.18359375 0.103125 0.215625
0 0.203125 0.92890625 0.228125 0.1375