0 0.196875 0.51796875 0.209375 0.2015625
0 0.11875 0.7328125 0.16875 0.184375
0 0.36171875 0.65546875 0.240625 0.2625
0 0.275 0.7859375 0.2046875 0.178125
0 0.72578125 0.15 0.1375 0.1375
0 0.4078125 0.08671875 0.16875 0.1734375
0 0.178125 0.203125 0.1625 0.1625
0 0.7921875 0.93203125 0.134375 0.134375
0 0.228125 0.6453125 0.1421875 0.1296875
0 0.64609375 0.3609375 0.2234375 0.1796875
0 0.13359375 0.89609375 0.2671875 0.20625
0 0.91171875 0.18359375 0.14375 0.128125
0 0.41015625 0.2796875 0.2 0.2046875
0 0.85859375 0.115625 0.1515625 0.1375
0 0.2828125 0.3703125 0.103125 0.1375
0 0.38828125 0.4625 0.1078125 0.1078125
0 0.06953125 0.1546875 0.1390625 0.1703125
0 0.88515625 0.29765625 0.1296875 0.178125
0 0.73046875 0.05390625 0.165625 0.1078125
0 0.609375 0.2328125 0.153125 0.15625
0 0.60390625 0.51796875 0.15 0.18125
0 0.76875 0.30078125 0.190625 0.2109375
0 0.4921875 0.509375 0.1 0.1171875
0 0.08515625 0.4109375 0.1703125 0.153125
0 0.09765625 0.29921875 0.1953125 0.146875
0 0.80859375 0.78046875 0.1328125 0.171875
0 0.646875 0.86796875 0.2390625 0.2640625
0 0.91640625 0.921875 0.165625 0.153125
0 0.9390625 0.78203125 0.121875 0.1390625
0 0.475 0.3578125 0.1109375 0.1078125
0 0.0625 0.60390625 0.125 0.1640625
0 0.459375 0.428125 0.0859375 0.0625
0 0.584375 0.125 0.1453125 0.1390625
0 0.52734375 0.065625 0.13125 0.13125
0 0.2890625 0.15 0.153125 0.184375