0 0.3859375 0.5484375 0.115625 0.0734375
0 0.078125 0.6828125 0.13125 0.1125
0 0.3921875 0.9265625 0.121875 0.14375
0 0.28984375 0.89921875 0.1515625 0.15
0 0.9296875 0.696875 0.1390625 0.1515625
0 0.7515625 0.60234375 0.1328125 0.1625
0 0.684375 0.2171875 0.1265625 0.13125
0 0.6484375 0.91484375 0.1296875 0.15
0 0.33046875 0.1375 0.0875 0.1234375
0 0.85234375 0.3140625 0.1546875 0.1625
0 0.46328125 0.0859375 0.0984375 0.1265625
0 0.76796875 0.3546875 0.121875 0.1578125
0 0.10859375 0.7625 0.1015625 0.071875
0 0.8953125 0.540625 0.1125 0.121875
0 0.5546875 0.31328125 0.1265625 0.1203125
0 0.934375 0.41953125 0.13125 0.121875
0 0.83984375 0.60625 0.0859375 0.13125
0 0.8796875 0.89453125 0.1640625 0.1796875
0 0.3578125 0.7703125 0.11875 0.1546875
0 0.41171875 0.321875 0.1453125 0.1640625
0 0.66796875 0.3453125 0.0953125 0.109375
0 0.55390625 0.17265625 0.1921875 0.175
0 0.790625 0.0953125 0.084375 0.1171875
0 0.75703125 0.9046875 0.1625 0.1890625
0 0.4515625 0.66796875 0.115625 0.1265625
0 0.29765625 0.428125 0.19375 0.1875
0 0.1734375 0.2671875 0.128125 0.134375
0 0.4046875 0.109375 0.0921875 0.078125
0 0.534375 0.8984375 0.1171875 0.1234375
0 0.43515625 0.484375 0.153125 0.1453125
0 0.94765625 0.25625 0.103125 0.1390625
0 0.58828125 0.540625 0.19375 0.1890625
0 0.21328125 0.096875 0.184375 0.19375
0 0.61640625 0.76875 0.18125 0.1609375
0 0.28515625 0.7 0.1296875 0.1578125
0 0.7015625 0.0984375 0.1203125 0.15
0 0.57421875 0.69921875 0.1484375 0.1265625
0 0.0515625 0.24609375 0.103125 0.115625
0 0.39453125 0.6109375 0.1390625 0.090625
0 0.82265625 0.2 0.1265625 0.1265625
0 0.82421875 0.75546875 0.19375 0.15625
0 0.12109375 0.296875 0.0765625 0.0609375
0 0.41484375 0.1953125 0.0890625 0.0984375
0 0.2703125 0.2984375 0.1203125 0.1359375