0 0.29375 0.50078125 0.05 0.04375
0 0.5265625 0.1640625 0.0578125 0.05625
0 0.26640625 0.63671875 0.1 0.1390625
0 0.58359375 0.925 0.1359375 0.1140625
0 0.29375 0.1 0.0390625 0.040625
0 0.55859375 0.196875 0.0625 0.0625
0 0.9375 0.859375 0.071875 0.075
0 0.171875 0.0546875 0.0671875 0.046875
0 0.36015625 0.090625 0.06875 0.084375
0 0.8421875 0.521875 0.040625 0.0453125
0 0.4359375 0.32578125 0.084375 0.0703125
0 0.49453125 0.225 0.040625 0.0578125
0 0.60390625 0.03671875 0.0734375 0.0734375
0 0.82265625 0.925 0.0796875 0.1
0 0.51015625 0.3046875 0.0390625 0.0375
0 0.7140625 0.55859375 0.0421875 0.0546875
0 0.68125 0.27265625 0.0359375 0.0390625
0 0.83125 0.484375 0.0328125 0.0375
0 0.8640625 0.3796875 0.0375 0.034375
0 0.91875 0.30625 0.05625 0.06875
0 0.62890625 0.33125 0.0609375 0.065625
0 0.70078125 0.7828125 0.0640625 0.0734375
0 0.8890625 0.23125 0.0515625 0.05625
0 0.8640625 0.1171875 0.0875 0.1
0 0.71640625 0.2796875 0.046875 0.0484375
0 0.8609375 0.35078125 0.0515625 0.040625
0 0.27890625 0.06640625 0.028125 0.04375
0 0.4984375 0.2671875 0.053125 0.04375
0 0.56953125 0.375 0.075 0.065625
0 0.8171875 0.51015625 0.040625 0.034375
0 0.9515625 0.3140625 0.0375 0.04375
0 0.74140625 0.5953125 0.0453125 0.053125
0 0.8875 0.2796875 0.0625 0.0546875
0 0.90546875 0.41171875 0.0296875 0.028125
0 0.7671875 0.475 0.01875 0.0265625
0 0.678125 0.58671875 0.0359375 0.0328125
0 0.65078125 0.45859375 0.0609375 0.05625
0 0.82421875 0.76171875 0.0734375 0.0703125
0 0.67578125 0.41953125 0.0359375 0.0296875
0 0.49296875 0.0625 0.0546875 0.084375
0 0.78828125 0.225 0.0703125 0.0609375
0 0.946875 0.22421875 0.0765625 0.075
0 0.12890625 0.49296875 0.071875 0.0703125
0 0.87421875 0.95546875 0.1078125 0.0875
0 0.8140625 0.390625 0.0578125 0.078125
0 0.69296875 0.5296875 0.0359375 0.028125
0 0.1296875 0.553125 0.0578125 0.05625
0 0.5484375 0.2421875 0.04375 0.0515625
0 0.7875 0.47265625 0.0375 0.0375
0 0.6046875 0.19296875 0.05 0.0546875
0 0.49765625 0.72265625 0.075 0.0640625
0 0.3484375 0.490625 0.0625 0.05
0 0.66796875 0.64921875 0.0421875 0.046875
0 0.18828125 0.0328125 0.0375 0.0421875
0 0.875 0.425 0.0390625 0.04375
0 0.7859375 0.50234375 0.0453125 0.034375
0 0.6796875 0.3125 0.0390625 0.040625
0 0.38671875 0.11796875 0.0609375 0.053125
0 0.16328125 0.1171875 0.0765625 0.10625
0 0.76875 0.159375 0.06875 0.096875
0 0.95859375 0.81640625 0.08125 0.0859375
0 0.81015625 0.06640625 0.05 0.0765625
0 0.728125 0.35546875 0.0390625 0.0390625
0 0.83515625 0.44140625 0.0515625 0.0546875
0 0.6671875 0.221875 0.0703125 0.0671875
0 0.66640625 0.3390625 0.0359375 0.0390625
0 0.6828125 0.47265625 0.0359375 0.0375
0 0.3796875 0.721875 0.0703125 0.0734375
0 0.78828125 0.63515625 0.05 0.04375
0 0.68125 0.56015625 0.0421875 0.040625
0 0.2484375 0.5453125 0.0484375 0.04375
0 0.7421875 0.54609375 0.040625 0.04375
0 0.76484375 0.4 0.0609375 0.059375
0 0.86171875 0.3015625 0.0640625 0.0765625
0 0.63515625 0.24765625 0.071875 0.046875
0 0.06953125 0.559375 0.0640625 0.0609375
0 0.75625 0.33671875 0.028125 0.03125
0 0.81015625 0.43046875 0.034375 0.0328125
0 0.23203125 0.05234375 0.0515625 0.059375
0 0.5515625 0.12890625 0.0671875 0.0609375
0 0.58359375 0.3 0.040625 0.0359375
0 0.63828125 0.28125 0.05625 0.053125
0 0.2859375 0.4515625 0.0625 0.0609375
0 0.61328125 0.1390625 0.0703125 0.0796875
0 0.75390625 0.4546875 0.0328125 0.0484375
0 0.73984375 0.7171875 0.0546875 0.053125
0 0.48125 0.18515625 0.046875 0.0515625
0 0.78828125 0.2890625 0.10625 0.0921875
0 0.5234375 0.21875 0.0359375 0.0515625
0 0.5625 0.28125 0.0734375 0.0671875
0 0.72734375 0.315625 0.040625 0.0390625
0 0.64765625 0.5828125 0.0375 0.040625
0 0.23671875 0.10234375 0.0359375 0.0421875
0 0.44140625 0.74765625 0.0609375 0.06875
0 0.71796875 0.41875 0.0609375 0.0578125
0 0.93515625 0.715625 0.0515625 0.0453125
0 0.70859375 0.16796875 0.0734375 0.0921875
0 0.66171875 0.14921875 0.0578125 0.084375
0 0.73125 0.23125 0.0546875 0.0484375
0 0.2671875 0.12421875 0.0515625 0.0625
0 0.82265625 0.14921875 0.0578125 0.078125