0 0.5625 0.28515625 0.1984375 0.2546875
0 0.56640625 0.80625 0.1890625 0.15625
0 0.63359375 0.88515625 0.1734375 0.1796875
0 0.2546875 0.6859375 0.2125 0.2375
0 0.146875 0.8765625 0.2125 0.2453125
0 0.884375 0.89296875 0.221875 0.1734375
0 0.57578125 0.09453125 0.1953125 0.1890625
0 0.92578125 0.234375 0.1484375 0.2046875
0 0.421875 0.31875 0.196875 0.265625
0 0.6984375 0.92265625 0.225 0.1546875
0 0.5078125 0.56640625 0.225 0.2484375
0 0.09921875 0.6703125 0.1984375 0.2625
0 0.1703125 0.2453125 0.265625 0.2796875
0 0.60390625 0.703125 0.16875 0.1875
0 0.8421875 0.07734375 0.128125 0.1546875
0 0.84453125 0.58984375 0.1125 0.171875
0 0.7046875 0.56796875 0.21875 0.2625
0 0.3484375 0.50625 0.225 0.2125
0 0.415625 0.7046875 0.2046875 0.228125
0 0.29921875 0.88359375 0.15 0.1734375
0 0.1484375 0.58515625 0.2125 0.20625
0 0.6875 0.1453125 0.15 0.11875
0 0.1609375 0.0796875 0.31875 0.159375
0 0.6640625 0.28984375 0.1234375 0.2296875
0 0.446875 0.896875 0.2203125 0.2046875
0 0.790625 0.7640625 0.2125 0.2328125
0 0.87109375 0.4140625 0.25625 0.240625
0 0.29296875 0.28828125 0.13125 0.1578125
0 0.91328125 0.7140625 0.1203125 0.175
0 0.38046875 0.115625 0.1859375 0.2015625
0 0.7796875 0.3015625 0.21875 0.28125
0 0.1125 0.4375 0.215625 0.1734375
0 0.2921875 0.4 0.1359375 0.121875
0 0.71953125 0.08125 0.165625 0.1625