0 0.09453125 0.3375 0.1890625 0.278125
0 0.08671875 0.8328125 0.1734375 0.2484375
0 0.12578125 0.07265625 0.1421875 0.1453125
0 0.5234375 0.3171875 0.115625 0.2015625
0 0.92109375 0.08671875 0.1546875 0.1734375
0 0.87890625 0.92421875 0.1703125 0.15
0 0.84609375 0.84921875 0.2328125 0.146875
0 0.815625 0.6875 0.3078125 0.228125
0 0.73828125 0.37421875 0.16875 0.171875
0 0.13125 0.628125 0.196875 0.1703125
0 0.9625 0.521875 0.0703125 0.084375
0 0.821875 0.25859375 0.1296875 0.196875
0 0.91796875 0.4 0.1609375 0.1796875
0 0.5390625 0.709375 0.2125 0.225
0 0.5015625 0.0859375 0.1984375 0.171875
0 0.70078125 0.878125 0.1390625 0.125
0 0.32890625 0.47109375 0.190625 0.203125
0 0.30390625 0.7015625 0.2875 0.2953125
0 0.6046875 0.45625 0.1671875 0.171875
0 0.6859375 0.2421875 0.184375 0.1484375
0 0.51015625 0.18828125 0.1546875 0.1703125
0 0.77265625 0.10078125 0.2140625 0.2015625
0 0.4703125 0.51171875 0.165625 0.178125
0 0.7328125 0.54453125 0.2015625 0.18125
0 0.19375 0.51328125 0.1703125 0.1578125
0 0.603125 0.3359375 0.1171875 0.128125
0 0.37734375 0.1375 0.2234375 0.275
0 0.509375 0.89609375 0.2890625 0.2046875
0 0.22265625 0.89609375 0.28125 0.20625
0 0.634375 0.1390625 0.184375 0.21875
0 0.42890625 0.33125 0.1421875 0.1875