0 0.0921875 0.196875 0.184375 0.1953125
0 0.8671875 0.10859375 0.25625 0.2171875
0 0.68046875 0.79140625 0.3140625 0.3609375
0 0.10234375 0.91796875 0.2046875 0.1640625
0 0.296875 0.4625 0.2640625 0.2734375
0 0.209375 0.18203125 0.0015625 0.0015625
0 0.60234375 0.5140625 0.2421875 0.221875
0 0.42578125 0.60703125 0.2953125 0.3328125
0 0.52265625 0.2515625 0.2578125 0.371875
0 0.29375 0.88984375 0.2203125 0.2171875
0 0.90390625 0.85078125 0.190625 0.2953125
0 0.1953125 0.3765625 0.134375 0.2
0 0.9078125 0.57109375 0.1796875 0.240625
0 0.26328125 0.21640625 0.2140625 0.23125
0 0.46796875 0.89375 0.16875 0.2078125
0 0.10546875 0.7125 0.2109375 0.2671875
0 0.090625 0.384375 0.13125 0.2203125
0 0.69296875 0.321875 0.1921875 0.2890625