0 0.62578125 0.12890625 0.23125 0.2578125
0 0.340625 0.7265625 0.259375 0.225
0 0.56796875 0.75390625 0.2265625 0.25
0 0.86953125 0.6484375 0.16875 0.1734375
0 0.3671875 0.4203125 0.25 0.2296875
0 0.509375 0.07578125 0.11875 0.1515625
0 0.6578125 0.29296875 0.203125 0.184375
0 0.0703125 0.63046875 0.140625 0.2203125
0 0.17890625 0.765625 0.2078125 0.2890625
0 0.90625 0.3921875 0.1859375 0.2265625
0 0.615625 0.5328125 0.2359375 0.28125
0 0.9 0.2171875 0.1984375 0.1859375
0 0.278125 0.1875 0.20625 0.23125
0 0.709375 0.6953125 0.1 0.121875
0 0.12109375 0.17734375 0.21875 0.2828125
0 0.7296875 0.48828125 0.1640625 0.178125
0 0.74609375 0.61640625 0.08125 0.078125
0 0.69375 0.89609375 0.1171875 0.140625
0 0.525 0.36328125 0.1890625 0.209375
0 0.3828125 0.86328125 0.2125 0.16875
0 0.35625 0.56875 0.190625 0.1484375
0 0.7640625 0.1703125 0.1140625 0.165625
0 0.1484375 0.484375 0.234375 0.2328125
0 0.1828125 0.06484375 0.203125 0.1296875
0 0.91015625 0.80546875 0.1671875 0.1796875
0 0.5859375 0.90625 0.1390625 0.1171875
0 0.82421875 0.865625 0.221875 0.2328125
0 0.40546875 0.26640625 0.178125 0.1734375
0 0.38125 0.121875 0.165625 0.1703125
0 0.05703125 0.81640625 0.1140625 0.1953125
0 0.765625 0.3328125 0.125 0.1375