0 0.1484375 0.46328125 0.11875 0.0921875
0 0.18828125 0.5484375 0.0921875 0.06875
0 0.9140625 0.6390625 0.146875 0.134375
0 0.55078125 0.3671875 0.1078125 0.0953125
0 0.11875 0.1953125 0.0625 0.0796875
0 0.696875 0.44375 0.1078125 0.1109375
0 0.06953125 0.265625 0.1109375 0.0796875
0 0.4171875 0.0640625 0.184375 0.128125
0 0.22421875 0.2609375 0.1203125 0.1203125
0 0.746875 0.1375 0.071875 0.1109375
0 0.65 0.58984375 0.0828125 0.0765625
0 0.4203125 0.225 0.1359375 0.1609375
0 0.1234375 0.9265625 0.115625 0.1359375
0 0.64375 0.6703125 0.1375 0.1203125
0 0.70625 0.3453125 0.146875 0.1109375
0 0.4484375 0.4078125 0.153125 0.1609375
0 0.8875 0.165625 0.1 0.0875
0 0.5890625 0.1515625 0.09375 0.1015625
0 0.49609375 0.5875 0.11875 0.1359375
0 0.63203125 0.8609375 0.06875 0.0921875
0 0.84765625 0.07265625 0.1578125 0.1453125
0 0.2 0.1546875 0.1515625 0.146875
0 0.66953125 0.77421875 0.1296875 0.1109375
0 0.92578125 0.4046875 0.11875 0.1625
0 0.0765625 0.06484375 0.1265625 0.1109375
0 0.928125 0.9046875 0.1421875 0.1890625
0 0.82421875 0.48984375 0.15625 0.153125
0 0.534375 0.7109375 0.1015625 0.1140625
0 0.0859375 0.703125 0.171875 0.15625
0 0.8671875 0.73359375 0.1265625 0.1546875
0 0.34375 0.18515625 0.071875 0.1046875
0 0.26015625 0.0515625 0.103125 0.090625
0 0.10546875 0.58359375 0.109375 0.0859375
0 0.334375 0.28046875 0.125 0.0921875
0 0.31875 0.4171875 0.096875 0.0828125
0 0.471875 0.75625 0.1 0.1078125
0 0.3609375 0.66328125 0.103125 0.109375
0 0.37421875 0.9109375 0.103125 0.146875
0 0.07421875 0.88671875 0.14375 0.1375
0 0.70703125 0.2484375 0.16875 0.1359375
0 0.3671875 0.3375 0.06875 0.06875
0 0.33125 0.49921875 0.090625 0.096875
0 0.49921875 0.8828125 0.109375 0.1390625
0 0.46171875 0.5046875 0.0703125 0.065625
0 0.56953125 0.27890625 0.1015625 0.0890625
0 0.0515625 0.4828125 0.103125 0.1359375
0 0.7875 0.15390625 0.06875 0.103125
0 0.54296875 0.49375 0.0765625 0.0546875
0 0.80859375 0.81640625 0.1015625 0.121875
0 0.55625 0.81328125 0.096875 0.0921875
0 0.64921875 0.5140625 0.103125 0.0953125
0 0.90390625 0.24296875 0.1140625 0.084375
0 0.39765625 0.55625 0.0890625 0.1234375
0 0.709375 0.571875 0.0453125 0.065625
0 0.740625 0.9453125 0.1203125 0.10625
0 0.30703125 0.19765625 0.05625 0.05625
0 0.2578125 0.875 0.140625 0.1453125
0 0.6421875 0.9484375 0.10625 0.1015625
0 0.42734375 0.81640625 0.109375 0.153125
0 0.24765625 0.76953125 0.125 0.1328125
0 0.6875 0.0828125 0.1265625 0.103125
0 0.23046875 0.6421875 0.1421875 0.1546875
0 0.0984375 0.3453125 0.1359375 0.11875