0 0.940625 0.12578125 0.1171875 0.1390625
0 0.61640625 0.90703125 0.16875 0.1625
0 0.7640625 0.52109375 0.215625 0.2203125
0 0.61640625 0.14921875 0.246875 0.2171875
0 0.56875 0.7671875 0.290625 0.2234375
0 0.70234375 0.9125 0.134375 0.1703125
0 0.9375 0.61953125 0.1234375 0.1921875
0 0.91953125 0.27734375 0.15625 0.153125
0 0.7984375 0.884375 0.203125 0.228125
0 0.15390625 0.46328125 0.3078125 0.3640625
0 0.59375 0.57734375 0.1921875 0.209375
0 0.16796875 0.1875 0.3359375 0.375
0 0.8734375 0.090625 0.2375 0.18125
0 0.865625 0.7734375 0.2484375 0.2609375