0 0.79296875 0.10546875 0.103125 0.128125
0 0.91171875 0.77421875 0.125 0.1109375
0 0.803125 0.271875 0.10625 0.0859375
0 0.83125 0.41796875 0.078125 0.06875
0 0.371875 0.8203125 0.08125 0.103125
0 0.2578125 0.10546875 0.0875 0.0890625
0 0.43671875 0.91328125 0.103125 0.08125
0 0.73359375 0.5546875 0.04375 0.040625
0 0.4921875 0.7171875 0.2015625 0.1921875
0 0.859375 0.621875 0.0640625 0.0765625
0 0.7484375 0.73828125 0.1109375 0.103125
0 0.7984375 0.68046875 0.0609375 0.059375
0 0.32109375 0.665625 0.1734375 0.1640625
0 0.51015625 0.85390625 0.0875 0.103125
0 0.846875 0.4890625 0.08125 0.078125
0 0.89921875 0.2625 0.1078125 0.0859375
0 0.1265625 0.7671875 0.08125 0.0890625
0 0.66796875 0.8734375 0.1109375 0.109375
0 0.75 0.50390625 0.0625 0.0625
0 0.60859375 0.95 0.0625 0.096875
0 0.859375 0.946875 0.0875 0.1015625
0 0.64609375 0.5828125 0.1109375 0.0828125
0 0.171875 0.1984375 0.190625 0.1625
0 0.721875 0.959375 0.096875 0.0796875
0 0.5609375 0.96640625 0.059375 0.0671875
0 0.69921875 0.4578125 0.0671875 0.0625
0 0.18515625 0.06953125 0.1046875 0.1
0 0.703125 0.51953125 0.0734375 0.0890625
0 0.1421875 0.35703125 0.153125 0.146875
0 0.49609375 0.53515625 0.1765625 0.175
0 0.79375 0.89921875 0.1109375 0.09375
0 0.7625 0.80546875 0.06875 0.0703125
0 0.3203125 0.48203125 0.15625 0.159375
0 0.3140625 0.3171875 0.1265625 0.1046875
0 0.61015625 0.37421875 0.1453125 0.1375
0 0.6421875 0.76640625 0.059375 0.0859375
0 0.359375 0.19453125 0.1890625 0.1625
0 0.7421875 0.6484375 0.1203125 0.1
0 0.27265625 0.9359375 0.1453125 0.1265625
0 0.76875 0.5546875 0.0375 0.053125
0 0.74921875 0.3453125 0.065625 0.0484375
0 0.925 0.925 0.065625 0.0828125
0 0.19140625 0.6390625 0.13125 0.1390625
0 0.94140625 0.5078125 0.109375 0.0953125
0 0.88828125 0.42421875 0.0640625 0.0671875
0 0.42890625 0.09296875 0.1 0.096875
0 0.815625 0.55078125 0.065625 0.0734375
0 0.6015625 0.234375 0.1828125 0.16875