0 0.559375 0.22734375 0.1609375 0.1625
0 0.41640625 0.58359375 0.159375 0.1765625
0 0.8859375 0.946875 0.09375 0.1046875
0 0.7765625 0.81171875 0.134375 0.1203125
0 0.95234375 0.93515625 0.0921875 0.128125
0 0.77109375 0.0296875 0.0515625 0.059375
0 0.765625 0.690625 0.1125 0.1171875
0 0.38828125 0.23203125 0.1296875 0.121875
0 0.19375 0.13984375 0.0875 0.096875
0 0.3421875 0.48828125 0.084375 0.0921875
0 0.03984375 0.51875 0.0796875 0.125
0 0.40234375 0.07109375 0.14375 0.1421875
0 0.50859375 0.38828125 0.1359375 0.1609375
0 0.53828125 0.83203125 0.0484375 0.0546875
0 0.06953125 0.85859375 0.1390625 0.121875
0 0.20546875 0.57421875 0.090625 0.121875
0 0.33125 0.73046875 0.0859375 0.125
0 0.5671875 0.63046875 0.121875 0.1296875
0 0.86875 0.39921875 0.1375 0.14375
0 0.56015625 0.52890625 0.0859375 0.075
0 0.22265625 0.73828125 0.1421875 0.1484375
0 0.6625 0.35859375 0.090625 0.1
0 0.8609375 0.5 0.1046875 0.0796875
0 0.359375 0.87578125 0.1109375 0.13125
0 0.63046875 0.075 0.2015625 0.15
0 0.22734375 0.8671875 0.140625 0.1140625
0 0.13671875 0.184375 0.0703125 0.065625
0 0.07265625 0.61484375 0.1453125 0.1296875
0 0.27421875 0.2109375 0.1078125 0.140625
0 0.6265625 0.828125 0.15 0.1484375
0 0.2828125 0.07734375 0.0796875 0.13125
0 0.74375 0.43828125 0.1359375 0.1375
0 0.05703125 0.3265625 0.1140625 0.184375
0 0.55 0.91328125 0.1328125 0.1203125
0 0.590625 0.43203125 0.1109375 0.13125
0 0.14609375 0.4703125 0.115625 0.1109375
0 0.3765625 0.35703125 0.1078125 0.13125
0 0.278125 0.59609375 0.15 0.1546875
0 0.43046875 0.709375 0.1140625 0.0984375
0 0.67265625 0.646875 0.0734375 0.0953125
0 0.88515625 0.1015625 0.121875 0.16875
0 0.24296875 0.38203125 0.134375 0.171875
0 0.90546875 0.6125 0.1859375 0.1453125
0 0.89453125 0.79296875 0.13125 0.165625