0 0.5703125 0.56796875 0.071875 0.0828125
0 0.13984375 0.70625 0.1 0.1265625
0 0.46484375 0.7046875 0.0921875 0.1015625
0 0.6046875 0.4484375 0.1265625 0.1578125
0 0.553125 0.4203125 0.10625 0.103125
0 0.15390625 0.46484375 0.140625 0.1265625
0 0.45859375 0.47109375 0.1171875 0.1046875
0 0.334375 0.21875 0.1078125 0.0953125
0 0.1828125 0.56171875 0.109375 0.1046875
0 0.4921875 0.91796875 0.128125 0.1609375
0 0.14609375 0.06171875 0.0671875 0.05
0 0.0796875 0.08671875 0.0703125 0.096875
0 0.21015625 0.68515625 0.0625 0.1015625
0 0.37109375 0.284375 0.0921875 0.0703125
0 0.8734375 0.9390625 0.1703125 0.11875
0 0.2578125 0.203125 0.09375 0.10625
0 0.2859375 0.9390625 0.1390625 0.1203125
0 0.10234375 0.59375 0.109375 0.134375
0 0.0640625 0.90234375 0.0921875 0.0828125
0 0.5671875 0.68359375 0.1546875 0.153125
0 0.834375 0.0796875 0.1578125 0.1546875
0 0.63515625 0.60078125 0.0953125 0.084375
0 0.31875 0.56015625 0.1578125 0.115625
0 0.740625 0.9140625 0.103125 0.1453125
0 0.06875 0.7578125 0.0515625 0.0546875
0 0.85859375 0.153125 0.1515625 0.1265625
0 0.125 0.825 0.11875 0.11875
0 0.68515625 0.090625 0.125 0.13125
0 0.28984375 0.44453125 0.1390625 0.1328125
0 0.5640625 0.29140625 0.121875 0.0984375
0 0.921875 0.80625 0.153125 0.1609375
0 0.275 0.07421875 0.0796875 0.084375
0 0.56953125 0.11640625 0.0828125 0.0859375
0 0.709375 0.178125 0.13125 0.125
0 0.46640625 0.57578125 0.0796875 0.10625
0 0.85234375 0.54140625 0.1265625 0.11875
0 0.725 0.4046875 0.1390625 0.1375
0 0.82265625 0.27734375 0.146875 0.1265625
0 0.6625 0.21875 0.078125 0.1109375
0 0.58046875 0.2109375 0.0921875 0.1046875
0 0.3828125 0.59296875 0.040625 0.0453125
0 0.94375 0.31484375 0.0890625 0.128125
0 0.59609375 0.32578125 0.1203125 0.0875
0 0.0765625 0.671875 0.115625 0.096875
0 0.81015625 0.890625 0.13125 0.125
0 0.303125 0.30859375 0.0625 0.06875
0 0.7671875 0.8078125 0.0921875 0.10625
0 0.86796875 0.32265625 0.1296875 0.15
0 0.9390625 0.525 0.075 0.084375
0 0.30234375 0.3578125 0.0875 0.053125
0 0.7984375 0.7578125 0.1203125 0.1109375
0 0.41875 0.634375 0.065625 0.0828125