0 0.32421875 0.16171875 0.2921875 0.321875
0 0.834375 0.30390625 0.3296875 0.2484375
0 0.90625 0.759375 0.1859375 0.2578125
0 0.2796875 0.78046875 0.2390625 0.19375
0 0.825 0.509375 0.35 0.303125
0 0.91015625 0.15 0.178125 0.165625
0 0.31875 0.54921875 0.3921875 0.334375
0 0.8421875 0.11171875 0.3140625 0.2234375
0 0.1921875 0.91640625 0.365625 0.165625
0 0.08828125 0.6390625 0.1765625 0.278125
0 0.13359375 0.1234375 0.2671875 0.246875
0 0.11171875 0.32265625 0.2234375 0.2359375
0 0.82890625 0.8578125 0.3390625 0.2828125