0 0.3828125 0.8671875 0.046875 0.059375
0 0.0625 0.78515625 0.05625 0.05625
0 0.02265625 0.7875 0.0453125 0.0515625
0 0.3546875 0.8265625 0.0546875 0.0640625
0 0.44453125 0.92578125 0.040625 0.05625
0 0.67421875 0.575 0.1265625 0.0796875
0 0.0671875 0.59375 0.05625 0.05625
0 0.43515625 0.684375 0.0765625 0.071875
0 0.49609375 0.79609375 0.0671875 0.06875
0 0.02421875 0.5390625 0.0484375 0.0734375
0 0.928125 0.3921875 0.1421875 0.2015625
0 0.3265625 0.8625 0.071875 0.0890625
0 0.4296875 0.60625 0.071875 0.06875
0 0.43203125 0.96171875 0.0453125 0.040625
0 0.57421875 0.84609375 0.0953125 0.1
0 0.53984375 0.1828125 0.1921875 0.184375
0 0.2484375 0.16875 0.1609375 0.14375
0 0.3671875 0.7640625 0.06875 0.0796875
0 0.79296875 0.6984375 0.353125 0.275
0 0.67578125 0.95234375 0.0703125 0.09375
0 0.88359375 0.84453125 0.1 0.0875
0 0.4328125 0.78828125 0.0765625 0.0828125
0 0.17890625 0.8515625 0.1234375 0.1234375
0 0.81875 0.3578125 0.1015625 0.096875
0 0.03125 0.7375 0.0625 0.0796875
0 0.6078125 0.96484375 0.0671875 0.0671875
0 0.30859375 0.790625 0.0578125 0.0671875
0 0.2671875 0.3125 0.15 0.16875
0 0.25 0.865625 0.084375 0.0796875
0 0.15234375 0.9515625 0.084375 0.09375
0 0.2328125 0.44609375 0.153125 0.1703125
0 0.4203125 0.8625 0.0453125 0.0609375
0 0.4765625 0.9171875 0.05625 0.0609375
0 0.3375 0.94921875 0.0984375 0.0828125
0 0.2671875 0.95234375 0.09375 0.0921875
0 0.04375 0.875 0.0875 0.103125
0 0.30078125 0.7375 0.0921875 0.0890625
0 0.1015625 0.8203125 0.059375 0.05
0 0.11015625 0.875 0.0796875 0.075
0 0.46015625 0.8453125 0.0640625 0.0625
0 0.37734375 0.346875 0.1234375 0.121875
0 0.02578125 0.82578125 0.0515625 0.0578125
0 0.39765625 0.953125 0.04375 0.0484375
0 0.3609375 0.909375 0.0453125 0.04375
0 0.40390625 0.91328125 0.046875 0.053125
0 0.64453125 0.32578125 0.059375 0.0828125
0 0.7625 0.4453125 0.1390625 0.1453125
0 0.23359375 0.94453125 0.1109375 0.08125