0 0.09375 0.50625 0.146875 0.1625
0 0.24140625 0.40703125 0.221875 0.1953125
0 0.3109375 0.12578125 0.1703125 0.1984375
0 0.390625 0.7140625 0.2046875 0.225
0 0.4125 0.94140625 0.240625 0.1140625
0 0.43984375 0.86171875 0.16875 0.15
0 0.8125 0.9171875 0.29375 0.1625
0 0.24765625 0.8515625 0.1625 0.2015625
0 0.2359375 0.22578125 0.240625 0.2203125
0 0.21875 0.665625 0.15625 0.14375
0 0.85625 0.3921875 0.2015625 0.18125
0 0.92578125 0.30234375 0.1453125 0.1875
0 0.1390625 0.1046875 0.146875 0.13125
0 0.8125 0.2265625 0.184375 0.1953125
0 0.88671875 0.63671875 0.1859375 0.1578125
0 0.81015625 0.78046875 0.2171875 0.178125
0 0.06484375 0.22734375 0.1296875 0.3015625
0 0.46640625 0.17265625 0.171875 0.1546875
0 0.44296875 0.49453125 0.209375 0.2609375