0 0.5484375 0.33984375 0.0859375 0.0796875
0 0.18203125 0.43203125 0.0734375 0.0875
0 0.734375 0.4 0.1046875 0.084375
0 0.05546875 0.6109375 0.1109375 0.1046875
0 0.5546875 0.83984375 0.0765625 0.0796875
0 0.7546875 0.903125 0.0546875 0.0828125
0 0.446875 0.44296875 0.075 0.0828125
0 0.7609375 0.171875 0.1125 0.10625
0 0.39921875 0.8671875 0.0359375 0.053125
0 0.3015625 0.290625 0.075 0.06875
0 0.44765625 0.3140625 0.05 0.0703125
0 0.91640625 0.0515625 0.075 0.0765625
0 0.7765625 0.571875 0.1234375 0.096875
0 0.30859375 0.90859375 0.0796875 0.1015625
0 0.57109375 0.765625 0.090625 0.1265625
0 0.6671875 0.1265625 0.065625 0.0671875
0 0.03359375 0.553125 0.0671875 0.109375
0 0.6078125 0.8609375 0.059375 0.0578125
0 0.41875 0.4609375 0.0421875 0.0484375
0 0.3828125 0.0453125 0.0671875 0.0484375
0 0.3875 0.09375 0.0703125 0.0875
0 0.82890625 0.68359375 0.0703125 0.065625
0 0.2828125 0.7078125 0.059375 0.0671875
0 0.26640625 0.61484375 0.05625 0.059375
0 0.59296875 0.15234375 0.0734375 0.0703125
0 0.3734375 0.46953125 0.0625 0.06875
0 0.4875 0.7 0.0359375 0.0515625
0 0.62421875 0.73671875 0.0484375 0.090625
0 0.90546875 0.2375 0.0875 0.0703125
0 0.57421875 0.296875 0.0640625 0.0515625
0 0.45703125 0.053125 0.0640625 0.0828125
0 0.14921875 0.80234375 0.065625 0.0671875
0 0.50390625 0.034375 0.0640625 0.06875
0 0.3046875 0.37421875 0.0609375 0.0625
0 0.578125 0.95390625 0.0765625 0.084375
0 0.6796875 0.18828125 0.071875 0.0890625
0 0.75625 0.36015625 0.0484375 0.0484375
0 0.91796875 0.55078125 0.0875 0.0984375
0 0.775 0.65390625 0.0578125 0.0625
0 0.3078125 0.7796875 0.071875 0.08125
0 0.29296875 0.8609375 0.0390625 0.05
0 0.403125 0.271875 0.06875 0.071875
0 0.55625 0.659375 0.0796875 0.0796875
0 0.234375 0.915625 0.084375 0.10625
0 0.10859375 0.53828125 0.0984375 0.0828125
0 0.4109375 0.34765625 0.0671875 0.0796875
0 0.74921875 0.31640625 0.078125 0.0640625
0 0.72265625 0.621875 0.0578125 0.0671875
0 0.190625 0.0421875 0.1015625 0.084375
0 0.6828125 0.896875 0.08125 0.1125
0 0.046875 0.7828125 0.09375 0.128125
0 0.29453125 0.57890625 0.0484375 0.040625
0 0.21328125 0.62421875 0.053125 0.0515625
0 0.7953125 0.81015625 0.0625 0.065625
0 0.796875 0.884375 0.0828125 0.1109375
0 0.659375 0.71875 0.0546875 0.0765625
0 0.9390625 0.93359375 0.0640625 0.08125
0 0.87109375 0.04140625 0.0828125 0.08125
0 0.49453125 0.259375 0.0734375 0.0796875
0 0.2453125 0.78671875 0.0765625 0.0890625
0 0.15859375 0.125 0.0703125 0.059375
0 0.53671875 0.6890625 0.0484375 0.059375
0 0.44375 0.70859375 0.0796875 0.0734375
0 0.49140625 0.31640625 0.0515625 0.0625
0 0.3125 0.54296875 0.071875 0.0765625
0 0.62578125 0.2125 0.084375 0.1171875
0 0.0859375 0.290625 0.0953125 0.0953125
0 0.715625 0.84609375 0.053125 0.053125
0 0.62109375 0.91328125 0.06875 0.09375
0 0.128125 0.04296875 0.05625 0.071875
0 0.096875 0.2125 0.0828125 0.08125
0 0.428125 0.17578125 0.0578125 0.0734375
0 0.378125 0.3015625 0.06875 0.0578125
0 0.3796875 0.65234375 0.0546875 0.0640625
0 0.1546875 0.26484375 0.0921875 0.1078125
0 0.6109375 0.3765625 0.059375 0.05625
0 0.8453125 0.65234375 0.0765625 0.05625
0 0.5921875 0.59453125 0.071875 0.115625
0 0.21875 0.4859375 0.1109375 0.10625
0 0.54453125 0.4671875 0.0734375 0.078125
0 0.5234375 0.60546875 0.065625 0.0703125
0 0.24609375 0.39765625 0.090625 0.0828125
0 0.53515625 0.140625 0.0640625 0.0796875
0 0.54140625 0.08046875 0.0828125 0.09375
0 0.71171875 0.80390625 0.0640625 0.0765625
0 0.86640625 0.57578125 0.075 0.0671875
0 0.2078125 0.3265625 0.075 0.0625
0 0.40078125 0.74453125 0.05 0.0640625
0 0.43359375 0.78125 0.06875 0.06875
0 0.690625 0.3484375 0.065625 0.0546875
0 0.66015625 0.82265625 0.06875 0.0765625
0 0.365625 0.5140625 0.04375 0.0453125
0 0.04140625 0.0546875 0.0765625 0.075
0 0.85546875 0.42734375 0.0875 0.0875
0 0.79609375 0.21875 0.05625 0.059375
0 0.646875 0.3234375 0.053125 0.0546875
0 0.24453125 0.5640625 0.071875 0.0828125
0 0.12265625 0.8890625 0.0703125 0.0671875
0 0.471875 0.134375 0.075 0.1109375
0 0.6828125 0.05546875 0.11875 0.1109375
0 0.5515625 0.21484375 0.078125 0.090625
0 0.48203125 0.58359375 0.0609375 0.0828125
0 0.50625 0.79375 0.0765625 0.0890625
0 0.8671875 0.88671875 0.096875 0.096875
0 0.08671875 0.821875 0.0671875 0.0796875
0 0.1953125 0.57890625 0.05625 0.0625
0 0.24609375 0.2609375 0.071875 0.0734375
0 0.11953125 0.43359375 0.0828125 0.0875
0 0.94921875 0.18359375 0.096875 0.0734375
0 0.56953125 0.4078125 0.0734375 0.06875
0 0.43359375 0.86328125 0.0484375 0.05625
0 0.33125 0.72265625 0.0625 0.0796875
0 0.453125 0.6453125 0.078125 0.0796875
0 0.865625 0.7859375 0.1578125 0.1578125
0 0.0984375 0.7203125 0.0640625 0.053125
0 0.15859375 0.57890625 0.05625 0.06875
0 0.8703125 0.12890625 0.1234375 0.10625
0 0.609375 0.103125 0.065625 0.0828125
0 0.109375 0.08984375 0.0875 0.0828125
0 0.48125 0.415625 0.0734375 0.0890625
0 0.5390625 0.89375 0.05 0.078125
0 0.08125 0.6546875 0.0640625 0.0703125
0 0.7015625 0.50625 0.0796875 0.08125
0 0.95390625 0.6703125 0.084375 0.071875
0 0.60546875 0.81875 0.065625 0.0703125
0 0.8046875 0.48515625 0.1046875 0.0734375
0 0.13125 0.57265625 0.046875 0.0609375
0 0.40625 0.95703125 0.1109375 0.084375
0 0.27578125 0.49609375 0.0484375 0.0484375
0 0.05703125 0.1171875 0.1140625 0.1
0 0.38984375 0.3984375 0.1046875 0.0875
0 0.22265625 0.109375 0.08125 0.075
0 0.28515625 0.434375 0.053125 0.06875
0 0.6734375 0.6078125 0.05625 0.0515625
0 0.94375 0.4765625 0.109375 0.1265625
0 0.49765625 0.51171875 0.059375 0.0796875
0 0.5375 0.5390625 0.0609375 0.075
0 0.95078125 0.26640625 0.0796875 0.0625
0 0.78828125 0.37578125 0.0484375 0.0453125
0 0.37109375 0.73046875 0.0484375 0.06875
0 0.171875 0.84921875 0.0703125 0.0828125
0 0.2390625 0.35234375 0.053125 0.046875
0 0.796875 0.5296875 0.0625 0.05
0 0.303125 0.82890625 0.0421875 0.0515625
0 0.1234375 0.846875 0.0453125 0.0453125
0 0.94140625 0.8421875 0.0859375 0.0796875
0 0.1546875 0.94140625 0.0765625 0.103125
0 0.24765625 0.83828125 0.078125 0.0890625
0 0.36640625 0.3296875 0.0484375 0.0375
0 0.3359375 0.096875 0.075 0.0875
0 0.83828125 0.29140625 0.0984375 0.0890625
0 0.24765625 0.16875 0.0609375 0.06875
0 0.73828125 0.759375 0.090625 0.128125
0 0.6734375 0.45859375 0.05 0.0453125
0 0.61875 0.4984375 0.05 0.0453125
0 0.490625 0.8796875 0.0765625 0.0796875
0 0.321875 0.165625 0.05625 0.0640625
0 0.33046875 0.4203125 0.078125 0.0921875
0 0.15234375 0.37734375 0.078125 0.06875
0 0.175 0.615625 0.0328125 0.04375
0 0.19921875 0.3671875 0.0515625 0.0453125
0 0.7171875 0.25546875 0.1140625 0.103125
0 0.1375 0.75234375 0.1 0.0859375
0 0.775 0.6109375 0.0515625 0.0546875
0 0.65546875 0.40859375 0.084375 0.078125
0 0.375 0.16953125 0.053125 0.06875
0 0.16875 0.1796875 0.096875 0.090625
0 0.63046875 0.59609375 0.0453125 0.065625
0 0.1625 0.2171875 0.0609375 0.0484375
0 0.3203125 0.6484375 0.075 0.0734375
0 0.1640625 0.68125 0.0578125 0.0703125
0 0.3453125 0.24140625 0.0765625 0.084375
0 0.6875 0.565625 0.06875 0.065625
0 0.61015625 0.46171875 0.0765625 0.0734375
0 0.646875 0.64765625 0.046875 0.0421875
0 0.4359375 0.51953125 0.05 0.0625
0 0.4296875 0.82578125 0.05625 0.05
0 0.525 0.4109375 0.0578125 0.0796875
0 0.05625 0.48125 0.09375 0.084375