0 0.76015625 0.37734375 0.0328125 0.025
0 0.82734375 0.496875 0.0421875 0.0390625
0 0.678125 0.9 0.0578125 0.0671875
0 0.978125 0.45703125 0.0421875 0.05
0 0.1078125 0.54140625 0.1578125 0.1609375
0 0.896875 0.6828125 0.0421875 0.0375
0 0.5953125 0.9265625 0.0421875 0.0453125
0 0.0921875 0.6796875 0.0859375 0.084375
0 0.75703125 0.24609375 0.1171875 0.140625
0 0.43515625 0.35546875 0.2015625 0.209375
0 0.64609375 0.22734375 0.040625 0.040625
0 0.821875 0.08671875 0.1140625 0.128125
0 0.84765625 0.796875 0.0453125 0.0515625
0 0.278125 0.91484375 0.1515625 0.1703125
0 0.15390625 0.34609375 0.2015625 0.1546875
0 0.62265625 0.8875 0.0578125 0.0421875
0 0.3796875 0.51796875 0.1125 0.0953125
0 0.4609375 0.909375 0.11875 0.178125
0 0.6625 0.9578125 0.04375 0.0328125
0 0.6515625 0.3203125 0.0328125 0.0375
0 0.5171875 0.11015625 0.1578125 0.19375
0 0.7125 0.346875 0.04375 0.053125
0 0.58515625 0.89453125 0.028125 0.028125
0 0.34921875 0.2765625 0.075 0.0828125
0 0.6734375 0.5 0.05 0.0453125
0 0.865625 0.6 0.04375 0.0328125
0 0.55703125 0.7578125 0.0671875 0.05625
0 0.2078125 0.8421875 0.1234375 0.1234375
0 0.36171875 0.0578125 0.0796875 0.0703125
0 0.7875 0.32578125 0.0734375 0.071875
0 0.62265625 0.95625 0.028125 0.0296875
0 0.08046875 0.890625 0.13125 0.140625
0 0.88125 0.35390625 0.1140625 0.1390625
0 0.8515625 0.6984375 0.0796875 0.06875
0 0.784375 0.51796875 0.0453125 0.05625
0 0.390625 0.6625 0.103125 0.0890625
0 0.95546875 0.9140625 0.0578125 0.040625
0 0.75390625 0.62421875 0.1109375 0.0921875
0 0.57109375 0.2875 0.046875 0.0328125
0 0.63203125 0.15390625 0.04375 0.040625
0 0.7734375 0.465625 0.06875 0.046875
0 0.5015625 0.7390625 0.0359375 0.0453125
0 0.71953125 0.509375 0.0484375 0.04375
0 0.63515625 0.73671875 0.04375 0.0453125
0 0.65703125 0.06328125 0.1796875 0.1265625
0 0.659375 0.81953125 0.0734375 0.0984375
0 0.88984375 0.7859375 0.0421875 0.046875
0 0.890625 0.16015625 0.1484375 0.1421875
0 0.85078125 0.56484375 0.040625 0.040625
0 0.50625 0.78828125 0.034375 0.0421875
0 0.446875 0.5734375 0.19375 0.1796875
0 0.94375 0.5953125 0.05625 0.0359375
0 0.084375 0.075 0.16875 0.15
0 0.38515625 0.153125 0.165625 0.1703125
0 0.27109375 0.509375 0.1078125 0.0953125
0 0.6578125 0.40234375 0.046875 0.04375
0 0.1828125 0.63671875 0.0921875 0.0953125
0 0.3640625 0.91875 0.084375 0.1109375
0 0.93125 0.54140625 0.06875 0.0640625
0 0.75703125 0.81640625 0.13125 0.109375
0 0.759375 0.1640625 0.06875 0.1
0 0.85390625 0.75546875 0.0453125 0.05
0 0.1046875 0.20078125 0.209375 0.1578125
0 0.24296875 0.10546875 0.1 0.134375
0 0.3015625 0.3046875 0.0421875 0.040625
0 0.82265625 0.86171875 0.05 0.0515625