0 0.5640625 0.22578125 0.1484375 0.1625
0 0.8828125 0.29609375 0.1265625 0.09375
0 0.09921875 0.0671875 0.1671875 0.134375
0 0.67890625 0.48125 0.1265625 0.128125
0 0.8953125 0.60703125 0.134375 0.1375
0 0.871875 0.509375 0.11875 0.1
0 0.0546875 0.45078125 0.109375 0.1171875
0 0.503125 0.50859375 0.2109375 0.1796875
0 0.825 0.10625 0.15 0.1421875
0 0.42421875 0.065625 0.109375 0.13125
0 0.55078125 0.88046875 0.1234375 0.1625
0 0.24375 0.68515625 0.096875 0.1359375
0 0.78359375 0.5484375 0.1265625 0.134375
0 0.27421875 0.48828125 0.1734375 0.1703125
0 0.26640625 0.075 0.1390625 0.15
0 0.91328125 0.91328125 0.1703125 0.1703125
0 0.0609375 0.9234375 0.1109375 0.1140625
0 0.06875 0.14765625 0.128125 0.1
0 0.38515625 0.4203125 0.0828125 0.0890625
0 0.2796875 0.23046875 0.1078125 0.175
0 0.4875 0.103125 0.1015625 0.140625
0 0.7390625 0.25859375 0.115625 0.15
0 0.17578125 0.5328125 0.1375 0.1421875
0 0.2 0.2109375 0.11875 0.134375
0 0.13671875 0.94453125 0.1046875 0.1078125
0 0.4375 0.86015625 0.1265625 0.1625
0 0.82734375 0.421875 0.134375 0.1109375
0 0.73515625 0.6828125 0.13125 0.1375
0 0.45546875 0.6828125 0.1859375 0.2140625
0 0.24296875 0.92890625 0.1546875 0.1390625
0 0.1328125 0.25 0.16875 0.1578125
0 0.1671875 0.39765625 0.15 0.15625
0 0.6578125 0.71171875 0.09375 0.1
0 0.16484375 0.15234375 0.0671875 0.06875
0 0.39609375 0.2578125 0.1640625 0.1796875
0 0.69609375 0.91875 0.134375 0.146875
0 0.346875 0.11328125 0.115625 0.134375
0 0.5328125 0.64453125 0.175 0.146875
0 0.8609375 0.7578125 0.15 0.1375
0 0.65703125 0.08671875 0.15 0.1734375
0 0.83984375 0.24296875 0.1015625 0.1203125
0 0.1328125 0.66015625 0.159375 0.1421875