0 0.10703125 0.375 0.09375 0.103125
0 0.82421875 0.70703125 0.128125 0.1015625
0 0.646875 0.57734375 0.0953125 0.0828125
0 0.85234375 0.23046875 0.1109375 0.125
0 0.18359375 0.22734375 0.115625 0.115625
0 0.22421875 0.28125 0.096875 0.11875
0 0.059375 0.1265625 0.1171875 0.090625
0 0.63515625 0.51953125 0.0984375 0.0921875
0 0.57421875 0.47421875 0.103125 0.10625
0 0.05 0.58984375 0.071875 0.09375
0 0.63203125 0.03671875 0.065625 0.0734375
0 0.484375 0.05859375 0.1078125 0.1171875
0 0.1234375 0.190625 0.0640625 0.06875
0 0.1234375 0.5546875 0.1390625 0.1515625
0 0.346875 0.646875 0.109375 0.109375
0 0.34609375 0.30859375 0.1515625 0.11875
0 0.33984375 0.1984375 0.115625 0.1
0 0.059375 0.446875 0.11875 0.0640625
0 0.3734375 0.515625 0.0796875 0.1078125
0 0.240625 0.08359375 0.0984375 0.121875
0 0.909375 0.1234375 0.0703125 0.0921875
0 0.9234375 0.86015625 0.0875 0.1359375
0 0.5734375 0.328125 0.11875 0.1109375
0 0.6609375 0.671875 0.0953125 0.096875
0 0.0578125 0.3078125 0.115625 0.128125
0 0.5640625 0.16328125 0.1140625 0.10625
0 0.50234375 0.64375 0.075 0.0921875
0 0.0421875 0.7375 0.084375 0.1125
0 0.4140625 0.78125 0.0765625 0.0828125
0 0.559375 0.228125 0.071875 0.0625
0 0.1140625 0.95859375 0.0734375 0.08125
0 0.4296875 0.846875 0.0609375 0.0765625
0 0.17421875 0.6671875 0.0828125 0.0828125
0 0.0421875 0.84921875 0.084375 0.1109375
0 0.0453125 0.91640625 0.0765625 0.084375
0 0.76015625 0.7203125 0.040625 0.0609375
0 0.92421875 0.95859375 0.15 0.08125
0 0.77578125 0.52421875 0.1125 0.1140625
0 0.159375 0.878125 0.078125 0.0921875
0 0.4796875 0.78984375 0.0703125 0.115625
0 0.40390625 0.46171875 0.1078125 0.090625
0 0.1984375 0.15625 0.0984375 0.103125
0 0.28828125 0.753125 0.1 0.1
0 0.9515625 0.09453125 0.075 0.115625
0 0.565625 0.9609375 0.0890625 0.075
0 0.46484375 0.490625 0.103125 0.1078125
0 0.659375 0.115625 0.0921875 0.1
0 0.8703125 0.0515625 0.1046875 0.103125
0 0.6203125 0.7421875 0.0890625 0.134375
0 0.37421875 0.07265625 0.096875 0.1265625
0 0.634375 0.903125 0.1015625 0.1390625
0 0.20234375 0.3609375 0.0765625 0.0875
0 0.60703125 0.3984375 0.1125 0.0796875
0 0.72578125 0.70625 0.053125 0.0734375
0 0.76015625 0.153125 0.1421875 0.121875
0 0.3046875 0.94921875 0.15 0.1015625
0 0.50625 0.41875 0.0640625 0.0546875
0 0.8109375 0.06875 0.075 0.0734375
0 0.16953125 0.74765625 0.0953125 0.0890625
0 0.55625 0.7828125 0.0984375 0.1203125
0 0.52890625 0.546875 0.1140625 0.115625
0 0.54453125 0.87109375 0.0890625 0.078125
0 0.953125 0.221875 0.09375 0.146875
0 0.9140625 0.34609375 0.1109375 0.121875
0 0.76875 0.28203125 0.1671875 0.1671875
0 0.796875 0.62109375 0.121875 0.1046875
0 0.3375 0.80625 0.0875 0.0796875
0 0.54296875 0.690625 0.0703125 0.0671875
0 0.134375 0.2890625 0.075 0.0765625
0 0.41875 0.17421875 0.0859375 0.1015625
0 0.7125 0.4046875 0.0859375 0.078125
0 0.3875 0.90625 0.0703125 0.0625
0 0.471875 0.29921875 0.1421875 0.1703125
0 0.28671875 0.528125 0.125 0.13125
0 0.56796875 0.61953125 0.0890625 0.103125
0 0.75390625 0.88515625 0.1375 0.1234375
0 0.1859375 0.94296875 0.0875 0.1046875
0 0.4859375 0.2015625 0.06875 0.065625
0 0.2609375 0.89453125 0.0890625 0.0859375
0 0.04453125 0.5015625 0.0890625 0.071875
0 0.8453125 0.15234375 0.0703125 0.0828125
0 0.240625 0.65 0.10625 0.134375
0 0.41640625 0.59140625 0.1078125 0.09375
0 0.4671875 0.89921875 0.0796875 0.0765625
0 0.46484375 0.96640625 0.0796875 0.0671875
0 0.4015625 0.9625 0.0515625 0.053125
0 0.2109375 0.79765625 0.1390625 0.1234375
0 0.38515625 0.73203125 0.1 0.0921875
0 0.70859375 0.775 0.103125 0.09375
0 0.80859375 0.9578125 0.0859375 0.084375
0 0.69375 0.4609375 0.121875 0.0765625
0 0.96171875 0.60625 0.071875 0.0671875
0 0.39453125 0.3890625 0.1109375 0.078125
0 0.71328125 0.60078125 0.0671875 0.0890625
0 0.36640625 0.86328125 0.0703125 0.059375
0 0.0484375 0.22265625 0.096875 0.0859375
0 0.15625 0.0796875 0.0875 0.09375
0 0.4890625 0.12890625 0.08125 0.071875
0 0.7140625 0.07421875 0.0984375 0.115625
0 0.16015625 0.43125 0.1109375 0.0921875
0 0.85390625 0.85625 0.0984375 0.0953125
0 0.21875 0.5234375 0.0703125 0.128125
0 0.3109375 0.1203125 0.1078125 0.1015625
0 0.64140625 0.2546875 0.1140625 0.1546875
0 0.82421875 0.78671875 0.1375 0.0984375
0 0.81640625 0.365625 0.09375 0.0796875
0 0.440625 0.66484375 0.1140625 0.0796875
0 0.06953125 0.05859375 0.0828125 0.0515625
0 0.2890625 0.4390625 0.115625 0.1234375
0 0.0796875 0.67578125 0.10625 0.1109375