0 0.74765625 0.65859375 0.0828125 0.0796875
0 0.08125 0.578125 0.1140625 0.11875
0 0.809375 0.821875 0.0609375 0.0625
0 0.47109375 0.45703125 0.0828125 0.0875
0 0.74375 0.325 0.1046875 0.1328125
0 0.46640625 0.246875 0.0703125 0.0765625
0 0.8125 0.93046875 0.0578125 0.071875
0 0.228125 0.78828125 0.0703125 0.0765625
0 0.3484375 0.5546875 0.0390625 0.059375
0 0.6921875 0.740625 0.040625 0.059375
0 0.071875 0.33203125 0.0875 0.1125
0 0.52890625 0.74453125 0.0953125 0.090625
0 0.51875 0.21796875 0.075 0.0703125
0 0.16171875 0.65703125 0.084375 0.071875
0 0.66875 0.05625 0.0578125 0.0890625
0 0.11171875 0.33671875 0.05625 0.0515625
0 0.58359375 0.08671875 0.0421875 0.065625
0 0.94453125 0.94375 0.1078125 0.0796875
0 0.96015625 0.540625 0.0765625 0.1421875
0 0.95078125 0.7859375 0.071875 0.05
0 0.49609375 0.11796875 0.1109375 0.115625
0 0.4015625 0.48359375 0.0703125 0.0890625
0 0.31875 0.8984375 0.06875 0.0671875
0 0.62109375 0.625 0.11875 0.0984375
0 0.48828125 0.39609375 0.071875 0.05625
0 0.25625 0.2328125 0.04375 0.05625
0 0.9140625 0.67421875 0.0921875 0.11875
0 0.821875 0.63671875 0.084375 0.078125
0 0.38515625 0.15078125 0.06875 0.0953125
0 0.24765625 0.73046875 0.0546875 0.0640625
0 0.8234375 0.33984375 0.1109375 0.1
0 0.7 0.1171875 0.0640625 0.0640625
0 0.05078125 0.47265625 0.1015625 0.0609375
0 0.11640625 0.7078125 0.08125 0.075
0 0.25703125 0.5046875 0.0875 0.08125
0 0.56171875 0.48046875 0.04375 0.053125
0 0.3875 0.9296875 0.08125 0.090625
0 0.7734375 0.7296875 0.09375 0.0625
0 0.1625 0.56796875 0.0671875 0.0921875
0 0.67578125 0.675 0.05625 0.0609375
0 0.75078125 0.88203125 0.09375 0.1125
0 0.48671875 0.0421875 0.1140625 0.084375
0 0.33359375 0.95859375 0.0671875 0.065625
0 0.82421875 0.7078125 0.0859375 0.06875
0 0.68125 0.82265625 0.08125 0.06875
0 0.48125 0.56328125 0.1015625 0.1015625
0 0.59453125 0.16171875 0.0875 0.0984375
0 0.04140625 0.78828125 0.075 0.053125
0 0.365625 0.23046875 0.065625 0.0953125
0 0.15625 0.1625 0.1234375 0.1203125
0 0.646875 0.75703125 0.065625 0.0640625
0 0.22265625 0.08984375 0.09375 0.10625
0 0.93984375 0.19609375 0.0921875 0.071875
0 0.15546875 0.83359375 0.0671875 0.084375
0 0.25390625 0.61484375 0.0796875 0.0875
0 0.578125 0.2203125 0.046875 0.0515625
0 0.721875 0.446875 0.1625 0.1328125
0 0.6015625 0.2640625 0.084375 0.0828125
0 0.621875 0.03046875 0.053125 0.0609375
0 0.290625 0.696875 0.1015625 0.0984375
0 0.175 0.28671875 0.0765625 0.059375
0 0.96484375 0.2625 0.06875 0.1578125
0 0.39921875 0.6578125 0.0578125 0.04375
0 0.0265625 0.2953125 0.053125 0.0453125
0 0.1484375 0.38125 0.0765625 0.0796875
0 0.24296875 0.96875 0.0921875 0.059375
0 0.209375 0.44375 0.0484375 0.053125
0 0.86171875 0.26484375 0.14375 0.0921875
0 0.09375 0.8984375 0.0671875 0.0921875
0 0.32265625 0.65234375 0.05625 0.046875
0 0.228125 0.04453125 0.1125 0.0890625
0 0.82578125 0.15703125 0.20625 0.2125
0 0.52734375 0.45234375 0.05625 0.0328125
0 0.909375 0.88671875 0.1203125 0.0765625
0 0.878125 0.7875 0.0828125 0.075
0 0.4984375 0.89609375 0.0578125 0.1125
0 0.64140625 0.5171875 0.1390625 0.1234375
0 0.1953125 0.346875 0.0703125 0.0671875
0 0.4421875 0.896875 0.08125 0.13125
0 0.534375 0.28828125 0.06875 0.0625
0 0.3859375 0.32890625 0.096875 0.1125
0 0.32421875 0.609375 0.0578125 0.046875
0 0.34921875 0.84375 0.11875 0.1046875
0 0.95234375 0.12890625 0.0921875 0.0796875
0 0.30859375 0.06953125 0.065625 0.0828125
0 0.30625 0.434375 0.1296875 0.1390625
0 0.834375 0.425 0.0828125 0.1
0 0.465625 0.328125 0.0875 0.1078125
0 0.92421875 0.43671875 0.11875 0.1109375
0 0.0515625 0.3921875 0.0375 0.0390625
0 0.45234375 0.7625 0.05625 0.06875
0 0.271875 0.33984375 0.084375 0.08125
0 0.03203125 0.88125 0.0640625 0.09375
0 0.05625 0.05703125 0.1125 0.1140625
0 0.71015625 0.58125 0.096875 0.0796875
0 0.45 0.80625 0.0578125 0.0609375
0 0.4078125 0.58828125 0.0609375 0.10625
0 0.11171875 0.47421875 0.115625 0.1140625
0 0.675 0.1625 0.0734375 0.0796875
0 0.51640625 0.83359375 0.078125 0.0875
0 0.44140625 0.1734375 0.0703125 0.0625
0 0.60546875 0.89453125 0.15 0.178125
0 0.7640625 0.7890625 0.0625 0.0671875
0 0.07109375 0.67578125 0.0609375 0.05625
0 0.15078125 0.0703125 0.0796875 0.0984375
0 0.3765625 0.73828125 0.1140625 0.115625