0 0.91640625 0.61640625 0.146875 0.1328125
0 0.759375 0.04453125 0.125 0.0890625
0 0.84453125 0.1640625 0.0640625 0.084375
0 0.146875 0.26796875 0.090625 0.0796875
0 0.48515625 0.71015625 0.1171875 0.0796875
0 0.75390625 0.478125 0.109375 0.103125
0 0.52421875 0.59453125 0.08125 0.1234375
0 0.58984375 0.3296875 0.103125 0.090625
0 0.11328125 0.61015625 0.0765625 0.0578125
0 0.88671875 0.2015625 0.06875 0.075
0 0.8078125 0.90390625 0.128125 0.1171875
0 0.34609375 0.78515625 0.0640625 0.05625
0 0.265625 0.26015625 0.090625 0.0875
0 0.796875 0.13671875 0.08125 0.1078125
0 0.1046875 0.4234375 0.0921875 0.06875
0 0.16640625 0.75859375 0.0609375 0.0609375
0 0.953125 0.4125 0.09375 0.103125
0 0.240625 0.7203125 0.090625 0.065625
0 0.31953125 0.478125 0.096875 0.09375
0 0.72265625 0.115625 0.071875 0.065625
0 0.09375 0.375 0.0765625 0.0640625
0 0.8 0.2625 0.1140625 0.103125
0 0.34765625 0.571875 0.11875 0.15
0 0.61484375 0.725 0.096875 0.1140625
0 0.60234375 0.24765625 0.121875 0.1125
0 0.04765625 0.06796875 0.0953125 0.1265625
0 0.6140625 0.06484375 0.0640625 0.096875
0 0.44375 0.60703125 0.1125 0.1234375
0 0.26171875 0.37578125 0.125 0.1578125
0 0.55 0.5515625 0.1390625 0.121875
0 0.0625 0.5234375 0.06875 0.0640625
0 0.69140625 0.26484375 0.06875 0.0984375
0 0.14140625 0.3703125 0.08125 0.0875
0 0.509375 0.78359375 0.0953125 0.10625
0 0.0359375 0.5890625 0.071875 0.08125
0 0.22109375 0.546875 0.0953125 0.0703125
0 0.95703125 0.87734375 0.0828125 0.134375
0 0.63671875 0.434375 0.1421875 0.1453125
0 0.534375 0.07421875 0.1375 0.1484375
0 0.1265625 0.665625 0.0765625 0.0703125
0 0.9609375 0.21015625 0.078125 0.090625
0 0.41953125 0.36796875 0.1890625 0.14375
0 0.6484375 0.11640625 0.0546875 0.0703125
0 0.759375 0.353125 0.1375 0.1296875
0 0.12890625 0.55625 0.1 0.0703125
0 0.46328125 0.175 0.1390625 0.140625
0 0.90625 0.1359375 0.0703125 0.0765625
0 0.8734375 0.0421875 0.1125 0.084375
0 0.1171875 0.77734375 0.078125 0.0796875
0 0.26015625 0.1875 0.08125 0.084375
0 0.88984375 0.6921875 0.146875 0.128125
0 0.20234375 0.0671875 0.175 0.13125
0 0.9390625 0.5328125 0.109375 0.1046875
0 0.0546875 0.80703125 0.0609375 0.05625
0 0.34296875 0.23125 0.0796875 0.103125
0 0.0484375 0.74765625 0.0515625 0.0640625
0 0.3265625 0.075 0.10625 0.1234375
0 0.40390625 0.48203125 0.0984375 0.10625
0 0.72578125 0.19609375 0.1 0.115625
0 0.14609375 0.21953125 0.09375 0.071875
0 0.075 0.215625 0.0796875 0.0875
0 0.49375 0.490625 0.096875 0.0984375
0 0.05625 0.63515625 0.071875 0.040625
0 0.19921875 0.5953125 0.0703125 0.05625
0 0.8859375 0.3484375 0.096875 0.084375
0 0.92734375 0.925 0.0953125 0.1203125
0 0.81640625 0.78671875 0.1796875 0.140625
0 0.55390625 0.95625 0.1046875 0.0796875
0 0.32578125 0.728125 0.0828125 0.0953125
0 0.12421875 0.49296875 0.0578125 0.0671875
0 0.94375 0.26953125 0.1109375 0.09375
0 0.51484375 0.2875 0.103125 0.1234375
0 0.21484375 0.49375 0.096875 0.0828125
0 0.05 0.47734375 0.1 0.0890625
0 0.8671875 0.459375 0.121875 0.1390625