0 0.75859375 0.27421875 0.228125 0.271875
0 0.109375 0.58671875 0.21875 0.221875
0 0.565625 0.85390625 0.153125 0.1734375
0 0.328125 0.22890625 0.1921875 0.18125
0 0.26484375 0.8890625 0.1578125 0.1546875
0 0.63359375 0.10546875 0.1828125 0.1625
0 0.4328125 0.546875 0.1484375 0.146875
0 0.7234375 0.4515625 0.1671875 0.1390625
0 0.2609375 0.32890625 0.140625 0.1625
0 0.4671875 0.95078125 0.153125 0.096875
0 0.5921875 0.3984375 0.2125 0.21875
0 0.65078125 0.734375 0.1734375 0.1828125
0 0.15859375 0.24453125 0.14375 0.1625
0 0.55390625 0.60703125 0.1765625 0.209375
0 0.2609375 0.13203125 0.146875 0.1515625
0 0.26015625 0.66796875 0.19375 0.1796875
0 0.07890625 0.88515625 0.1578125 0.1671875
0 0.6609375 0.578125 0.1015625 0.1421875
0 0.3765625 0.6703125 0.084375 0.11875
0 0.41640625 0.884375 0.146875 0.1703125
0 0.88125 0.4703125 0.1984375 0.1796875
0 0.4484375 0.084375 0.2015625 0.159375
0 0.15625 0.78828125 0.146875 0.1390625
0 0.50859375 0.76953125 0.209375 0.153125
0 0.71875 0.884375 0.1921875 0.2265625
0 0.3875 0.428125 0.1640625 0.16875
0 0.909375 0.07421875 0.178125 0.1484375
0 0.22734375 0.52734375 0.084375 0.165625
0 0.83203125 0.878125 0.15 0.1796875
0 0.91171875 0.3046875 0.140625 0.153125
0 0.32890625 0.78125 0.1734375 0.1515625
0 0.14140625 0.3890625 0.165625 0.1546875
0 0.87734375 0.61484375 0.209375 0.175
0 0.43984375 0.68359375 0.1125 0.153125
0 0.30546875 0.490625 0.1625 0.2109375
0 0.08984375 0.2125 0.1796875 0.18125
0 0.10625 0.69140625 0.1578125 0.1140625
0 0.08203125 0.0734375 0.1640625 0.146875
0 0.15234375 0.53125 0.1265625 0.146875
0 0.421875 0.33359375 0.1890625 0.2
0 0.7734375 0.57265625 0.14375 0.159375
0 0.57421875 0.24140625 0.221875 0.1578125
0 0.32890625 0.0578125 0.0625 0.078125
0 0.91640625 0.2046875 0.1640625 0.15
0 0.9046875 0.84375 0.1859375 0.30625