0 0.04375 0.1671875 0.0875 0.1015625
0 0.30546875 0.25625 0.1234375 0.115625
0 0.6734375 0.3484375 0.109375 0.109375
0 0.44375 0.36015625 0.128125 0.128125
0 0.703125 0.03828125 0.0796875 0.0765625
0 0.52734375 0.3109375 0.06875 0.090625
0 0.575 0.8109375 0.06875 0.071875
0 0.6921875 0.58515625 0.134375 0.1171875
0 0.903125 0.6359375 0.0453125 0.0578125
0 0.89921875 0.7171875 0.0609375 0.05625
0 0.29296875 0.66640625 0.0875 0.084375
0 0.5125 0.55078125 0.0390625 0.0375
0 0.20390625 0.6671875 0.0921875 0.078125
0 0.46640625 0.2828125 0.06875 0.0625
0 0.11875 0.0671875 0.0484375 0.0453125
0 0.22421875 0.60078125 0.0609375 0.046875
0 0.7421875 0.4765625 0.0984375 0.0953125
0 0.8328125 0.69765625 0.0484375 0.071875
0 0.77890625 0.28984375 0.1125 0.146875
0 0.25 0.30859375 0.0875 0.0765625
0 0.640625 0.1265625 0.0828125 0.0859375
0 0.1015625 0.65 0.090625 0.0828125
0 0.83046875 0.5875 0.059375 0.065625
0 0.0875 0.79375 0.0984375 0.134375
0 0.59765625 0.6890625 0.1109375 0.109375
0 0.54453125 0.85703125 0.0390625 0.0609375
0 0.2234375 0.73046875 0.0609375 0.059375
0 0.42421875 0.94921875 0.1 0.1
0 0.7421875 0.18984375 0.1109375 0.103125
0 0.2171875 0.090625 0.121875 0.1046875
0 0.459375 0.58671875 0.05625 0.0453125
0 0.853125 0.9640625 0.0765625 0.0703125
0 0.81015625 0.73046875 0.0328125 0.040625
0 0.903125 0.11640625 0.0390625 0.0390625
0 0.15546875 0.77109375 0.0671875 0.0609375
0 0.81875 0.91015625 0.0765625 0.084375
0 0.56484375 0.5171875 0.0828125 0.0875
0 0.91640625 0.82734375 0.1296875 0.078125
0 0.44765625 0.20546875 0.1 0.0828125
0 0.93359375 0.38828125 0.1328125 0.1375
0 0.06171875 0.94453125 0.1234375 0.1078125
0 0.52890625 0.21796875 0.078125 0.0921875
0 0.44609375 0.821875 0.084375 0.071875
0 0.82421875 0.0640625 0.1375 0.128125
0 0.35234375 0.84453125 0.08125 0.0609375
0 0.3984375 0.7765625 0.0296875 0.0515625
0 0.9609375 0.178125 0.078125 0.11875
0 0.90546875 0.48359375 0.1015625 0.0640625
0 0.9515625 0.91328125 0.0953125 0.1203125
0 0.86015625 0.753125 0.0375 0.053125
0 0.215625 0.0359375 0.11875 0.071875
0 0.39140625 0.54140625 0.0578125 0.05625
0 0.52578125 0.8921875 0.04375 0.090625
0 0.90625 0.57421875 0.0640625 0.0484375
0 0.55390625 0.0875 0.090625 0.1265625
0 0.38359375 0.12421875 0.1671875 0.15625
0 0.72265625 0.09453125 0.075 0.084375
0 0.1671875 0.1796875 0.1484375 0.1453125
0 0.6578125 0.25078125 0.0921875 0.09375
0 0.48515625 0.659375 0.0828125 0.1
0 0.76640625 0.565625 0.0765625 0.071875
0 0.7890625 0.78671875 0.0984375 0.0390625
0 0.32109375 0.51484375 0.178125 0.1484375
0 0.2921875 0.8796875 0.0359375 0.053125
0 0.959375 0.625 0.0796875 0.08125
0 0.125 0.2859375 0.090625 0.0953125
0 0.94296875 0.69140625 0.0515625 0.059375
0 0.75234375 0.73515625 0.0875 0.0828125
0 0.878125 0.221875 0.0921875 0.13125
0 0.28515625 0.74765625 0.075 0.06875
0 0.66328125 0.78359375 0.1078125 0.1
0 0.60078125 0.26953125 0.090625 0.096875
0 0.4359375 0.55078125 0.0453125 0.04375
0 0.4875 0.93515625 0.065625 0.0609375
0 0.21484375 0.7625 0.0515625 0.04375
0 0.4828125 0.86875 0.0296875 0.0390625
0 0.0421875 0.8609375 0.046875 0.0578125
0 0.04296875 0.24453125 0.0859375 0.075
0 0.74765625 0.9625 0.0765625 0.0734375
0 0.10703125 0.9046875 0.090625 0.0875
0 0.60546875 0.88671875 0.0671875 0.071875
0 0.34765625 0.9421875 0.0546875 0.053125
0 0.4890625 0.76171875 0.053125 0.0625
0 0.359375 0.76640625 0.05625 0.06875
0 0.88046875 0.66796875 0.0328125 0.0390625
0 0.8953125 0.9296875 0.0765625 0.090625
0 0.4125 0.03203125 0.1 0.0640625
0 0.68046875 0.68203125 0.0609375 0.0640625
0 0.790625 0.40859375 0.1015625 0.084375
0 0.5875 0.94296875 0.08125 0.059375
0 0.93203125 0.74296875 0.040625 0.0359375
0 0.63203125 0.18828125 0.1140625 0.0625