0 0.925 0.6359375 0.0890625 0.0765625
0 0.5015625 0.5015625 0.0625 0.0640625
0 0.82578125 0.50703125 0.08125 0.06875
0 0.91171875 0.4046875 0.1015625 0.1109375
0 0.12890625 0.23359375 0.1 0.071875
0 0.72265625 0.81796875 0.0796875 0.09375
0 0.596875 0.76953125 0.0640625 0.0640625
0 0.26640625 0.79140625 0.134375 0.1625
0 0.0625 0.04921875 0.0875 0.0796875
0 0.5875 0.45234375 0.0640625 0.0609375
0 0.50703125 0.66875 0.08125 0.078125
0 0.8171875 0.44296875 0.0796875 0.0796875
0 0.7375 0.14375 0.0703125 0.0875
0 0.7546875 0.4625 0.0609375 0.046875
0 0.378125 0.09375 0.071875 0.084375
0 0.4828125 0.30625 0.0578125 0.065625
0 0.496875 0.753125 0.0796875 0.078125
0 0.834375 0.73125 0.1203125 0.13125
0 0.396875 0.19375 0.0609375 0.0625
0 0.478125 0.18359375 0.0828125 0.078125
0 0.275 0.2265625 0.0765625 0.090625
0 0.13671875 0.77578125 0.0953125 0.06875
0 0.22421875 0.1 0.0765625 0.0859375
0 0.8109375 0.7984375 0.084375 0.09375
0 0.34609375 0.64453125 0.084375 0.0984375
0 0.4984375 0.921875 0.08125 0.0859375
0 0.84453125 0.07578125 0.0921875 0.0984375
0 0.765625 0.91796875 0.0890625 0.103125
0 0.56015625 0.50859375 0.0625 0.0609375
0 0.5609375 0.3125 0.0609375 0.0625
0 0.93671875 0.52109375 0.1 0.0890625
0 0.153125 0.0546875 0.084375 0.103125
0 0.40078125 0.79453125 0.0765625 0.084375
0 0.24765625 0.553125 0.0765625 0.08125
0 0.4796875 0.07109375 0.06875 0.0734375
0 0.66796875 0.53046875 0.0796875 0.084375
0 0.253125 0.2828125 0.103125 0.1421875
0 0.1859375 0.11171875 0.084375 0.0875
0 0.628125 0.0515625 0.0734375 0.071875
0 0.19921875 0.53828125 0.0765625 0.0859375
0 0.42890625 0.55234375 0.10625 0.10625
0 0.64765625 0.1953125 0.0828125 0.1234375
0 0.39453125 0.25390625 0.059375 0.0625
0 0.640625 0.446875 0.053125 0.0609375
0 0.6890625 0.40703125 0.053125 0.0609375
0 0.634375 0.61171875 0.06875 0.078125
0 0.3359375 0.328125 0.0546875 0.0640625
0 0.125 0.66328125 0.08125 0.075
0 0.26328125 0.6578125 0.0875 0.0828125
0 0.9171875 0.13046875 0.0875 0.0953125
0 0.08984375 0.621875 0.090625 0.071875
0 0.134375 0.321875 0.0859375 0.0765625
0 0.7109375 0.3453125 0.0734375 0.084375
0 0.1171875 0.4890625 0.0890625 0.0953125
0 0.625 0.35546875 0.0640625 0.0671875
0 0.70625 0.60703125 0.0859375 0.071875
0 0.06640625 0.1234375 0.1 0.0921875