0 0.76640625 0.51015625 0.046875 0.053125
0 0.521875 0.05234375 0.075 0.0953125
0 0.18671875 0.25703125 0.1609375 0.15625
0 0.5984375 0.66796875 0.1 0.0953125
0 0.428125 0.4109375 0.1359375 0.165625
0 0.66796875 0.77421875 0.1515625 0.2015625
0 0.46953125 0.2890625 0.121875 0.09375
0 0.0453125 0.18359375 0.034375 0.04375
0 0.5921875 0.4 0.103125 0.0984375
0 0.05859375 0.5140625 0.109375 0.0578125
0 0.28203125 0.63828125 0.059375 0.0765625
0 0.21796875 0.0875 0.115625 0.1609375
0 0.425 0.55546875 0.121875 0.1140625
0 0.8109375 0.065625 0.0640625 0.0859375
0 0.334375 0.58984375 0.046875 0.0734375
0 0.7765625 0.959375 0.0921875 0.0796875
0 0.92734375 0.1984375 0.14375 0.1609375
0 0.178125 0.52421875 0.0828125 0.0734375
0 0.09765625 0.55859375 0.0984375 0.0796875
0 0.0859375 0.44921875 0.0859375 0.071875
0 0.6796875 0.603125 0.11875 0.1296875
0 0.32890625 0.77890625 0.0703125 0.0453125
0 0.33203125 0.34375 0.0453125 0.05
0 0.6265625 0.4953125 0.128125 0.115625
0 0.77734375 0.78984375 0.1171875 0.1546875
0 0.5046875 0.903125 0.0390625 0.040625
0 0.15078125 0.93515625 0.06875 0.075
0 0.32109375 0.14375 0.1203125 0.1609375
0 0.66328125 0.05078125 0.065625 0.078125
0 0.40078125 0.08203125 0.0890625 0.1296875
0 0.1765625 0.81328125 0.153125 0.1390625
0 0.7203125 0.14921875 0.0734375 0.0734375
0 0.540625 0.815625 0.1 0.1203125
0 0.73046875 0.4359375 0.0875 0.0859375
0 0.33046875 0.40859375 0.0875 0.096875
0 0.23125 0.3765625 0.1078125 0.103125
0 0.571875 0.178125 0.1765625 0.178125
0 0.73359375 0.29765625 0.09375 0.1109375
0 0.0859375 0.33515625 0.0984375 0.0859375
0 0.640625 0.94140625 0.0640625 0.0625
0 0.05625 0.23984375 0.05 0.0375
0 0.83203125 0.41953125 0.1109375 0.103125
0 0.4328125 0.6921875 0.153125 0.165625
0 0.1234375 0.1359375 0.075 0.0984375
0 0.734375 0.63515625 0.109375 0.128125
0 0.240625 0.63671875 0.046875 0.0625
0 0.42734375 0.87109375 0.0609375 0.046875
0 0.05078125 0.921875 0.1015625 0.103125
0 0.43828125 0.9390625 0.0703125 0.0828125
0 0.81953125 0.28828125 0.075 0.059375
0 0.36484375 0.8296875 0.10625 0.078125
0 0.07578125 0.2765625 0.05 0.0390625
0 0.88203125 0.70078125 0.18125 0.19375
0 0.25390625 0.73125 0.0953125 0.103125
0 0.4671875 0.15234375 0.1046875 0.1234375
0 0.28203125 0.821875 0.0625 0.0671875
0 0.89296875 0.07421875 0.1421875 0.1484375
0 0.9421875 0.3828125 0.115625 0.1078125
0 0.325 0.72890625 0.065625 0.0671875
0 0.91875 0.48984375 0.11875 0.134375
0 0.45625 0.80859375 0.1078125 0.078125
0 0.296875 0.3015625 0.0640625 0.0578125
0 0.85703125 0.20234375 0.1046875 0.109375
0 0.08359375 0.78671875 0.0546875 0.059375
0 0.2796875 0.56015625 0.10625 0.0859375
0 0.15078125 0.66171875 0.1515625 0.134375
0 0.0796875 0.203125 0.0359375 0.025
0 0.771875 0.19453125 0.1234375 0.0921875
0 0.66796875 0.2484375 0.1015625 0.1203125
0 0.94296875 0.80390625 0.1109375 0.090625
0 0.62734375 0.8453125 0.0765625 0.084375
0 0.821875 0.5078125 0.0578125 0.0609375
0 0.2078125 0.59140625 0.0765625 0.0609375
0 0.8609375 0.9234375 0.1375 0.109375
0 0.55078125 0.6171875 0.0765625 0.065625
0 0.80625 0.3609375 0.096875 0.071875