0 0.80625 0.42421875 0.0984375 0.109375
0 0.128125 0.85859375 0.25625 0.1953125
0 0.34375 0.396875 0.090625 0.084375
0 0.39296875 0.215625 0.1 0.0921875
0 0.4765625 0.22890625 0.0609375 0.075
0 0.153125 0.38125 0.1109375 0.096875
0 0.90078125 0.22265625 0.13125 0.103125
0 0.5609375 0.784375 0.0640625 0.0640625
0 0.64375 0.78046875 0.10625 0.1171875
0 0.60078125 0.60546875 0.084375 0.08125
0 0.51015625 0.3171875 0.109375 0.15
0 0.6671875 0.575 0.0890625 0.1234375
0 0.87890625 0.8296875 0.1328125 0.175
0 0.54765625 0.6390625 0.109375 0.10625
0 0.86796875 0.71953125 0.1 0.0796875
0 0.95625 0.17109375 0.084375 0.0921875
0 0.88046875 0.484375 0.1640625 0.171875
0 0.32890625 0.79453125 0.1171875 0.15625
0 0.7390625 0.44140625 0.1125 0.1359375
0 0.39140625 0.3140625 0.1359375 0.13125
0 0.6109375 0.26640625 0.1296875 0.115625
0 0.5546875 0.0546875 0.11875 0.109375
0 0.546875 0.71875 0.1109375 0.0859375
0 0.5171875 0.434375 0.13125 0.1234375
0 0.6890625 0.15234375 0.1359375 0.15
0 0.07421875 0.25234375 0.1484375 0.1765625
0 0.2359375 0.753125 0.1171875 0.1171875
0 0.890625 0.32265625 0.1140625 0.1078125
0 0.19140625 0.44453125 0.1078125 0.078125
0 0.76953125 0.7375 0.0984375 0.115625
0 0.57578125 0.89921875 0.1390625 0.1703125
0 0.47421875 0.55703125 0.0796875 0.1046875
0 0.9515625 0.734375 0.0953125 0.11875
0 0.7375 0.890625 0.1046875 0.078125
0 0.72109375 0.63046875 0.1078125 0.14375
0 0.4046875 0.45078125 0.115625 0.115625
0 0.153125 0.56640625 0.30625 0.2171875
0 0.3046875 0.1484375 0.121875 0.115625
0 0.40625 0.678125 0.190625 0.184375
0 0.30078125 0.04609375 0.1078125 0.0921875
0 0.38359375 0.8875 0.08125 0.06875
0 0.77890625 0.29140625 0.125 0.1078125
0 0.46953125 0.9109375 0.096875 0.1078125
0 0.671875 0.703125 0.1296875 0.1296875
0 0.09296875 0.7265625 0.1859375 0.134375
0 0.9046875 0.6296875 0.1234375 0.153125
0 0.375 0.1 0.14375 0.1546875
0 0.79140625 0.82578125 0.0890625 0.103125
0 0.6796875 0.41171875 0.121875 0.1328125
0 0.68828125 0.928125 0.121875 0.1421875
0 0.53046875 0.53671875 0.08125 0.115625
0 0.61484375 0.5234375 0.090625 0.1109375
0 0.396875 0.9421875 0.0953125 0.0609375
0 0.2796875 0.4625 0.0828125 0.0984375
0 0.725 0.81328125 0.075 0.103125
0 0.73203125 0.0859375 0.1171875 0.115625
0 0.49765625 0.7734375 0.06875 0.0859375
0 0.4515625 0.83359375 0.1203125 0.128125
0 0.56484375 0.15390625 0.11875 0.1453125
0 0.4765625 0.1234375 0.1234375 0.1484375
0 0.771875 0.57109375 0.1140625 0.1265625
0 0.83046875 0.61640625 0.090625 0.0859375
0 0.31953125 0.2703125 0.109375 0.1421875
0 0.19140625 0.2640625 0.1453125 0.1390625
0 0.8359375 0.15546875 0.16875 0.18125
0 0.603125 0.3671875 0.140625 0.1109375
0 0.375 0.55546875 0.1265625 0.096875