0 0.30546875 0.19296875 0.2015625 0.1921875
0 0.38515625 0.475 0.0890625 0.121875
0 0.8453125 0.52890625 0.3046875 0.2109375
0 0.87109375 0.15703125 0.1640625 0.1875
0 0.62578125 0.6953125 0.2078125 0.2640625
0 0.75390625 0.71015625 0.196875 0.2625
0 0.63671875 0.07734375 0.1203125 0.1546875
0 0.153125 0.88046875 0.2359375 0.2359375
0 0.84765625 0.65546875 0.20625 0.1421875
0 0.2640625 0.09296875 0.303125 0.1859375
0 0.884375 0.240625 0.121875 0.0984375
0 0.34765625 0.8984375 0.2203125 0.2
0 0.40234375 0.63671875 0.171875 0.184375
0 0.1015625 0.1328125 0.1421875 0.2484375
0 0.39765625 0.77421875 0.2078125 0.184375
0 0.9375 0.28828125 0.121875 0.128125
0 0.9234375 0.4140625 0.15 0.1765625
0 0.65546875 0.86015625 0.203125 0.1609375
0 0.74375 0.11171875 0.215625 0.2234375
0 0.24375 0.3921875 0.25625 0.278125
0 0.5109375 0.55390625 0.1984375 0.15625
0 0.53125 0.7453125 0.134375 0.228125
0 0.4078125 0.2015625 0.1375 0.18125
0 0.48515625 0.471875 0.1765625 0.134375
0 0.13984375 0.6734375 0.2796875 0.2375
0 0.0890625 0.3359375 0.178125 0.3125
0 0.5609375 0.24765625 0.2359375 0.2828125
0 0.4390625 0.34609375 0.2421875 0.175