0 0.63671875 0.50390625 0.1015625 0.103125
0 0.5359375 0.52265625 0.078125 0.0625
0 0.14609375 0.5609375 0.09375 0.1140625
0 0.24609375 0.11171875 0.125 0.1578125
0 0.4828125 0.82109375 0.128125 0.11875
0 0.57890625 0.86328125 0.0484375 0.0484375
0 0.81484375 0.3015625 0.1 0.078125
0 0.7078125 0.209375 0.078125 0.0953125
0 0.6359375 0.14140625 0.109375 0.1328125
0 0.24765625 0.86953125 0.09375 0.1078125
0 0.65625 0.6109375 0.109375 0.1109375
0 0.078125 0.11015625 0.15625 0.190625
0 0.63203125 0.03984375 0.1078125 0.0796875
0 0.9484375 0.3234375 0.1 0.0984375
0 0.6265625 0.73203125 0.1015625 0.1234375
0 0.80625 0.6046875 0.1015625 0.0921875
0 0.728125 0.29453125 0.0984375 0.084375
0 0.19375 0.184375 0.1234375 0.1390625
0 0.3765625 0.6203125 0.090625 0.0703125
0 0.53515625 0.34140625 0.0765625 0.075
0 0.73203125 0.41953125 0.084375 0.0875
0 0.45625 0.2640625 0.1109375 0.13125
0 0.81484375 0.18359375 0.1265625 0.115625
0 0.5765625 0.9296875 0.075 0.09375
0 0.56796875 0.465625 0.04375 0.04375
0 0.15390625 0.4078125 0.10625 0.1375
0 0.515625 0.72421875 0.1390625 0.1453125
0 0.42734375 0.55625 0.0984375 0.096875
0 0.8578125 0.384375 0.1 0.0953125
0 0.06796875 0.4953125 0.103125 0.109375
0 0.37265625 0.23046875 0.0984375 0.103125
0 0.38046875 0.31953125 0.0828125 0.0859375
0 0.928125 0.6765625 0.1390625 0.1140625
0 0.68125 0.8390625 0.1125 0.1125
0 0.04453125 0.8078125 0.0890625 0.1328125
0 0.22890625 0.60078125 0.13125 0.1328125
0 0.4609375 0.934375 0.1609375 0.13125
0 0.52578125 0.22734375 0.0734375 0.071875
0 0.55078125 0.0734375 0.08125 0.0859375
0 0.8515625 0.0984375 0.1015625 0.1078125
0 0.88125 0.91796875 0.134375 0.1578125
0 0.87578125 0.48125 0.1078125 0.1046875
0 0.29375 0.6703125 0.0921875 0.115625
0 0.2390625 0.75703125 0.084375 0.084375
0 0.928125 0.1 0.0796875 0.1015625
0 0.29296875 0.92890625 0.109375 0.1390625
0 0.18828125 0.7171875 0.115625 0.103125
0 0.25703125 0.4546875 0.11875 0.121875
0 0.75234375 0.77109375 0.1453125 0.1359375
0 0.1625 0.29375 0.1171875 0.1
0 0.0796875 0.6203125 0.109375 0.1390625
0 0.5375 0.615625 0.084375 0.0796875
0 0.6265625 0.30703125 0.0984375 0.1
0 0.7828125 0.47109375 0.0859375 0.0828125
0 0.740625 0.0828125 0.1140625 0.13125
0 0.39296875 0.446875 0.0828125 0.10625
0 0.32421875 0.4046875 0.0953125 0.0890625
0 0.0828125 0.75625 0.109375 0.1296875
0 0.35546875 0.07265625 0.1078125 0.1453125
0 0.396875 0.7125 0.1203125 0.1125
0 0.6875 0.94765625 0.1171875 0.103125
0 0.4671875 0.46640625 0.0875 0.1109375
0 0.95390625 0.57734375 0.0921875 0.1265625
0 0.44921875 0.06640625 0.0953125 0.1109375
0 0.3453125 0.55390625 0.075 0.0734375
0 0.59140625 0.36484375 0.065625 0.06875
0 0.49375 0.40234375 0.06875 0.0609375
0 0.2921875 0.33515625 0.115625 0.1125