0 0.11015625 0.8671875 0.11875 0.10625
0 0.28203125 0.140625 0.084375 0.1171875
0 0.85625 0.5453125 0.15 0.1421875
0 0.1671875 0.303125 0.153125 0.146875
0 0.06953125 0.70703125 0.1390625 0.1421875
0 0.64453125 0.57734375 0.2046875 0.1796875
0 0.0890625 0.05390625 0.13125 0.1078125
0 0.328125 0.275 0.1796875 0.1953125
0 0.24296875 0.4328125 0.246875 0.2421875
0 0.2171875 0.63359375 0.1828125 0.16875
0 0.940625 0.62734375 0.115625 0.1625
0 0.83671875 0.359375 0.1859375 0.2015625
0 0.89140625 0.92734375 0.115625 0.1203125
0 0.9328125 0.30078125 0.13125 0.1796875
0 0.64921875 0.753125 0.196875 0.1640625
0 0.88515625 0.1703125 0.1546875 0.178125
0 0.13984375 0.93203125 0.1859375 0.13125
0 0.06015625 0.2265625 0.1203125 0.171875
0 0.86328125 0.06640625 0.21875 0.1328125
0 0.728125 0.11796875 0.21875 0.1765625
0 0.23203125 0.07109375 0.1828125 0.1421875
0 0.9390625 0.7546875 0.1203125 0.146875
0 0.26171875 0.77734375 0.221875 0.2234375
0 0.75546875 0.425 0.1875 0.171875
0 0.628125 0.89296875 0.2171875 0.1921875
0 0.37265625 0.49609375 0.1015625 0.134375
0 0.81484375 0.8109375 0.1734375 0.1796875
0 0.4328125 0.13359375 0.228125 0.2546875
0 0.17421875 0.15 0.184375 0.1828125
0 0.08359375 0.53515625 0.1671875 0.1421875
0 0.709375 0.26796875 0.196875 0.165625
0 0.81875 0.7015625 0.1734375 0.1578125
0 0.096875 0.41640625 0.1203125 0.1203125
0 0.9453125 0.4703125 0.10625 0.16875