0 0.3578125 0.403125 0.0875 0.0734375
0 0.803125 0.58984375 0.078125 0.0765625
0 0.3765625 0.13515625 0.0578125 0.06875
0 0.2953125 0.21875 0.115625 0.1359375
0 0.7734375 0.4859375 0.109375 0.1109375
0 0.81484375 0.884375 0.146875 0.1359375
0 0.3515625 0.45703125 0.0765625 0.0734375
0 0.78203125 0.2375 0.1828125 0.19375
0 0.0875 0.5328125 0.0984375 0.0953125
0 0.2984375 0.37109375 0.06875 0.0828125
0 0.86484375 0.37421875 0.10625 0.09375
0 0.75625 0.38671875 0.115625 0.1234375
0 0.49375 0.51953125 0.153125 0.153125
0 0.38828125 0.69296875 0.0609375 0.0859375
0 0.4296875 0.89609375 0.084375 0.1171875
0 0.6328125 0.77578125 0.109375 0.115625
0 0.1265625 0.6453125 0.1015625 0.0875
0 0.21328125 0.5203125 0.0796875 0.071875
0 0.46796875 0.41875 0.090625 0.084375
0 0.865625 0.49921875 0.0953125 0.0765625
0 0.5125 0.80078125 0.1 0.1078125
0 0.0921875 0.81328125 0.0984375 0.1109375
0 0.84453125 0.54765625 0.096875 0.059375
0 0.84609375 0.4390625 0.0921875 0.071875
0 0.2359375 0.7625 0.0578125 0.0765625
0 0.50625 0.88515625 0.08125 0.0921875
0 0.64296875 0.35546875 0.0875 0.1
0 0.078125 0.1625 0.1078125 0.115625
0 0.35546875 0.8890625 0.0578125 0.0875
0 0.95 0.16015625 0.1 0.1421875
0 0.07421875 0.459375 0.103125 0.090625
0 0.353125 0.590625 0.13125 0.140625
0 0.09765625 0.70234375 0.084375 0.0875
0 0.04296875 0.65234375 0.0859375 0.1109375
0 0.709375 0.62890625 0.1484375 0.1484375
0 0.34140625 0.5078125 0.09375 0.0671875
0 0.39296875 0.09453125 0.053125 0.046875
0 0.3359375 0.7046875 0.0890625 0.121875
0 0.28828125 0.7671875 0.0625 0.08125
0 0.309375 0.93203125 0.0703125 0.0828125
0 0.86484375 0.3046875 0.0671875 0.05625
0 0.2546875 0.68828125 0.084375 0.084375
0 0.44375 0.09296875 0.0765625 0.084375
0 0.5984375 0.27578125 0.1265625 0.1
0 0.08671875 0.959375 0.1046875 0.0796875
0 0.4453125 0.5671875 0.078125 0.075
0 0.43203125 0.7828125 0.103125 0.1125
0 0.21875 0.27890625 0.0765625 0.06875
0 0.04765625 0.9390625 0.0578125 0.0734375
0 0.5234375 0.14765625 0.11875 0.1265625
0 0.88671875 0.12421875 0.146875 0.14375
0 0.546875 0.66796875 0.1234375 0.171875
0 0.165625 0.55859375 0.0859375 0.109375
0 0.5859375 0.4140625 0.121875 0.103125
0 0.421875 0.4453125 0.065625 0.09375
0 0.4390625 0.66640625 0.103125 0.1421875
0 0.4703125 0.196875 0.090625 0.1140625
0 0.06328125 0.87734375 0.0453125 0.0640625
0 0.63046875 0.8828125 0.1203125 0.121875
0 0.5296875 0.06484375 0.128125 0.1078125
0 0.35546875 0.3375 0.0875 0.0765625
0 0.64609375 0.48203125 0.0828125 0.0921875
0 0.6578125 0.18671875 0.14375 0.13125
0 0.1609375 0.7640625 0.0609375 0.06875
0 0.30859375 0.865625 0.0609375 0.078125
0 0.59140625 0.49921875 0.0828125 0.090625
0 0.4703125 0.3140625 0.1546875 0.14375
0 0.265625 0.14453125 0.13125 0.0953125
0 0.23828125 0.88203125 0.1109375 0.125
0 0.3234375 0.0515625 0.103125 0.103125
0 0.14765625 0.13984375 0.0921875 0.0921875
0 0.68359375 0.096875 0.1265625 0.103125
0 0.6890625 0.7859375 0.096875 0.13125
0 0.88671875 0.59921875 0.1171875 0.10625
0 0.396875 0.1796875 0.075 0.103125
0 0.1015625 0.753125 0.0953125 0.06875
0 0.1875 0.196875 0.10625 0.1046875
0 0.63046875 0.04296875 0.1140625 0.0859375
0 0.3828125 0.840625 0.06875 0.11875
0 0.19296875 0.05390625 0.1421875 0.1078125
0 0.22578125 0.8203125 0.0625 0.05625
0 0.5765625 0.3328125 0.071875 0.078125
0 0.91171875 0.0421875 0.1296875 0.084375
0 0.16015625 0.453125 0.0875 0.0921875
0 0.2375 0.5984375 0.11875 0.1
0 0.8421875 0.80234375 0.1109375 0.1296875
0 0.2734375 0.50390625 0.078125 0.115625
0 0.18046875 0.8078125 0.065625 0.0859375
0 0.92578125 0.55078125 0.0875 0.08125
0 0.190625 0.69296875 0.1078125 0.109375
0 0.9296875 0.696875 0.1390625 0.2109375
0 0.13125 0.8875 0.115625 0.0953125
0 0.09453125 0.05390625 0.1046875 0.1078125
0 0.065625 0.24296875 0.0828125 0.090625
0 0.8046875 0.06875 0.1203125 0.1171875