0 0.63046875 0.490625 0.240625 0.24375
0 0.29921875 0.18203125 0.209375 0.2203125
0 0.59609375 0.81015625 0.1046875 0.1
0 0.29296875 0.0625 0.1875 0.125
0 0.925 0.8265625 0.1453125 0.1546875
0 0.50625 0.89453125 0.2453125 0.203125
0 0.10078125 0.4828125 0.2015625 0.159375
0 0.784375 0.896875 0.24375 0.2046875
0 0.734375 0.19375 0.25 0.259375
0 0.10234375 0.13984375 0.2046875 0.2609375
0 0.746875 0.42578125 0.1625 0.1859375
0 0.29921875 0.78046875 0.2546875 0.1828125
0 0.478125 0.7375 0.178125 0.1953125
0 0.37265625 0.3328125 0.1625 0.1734375
0 0.0734375 0.63125 0.146875 0.2375
0 0.1328125 0.6 0.15 0.15
0 0.2828125 0.50859375 0.153125 0.153125
0 0.28828125 0.65 0.2609375 0.190625
0 0.79453125 0.7328125 0.1609375 0.178125
0 0.4375 0.52890625 0.225 0.24375
0 0.65625 0.70703125 0.25 0.265625
0 0.9 0.3828125 0.1984375 0.2
0 0.1140625 0.86328125 0.228125 0.24375
0 0.4703125 0.17109375 0.19375 0.24375
0 0.9046875 0.5234375 0.1875 0.159375
0 0.8578125 0.64375 0.1765625 0.1859375