0 0.6984375 0.75078125 0.0578125 0.0640625
0 0.696875 0.21953125 0.1125 0.0765625
0 0.5390625 0.3078125 0.0875 0.0765625
0 0.72265625 0.5421875 0.14375 0.084375
0 0.54609375 0.37265625 0.0609375 0.059375
0 0.2328125 0.72734375 0.1046875 0.090625
0 0.39453125 0.32578125 0.06875 0.0828125
0 0.1921875 0.603125 0.13125 0.1171875
0 0.453125 0.10859375 0.084375 0.1234375
0 0.5203125 0.21796875 0.0546875 0.065625
0 0.21015625 0.1171875 0.1 0.1109375
0 0.496875 0.65234375 0.1015625 0.084375
0 0.590625 0.45703125 0.1171875 0.134375
0 0.85234375 0.6421875 0.1078125 0.1046875
0 0.76953125 0.7671875 0.0703125 0.0859375
0 0.375 0.61875 0.1 0.096875
0 0.54765625 0.165625 0.1046875 0.1078125
0 0.678125 0.11953125 0.159375 0.1703125
0 0.88671875 0.1765625 0.10625 0.1140625
0 0.33984375 0.3890625 0.0890625 0.0734375
0 0.0984375 0.2515625 0.0953125 0.071875
0 0.81484375 0.9203125 0.10625 0.121875
0 0.15390625 0.03984375 0.1140625 0.0796875
0 0.4953125 0.27421875 0.053125 0.046875
0 0.08515625 0.896875 0.0921875 0.1
0 0.296875 0.57109375 0.09375 0.0609375
0 0.16796875 0.3421875 0.1109375 0.115625
0 0.04140625 0.325 0.0828125 0.121875
0 0.83359375 0.33203125 0.090625 0.071875
0 0.77578125 0.1890625 0.1125 0.1234375
0 0.40625 0.834375 0.10625 0.13125
0 0.353125 0.2484375 0.0875 0.0828125
0 0.2109375 0.45625 0.0734375 0.078125
0 0.303125 0.6515625 0.1546875 0.1671875
0 0.4921875 0.4453125 0.121875 0.140625
0 0.11953125 0.41796875 0.096875 0.06875
0 0.08125 0.17734375 0.1078125 0.1
0 0.3171875 0.8640625 0.1015625 0.109375
0 0.6875 0.36015625 0.1453125 0.109375
0 0.3796875 0.93671875 0.0734375 0.1046875
0 0.0875 0.36640625 0.0859375 0.096875
0 0.06796875 0.578125 0.1296875 0.103125
0 0.93359375 0.82109375 0.10625 0.1265625
0 0.90859375 0.86171875 0.0828125 0.090625
0 0.9125 0.51171875 0.0828125 0.0828125
0 0.25390625 0.4046875 0.0796875 0.0625
0 0.14140625 0.815625 0.13125 0.0984375
0 0.43125 0.284375 0.078125 0.0703125
0 0.1109375 0.12421875 0.10625 0.1015625
0 0.36875 0.078125 0.09375 0.115625
0 0.775 0.04765625 0.10625 0.0953125
0 0.15859375 0.75 0.078125 0.0765625
0 0.8765625 0.04765625 0.1 0.0953125
0 0.48203125 0.33203125 0.0671875 0.0765625
0 0.72578125 0.7015625 0.0875 0.0734375
0 0.26171875 0.31875 0.1296875 0.1421875
0 0.8140625 0.828125 0.08125 0.075
0 0.6390625 0.6125 0.13125 0.1421875
0 0.8125 0.25625 0.0875 0.090625
0 0.49296875 0.578125 0.08125 0.084375
0 0.04765625 0.08671875 0.0953125 0.0953125
0 0.9 0.58359375 0.075 0.0625
0 0.6734375 0.95703125 0.1609375 0.0828125
0 0.28828125 0.04375 0.1234375 0.0875
0 0.33984375 0.14609375 0.08125 0.0859375
0 0.43359375 0.35234375 0.071875 0.065625
0 0.396875 0.72578125 0.1234375 0.1265625
0 0.3359375 0.3109375 0.0734375 0.0765625
0 0.9671875 0.48359375 0.0640625 0.1078125
0 0.4046875 0.54296875 0.1328125 0.1625
0 0.05390625 0.49375 0.1078125 0.09375
0 0.39375 0.17578125 0.071875 0.0828125
0 0.49921875 0.734375 0.125 0.1171875
0 0.6171875 0.7640625 0.1453125 0.1796875
0 0.484375 0.84765625 0.1015625 0.1125
0 0.30078125 0.1859375 0.090625 0.0984375
0 0.8390625 0.74921875 0.08125 0.1125
0 0.70703125 0.8 0.059375 0.0609375
0 0.20703125 0.65625 0.075 0.0578125
0 0.68203125 0.47734375 0.0671875 0.0796875
0 0.74375 0.47421875 0.09375 0.075
0 0.83046875 0.51171875 0.090625 0.11875
0 0.540625 0.0859375 0.09375 0.0859375
0 0.7578125 0.61171875 0.121875 0.0984375
0 0.88671875 0.284375 0.0984375 0.1015625
0 0.20078125 0.21171875 0.140625 0.146875
0 0.528125 0.91953125 0.1234375 0.128125
0 0.303125 0.76953125 0.1 0.090625
0 0.6015625 0.3703125 0.0578125 0.0703125
0 0.7921875 0.69453125 0.0546875 0.0609375
0 0.19453125 0.8640625 0.1484375 0.1578125
0 0.48359375 0.06328125 0.059375 0.078125
0 0.81875 0.0890625 0.0953125 0.1078125
0 0.159375 0.4921875 0.1359375 0.13125
0 0.95078125 0.6703125 0.0984375 0.1046875
0 0.440625 0.93359375 0.065625 0.09375
0 0.75859375 0.38046875 0.1234375 0.1265625
0 0.42109375 0.415625 0.0734375 0.0875
0 0.69921875 0.275 0.103125 0.0859375
0 0.94375 0.06953125 0.1109375 0.1390625
0 0.0734375 0.70390625 0.146875 0.1078125
0 0.44453125 0.2109375 0.1140625 0.109375
0 0.6203125 0.884375 0.1046875 0.0859375
0 0.88671875 0.6953125 0.0640625 0.078125
0 0.95546875 0.21875 0.0875 0.125
0 0.9296875 0.3609375 0.103125 0.1109375
0 0.2984375 0.109375 0.0640625 0.06875
0 0.884375 0.8953125 0.0828125 0.08125
0 0.8734375 0.42890625 0.11875 0.1171875
0 0.72890625 0.884375 0.1109375 0.1265625
0 0.34609375 0.45546875 0.0625 0.0609375
0 0.284375 0.46484375 0.0921875 0.10625