0 0.859375 0.7421875 0.16875 0.1875
0 0.69453125 0.809375 0.1125 0.1390625
0 0.60703125 0.05625 0.1921875 0.1125
0 0.5296875 0.16328125 0.1515625 0.159375
0 0.353125 0.65078125 0.1859375 0.1546875
0 0.07265625 0.7125 0.1453125 0.2125
0 0.40546875 0.359375 0.178125 0.1703125
0 0.19453125 0.11875 0.175 0.15625
0 0.90703125 0.5328125 0.18125 0.265625
0 0.56484375 0.85546875 0.2421875 0.2734375
0 0.9015625 0.31484375 0.19375 0.178125
0 0.771875 0.428125 0.121875 0.1234375
0 0.28203125 0.28515625 0.19375 0.234375
0 0.13203125 0.2671875 0.2234375 0.2578125
0 0.175 0.86640625 0.2109375 0.2625
0 0.15 0.57421875 0.225 0.228125
0 0.3578125 0.50625 0.26875 0.2546875
0 0.3390625 0.82109375 0.2484375 0.24375
0 0.05546875 0.90859375 0.1109375 0.18125
0 0.909375 0.89453125 0.178125 0.1765625
0 0.37890625 0.20390625 0.1578125 0.1578125
0 0.61015625 0.62109375 0.2421875 0.2734375
0 0.8140625 0.9171875 0.20625 0.1625
0 0.05703125 0.1640625 0.1140625 0.1421875
0 0.671875 0.384375 0.2328125 0.18125
0 0.52109375 0.453125 0.1796875 0.209375
0 0.74609375 0.2671875 0.1484375 0.1671875
0 0.740625 0.7078125 0.06875 0.0703125
0 0.63125 0.2265625 0.2390625 0.2671875
0 0.44140625 0.09375 0.1359375 0.1609375
0 0.36484375 0.94609375 0.1890625 0.1078125
0 0.74375 0.1171875 0.134375 0.1359375
0 0.7328125 0.58671875 0.153125 0.1734375
0 0.271875 0.0671875 0.1625 0.134375