0 0.85390625 0.2171875 0.1140625 0.109375
0 0.265625 0.0515625 0.06875 0.06875
0 0.85078125 0.45703125 0.11875 0.109375
0 0.43203125 0.921875 0.1046875 0.11875
0 0.41328125 0.5625 0.0890625 0.09375
0 0.321875 0.28359375 0.1578125 0.1265625
0 0.20703125 0.10390625 0.0875 0.0828125
0 0.303125 0.11484375 0.1265625 0.0875
0 0.14453125 0.3578125 0.06875 0.0890625
0 0.65546875 0.0421875 0.1109375 0.084375
0 0.475 0.85234375 0.05 0.071875
0 0.93125 0.66015625 0.1328125 0.1109375
0 0.56484375 0.5796875 0.0828125 0.1171875
0 0.5578125 0.171875 0.0578125 0.0625
0 0.1171875 0.45390625 0.084375 0.0671875
0 0.4828125 0.2671875 0.1203125 0.11875
0 0.5609375 0.96875 0.059375 0.0484375
0 0.39140625 0.42109375 0.065625 0.0796875
0 0.6734375 0.63984375 0.0984375 0.0890625
0 0.4875 0.58359375 0.078125 0.06875
0 0.578125 0.2828125 0.0640625 0.0703125
0 0.409375 0.6328125 0.0984375 0.075
0 0.89921875 0.3515625 0.1265625 0.121875
0 0.5265625 0.51796875 0.090625 0.0890625
0 0.25 0.5375 0.059375 0.0640625
0 0.71015625 0.28359375 0.1125 0.115625
0 0.47734375 0.1421875 0.1171875 0.134375
0 0.353125 0.76796875 0.084375 0.0828125
0 0.63125 0.47734375 0.1375 0.1609375
0 0.5546875 0.07734375 0.071875 0.10625
0 0.32421875 0.5421875 0.1109375 0.10625
0 0.24609375 0.728125 0.0703125 0.0546875
0 0.21484375 0.36875 0.1 0.1015625
0 0.4734375 0.646875 0.0578125 0.065625
0 0.2265625 0.4953125 0.0953125 0.071875
0 0.2265625 0.5875 0.08125 0.0828125
0 0.08515625 0.5609375 0.0734375 0.0828125
0 0.215625 0.290625 0.05625 0.0640625
0 0.80390625 0.328125 0.1734375 0.171875
0 0.15703125 0.6515625 0.1078125 0.0890625
0 0.159375 0.2984375 0.06875 0.0484375
0 0.15546875 0.54453125 0.0984375 0.0734375
0 0.7421875 0.23046875 0.0953125 0.084375
0 0.7015625 0.43515625 0.090625 0.0796875
0 0.465625 0.75234375 0.0671875 0.071875
0 0.80625 0.725 0.071875 0.075
0 0.703125 0.8171875 0.1171875 0.1546875
0 0.12265625 0.146875 0.0625 0.096875
0 0.30703125 0.61484375 0.0953125 0.08125
0 0.2875 0.19375 0.1078125 0.090625
0 0.175 0.7140625 0.1078125 0.084375
0 0.77734375 0.03125 0.140625 0.0625
0 0.29765625 0.6953125 0.0546875 0.0796875
0 0.20078125 0.4453125 0.096875 0.0609375
0 0.0640625 0.09765625 0.0828125 0.075
0 0.51328125 0.84375 0.0640625 0.075
0 0.56484375 0.371875 0.1109375 0.1171875
0 0.45234375 0.3796875 0.115625 0.121875
0 0.9375 0.25546875 0.103125 0.1
0 0.08125 0.4140625 0.0984375 0.0546875
0 0.4078125 0.059375 0.0859375 0.1
0 0.16796875 0.25390625 0.0828125 0.075
0 0.3578125 0.48359375 0.0765625 0.059375
0 0.84140625 0.86015625 0.140625 0.1328125
0 0.5546875 0.23046875 0.071875 0.06875
0 0.0515625 0.93359375 0.103125 0.125
0 0.36015625 0.1828125 0.078125 0.1
0 0.509375 0.715625 0.084375 0.0609375
0 0.375 0.36796875 0.1 0.1109375
0 0.24921875 0.64453125 0.065625 0.075
0 0.6015625 0.1265625 0.0875 0.1140625
0 0.696875 0.56875 0.1203125 0.0984375
0 0.06796875 0.34609375 0.0984375 0.096875
0 0.2984375 0.375 0.0703125 0.0875
0 0.35859375 0.9359375 0.078125 0.084375
0 0.44921875 0.5109375 0.1078125 0.0859375
0 0.896875 0.93359375 0.1328125 0.1296875
0 0.15 0.95078125 0.0703125 0.071875
0 0.15078125 0.8375 0.0921875 0.09375
0 0.50234375 0.77734375 0.096875 0.0859375
0 0.734375 0.72109375 0.1265625 0.1609375
0 0.91953125 0.14453125 0.13125 0.1359375
0 0.32578125 0.43671875 0.071875 0.0859375
0 0.1890625 0.91171875 0.109375 0.1078125
0 0.7484375 0.51171875 0.109375 0.1
0 0.934375 0.82421875 0.128125 0.1046875
0 0.93125 0.73828125 0.134375 0.084375
0 0.07734375 0.66796875 0.0625 0.059375
0 0.65546875 0.31875 0.0828125 0.0765625
0 0.65 0.3859375 0.1015625 0.0703125
0 0.72890625 0.12734375 0.1625 0.159375
0 0.6453125 0.9375 0.103125 0.121875
0 0.58984375 0.80234375 0.1578125 0.1671875
0 0.06484375 0.62421875 0.0609375 0.05
0 0.2890625 0.8828125 0.125 0.125
0 0.53125 0.6515625 0.084375 0.0828125
0 0.1328125 0.50390625 0.0765625 0.053125
0 0.4203125 0.13984375 0.0453125 0.0546875
0 0.39296875 0.84921875 0.09375 0.109375
0 0.421875 0.715625 0.0953125 0.1265625
0 0.9390625 0.57265625 0.1171875 0.1109375
0 0.2359375 0.8234375 0.096875 0.1
0 0.1359375 0.7734375 0.10625 0.090625
0 0.1609375 0.15546875 0.06875 0.103125
0 0.4203125 0.453125 0.0640625 0.071875
0 0.484375 0.4546875 0.071875 0.06875
0 0.0984375 0.22578125 0.1078125 0.09375
0 0.05859375 0.734375 0.1171875 0.09375
0 0.35 0.68125 0.0796875 0.1046875
0 0.04609375 0.5359375 0.0921875 0.0890625
0 0.740625 0.93046875 0.1140625 0.1359375
0 0.48984375 0.0390625 0.084375 0.0765625
0 0.8046875 0.7890625 0.1171875 0.0921875
0 0.084375 0.8234375 0.0609375 0.084375
0 0.17421875 0.06015625 0.06875 0.0765625
0 0.9515625 0.4671875 0.0953125 0.103125
0 0.6390625 0.246875 0.115625 0.134375
0 0.5625 0.91875 0.0859375 0.103125
0 0.1328125 0.615625 0.103125 0.0609375
0 0.59609375 0.690625 0.090625 0.096875
0 0.82890625 0.09921875 0.0796875 0.1140625
0 0.22109375 0.1921875 0.0828125 0.1234375