0 0.0453125 0.73828125 0.090625 0.1421875
0 0.146875 0.88203125 0.1625 0.21875
0 0.28828125 0.8359375 0.0921875 0.1046875
0 0.759375 0.32265625 0.0890625 0.0875
0 0.4078125 0.2953125 0.109375 0.1109375
0 0.7 0.8515625 0.103125 0.1328125
0 0.84140625 0.95625 0.1296875 0.084375
0 0.946875 0.31328125 0.084375 0.046875
0 0.3296875 0.93984375 0.109375 0.11875
0 0.63046875 0.87109375 0.09375 0.1375
0 0.3625 0.49453125 0.0703125 0.059375
0 0.1265625 0.434375 0.109375 0.1015625
0 0.7828125 0.49609375 0.1453125 0.178125
0 0.88359375 0.2203125 0.115625 0.0671875
0 0.11015625 0.709375 0.134375 0.1265625
0 0.5625 0.6421875 0.0859375 0.0671875
0 0.0671875 0.209375 0.134375 0.1390625
0 0.93984375 0.58671875 0.0609375 0.04375
0 0.64296875 0.3015625 0.0953125 0.0828125
0 0.30859375 0.20546875 0.1953125 0.1546875
0 0.46171875 0.75703125 0.0921875 0.0765625
0 0.95625 0.64140625 0.06875 0.0640625
0 0.55546875 0.80234375 0.121875 0.1453125
0 0.2203125 0.49453125 0.1609375 0.1171875
0 0.0375 0.55625 0.075 0.1140625
0 0.53125 0.26953125 0.134375 0.1328125
0 0.1125 0.14609375 0.0828125 0.090625
0 0.49296875 0.05859375 0.125 0.1171875
0 0.73359375 0.75546875 0.0640625 0.09375
0 0.37109375 0.746875 0.075 0.0734375
0 0.88984375 0.86171875 0.04375 0.0453125
0 0.36015625 0.0703125 0.1375 0.140625
0 0.9234375 0.36640625 0.0578125 0.04375
0 0.459375 0.62578125 0.0765625 0.0484375
0 0.2125 0.07734375 0.10625 0.1484375
0 0.3265625 0.60625 0.121875 0.134375
0 0.2703125 0.7234375 0.0875 0.1015625
0 0.5578125 0.46640625 0.0765625 0.0875
0 0.92265625 0.41015625 0.0640625 0.05625
0 0.86796875 0.4546875 0.0796875 0.0796875
0 0.528125 0.690625 0.0703125 0.0671875
0 0.78984375 0.06484375 0.0921875 0.1109375
0 0.2171875 0.671875 0.0875 0.11875
0 0.359375 0.41171875 0.071875 0.075
0 0.70546875 0.0890625 0.084375 0.1453125
0 0.05234375 0.38046875 0.1046875 0.140625
0 0.484375 0.34609375 0.1078125 0.1078125
0 0.665625 0.40546875 0.1296875 0.1171875
0 0.7125 0.60078125 0.1265625 0.1671875
0 0.896875 0.715625 0.10625 0.0609375
0 0.72421875 0.26328125 0.08125 0.08125
0 0.62265625 0.665625 0.065625 0.078125
0 0.61015625 0.125 0.115625 0.1375
0 0.21171875 0.58125 0.1546875 0.09375
0 0.64375 0.22734375 0.0734375 0.0765625
0 0.25234375 0.9390625 0.0875 0.1171875
0 0.8453125 0.12734375 0.1171875 0.1390625
0 0.421875 0.67734375 0.0890625 0.0765625
0 0.47734375 0.5359375 0.09375 0.1328125
0 0.10703125 0.603125 0.090625 0.096875
0 0.22265625 0.30859375 0.1515625 0.1328125
0 0.8359375 0.2953125 0.125 0.13125
0 0.275 0.42734375 0.0890625 0.0875
0 0.74453125 0.175 0.1 0.1
0 0.58203125 0.36640625 0.075 0.0765625
0 0.4203125 0.9125 0.0984375 0.1625
0 0.48046875 0.43359375 0.084375 0.08125
0 0.67734375 0.7359375 0.0984375 0.0828125