0 0.8703125 0.93125 0.0890625 0.075
0 0.56484375 0.42265625 0.0765625 0.0546875
0 0.375 0.83515625 0.1078125 0.125
0 0.4328125 0.3265625 0.1046875 0.0640625
0 0.14375 0.815625 0.0828125 0.0640625
0 0.53125 0.89296875 0.178125 0.1890625
0 0.0421875 0.3984375 0.084375 0.103125
0 0.7921875 0.5625 0.075 0.078125
0 0.4515625 0.12890625 0.0640625 0.059375
0 0.17734375 0.3921875 0.0515625 0.05625
0 0.159375 0.88046875 0.0546875 0.05
0 0.30859375 0.25390625 0.1046875 0.109375
0 0.2203125 0.2796875 0.078125 0.090625
0 0.28359375 0.44375 0.0671875 0.0734375
0 0.4265625 0.878125 0.0359375 0.059375
0 0.2890625 0.834375 0.06875 0.0984375
0 0.29296875 0.38515625 0.0515625 0.046875
0 0.4109375 0.41484375 0.0671875 0.059375
0 0.0890625 0.5890625 0.1328125 0.0890625
0 0.59765625 0.7421875 0.0515625 0.05625
0 0.353125 0.43359375 0.05625 0.0390625
0 0.871875 0.12421875 0.128125 0.084375
0 0.90625 0.19140625 0.1140625 0.11875
0 0.1578125 0.23046875 0.1140625 0.109375
0 0.7078125 0.9328125 0.1078125 0.1046875
0 0.72734375 0.86796875 0.0859375 0.0765625
0 0.65625 0.05703125 0.09375 0.10625
0 0.1625 0.93828125 0.1109375 0.1234375
0 0.22734375 0.459375 0.053125 0.0453125
0 0.65 0.4765625 0.0546875 0.0484375
0 0.87890625 0.759375 0.0859375 0.09375
0 0.35234375 0.35390625 0.0734375 0.078125
0 0.31484375 0.46875 0.0609375 0.0453125
0 0.77421875 0.66015625 0.146875 0.1265625
0 0.090625 0.940625 0.071875 0.1140625
0 0.365625 0.47421875 0.0484375 0.04375
0 0.37421875 0.19296875 0.078125 0.096875
0 0.4359375 0.5375 0.1671875 0.1265625
0 0.709375 0.50546875 0.0828125 0.078125
0 0.58828125 0.17734375 0.084375 0.1078125
0 0.48203125 0.45703125 0.090625 0.0765625
0 0.828125 0.3875 0.0828125 0.096875
0 0.6359375 0.934375 0.0625 0.0734375
0 0.45625 0.71875 0.0578125 0.071875
0 0.675 0.63046875 0.0765625 0.0875
0 0.76171875 0.3625 0.0875 0.090625
0 0.53203125 0.67578125 0.08125 0.090625
0 0.78671875 0.78828125 0.14375 0.109375
0 0.5296875 0.24765625 0.06875 0.0859375
0 0.71484375 0.4375 0.046875 0.053125
0 0.58359375 0.03828125 0.0796875 0.0765625
0 0.80625 0.946875 0.08125 0.0828125
0 0.434375 0.3765625 0.078125 0.046875
0 0.853125 0.2890625 0.1375 0.0984375
0 0.484375 0.6859375 0.0640625 0.0671875
0 0.10859375 0.52265625 0.0984375 0.08125
0 0.11796875 0.0921875 0.115625 0.0953125
0 0.2859375 0.34921875 0.0609375 0.040625
0 0.6484375 0.2984375 0.1734375 0.146875
0 0.2046875 0.5390625 0.0828125 0.071875
0 0.46484375 0.25625 0.071875 0.0640625
0 0.12421875 0.678125 0.0703125 0.0703125
0 0.49609375 0.39609375 0.0484375 0.046875
0 0.90546875 0.5953125 0.0609375 0.0515625
0 0.3984375 0.146875 0.0421875 0.0359375
0 0.6640625 0.4140625 0.084375 0.084375
0 0.3203125 0.90625 0.075 0.0984375
0 0.85546875 0.521875 0.1109375 0.121875
0 0.95546875 0.76015625 0.0875 0.075
0 0.9 0.04765625 0.121875 0.0953125
0 0.1375 0.7546875 0.084375 0.0953125
0 0.53828125 0.75234375 0.109375 0.0921875
0 0.51171875 0.08359375 0.0859375 0.1171875
0 0.4046875 0.1 0.0453125 0.0609375
0 0.22421875 0.40234375 0.0609375 0.0671875
0 0.6203125 0.51171875 0.0609375 0.0609375
0 0.93984375 0.68046875 0.1 0.0984375
0 0.675 0.76953125 0.0734375 0.090625
0 0.90625 0.90703125 0.1015625 0.103125
0 0.90546875 0.3546875 0.096875 0.125
0 0.4515625 0.19296875 0.0765625 0.075
0 0.403125 0.946875 0.1 0.1046875
0 0.3296875 0.125 0.0875 0.084375
0 0.07421875 0.20703125 0.0828125 0.0953125
0 0.56875 0.47109375 0.071875 0.0515625