0 0.84296875 0.259375 0.071875 0.0765625
0 0.6609375 0.89140625 0.203125 0.215625
0 0.77109375 0.4609375 0.171875 0.13125
0 0.8484375 0.07890625 0.1875 0.1578125
0 0.24453125 0.75234375 0.18125 0.19375
0 0.85 0.92578125 0.196875 0.146875
0 0.86484375 0.70234375 0.134375 0.1328125
0 0.0828125 0.36015625 0.165625 0.2125
0 0.053125 0.6203125 0.10625 0.1875
0 0.8125 0.359375 0.178125 0.14375
0 0.37578125 0.57890625 0.259375 0.2296875
0 0.36328125 0.8453125 0.2859375 0.29375
0 0.159375 0.65859375 0.209375 0.1984375
0 0.928125 0.76328125 0.10625 0.0875
0 0.6953125 0.5703125 0.15 0.115625
0 0.1484375 0.13828125 0.296875 0.2765625
0 0.16328125 0.5046875 0.090625 0.1015625
0 0.93671875 0.31171875 0.1234375 0.178125
0 0.2734375 0.35859375 0.171875 0.2234375
0 0.18046875 0.3453125 0.1671875 0.240625
0 0.91875 0.83359375 0.1234375 0.1265625
0 0.6734375 0.6546875 0.153125 0.1046875
0 0.8671875 0.303125 0.0859375 0.0703125
0 0.92890625 0.15625 0.0875 0.1515625
0 0.81796875 0.1859375 0.1671875 0.1984375
0 0.8109375 0.6296875 0.153125 0.146875
0 0.6328125 0.73046875 0.11875 0.1140625
0 0.77578125 0.80625 0.165625 0.1640625
0 0.91328125 0.52421875 0.1671875 0.1625
0 0.4015625 0.3984375 0.2546875 0.259375
0 0.24375 0.54453125 0.1296875 0.1453125
0 0.1015625 0.8734375 0.1953125 0.2015625