0 0.075 0.34609375 0.06875 0.0609375
0 0.28359375 0.2734375 0.05 0.0484375
0 0.61328125 0.1796875 0.059375 0.0453125
0 0.81484375 0.36171875 0.0828125 0.0828125
0 0.9578125 0.68984375 0.084375 0.1265625
0 0.640625 0.88828125 0.0734375 0.0625
0 0.07265625 0.6265625 0.05625 0.0484375
0 0.62109375 0.5734375 0.0640625 0.06875
0 0.509375 0.21484375 0.11875 0.08125
0 0.084375 0.48515625 0.059375 0.0671875
0 0.12109375 0.11875 0.0921875 0.0984375
0 0.78046875 0.8578125 0.0765625 0.071875
0 0.05625 0.08203125 0.0796875 0.0625
0 0.10234375 0.24921875 0.0578125 0.0390625
0 0.3796875 0.125 0.03125 0.040625
0 0.046875 0.25234375 0.053125 0.05625
0 0.2875 0.42734375 0.071875 0.0828125
0 0.90859375 0.36328125 0.13125 0.0796875
0 0.325 0.29921875 0.05 0.046875
0 0.4421875 0.9671875 0.0609375 0.059375
0 0.684375 0.265625 0.0609375 0.053125
0 0.49765625 0.6 0.1171875 0.0890625
0 0.86875 0.96015625 0.075 0.053125
0 0.4125 0.234375 0.0609375 0.05
0 0.034375 0.45390625 0.0578125 0.053125
0 0.88359375 0.88515625 0.115625 0.1109375
0 0.325 0.76328125 0.1125 0.09375
0 0.81015625 0.43984375 0.0765625 0.065625
0 0.4359375 0.05703125 0.0296875 0.025
0 0.48359375 0.753125 0.053125 0.0515625
0 0.26484375 0.58203125 0.0609375 0.05
0 0.8375 0.6953125 0.071875 0.0734375
0 0.6875 0.6609375 0.0828125 0.090625
0 0.68828125 0.52734375 0.06875 0.0609375
0 0.1828125 0.05703125 0.0625 0.084375
0 0.04765625 0.7796875 0.0703125 0.059375
0 0.5640625 0.35859375 0.03125 0.03125
0 0.0484375 0.91328125 0.078125 0.065625
0 0.38125 0.4765625 0.05625 0.053125
0 0.496875 0.6796875 0.071875 0.0828125
0 0.13046875 0.54375 0.0515625 0.059375
0 0.1265625 0.425 0.0453125 0.0609375
0 0.2359375 0.4015625 0.071875 0.075
0 0.72578125 0.0515625 0.0515625 0.046875
0 0.42734375 0.29375 0.0875 0.0828125
0 0.7734375 0.18046875 0.109375 0.0796875
0 0.42578125 0.8078125 0.1 0.1109375
0 0.2546875 0.48984375 0.071875 0.0640625
0 0.9 0.50390625 0.121875 0.115625
0 0.85 0.08125 0.075 0.071875
0 0.69609375 0.14765625 0.0875 0.090625
0 0.9390625 0.43671875 0.1203125 0.0734375
0 0.64609375 0.30859375 0.09375 0.06875
0 0.1953125 0.2640625 0.078125 0.0671875
0 0.13046875 0.86875 0.0828125 0.075
0 0.86171875 0.62265625 0.1078125 0.0890625
0 0.3765625 0.2734375 0.05625 0.0578125
0 0.86875 0.19453125 0.06875 0.05625
0 0.1109375 0.953125 0.10625 0.09375
0 0.3140625 0.2265625 0.071875 0.0703125
0 0.078125 0.41875 0.0515625 0.0453125
0 0.3515625 0.5578125 0.0578125 0.0546875
0 0.95 0.8328125 0.05 0.06875
0 0.9328125 0.12421875 0.09375 0.10625
0 0.8109375 0.56640625 0.0953125 0.071875
0 0.63515625 0.2296875 0.0890625 0.0765625
0 0.390625 0.65234375 0.096875 0.134375
0 0.68828125 0.725 0.0765625 0.0640625
0 0.8921875 0.79609375 0.1078125 0.0875
0 0.76171875 0.32109375 0.0921875 0.09375
0 0.634375 0.82578125 0.0765625 0.0734375
0 0.77265625 0.78203125 0.0734375 0.0875
0 0.59765625 0.04921875 0.0484375 0.04375
0 0.65703125 0.96328125 0.115625 0.0671875
0 0.50234375 0.4875 0.071875 0.0703125
0 0.68515625 0.2078125 0.0625 0.053125
0 0.10625 0.296875 0.0953125 0.0640625
0 0.77890625 0.69375 0.0484375 0.075
0 0.9140625 0.284375 0.0859375 0.0671875
0 0.8109375 0.25390625 0.0640625 0.0546875
0 0.19375 0.2 0.075 0.0640625
0 0.0390625 0.5234375 0.078125 0.0921875
0 0.46015625 0.0921875 0.046875 0.0453125
0 0.1578125 0.790625 0.09375 0.08125
0 0.73046875 0.7953125 0.0671875 0.0578125
0 0.42109375 0.44140625 0.09375 0.05625
0 0.721875 0.4796875 0.09375 0.0734375
0 0.27421875 0.88046875 0.08125 0.103125
0 0.47265625 0.1390625 0.053125 0.04375
0 0.37421875 0.521875 0.0671875 0.0578125
0 0.359375 0.91953125 0.0625 0.1078125
0 0.190625 0.7125 0.0546875 0.0578125
0 0.41171875 0.11796875 0.03125 0.0453125
0 0.6203125 0.740625 0.09375 0.0984375
0 0.11875 0.6515625 0.0796875 0.0640625
0 0.0828125 0.5703125 0.0609375 0.05625
0 0.72890625 0.88671875 0.090625 0.1046875
0 0.26640625 0.08671875 0.0875 0.1078125
0 0.5640625 0.43828125 0.1125 0.10625
0 0.62734375 0.478125 0.06875 0.078125
0 0.58046875 0.909375 0.059375 0.096875
0 0.165625 0.47890625 0.0859375 0.0921875
0 0.25234375 0.63984375 0.075 0.0625
0 0.31171875 0.53203125 0.046875 0.0484375
0 0.9296875 0.22890625 0.0828125 0.0484375
0 0.68359375 0.4203125 0.0953125 0.06875
0 0.340625 0.49765625 0.0390625 0.0390625
0 0.5828125 0.53125 0.06875 0.0765625
0 0.70390625 0.1 0.0765625 0.06875
0 0.78359375 0.028125 0.05625 0.05625
0 0.2453125 0.8046875 0.11875 0.1109375
0 0.54609375 0.0984375 0.0453125 0.0453125
0 0.0484375 0.67734375 0.0625 0.0578125
0 0.26484375 0.32109375 0.0796875 0.078125
0 0.56171875 0.30625 0.053125 0.0640625
0 0.4125 0.9015625 0.06875 0.1
0 0.75 0.60390625 0.084375 0.071875
0 0.2046875 0.9046875 0.0890625 0.1
0 0.80390625 0.49921875 0.0859375 0.0703125
0 0.96953125 0.29296875 0.0609375 0.09375
0 0.3609375 0.41484375 0.071875 0.0828125
0 0.3390625 0.6859375 0.065625 0.0578125
0 0.55078125 0.6484375 0.0546875 0.06875
0 0.584375 0.60859375 0.0453125 0.046875
0 0.6578125 0.36875 0.1171875 0.075
0 0.30859375 0.60703125 0.0578125 0.0625
0 0.7640625 0.240625 0.0640625 0.05625
0 0.2546875 0.7015625 0.1078125 0.0796875
0 0.3203125 0.36796875 0.06875 0.059375
0 0.5046875 0.84921875 0.0828125 0.0875
0 0.171875 0.3375 0.071875 0.05625
0 0.54453125 0.7796875 0.0984375 0.1203125
0 0.54140625 0.95625 0.0515625 0.0765625
0 0.04609375 0.203125 0.071875 0.075
0 0.8546875 0.14765625 0.084375 0.0703125
0 0.43203125 0.36640625 0.075 0.0671875