0 0.91015625 0.2609375 0.1765625 0.1390625
0 0.928125 0.14140625 0.090625 0.0875
0 0.175 0.84140625 0.228125 0.1953125
0 0.446875 0.703125 0.16875 0.18125
0 0.80625 0.353125 0.0578125 0.053125
0 0.3125 0.41171875 0.128125 0.134375
0 0.88046875 0.74453125 0.234375 0.1765625
0 0.14375 0.09453125 0.1125 0.11875
0 0.04921875 0.1234375 0.0984375 0.13125
0 0.434375 0.94765625 0.084375 0.071875
0 0.1875 0.4671875 0.146875 0.1078125
0 0.68515625 0.49140625 0.16875 0.1546875
0 0.78828125 0.06171875 0.1015625 0.1234375
0 0.2734375 0.51875 0.1171875 0.090625
0 0.67265625 0.3578125 0.115625 0.1078125
0 0.5421875 0.55390625 0.096875 0.084375
0 0.55390625 0.4328125 0.125 0.1484375
0 0.44921875 0.52890625 0.1390625 0.1609375
0 0.3484375 0.9515625 0.109375 0.0953125
0 0.13671875 0.584375 0.1265625 0.0953125
0 0.32578125 0.64140625 0.109375 0.146875
0 0.12109375 0.69453125 0.153125 0.134375
0 0.45234375 0.85625 0.15625 0.1359375
0 0.04765625 0.5453125 0.0953125 0.14375
0 0.7578125 0.34296875 0.0828125 0.0859375
0 0.16796875 0.21015625 0.1578125 0.1171875
0 0.446875 0.39765625 0.1265625 0.1265625
0 0.5046875 0.08203125 0.09375 0.1078125
0 0.7703125 0.14921875 0.11875 0.128125
0 0.23515625 0.71875 0.1015625 0.1140625
0 0.56015625 0.71875 0.0953125 0.09375
0 0.64375 0.3015625 0.109375 0.0859375
0 0.85859375 0.1484375 0.0734375 0.0890625
0 0.23984375 0.3296875 0.1234375 0.1171875
0 0.0875 0.33984375 0.1515625 0.1390625
0 0.39609375 0.5484375 0.1109375 0.1109375
0 0.6890625 0.703125 0.1609375 0.196875
0 0.95546875 0.07421875 0.053125 0.0640625
0 0.371875 0.0703125 0.1390625 0.140625
0 0.0515625 0.43125 0.103125 0.0859375
0 0.29375 0.2203125 0.1390625 0.1390625