0 0.31796875 0.5484375 0.090625 0.1078125
0 0.5234375 0.340625 0.0921875 0.1015625
0 0.44140625 0.859375 0.084375 0.11875
0 0.228125 0.953125 0.0953125 0.0765625
0 0.27734375 0.8125 0.040625 0.05
0 0.22421875 0.5203125 0.084375 0.078125
0 0.625 0.8265625 0.1765625 0.153125
0 0.31875 0.93046875 0.0828125 0.0953125
0 0.18828125 0.2125 0.1703125 0.1375
0 0.803125 0.55078125 0.1296875 0.134375
0 0.74375 0.35390625 0.121875 0.1
0 0.3421875 0.3484375 0.078125 0.109375
0 0.22890625 0.4265625 0.121875 0.1296875
0 0.50546875 0.246875 0.090625 0.103125
0 0.06484375 0.7046875 0.0484375 0.05
0 0.8828125 0.70703125 0.15 0.1078125
0 0.1546875 0.878125 0.0921875 0.1625
0 0.34453125 0.671875 0.0625 0.0875
0 0.62265625 0.1921875 0.109375 0.175
0 0.0515625 0.0796875 0.103125 0.1375
0 0.7109375 0.484375 0.09375 0.11875
0 0.90546875 0.83046875 0.134375 0.125
0 0.21484375 0.8265625 0.059375 0.0578125
0 0.18515625 0.315625 0.096875 0.078125
0 0.521875 0.4453125 0.0609375 0.078125
0 0.95859375 0.26171875 0.08125 0.140625
0 0.4359375 0.13203125 0.146875 0.1359375
0 0.42109375 0.5546875 0.165625 0.2171875
0 0.11875 0.384375 0.1109375 0.1546875
0 0.075 0.7671875 0.05625 0.0765625
0 0.37109375 0.90625 0.06875 0.0546875
0 0.4859375 0.62265625 0.05625 0.065625
0 0.9671875 0.59765625 0.0640625 0.1359375
0 0.4328125 0.35703125 0.1078125 0.1375
0 0.6671875 0.9359375 0.1609375 0.1265625
0 0.3046875 0.20703125 0.15625 0.2109375
0 0.34375 0.803125 0.1125 0.1578125
0 0.7921875 0.759375 0.1125 0.1015625
0 0.3359375 0.46171875 0.0765625 0.0703125
0 0.621875 0.303125 0.0875 0.0921875
0 0.78359375 0.44296875 0.0921875 0.1
0 0.54609375 0.6515625 0.109375 0.1328125
0 0.84609375 0.9421875 0.1703125 0.115625
0 0.8578125 0.08125 0.06875 0.0796875
0 0.4984375 0.734375 0.0671875 0.0671875
0 0.68359375 0.709375 0.0390625 0.0515625
0 0.53125 0.5609375 0.0484375 0.0375
0 0.603125 0.696875 0.090625 0.1015625
0 0.92265625 0.4109375 0.1546875 0.1796875
0 0.16484375 0.1 0.1046875 0.0875
0 0.62421875 0.50859375 0.1359375 0.1359375
0 0.278125 0.64921875 0.1 0.1765625
0 0.665625 0.0421875 0.128125 0.084375
0 0.85703125 0.6109375 0.1484375 0.1234375
0 0.92890625 0.07734375 0.08125 0.0703125
0 0.14765625 0.7140625 0.15625 0.1765625
0 0.92421875 0.91328125 0.1171875 0.103125
0 0.8828125 0.465625 0.121875 0.1375
0 0.546875 0.953125 0.1078125 0.09375
0 0.7328125 0.2296875 0.090625 0.115625
0 0.4796875 0.91953125 0.0703125 0.103125
0 0.8484375 0.23828125 0.146875 0.165625
0 0.0375 0.659375 0.053125 0.0484375
0 0.44921875 0.70546875 0.071875 0.0953125
0 0.4171875 0.24296875 0.0890625 0.103125
0 0.3984375 0.68203125 0.053125 0.04375
0 0.721875 0.08984375 0.0515625 0.1140625
0 0.57421875 0.40625 0.0984375 0.1140625
0 0.7828125 0.07109375 0.10625 0.1296875
0 0.0390625 0.3671875 0.075 0.1453125
0 0.71640625 0.640625 0.1015625 0.1296875
0 0.203125 0.66796875 0.121875 0.2046875