0 0.9 0.10546875 0.0734375 0.06875
0 0.4234375 0.7671875 0.0875 0.128125
0 0.603125 0.46015625 0.0390625 0.040625
0 0.81640625 0.77421875 0.28125 0.2328125
0 0.55078125 0.94921875 0.1234375 0.1
0 0.62890625 0.53203125 0.071875 0.084375
0 0.94140625 0.18984375 0.1171875 0.0953125
0 0.46796875 0.21875 0.090625 0.096875
0 0.8125 0.2125 0.0625 0.0578125
0 0.30078125 0.953125 0.1171875 0.0921875
0 0.85859375 0.5671875 0.109375 0.10625
0 0.875 0.896875 0.096875 0.0828125
0 0.83984375 0.25390625 0.0921875 0.0859375
0 0.8734375 0.37890625 0.0765625 0.084375
0 0.871875 0.06875 0.0578125 0.0515625
0 0.20546875 0.0859375 0.0640625 0.065625
0 0.61328125 0.15390625 0.0546875 0.071875
0 0.1796875 0.221875 0.0890625 0.0640625
0 0.7953125 0.346875 0.115625 0.1046875
0 0.35390625 0.04140625 0.0875 0.0828125
0 0.40859375 0.36875 0.0703125 0.0671875
0 0.946875 0.44765625 0.1046875 0.0625
0 0.85 0.15625 0.0953125 0.071875
0 0.1328125 0.5609375 0.1234375 0.0828125
0 0.06953125 0.38359375 0.1203125 0.1046875
0 0.38046875 0.13203125 0.0765625 0.0859375
0 0.23671875 0.26953125 0.06875 0.071875
0 0.7359375 0.92734375 0.096875 0.0875
0 0.759375 0.459375 0.0953125 0.109375
0 0.4078125 0.940625 0.0828125 0.0921875
0 0.27734375 0.16953125 0.0703125 0.0671875
0 0.04296875 0.79140625 0.0859375 0.0828125
0 0.6890625 0.546875 0.071875 0.0796875
0 0.0625 0.0625 0.0984375 0.071875
0 0.6265625 0.634375 0.090625 0.1
0 0.3890625 0.87109375 0.103125 0.090625
0 0.9625 0.375 0.0734375 0.053125
0 0.2484375 0.575 0.103125 0.0875
0 0.8265625 0.45234375 0.06875 0.0921875
0 0.54609375 0.44921875 0.05 0.05
0 0.2015625 0.159375 0.0609375 0.071875
0 0.28984375 0.103125 0.0875 0.109375
0 0.16484375 0.2859375 0.0859375 0.0703125
0 0.1296875 0.12265625 0.0875 0.05625
0 0.4875 0.33203125 0.0703125 0.06875
0 0.05234375 0.70703125 0.103125 0.0875
0 0.2796875 0.6296875 0.1453125 0.11875
0 0.06875 0.4765625 0.0875 0.0796875
0 0.0859375 0.24765625 0.0625 0.0546875
0 0.9515625 0.0890625 0.04375 0.0546875
0 0.73125 0.29296875 0.1015625 0.0609375
0 0.540625 0.11484375 0.1078125 0.1359375
0 0.10546875 0.6171875 0.1171875 0.1234375
0 0.046875 0.14921875 0.09375 0.0984375
0 0.4921875 0.83203125 0.1125 0.1421875
0 0.95 0.90625 0.0765625 0.0828125
0 0.55078125 0.65625 0.0703125 0.078125
0 0.925 0.27578125 0.109375 0.1
0 0.69140625 0.3578125 0.0875 0.0921875
0 0.6296875 0.79765625 0.1328125 0.1625
0 0.390625 0.4703125 0.103125 0.0875
0 0.89296875 0.6515625 0.0890625 0.0578125
0 0.196875 0.86953125 0.1125 0.1140625
0 0.48671875 0.41484375 0.0890625 0.08125
0 0.51640625 0.26171875 0.1078125 0.1015625
0 0.24296875 0.75546875 0.11875 0.1421875
0 0.7671875 0.26875 0.0734375 0.05625
0 0.36796875 0.41328125 0.075 0.05625
0 0.19140625 0.95859375 0.1 0.0828125
0 0.0515625 0.8984375 0.103125 0.134375
0 0.44921875 0.62734375 0.1265625 0.1546875
0 0.48671875 0.4859375 0.03125 0.0375
0 0.3375 0.29375 0.0796875 0.0671875
0 0.94296875 0.5140625 0.1125 0.0890625
0 0.7203125 0.196875 0.096875 0.10625
0 0.3359375 0.36328125 0.0640625 0.0796875
0 0.14765625 0.73984375 0.1015625 0.1546875
0 0.56875 0.5265625 0.075 0.090625
0 0.9484375 0.6046875 0.06875 0.0703125
0 0.3984375 0.24609375 0.0890625 0.1171875
0 0.55703125 0.58515625 0.075 0.0578125
0 0.2 0.3359375 0.0734375 0.06875
0 0.59765625 0.39375 0.0625 0.0546875
0 0.18203125 0.03515625 0.1140625 0.0703125
0 0.27890625 0.50625 0.1 0.071875
0 0.2953125 0.459375 0.0921875 0.0640625
0 0.66484375 0.103125 0.05625 0.0609375
0 0.27109375 0.3625 0.078125 0.1015625
0 0.69375 0.04765625 0.103125 0.09375
0 0.1625 0.48125 0.109375 0.1046875
0 0.6484375 0.92734375 0.0859375 0.1