0 0.06015625 0.6671875 0.1203125 0.115625
0 0.95546875 0.725 0.0875 0.1703125
0 0.34921875 0.88359375 0.078125 0.1078125
0 0.609375 0.5703125 0.121875 0.109375
0 0.321875 0.6890625 0.103125 0.0984375
0 0.1546875 0.55703125 0.109375 0.1296875
0 0.13359375 0.35234375 0.0859375 0.1046875
0 0.35703125 0.58671875 0.084375 0.090625
0 0.32734375 0.134375 0.125 0.115625
0 0.21875 0.4 0.0515625 0.0515625
0 0.46796875 0.646875 0.109375 0.0828125
0 0.1 0.7734375 0.0859375 0.1171875
0 0.3421875 0.0390625 0.159375 0.078125
0 0.39375 0.74296875 0.0859375 0.103125
0 0.453125 0.79765625 0.1359375 0.1125
0 0.38984375 0.425 0.078125 0.0703125
0 0.32578125 0.3359375 0.0953125 0.0921875
0 0.94375 0.84765625 0.0953125 0.1140625
0 0.865625 0.47890625 0.1 0.103125
0 0.4125 0.34453125 0.096875 0.096875
0 0.04921875 0.48984375 0.0796875 0.06875
0 0.46640625 0.71875 0.0796875 0.0828125
0 0.2171875 0.31875 0.10625 0.1109375
0 0.62734375 0.2328125 0.0984375 0.0828125
0 0.396875 0.5234375 0.0890625 0.0828125
0 0.2734375 0.50625 0.0828125 0.065625
0 0.2921875 0.584375 0.084375 0.0921875
0 0.92265625 0.3046875 0.0640625 0.053125
0 0.3140625 0.771875 0.0953125 0.090625
0 0.309375 0.18203125 0.0828125 0.0609375
0 0.15390625 0.27109375 0.0546875 0.0609375
0 0.64609375 0.30546875 0.08125 0.0671875
0 0.68359375 0.8078125 0.128125 0.134375
0 0.93046875 0.390625 0.0953125 0.0984375
0 0.190625 0.87890625 0.0859375 0.08125
0 0.28984375 0.24453125 0.1109375 0.1140625
0 0.07265625 0.084375 0.1 0.115625
0 0.84453125 0.25 0.1109375 0.1453125
0 0.62890625 0.62890625 0.1375 0.0921875
0 0.51953125 0.6140625 0.0875 0.1015625
0 0.82109375 0.40625 0.11875 0.1265625
0 0.765625 0.0875 0.1109375 0.1015625
0 0.50625 0.27265625 0.0859375 0.1015625
0 0.23671875 0.840625 0.0640625 0.0484375
0 0.72734375 0.48359375 0.128125 0.1390625
0 0.2984375 0.41796875 0.13125 0.1109375
0 0.771875 0.54765625 0.09375 0.1171875
0 0.80703125 0.1640625 0.0609375 0.0640625
0 0.88203125 0.80078125 0.0875 0.084375
0 0.5484375 0.2 0.08125 0.1109375
0 0.1125 0.43125 0.075 0.071875
0 0.190625 0.48515625 0.09375 0.0859375
0 0.0953125 0.2671875 0.0671875 0.0828125
0 0.65625 0.175 0.0875 0.0859375
0 0.7375 0.1984375 0.1 0.1078125
0 0.18203125 0.7765625 0.0984375 0.13125
0 0.84921875 0.0484375 0.1765625 0.096875
0 0.91640625 0.90625 0.06875 0.0859375
0 0.0375 0.16328125 0.075 0.09375
0 0.94453125 0.5 0.0875 0.0796875
0 0.43984375 0.2890625 0.0765625 0.09375
0 0.74296875 0.271875 0.0671875 0.05625
0 0.30703125 0.9453125 0.1546875 0.109375
0 0.06171875 0.35625 0.0703125 0.0859375
0 0.1578125 0.08671875 0.0890625 0.1078125
0 0.76875 0.94609375 0.1 0.103125
0 0.5078125 0.4140625 0.1265625 0.1125