0 0.32734375 0.87734375 0.2359375 0.24375
0 0.0890625 0.85 0.178125 0.19375
0 0.13125 0.10625 0.2625 0.2125
0 0.64140625 0.8015625 0.203125 0.1859375
0 0.5046875 0.64140625 0.2953125 0.3203125
0 0.23203125 0.59453125 0.2359375 0.2
0 0.890625 0.809375 0.2171875 0.290625
0 0.79296875 0.6796875 0.25 0.25
0 0.5421875 0.20625 0.378125 0.3625
0 0.65703125 0.4390625 0.3484375 0.3265625
0 0.22109375 0.246875 0.3109375 0.3640625
0 0.8640625 0.2859375 0.24375 0.25625
0 0.26875 0.7484375 0.240625 0.2296875
0 0.9171875 0.4921875 0.1640625 0.26875