0 0.34453125 0.20625 0.0390625 0.0375
0 0.10234375 0.19765625 0.0453125 0.053125
0 0.8265625 0.821875 0.0953125 0.09375
0 0.434375 0.29375 0.0703125 0.08125
0 0.9390625 0.66953125 0.121875 0.09375
0 0.1046875 0.14140625 0.0421875 0.053125
0 0.1296875 0.07265625 0.053125 0.0484375
0 0.334375 0.10859375 0.04375 0.0453125
0 0.8328125 0.7296875 0.1078125 0.1203125
0 0.20859375 0.10625 0.0359375 0.0359375
0 0.76875 0.48203125 0.0890625 0.103125
0 0.3046875 0.2796875 0.0421875 0.0515625
0 0.14609375 0.2140625 0.05625 0.0578125
0 0.4546875 0.11875 0.046875 0.053125
0 0.1890625 0.16328125 0.059375 0.040625
0 0.93359375 0.7984375 0.1328125 0.0984375
0 0.14453125 0.1640625 0.0390625 0.0421875
0 0.34609375 0.3484375 0.053125 0.0546875
0 0.4 0.12890625 0.040625 0.053125
0 0.85234375 0.08125 0.1765625 0.1625
0 0.7515625 0.7875 0.09375 0.15625
0 0.44921875 0.1734375 0.046875 0.05625
0 0.93984375 0.73046875 0.1078125 0.071875
0 0.559375 0.6640625 0.15625 0.153125
0 0.9515625 0.3375 0.0953125 0.1421875
0 0.0671875 0.11953125 0.0609375 0.053125
0 0.38828125 0.08828125 0.040625 0.0453125
0 0.3796875 0.19140625 0.046875 0.04375
0 0.44921875 0.034375 0.0328125 0.0453125
0 0.65703125 0.73203125 0.14375 0.134375
0 0.30703125 0.20703125 0.0375 0.0359375
0 0.55390625 0.39609375 0.0921875 0.0796875
0 0.0796875 0.0765625 0.05 0.0484375
0 0.3578125 0.1734375 0.0328125 0.0359375
0 0.90703125 0.9078125 0.1859375 0.159375
0 0.59375 0.46953125 0.1453125 0.0984375
0 0.8390625 0.45234375 0.0921875 0.078125
0 0.27578125 0.1328125 0.0453125 0.0515625
0 0.15859375 0.07421875 0.0359375 0.04375
0 0.496875 0.7734375 0.1515625 0.14375
0 0.42265625 0.15625 0.0328125 0.0515625
0 0.13671875 0.10859375 0.0484375 0.0390625
0 0.325 0.31796875 0.0390625 0.04375
0 0.25390625 0.040625 0.04375 0.053125
0 0.25 0.1546875 0.0328125 0.0375
0 0.19375 0.0703125 0.028125 0.03125
0 0.46015625 0.07421875 0.034375 0.04375
0 0.14140625 0.13046875 0.0328125 0.0359375
0 0.18828125 0.2015625 0.05625 0.05625
0 0.3203125 0.92890625 0.1453125 0.140625
0 0.4484375 0.884375 0.1609375 0.175
0 0.22578125 0.1765625 0.0375 0.040625
0 0.6109375 0.8921875 0.209375 0.203125
0 0.7890625 0.30078125 0.15 0.1484375
0 0.9421875 0.5609375 0.115625 0.134375
0 0.1703125 0.92890625 0.1625 0.1390625
0 0.41953125 0.2296875 0.053125 0.0546875
0 0.17421875 0.13515625 0.0359375 0.040625
0 0.8921875 0.18125 0.1296875 0.103125
0 0.41015625 0.3859375 0.0484375 0.0640625
0 0.890625 0.3296875 0.08125 0.146875
0 0.26875 0.08671875 0.053125 0.0609375
0 0.36015625 0.07421875 0.03125 0.04375
0 0.23984375 0.11875 0.0359375 0.0515625
0 0.06796875 0.04140625 0.0484375 0.0421875
0 0.39453125 0.50546875 0.15 0.1734375
0 0.421875 0.09296875 0.0421875 0.05
0 0.3453125 0.2375 0.059375 0.046875
0 0.8734375 0.5359375 0.1421875 0.1484375
0 0.390625 0.05078125 0.0359375 0.0484375
0 0.3015625 0.0859375 0.0421875 0.05625
0 0.32890625 0.05390625 0.0578125 0.075
0 0.5640625 0.2234375 0.059375 0.0796875
0 0.31015625 0.37265625 0.04375 0.046875
0 0.48125 0.4 0.0765625 0.1015625
0 0.69609375 0.93984375 0.1515625 0.11875
0 0.228125 0.08046875 0.0375 0.0375
0 0.115625 0.0390625 0.053125 0.0453125
0 0.625 0.27734375 0.165625 0.1703125
0 0.265625 0.290625 0.046875 0.0515625
0 0.796875 0.5859375 0.1484375 0.1328125
0 0.41640625 0.02421875 0.0453125 0.0484375
0 0.28671875 0.040625 0.0359375 0.04375
0 0.33046875 0.14765625 0.05625 0.059375
0 0.35703125 0.034375 0.040625 0.0390625
0 0.2859375 0.328125 0.046875 0.0453125
0 0.27890625 0.1875 0.0328125 0.0375
0 0.21328125 0.1421875 0.053125 0.04375
0 0.3875 0.21875 0.03125 0.0390625