0 0.2953125 0.09296875 0.1109375 0.103125
0 0.5 0.45703125 0.1171875 0.084375
0 0.3671875 0.328125 0.0796875 0.1109375
0 0.4125 0.39921875 0.0984375 0.109375
0 0.8671875 0.778125 0.1125 0.1015625
0 0.43125 0.61796875 0.125 0.1328125
0 0.42421875 0.06484375 0.1046875 0.1296875
0 0.196875 0.4171875 0.128125 0.090625
0 0.3140625 0.5734375 0.1546875 0.1171875
0 0.57890625 0.065625 0.1453125 0.115625
0 0.5140625 0.65 0.146875 0.15
0 0.93828125 0.4671875 0.1234375 0.2
0 0.9203125 0.84296875 0.1578125 0.121875
0 0.4359375 0.31796875 0.05 0.0703125
0 0.571875 0.8234375 0.2046875 0.1703125
0 0.1265625 0.0859375 0.134375 0.128125
0 0.09765625 0.21171875 0.15 0.15
0 0.20859375 0.665625 0.128125 0.1015625
0 0.528125 0.94296875 0.1796875 0.1125
0 0.38515625 0.75234375 0.0875 0.0875
0 0.4953125 0.11875 0.09375 0.1359375
0 0.28671875 0.32265625 0.1109375 0.1203125
0 0.94296875 0.72578125 0.1125 0.15
0 0.146875 0.346875 0.1046875 0.1015625
0 0.51171875 0.359375 0.1390625 0.1203125
0 0.06875 0.4765625 0.1375 0.2046875
0 0.609375 0.14453125 0.1375 0.1078125
0 0.36640625 0.9078125 0.146875 0.1625
0 0.6703125 0.35703125 0.1609375 0.11875
0 0.3125 0.16796875 0.1015625 0.128125
0 0.60078125 0.42578125 0.1 0.1015625
0 0.203125 0.1984375 0.1734375 0.153125
0 0.34453125 0.46484375 0.1515625 0.1078125
0 0.52265625 0.53359375 0.09375 0.09375
0 0.3109375 0.64921875 0.1140625 0.09375
0 0.946875 0.6265625 0.1046875 0.1203125
0 0.284375 0.709375 0.0921875 0.0890625
0 0.63828125 0.6140625 0.18125 0.1796875
0 0.184375 0.04296875 0.13125 0.0859375
0 0.49453125 0.25 0.096875 0.125
0 0.63984375 0.2640625 0.1921875 0.15625
0 0.225 0.49140625 0.109375 0.0984375
0 0.31328125 0.40234375 0.0765625 0.0765625
0 0.67265625 0.48828125 0.1421875 0.146875
0 0.2078125 0.5796875 0.08125 0.090625
0 0.4625 0.73984375 0.115625 0.125
0 0.34296875 0.803125 0.121875 0.115625