0 0.4015625 0.14921875 0.1171875 0.1078125
0 0.04296875 0.85625 0.0859375 0.0953125
0 0.25 0.475 0.10625 0.0921875
0 0.546875 0.7328125 0.0953125 0.1
0 0.46875 0.60390625 0.071875 0.08125
0 0.184375 0.53203125 0.1078125 0.0859375
0 0.36953125 0.0609375 0.078125 0.065625
0 0.83984375 0.615625 0.128125 0.1
0 0.6140625 0.203125 0.065625 0.06875
0 0.33359375 0.81015625 0.078125 0.10625
0 0.2484375 0.83828125 0.0921875 0.06875
0 0.47109375 0.48671875 0.0671875 0.06875
0 0.32578125 0.91171875 0.06875 0.134375
0 0.76484375 0.16171875 0.0609375 0.0609375
0 0.85390625 0.5234375 0.1078125 0.05
0 0.1265625 0.78125 0.1078125 0.1015625
0 0.3515625 0.7046875 0.075 0.0859375
0 0.4375 0.28203125 0.0625 0.0625
0 0.7015625 0.2078125 0.0765625 0.075
0 0.39140625 0.5953125 0.0921875 0.103125
0 0.17890625 0.44453125 0.0640625 0.0609375
0 0.60625 0.11640625 0.084375 0.0890625
0 0.24765625 0.91171875 0.0953125 0.0703125
0 0.20703125 0.6421875 0.128125 0.1453125
0 0.11015625 0.57421875 0.0921875 0.078125
0 0.79140625 0.24140625 0.0515625 0.0515625
0 0.71484375 0.359375 0.0921875 0.0703125
0 0.4703125 0.2296875 0.059375 0.0546875
0 0.85 0.353125 0.05 0.06875
0 0.76953125 0.2015625 0.059375 0.065625
0 0.93203125 0.4625 0.109375 0.0640625
0 0.16015625 0.125 0.109375 0.0953125
0 0.2484375 0.7671875 0.121875 0.090625
0 0.090625 0.5 0.1109375 0.0890625
0 0.5359375 0.3234375 0.0515625 0.05
0 0.45 0.93046875 0.1015625 0.09375
0 0.55625 0.44140625 0.1171875 0.1125
0 0.42578125 0.6765625 0.115625 0.0953125
0 0.69453125 0.47890625 0.121875 0.1125
0 0.734375 0.11015625 0.0625 0.065625
0 0.21875 0.3765625 0.109375 0.0859375
0 0.05859375 0.134375 0.1 0.1046875
0 0.74609375 0.59921875 0.1 0.0828125
0 0.81875 0.453125 0.071875 0.0671875
0 0.271875 0.3015625 0.0859375 0.0828125
0 0.953125 0.13828125 0.084375 0.1046875
0 0.06640625 0.4125 0.06875 0.084375
0 0.15234375 0.86484375 0.1125 0.1
0 0.56796875 0.85 0.1109375 0.1
0 0.1171875 0.36484375 0.0953125 0.103125
0 0.553125 0.55 0.0828125 0.075
0 0.33203125 0.29921875 0.05625 0.0703125
0 0.54140625 0.9359375 0.0953125 0.0921875
0 0.7625 0.5078125 0.0515625 0.0640625
0 0.27578125 0.70390625 0.0796875 0.0734375
0 0.31640625 0.6484375 0.0890625 0.078125
0 0.66015625 0.9375 0.1171875 0.1109375
0 0.315625 0.5484375 0.121875 0.134375
0 0.87578125 0.1859375 0.10625 0.0890625
0 0.440625 0.84296875 0.0921875 0.1046875
0 0.61328125 0.509375 0.075 0.05625
0 0.7859375 0.934375 0.109375 0.1203125
0 0.84296875 0.15546875 0.0890625 0.078125
0 0.8765625 0.8875 0.0703125 0.059375
0 0.1234375 0.6546875 0.06875 0.0796875
0 0.3109375 0.21640625 0.078125 0.08125