0 0.45546875 0.915625 0.34375 0.1671875
0 0.81875 0.53671875 0.1578125 0.171875
0 0.26953125 0.6390625 0.1390625 0.13125
0 0.65 0.853125 0.1296875 0.1546875
0 0.5703125 0.41640625 0.1828125 0.1890625
0 0.484375 0.675 0.18125 0.2015625
0 0.203125 0.49453125 0.2390625 0.2828125
0 0.49375 0.840625 0.1125 0.1
0 0.90703125 0.7265625 0.15 0.1109375
0 0.29296875 0.3734375 0.2515625 0.296875
0 0.0734375 0.52578125 0.146875 0.259375
0 0.5171875 0.13828125 0.20625 0.225
0 0.58828125 0.77109375 0.1375 0.1203125
0 0.3703125 0.565625 0.11875 0.1125
0 0.41875 0.3109375 0.1828125 0.2578125
0 0.21328125 0.86875 0.2828125 0.2578125
0 0.853125 0.24609375 0.2453125 0.2359375
0 0.31328125 0.7328125 0.1859375 0.146875
0 0.85546875 0.675 0.146875 0.1140625