0 0.3375 0.14375 0.096875 0.0921875
0 0.9078125 0.68125 0.1109375 0.1015625
0 0.87421875 0.8484375 0.1546875 0.2125
0 0.56796875 0.46796875 0.09375 0.1
0 0.6703125 0.1828125 0.059375 0.065625
0 0.15 0.3078125 0.0640625 0.06875
0 0.8984375 0.409375 0.0640625 0.0734375
0 0.1421875 0.6765625 0.1015625 0.0796875
0 0.83203125 0.146875 0.1640625 0.153125
0 0.5140625 0.66015625 0.0609375 0.0671875
0 0.915625 0.08828125 0.13125 0.134375
0 0.4375 0.421875 0.0734375 0.0640625
0 0.92578125 0.61484375 0.05 0.046875
0 0.3125 0.33203125 0.0671875 0.071875
0 0.5203125 0.8484375 0.0984375 0.090625
0 0.03828125 0.58046875 0.0765625 0.0828125
0 0.0953125 0.20234375 0.0703125 0.0859375
0 0.50625 0.7140625 0.05625 0.05625
0 0.078125 0.46171875 0.13125 0.13125
0 0.23046875 0.12421875 0.053125 0.05625
0 0.67734375 0.059375 0.071875 0.1046875
0 0.421875 0.27265625 0.078125 0.0890625
0 0.67734375 0.31640625 0.0984375 0.0796875
0 0.21640625 0.8875 0.0875 0.1015625
0 0.121875 0.1171875 0.1234375 0.1109375
0 0.24765625 0.29296875 0.0546875 0.053125
0 0.27421875 0.378125 0.053125 0.0515625
0 0.3765625 0.084375 0.065625 0.075
0 0.1796875 0.796875 0.10625 0.0921875
0 0.634375 0.8609375 0.0578125 0.0703125
0 0.41328125 0.6484375 0.0609375 0.0703125
0 0.31875 0.640625 0.059375 0.059375
0 0.6234375 0.5828125 0.0953125 0.109375
0 0.44453125 0.16484375 0.0703125 0.0765625
0 0.36640625 0.63671875 0.071875 0.0828125
0 0.64453125 0.46796875 0.0953125 0.0875
0 0.23984375 0.7296875 0.046875 0.0484375
0 0.75 0.5265625 0.096875 0.096875
0 0.65078125 0.90859375 0.06875 0.084375
0 0.41796875 0.38203125 0.0421875 0.0453125
0 0.8265625 0.6265625 0.1171875 0.1375
0 0.51796875 0.771875 0.0765625 0.0921875
0 0.490625 0.49609375 0.115625 0.121875
0 0.221875 0.52109375 0.053125 0.0546875
0 0.90859375 0.30703125 0.084375 0.090625
0 0.96015625 0.8859375 0.06875 0.10625
0 0.16953125 0.55546875 0.06875 0.0625
0 0.328125 0.409375 0.06875 0.0671875
0 0.60390625 0.25625 0.0921875 0.0921875
0 0.7453125 0.803125 0.09375 0.1421875
0 0.21484375 0.590625 0.075 0.0734375
0 0.39765625 0.79921875 0.103125 0.1140625
0 0.70234375 0.56875 0.11875 0.1421875
0 0.85078125 0.39375 0.0734375 0.08125
0 0.0484375 0.1890625 0.0578125 0.071875
0 0.34140625 0.73671875 0.065625 0.075
0 0.8046875 0.31875 0.075 0.075
0 0.18515625 0.45859375 0.0640625 0.0625
0 0.04375 0.90390625 0.0875 0.0890625
0 0.66015625 0.23671875 0.053125 0.0609375
0 0.40078125 0.89609375 0.15625 0.10625
0 0.6078125 0.06796875 0.1 0.0921875
0 0.05234375 0.66171875 0.1046875 0.10625
0 0.18671875 0.334375 0.0859375 0.1109375
0 0.3984375 0.54375 0.06875 0.0640625
0 0.3171875 0.85078125 0.1203125 0.1171875
0 0.88515625 0.51875 0.134375 0.1328125
0 0.13828125 0.8421875 0.0578125 0.0953125
0 0.46171875 0.68046875 0.0515625 0.053125