0 0.2953125 0.25859375 0.0484375 0.053125
0 0.40546875 0.4109375 0.09375 0.0703125
0 0.63828125 0.1546875 0.153125 0.1390625
0 0.09296875 0.67421875 0.134375 0.15
0 0.75859375 0.95625 0.06875 0.0859375
0 0.34453125 0.58671875 0.0734375 0.071875
0 0.684375 0.79375 0.0953125 0.1
0 0.22734375 0.19921875 0.053125 0.053125
0 0.61640625 0.75078125 0.09375 0.096875
0 0.65625 0.49765625 0.1453125 0.1296875
0 0.1125 0.32890625 0.0890625 0.0734375
0 0.3984375 0.04609375 0.1125 0.0921875
0 0.190625 0.5609375 0.1015625 0.075
0 0.084375 0.42265625 0.059375 0.06875
0 0.58984375 0.44140625 0.0515625 0.0546875
0 0.471875 0.68671875 0.0875 0.1109375
0 0.846875 0.3578125 0.19375 0.13125
0 0.32265625 0.0625 0.06875 0.125
0 0.78984375 0.15859375 0.0921875 0.09375
0 0.3640625 0.68515625 0.0921875 0.1015625
0 0.1984375 0.83515625 0.0875 0.1078125
0 0.684375 0.5921875 0.0640625 0.0640625
0 0.225 0.5140625 0.1046875 0.05
0 0.1453125 0.4140625 0.0765625 0.0640625
0 0.04140625 0.25 0.0828125 0.1125
0 0.53125 0.5390625 0.0578125 0.084375
0 0.8609375 0.6515625 0.08125 0.1046875
0 0.2796875 0.71953125 0.0828125 0.115625
0 0.12890625 0.965625 0.0953125 0.0640625
0 0.05078125 0.94921875 0.071875 0.071875
0 0.8078125 0.05390625 0.109375 0.1078125
0 0.4078125 0.34609375 0.0640625 0.0640625
0 0.88046875 0.465625 0.18125 0.1203125
0 0.51875 0.8734375 0.1015625 0.115625
0 0.9546875 0.275 0.0875 0.1046875
0 0.196875 0.45078125 0.0859375 0.0828125
0 0.76953125 0.80703125 0.0828125 0.0890625
0 0.20859375 0.95625 0.06875 0.084375
0 0.15078125 0.209375 0.071875 0.0796875
0 0.4125 0.49921875 0.0421875 0.0421875
0 0.41953125 0.62890625 0.0671875 0.059375
0 0.9125 0.9 0.1046875 0.128125
0 0.2375 0.28671875 0.05625 0.040625
0 0.5796875 0.225 0.10625 0.1046875
0 0.08125 0.7953125 0.146875 0.11875
0 0.40859375 0.14140625 0.09375 0.1046875
0 0.34609375 0.8171875 0.1078125 0.05
0 0.91015625 0.69375 0.0828125 0.1046875
0 0.428125 0.725 0.0609375 0.0796875
0 0.49375 0.7734375 0.0796875 0.0859375
0 0.9203125 0.56953125 0.103125 0.0796875
0 0.54296875 0.471875 0.059375 0.071875
0 0.18046875 0.265625 0.0484375 0.046875
0 0.48515625 0.9609375 0.0515625 0.075
0 0.82265625 0.90390625 0.0875 0.121875
0 0.0265625 0.39765625 0.053125 0.078125
0 0.296875 0.496875 0.06875 0.0625
0 0.20703125 0.67734375 0.1015625 0.128125
0 0.60234375 0.3671875 0.1359375 0.0921875
0 0.321875 0.9109375 0.0765625 0.071875
0 0.70546875 0.41640625 0.05625 0.0703125
0 0.3453125 0.50234375 0.071875 0.0703125
0 0.1140625 0.2703125 0.059375 0.053125
0 0.89765625 0.0546875 0.0765625 0.0640625
0 0.50390625 0.1109375 0.11875 0.15
0 0.28203125 0.60859375 0.046875 0.0453125
0 0.61953125 0.28984375 0.10625 0.084375
0 0.9515625 0.759375 0.090625 0.090625
0 0.41171875 0.56875 0.0984375 0.090625
0 0.459375 0.83359375 0.071875 0.096875
0 0.57734375 0.528125 0.04375 0.034375
0 0.88984375 0.13203125 0.1109375 0.125
0 0.8453125 0.7796875 0.1359375 0.115625
0 0.3296875 0.9609375 0.1578125 0.075
0 0.26796875 0.34140625 0.06875 0.06875
0 0.409375 0.8453125 0.06875 0.090625
0 0.08515625 0.19140625 0.0640625 0.0765625
0 0.140625 0.853125 0.0515625 0.0578125
0 0.05234375 0.89453125 0.1015625 0.090625
0 0.365625 0.30390625 0.084375 0.0875
0 0.32421875 0.33984375 0.071875 0.0796875
0 0.1453125 0.91484375 0.0453125 0.0640625
0 0.66796875 0.8671875 0.1234375 0.109375
0 0.71796875 0.7703125 0.0703125 0.0703125
0 0.06328125 0.484375 0.0921875 0.0703125
0 0.1859375 0.32265625 0.0546875 0.0484375
0 0.19609375 0.753125 0.0328125 0.0328125
0 0.58984375 0.59765625 0.0859375 0.078125
0 0.36796875 0.76875 0.090625 0.0796875
0 0.95546875 0.8453125 0.0875 0.0859375
0 0.24296875 0.059375 0.1078125 0.11875
0 0.17734375 0.37421875 0.0765625 0.059375
0 0.13046875 0.075 0.1734375 0.15
0 0.66640625 0.04609375 0.1046875 0.0921875
0 0.38359375 0.4546875 0.09375 0.06875
0 0.1375 0.490625 0.053125 0.0609375