0 0.6703125 0.88984375 0.121875 0.128125
0 0.17265625 0.6484375 0.0953125 0.0921875
0 0.0984375 0.74921875 0.1390625 0.1234375
0 0.58671875 0.775 0.10625 0.0890625
0 0.596875 0.1140625 0.1234375 0.14375
0 0.8859375 0.4375 0.0765625 0.084375
0 0.74921875 0.50625 0.05625 0.06875
0 0.3390625 0.66796875 0.096875 0.1203125
0 0.196875 0.440625 0.0671875 0.06875
0 0.7390625 0.4015625 0.103125 0.1203125
0 0.8359375 0.30234375 0.1171875 0.109375
0 0.0921875 0.32734375 0.103125 0.109375
0 0.4546875 0.39140625 0.084375 0.084375
0 0.05546875 0.365625 0.1078125 0.0765625
0 0.2140625 0.5046875 0.1 0.0671875
0 0.22421875 0.6875 0.0765625 0.071875
0 0.23359375 0.896875 0.1078125 0.1296875
0 0.3875 0.04765625 0.1203125 0.0953125
0 0.93203125 0.5234375 0.053125 0.0546875
0 0.8640625 0.60234375 0.0484375 0.053125
0 0.56953125 0.5953125 0.0953125 0.0984375
0 0.12890625 0.85078125 0.13125 0.1390625
0 0.36328125 0.39765625 0.0875 0.09375
0 0.05625 0.0546875 0.1125 0.109375
0 0.575 0.2625 0.06875 0.084375
0 0.58671875 0.66953125 0.1 0.090625
0 0.459375 0.678125 0.065625 0.071875
0 0.51171875 0.2984375 0.08125 0.0984375
0 0.415625 0.6375 0.0515625 0.0703125
0 0.28671875 0.5625 0.090625 0.109375
0 0.25625 0.24140625 0.075 0.0703125
0 0.53125 0.0671875 0.0921875 0.134375
0 0.97109375 0.5640625 0.05625 0.075
0 0.17890625 0.25625 0.0875 0.0875
0 0.28515625 0.6359375 0.0921875 0.08125
0 0.7109375 0.80390625 0.109375 0.0953125
0 0.27265625 0.16015625 0.128125 0.1109375
0 0.47109375 0.60234375 0.0890625 0.0765625
0 0.23515625 0.765625 0.084375 0.0796875
0 0.20859375 0.58046875 0.0890625 0.090625
0 0.26796875 0.453125 0.0875 0.0796875
0 0.9 0.5765625 0.0828125 0.1109375
0 0.8515625 0.49609375 0.0875 0.05625
0 0.4640625 0.540625 0.09375 0.0734375
0 0.72421875 0.7359375 0.1203125 0.075
0 0.884375 0.8078125 0.1109375 0.08125
0 0.58125 0.2015625 0.0671875 0.0671875
0 0.17578125 0.35078125 0.0890625 0.1109375
0 0.9671875 0.62109375 0.065625 0.071875
0 0.3609375 0.24375 0.0796875 0.084375
0 0.45 0.25 0.0734375 0.05625
0 0.81796875 0.5984375 0.1046875 0.09375
0 0.58359375 0.83671875 0.046875 0.05625
0 0.528125 0.19453125 0.0734375 0.1
0 0.06953125 0.91796875 0.1390625 0.134375
0 0.5328125 0.80625 0.0640625 0.0890625
0 0.3140625 0.765625 0.0875 0.0953125
0 0.54140625 0.9265625 0.1359375 0.146875
0 0.678125 0.16796875 0.0734375 0.103125
0 0.67421875 0.37109375 0.0984375 0.115625
0 0.95546875 0.88203125 0.06875 0.071875
0 0.55 0.38203125 0.1015625 0.0921875
0 0.90625 0.3515625 0.0875 0.0859375
0 0.59140625 0.89609375 0.0734375 0.090625
0 0.6515625 0.2671875 0.0734375 0.1
0 0.034375 0.26640625 0.06875 0.1078125
0 0.725 0.66015625 0.1109375 0.1140625
0 0.4140625 0.93515625 0.13125 0.1296875
0 0.946875 0.68125 0.1046875 0.0953125
0 0.10078125 0.24765625 0.078125 0.05
0 0.35078125 0.31875 0.078125 0.0765625
0 0.503125 0.6265625 0.0625 0.065625
0 0.53828125 0.7375 0.0859375 0.0703125
0 0.065625 0.16640625 0.121875 0.1125
0 0.18984375 0.8375 0.0953125 0.10625
0 0.82578125 0.5390625 0.1140625 0.078125
0 0.9609375 0.321875 0.0765625 0.1375
0 0.33046875 0.8953125 0.0984375 0.11875
0 0.44375 0.76640625 0.1234375 0.115625
0 0.23125 0.39765625 0.0765625 0.0546875
0 0.1265625 0.49453125 0.0984375 0.075
0 0.3609375 0.5328125 0.121875 0.146875
0 0.76015625 0.7828125 0.071875 0.075
0 0.6234375 0.3078125 0.0953125 0.0859375
0 0.0921875 0.5484375 0.1234375 0.0796875
0 0.81171875 0.43203125 0.10625 0.134375
0 0.265625 0.3421875 0.109375 0.1390625
0 0.92890625 0.20078125 0.1265625 0.1078125
0 0.1296875 0.440625 0.065625 0.0671875
0 0.39296875 0.1453125 0.08125 0.1046875
0 0.8625 0.065625 0.096875 0.13125
0 0.4890625 0.478125 0.05625 0.05625
0 0.45625 0.8328125 0.11875 0.1078125
0 0.6546875 0.5171875 0.1796875 0.2140625
0 0.26953125 0.709375 0.071875 0.0609375
0 0.9453125 0.7609375 0.08125 0.0828125
0 0.79375 0.1671875 0.0875 0.1296875
0 0.14921875 0.11015625 0.121875 0.1109375
0 0.815625 0.7125 0.1171875 0.1515625
0 0.2015625 0.18984375 0.0796875 0.053125
0 0.609375 0.7203125 0.071875 0.075
0 0.49375 0.353125 0.0359375 0.0375
0 0.23125 0.0765625 0.1234375 0.103125
0 0.40390625 0.36328125 0.0359375 0.040625
0 0.92109375 0.27421875 0.0921875 0.071875
0 0.0578125 0.4265625 0.0859375 0.0703125
0 0.665625 0.05 0.0703125 0.1
0 0.43125 0.45703125 0.078125 0.084375
0 0.446875 0.16796875 0.10625 0.11875
0 0.703125 0.2328125 0.0859375 0.1109375
0 0.35 0.80703125 0.0765625 0.084375
0 0.51640625 0.68359375 0.0703125 0.071875
0 0.4359375 0.309375 0.0765625 0.0890625
0 0.73359375 0.10546875 0.0953125 0.1140625
0 0.5078125 0.4359375 0.0578125 0.065625
0 0.925 0.13046875 0.103125 0.0859375
0 0.8171875 0.884375 0.1265625 0.1296875