0 0.825 0.94765625 0.1265625 0.103125
0 0.71484375 0.69921875 0.2109375 0.2734375
0 0.93984375 0.59921875 0.11875 0.165625
0 0.61328125 0.38203125 0.1609375 0.203125
0 0.884375 0.73203125 0.1453125 0.1390625
0 0.8640625 0.8375 0.14375 0.1390625
0 0.20703125 0.68203125 0.14375 0.1453125
0 0.053125 0.3546875 0.10625 0.121875
0 0.65 0.5703125 0.125 0.128125
0 0.2640625 0.571875 0.1265625 0.1359375
0 0.28984375 0.87734375 0.175 0.18125
0 0.74765625 0.38125 0.14375 0.165625
0 0.4328125 0.39140625 0.13125 0.14375
0 0.17265625 0.409375 0.1578125 0.1734375
0 0.31796875 0.42734375 0.1265625 0.11875
0 0.12109375 0.57734375 0.16875 0.1640625
0 0.34765625 0.7328125 0.1171875 0.1125
0 0.92734375 0.45859375 0.1203125 0.109375
0 0.08984375 0.796875 0.1234375 0.1421875
0 0.25390625 0.39453125 0.0703125 0.075
0 0.578125 0.5078125 0.125 0.1265625
0 0.384375 0.64375 0.1234375 0.13125
0 0.11640625 0.7046875 0.078125 0.090625
0 0.821875 0.44375 0.1125 0.1515625
0 0.48984375 0.77109375 0.1875 0.20625
0 0.4734375 0.56640625 0.1703125 0.178125
0 0.359375 0.503125 0.08125 0.109375
0 0.8921875 0.52109375 0.1015625 0.0984375
0 0.81796875 0.2578125 0.0921875 0.08125
0 0.346875 0.23203125 0.1625 0.1765625
0 0.58671875 0.71640625 0.084375 0.146875
0 0.7140625 0.86875 0.1078125 0.1046875
0 0.5265625 0.3890625 0.078125 0.1421875