0 0.4171875 0.23671875 0.1015625 0.10625
0 0.6015625 0.68515625 0.1171875 0.1265625
0 0.27734375 0.5453125 0.0859375 0.078125
0 0.7203125 0.88984375 0.128125 0.1453125
0 0.91015625 0.33671875 0.16875 0.15625
0 0.5546875 0.7578125 0.2203125 0.1546875
0 0.14296875 0.7046875 0.125 0.0953125
0 0.41796875 0.3703125 0.115625 0.1734375
0 0.78984375 0.3375 0.0921875 0.121875
0 0.73359375 0.09140625 0.1375 0.1796875
0 0.82265625 0.4453125 0.1859375 0.15
0 0.51953125 0.27265625 0.1421875 0.175
0 0.1015625 0.51171875 0.203125 0.2125
0 0.24375 0.4390625 0.15625 0.159375
0 0.359375 0.92578125 0.1703125 0.1453125
0 0.703125 0.671875 0.16875 0.215625
0 0.46640625 0.06328125 0.1484375 0.1265625
0 0.6109375 0.03984375 0.13125 0.0796875
0 0.1390625 0.82265625 0.2484375 0.1765625
0 0.33515625 0.284375 0.1484375 0.159375
0 0.9234375 0.07421875 0.1484375 0.1484375
0 0.959375 0.22421875 0.078125 0.128125
0 0.06015625 0.7578125 0.1203125 0.1578125
0 0.403125 0.546875 0.2125 0.18125
0 0.6015625 0.3265625 0.1125 0.1578125
0 0.3671875 0.6859375 0.19375 0.165625
0 0.2421875 0.0796875 0.1453125 0.1578125
0 0.84375 0.7078125 0.2015625 0.19375
0 0.88203125 0.20859375 0.13125 0.1296875
0 0.53515625 0.41328125 0.1703125 0.1671875
0 0.18828125 0.928125 0.20625 0.1390625
0 0.62890625 0.93671875 0.1203125 0.125
0 0.84296875 0.55 0.1546875 0.1484375
0 0.77734375 0.16328125 0.16875 0.1640625
0 0.6828125 0.271875 0.14375 0.16875
0 0.62578125 0.12734375 0.1265625 0.13125
0 0.525 0.11796875 0.115625 0.1359375
0 0.53828125 0.87109375 0.1921875 0.165625
0 0.31875 0.13828125 0.11875 0.1546875
0 0.40625 0.14453125 0.115625 0.13125