0 0.5890625 0.340625 0.065625 0.0703125
0 0.06328125 0.3015625 0.075 0.0515625
0 0.8046875 0.49921875 0.0515625 0.0578125
0 0.62421875 0.2015625 0.065625 0.078125
0 0.35 0.61328125 0.146875 0.1546875
0 0.10703125 0.715625 0.2140625 0.18125
0 0.928125 0.0890625 0.065625 0.0734375
0 0.65703125 0.246875 0.08125 0.078125
0 0.42265625 0.26953125 0.0609375 0.0796875
0 0.375 0.48828125 0.1265625 0.1046875
0 0.87734375 0.5234375 0.0671875 0.071875
0 0.65859375 0.50859375 0.053125 0.0359375
0 0.35 0.35546875 0.0796875 0.0703125
0 0.7390625 0.41875 0.0796875 0.0671875
0 0.5734375 0.15546875 0.0703125 0.04375
0 0.1078125 0.17578125 0.065625 0.0640625
0 0.07265625 0.4859375 0.0671875 0.065625
0 0.32109375 0.23046875 0.0703125 0.06875
0 0.60390625 0.06484375 0.096875 0.0984375
0 0.24375 0.34609375 0.08125 0.071875
0 0.3890625 0.878125 0.2109375 0.1859375
0 0.51015625 0.77890625 0.1671875 0.16875
0 0.06328125 0.4203125 0.05 0.0453125
0 0.66171875 0.4484375 0.05 0.0484375
0 0.59765625 0.45078125 0.0515625 0.059375
0 0.94921875 0.33203125 0.0984375 0.1
0 0.6609375 0.2984375 0.0796875 0.0859375
0 0.73828125 0.228125 0.0953125 0.0890625
0 0.5203125 0.2578125 0.0578125 0.0765625
0 0.9 0.203125 0.0953125 0.0703125
0 0.625 0.9046875 0.15 0.1515625
0 0.74765625 0.54296875 0.0609375 0.0453125
0 0.65078125 0.396875 0.0484375 0.0578125
0 0.5765625 0.53203125 0.0953125 0.06875
0 0.20546875 0.10546875 0.0703125 0.09375
0 0.728125 0.4921875 0.075 0.071875
0 0.77109375 0.7734375 0.1296875 0.2046875
0 0.1421875 0.05234375 0.1453125 0.1046875
0 0.6359375 0.7171875 0.1703125 0.19375
0 0.91484375 0.60234375 0.06875 0.0546875
0 0.03359375 0.2515625 0.0671875 0.06875
0 0.21875 0.28671875 0.0546875 0.06875
0 0.20390625 0.61640625 0.1421875 0.165625
0 0.1109375 0.440625 0.078125 0.0859375
0 0.68984375 0.38671875 0.040625 0.046875