0 0.06328125 0.7984375 0.1265625 0.1375
0 0.71484375 0.9421875 0.1265625 0.1125
0 0.50390625 0.14375 0.0640625 0.0765625
0 0.2015625 0.68125 0.1515625 0.1609375
0 0.075 0.63125 0.15 0.1125
0 0.41328125 0.10703125 0.109375 0.171875
0 0.5640625 0.3375 0.1171875 0.13125
0 0.453125 0.49296875 0.1390625 0.171875
0 0.6046875 0.11328125 0.096875 0.1328125
0 0.22265625 0.5390625 0.159375 0.134375
0 0.09375 0.453125 0.159375 0.1703125
0 0.47421875 0.25078125 0.1296875 0.1421875
0 0.60546875 0.24453125 0.1328125 0.1234375
0 0.221875 0.3359375 0.115625 0.0890625
0 0.3421875 0.4453125 0.1546875 0.1859375
0 0.528125 0.065625 0.1875 0.13125
0 0.728125 0.15 0.1515625 0.1609375
0 0.284375 0.19140625 0.1359375 0.125