0 0.89453125 0.86328125 0.1421875 0.10625
0 0.51171875 0.74296875 0.084375 0.1
0 0.07578125 0.2015625 0.1359375 0.1421875
0 0.35546875 0.2703125 0.11875 0.134375
0 0.56796875 0.10390625 0.1046875 0.134375
0 0.909375 0.04453125 0.1171875 0.0890625
0 0.3328125 0.1640625 0.0828125 0.084375
0 0.8484375 0.32734375 0.128125 0.1015625
0 0.76484375 0.4140625 0.1046875 0.0984375
0 0.72890625 0.3109375 0.1359375 0.11875
0 0.2765625 0.21875 0.1046875 0.11875
0 0.1796875 0.171875 0.103125 0.1078125
0 0.4328125 0.74375 0.0984375 0.1046875
0 0.63671875 0.659375 0.0953125 0.09375
0 0.7109375 0.6796875 0.0796875 0.1140625
0 0.44140625 0.53828125 0.103125 0.0859375
0 0.2328125 0.821875 0.1421875 0.146875
0 0.79453125 0.090625 0.1515625 0.18125
0 0.62578125 0.82578125 0.1546875 0.1375
0 0.9328125 0.521875 0.06875 0.0765625
0 0.10390625 0.87421875 0.0796875 0.13125
0 0.540625 0.53984375 0.121875 0.1015625
0 0.1984375 0.29453125 0.153125 0.1546875
0 0.85703125 0.51875 0.134375 0.13125
0 0.67265625 0.090625 0.1078125 0.11875
0 0.4734375 0.13125 0.1421875 0.1328125
0 0.08515625 0.53125 0.128125 0.0921875
0 0.759375 0.534375 0.125 0.1546875
0 0.1265625 0.4390625 0.140625 0.115625
0 0.06953125 0.06484375 0.1328125 0.128125
0 0.9125 0.21015625 0.1734375 0.23125
0 0.6859375 0.196875 0.153125 0.115625
0 0.6640625 0.4203125 0.1265625 0.1078125
0 0.93359375 0.95625 0.13125 0.0859375
0 0.6203125 0.3078125 0.140625 0.1359375
0 0.0546875 0.3453125 0.109375 0.115625
0 0.41484375 0.821875 0.1671875 0.11875
0 0.18359375 0.634375 0.1734375 0.1453125
0 0.9140625 0.79921875 0.140625 0.0890625
0 0.415625 0.90390625 0.121875 0.09375
0 0.53046875 0.62734375 0.1296875 0.10625
0 0.66796875 0.54609375 0.125 0.14375
0 0.08203125 0.715625 0.1375 0.103125
0 0.31328125 0.7546875 0.0578125 0.0703125
0 0.18203125 0.08203125 0.0984375 0.0953125
0 0.8921875 0.40078125 0.1671875 0.125
0 0.83203125 0.70234375 0.153125 0.1546875
0 0.4171875 0.6328125 0.1203125 0.1328125
0 0.45078125 0.2578125 0.109375 0.1421875
0 0.671875 0.9125 0.103125 0.1078125
0 0.76875 0.215625 0.1078125 0.0875
0 0.28125 0.109375 0.0984375 0.0921875
0 0.465625 0.4640625 0.103125 0.078125