0 0.934375 0.3640625 0.11875 0.1046875
0 0.4125 0.85390625 0.11875 0.1421875
0 0.38515625 0.71171875 0.103125 0.140625
0 0.50390625 0.4515625 0.13125 0.1421875
0 0.91328125 0.56484375 0.1296875 0.1234375
0 0.2203125 0.08984375 0.1796875 0.1796875
0 0.23046875 0.94375 0.2 0.1109375
0 0.715625 0.49609375 0.1515625 0.1546875
0 0.5 0.0828125 0.15 0.165625
0 0.365625 0.0625 0.1546875 0.125
0 0.509375 0.765625 0.1546875 0.1703125
0 0.7609375 0.14765625 0.0859375 0.1015625
0 0.096875 0.1734375 0.19375 0.20625
0 0.509375 0.94765625 0.1578125 0.103125
0 0.6234375 0.05078125 0.128125 0.1015625
0 0.7578125 0.05546875 0.090625 0.1109375
0 0.39453125 0.16640625 0.11875 0.11875
0 0.4921875 0.66171875 0.1109375 0.0890625
0 0.6671875 0.41796875 0.0890625 0.084375
0 0.89609375 0.659375 0.134375 0.1125
0 0.225 0.83359375 0.203125 0.2
0 0.853125 0.115625 0.1078125 0.15
0 0.9265625 0.06328125 0.075 0.1265625
0 0.13046875 0.790625 0.2609375 0.2515625
0 0.8875 0.40625 0.134375 0.0953125
0 0.646875 0.1390625 0.16875 0.16875
0 0.13828125 0.53046875 0.2765625 0.3078125
0 0.3375 0.446875 0.140625 0.1375
0 0.8453125 0.4828125 0.14375 0.128125
0 0.6015625 0.45078125 0.096875 0.1453125
0 0.80859375 0.86484375 0.196875 0.1984375