0 0.65625 0.9296875 0.1734375 0.1390625
0 0.934375 0.80078125 0.128125 0.1328125
0 0.80078125 0.6171875 0.1 0.1015625
0 0.290625 0.7703125 0.246875 0.2484375
0 0.7625 0.92265625 0.1328125 0.096875
0 0.6875 0.41484375 0.2203125 0.2125
0 0.5203125 0.275 0.203125 0.19375
0 0.9125 0.1078125 0.1734375 0.1921875
0 0.7953125 0.74609375 0.178125 0.2015625
0 0.778125 0.34609375 0.2453125 0.2296875
0 0.12109375 0.684375 0.21875 0.175
0 0.5265625 0.7671875 0.1640625 0.159375
0 0.1484375 0.47265625 0.2171875 0.18125
0 0.40234375 0.83359375 0.1828125 0.2625
0 0.87890625 0.696875 0.2 0.1859375
0 0.84140625 0.54921875 0.15625 0.121875
0 0.91796875 0.4453125 0.1625 0.19375
0 0.71796875 0.803125 0.203125 0.2015625
0 0.9296875 0.22421875 0.1390625 0.153125
0 0.75859375 0.165625 0.25625 0.2125
0 0.20625 0.6125 0.1859375 0.171875
0 0.075 0.8125 0.15 0.1265625
0 0.7390625 0.06953125 0.1546875 0.1390625
0 0.46484375 0.11875 0.178125 0.171875
0 0.88984375 0.93046875 0.165625 0.1390625
0 0.528125 0.8859375 0.115625 0.1359375
0 0.7046875 0.590625 0.15625 0.225
0 0.10625 0.91171875 0.2125 0.1734375
0 0.3578125 0.54375 0.2171875 0.221875
0 0.17421875 0.34375 0.3390625 0.2453125
0 0.546875 0.60625 0.1859375 0.2171875
0 0.4640625 0.4015625 0.240625 0.165625
0 0.40078125 0.23828125 0.153125 0.2078125
0 0.190625 0.1171875 0.2390625 0.234375