0 0.9359375 0.16796875 0.0953125 0.125
0 0.3734375 0.19765625 0.115625 0.16875
0 0.88984375 0.8015625 0.0609375 0.053125
0 0.9640625 0.50625 0.0703125 0.084375
0 0.6234375 0.61875 0.1140625 0.1125
0 0.58125 0.50546875 0.1390625 0.13125
0 0.34609375 0.6609375 0.1484375 0.146875
0 0.1140625 0.2421875 0.11875 0.0984375
0 0.534375 0.60390625 0.103125 0.0875
0 0.67265625 0.88125 0.134375 0.1390625
0 0.87890625 0.89140625 0.0765625 0.1078125
0 0.80390625 0.25625 0.1265625 0.1265625
0 0.353125 0.44140625 0.134375 0.11875
0 0.72734375 0.65546875 0.13125 0.096875
0 0.68984375 0.47109375 0.121875 0.08125
0 0.19296875 0.46640625 0.096875 0.0875
0 0.26640625 0.2890625 0.115625 0.1203125
0 0.9578125 0.9078125 0.084375 0.14375
0 0.4765625 0.91875 0.0875 0.13125
0 0.32578125 0.91953125 0.0828125 0.0875
0 0.62578125 0.109375 0.2125 0.1734375
0 0.4078125 0.94296875 0.0984375 0.1125
0 0.140625 0.82890625 0.1953125 0.1890625
0 0.72734375 0.5265625 0.115625 0.1015625
0 0.04765625 0.89453125 0.0953125 0.1171875
0 0.77265625 0.784375 0.15 0.1578125
0 0.54296875 0.68359375 0.071875 0.08125
0 0.4171875 0.76328125 0.0875 0.096875
0 0.4734375 0.5078125 0.08125 0.0640625
0 0.22265625 0.71953125 0.171875 0.13125
0 0.65859375 0.78359375 0.0875 0.084375
0 0.528125 0.37265625 0.128125 0.10625
0 0.72578125 0.9640625 0.065625 0.0703125
0 0.6234375 0.2625 0.134375 0.146875
0 0.3015625 0.7890625 0.0890625 0.11875
0 0.146875 0.30234375 0.128125 0.1015625
0 0.83515625 0.37890625 0.1421875 0.1421875
0 0.8296875 0.07890625 0.128125 0.1578125
0 0.33671875 0.52421875 0.128125 0.128125
0 0.87421875 0.2328125 0.109375 0.11875
0 0.9375 0.6296875 0.0953125 0.06875
0 0.625 0.71171875 0.125 0.0796875
0 0.471875 0.2046875 0.09375 0.1546875
0 0.16328125 0.60625 0.1796875 0.165625
0 0.0578125 0.1078125 0.115625 0.115625
0 0.790625 0.90546875 0.1046875 0.0875
0 0.4359375 0.59921875 0.1421875 0.13125
0 0.065625 0.7171875 0.13125 0.1796875
0 0.52734375 0.846875 0.165625 0.2125
0 0.19453125 0.15703125 0.0859375 0.0890625
0 0.953125 0.77578125 0.09375 0.115625