0 0.19609375 0.8890625 0.06875 0.0765625
0 0.6640625 0.953125 0.1265625 0.090625
0 0.4625 0.23203125 0.1 0.13125
0 0.24453125 0.76484375 0.0953125 0.0921875
0 0.9078125 0.53671875 0.1828125 0.13125
0 0.18203125 0.09765625 0.1359375 0.11875
0 0.1578125 0.6828125 0.0734375 0.078125
0 0.2921875 0.82265625 0.078125 0.0984375
0 0.65625 0.76171875 0.134375 0.1171875
0 0.3984375 0.90234375 0.065625 0.078125
0 0.28125 0.1546875 0.1140625 0.1703125
0 0.25703125 0.46015625 0.0859375 0.1
0 0.14609375 0.58359375 0.078125 0.0734375
0 0.4546875 0.909375 0.08125 0.1078125
0 0.5125 0.90390625 0.0671875 0.09375
0 0.08671875 0.0734375 0.1 0.1234375
0 0.1609375 0.946875 0.0734375 0.075
0 0.22421875 0.83984375 0.09375 0.084375
0 0.18125 0.04296875 0.1265625 0.0859375
0 0.40234375 0.66484375 0.13125 0.121875
0 0.24453125 0.31328125 0.14375 0.1578125
0 0.50390625 0.765625 0.071875 0.0703125
0 0.178125 0.73828125 0.10625 0.09375
0 0.2546875 0.6984375 0.1 0.0828125
0 0.20546875 0.18125 0.08125 0.096875
0 0.09375 0.6796875 0.0875 0.0796875
0 0.05234375 0.39921875 0.09375 0.0734375
0 0.2359375 0.56875 0.1140625 0.1109375
0 0.7609375 0.69375 0.140625 0.1453125
0 0.10546875 0.54453125 0.121875 0.084375
0 0.2796875 0.64375 0.0921875 0.071875
0 0.55234375 0.93515625 0.115625 0.1296875
0 0.37890625 0.84375 0.0609375 0.08125
0 0.41171875 0.7515625 0.0625 0.078125
0 0.75234375 0.528125 0.215625 0.1796875
0 0.0765625 0.171875 0.059375 0.0875
0 0.45 0.11640625 0.1046875 0.1015625
0 0.65390625 0.87265625 0.128125 0.1203125
0 0.19453125 0.44921875 0.1 0.13125
0 0.31328125 0.09140625 0.1125 0.1421875
0 0.61484375 0.103125 0.1078125 0.1
0 0.55390625 0.1421875 0.0921875 0.1109375
0 0.13203125 0.16953125 0.090625 0.0984375
0 0.8828125 0.75703125 0.140625 0.1234375
0 0.32421875 0.5953125 0.0671875 0.0828125
0 0.13125 0.78828125 0.103125 0.1109375
0 0.48046875 0.0796875 0.0953125 0.1140625
0 0.8625 0.84921875 0.128125 0.1203125
0 0.48828125 0.52578125 0.128125 0.1859375
0 0.16171875 0.2625 0.0796875 0.071875
0 0.625 0.03125 0.065625 0.0625
0 0.909375 0.6578125 0.146875 0.146875
0 0.440625 0.82109375 0.0734375 0.0953125
0 0.3265625 0.35703125 0.1046875 0.0984375
0 0.1421875 0.3921875 0.0859375 0.0609375
0 0.55234375 0.04453125 0.0859375 0.0890625
0 0.79140625 0.05625 0.115625 0.1125
0 0.1203125 0.890625 0.0890625 0.0765625
0 0.58828125 0.5765625 0.146875 0.1234375
0 0.32421875 0.4875 0.115625 0.10625
0 0.3921875 0.09375 0.06875 0.09375
0 0.34453125 0.4125 0.0828125 0.0625
0 0.35625 0.80078125 0.065625 0.0984375
0 0.0421875 0.509375 0.084375 0.0984375
0 0.84375 0.596875 0.11875 0.1046875
0 0.67265625 0.153125 0.103125 0.1375
0 0.728125 0.8515625 0.0953125 0.134375
0 0.703125 0.04765625 0.1 0.0953125
0 0.56796875 0.68125 0.1578125 0.1296875
0 0.084375 0.95859375 0.0984375 0.08125
0 0.8 0.38828125 0.06875 0.0625
0 0.8203125 0.95546875 0.11875 0.0875
0 0.4828125 0.8046875 0.0546875 0.0640625
0 0.51875 0.82578125 0.0625 0.08125
0 0.47265625 0.72109375 0.0875 0.1109375
0 0.6875 0.29765625 0.1734375 0.1734375
0 0.075 0.8671875 0.0796875 0.0828125
0 0.0609375 0.7734375 0.0921875 0.10625
0 0.325 0.74609375 0.078125 0.078125
0 0.28203125 0.90625 0.115625 0.090625
0 0.33515625 0.2359375 0.090625 0.1125
0 0.709375 0.625 0.0984375 0.1171875
0 0.09375 0.26171875 0.05625 0.053125
0 0.38984375 0.57734375 0.075 0.0703125
0 0.14765625 0.3265625 0.0828125 0.0796875
0 0.1203125 0.45546875 0.090625 0.0796875
0 0.53515625 0.22578125 0.0875 0.1015625
0 0.4140625 0.96875 0.1109375 0.0609375
0 0.78828125 0.9234375 0.1203125 0.1234375
0 0.6078125 0.2109375 0.0859375 0.1265625
0 0.39609375 0.25390625 0.075 0.0859375
0 0.065625 0.334375 0.1015625 0.1
0 0.27109375 0.39140625 0.0765625 0.0703125
0 0.20078125 0.6578125 0.078125 0.0828125
0 0.46875 0.36171875 0.1234375 0.14375