0 0.13984375 0.303125 0.21875 0.1890625
0 0.3171875 0.61796875 0.146875 0.1421875
0 0.59375 0.88359375 0.1125 0.1390625
0 0.33828125 0.44921875 0.225 0.209375
0 0.29140625 0.0921875 0.165625 0.184375
0 0.5453125 0.25390625 0.1859375 0.178125
0 0.5875 0.4140625 0.2171875 0.2203125
0 0.75 0.91875 0.1421875 0.1578125
0 0.51875 0.740625 0.1359375 0.1703125
0 0.10625 0.56328125 0.209375 0.2265625
0 0.69765625 0.725 0.16875 0.1546875
0 0.496875 0.8625 0.125 0.1203125
0 0.58984375 0.66484375 0.11875 0.1390625
0 0.71015625 0.04453125 0.115625 0.0890625
0 0.72890625 0.5546875 0.18125 0.2171875
0 0.428125 0.578125 0.1109375 0.1171875
0 0.3328125 0.23984375 0.1421875 0.2
0 0.67734375 0.2890625 0.096875 0.0921875
0 0.7015625 0.16328125 0.16875 0.19375
0 0.47578125 0.17109375 0.128125 0.121875
0 0.10078125 0.88828125 0.13125 0.1375
0 0.27890625 0.7453125 0.1375 0.1546875
0 0.16640625 0.82421875 0.1859375 0.15
0 0.15546875 0.7203125 0.165625 0.125
0 0.821875 0.25234375 0.1765625 0.18125
0 0.69609375 0.83203125 0.1640625 0.1328125
0 0.88671875 0.909375 0.2046875 0.178125
0 0.40703125 0.0796875 0.125 0.15625
0 0.790625 0.39453125 0.225 0.1578125
0 0.07421875 0.11953125 0.1484375 0.1890625
0 0.16875 0.43828125 0.1375 0.1328125
0 0.859375 0.51171875 0.1515625 0.2046875
0 0.43125 0.3046875 0.1109375 0.203125
0 0.2359375 0.94375 0.128125 0.1109375
0 0.41015625 0.7375 0.13125 0.190625
0 0.59921875 0.06640625 0.14375 0.1328125