0 0.51875 0.4921875 0.1296875 0.1546875
0 0.9109375 0.07421875 0.1734375 0.1484375
0 0.96484375 0.22109375 0.0671875 0.15
0 0.503125 0.66953125 0.1265625 0.1359375
0 0.18515625 0.12578125 0.2703125 0.2515625
0 0.25 0.6875 0.2140625 0.234375
0 0.78515625 0.71484375 0.1328125 0.1265625
0 0.603125 0.15859375 0.1453125 0.209375
0 0.9125 0.9125 0.1703125 0.171875
0 0.38828125 0.75703125 0.1546875 0.2375
0 0.3609375 0.57265625 0.109375 0.0921875
0 0.47734375 0.128125 0.2203125 0.25625
0 0.615625 0.41640625 0.190625 0.15625
0 0.77890625 0.321875 0.1328125 0.171875
0 0.090625 0.80625 0.18125 0.1984375
0 0.709375 0.18359375 0.1265625 0.1453125
0 0.87890625 0.24765625 0.1859375 0.196875
0 0.6671875 0.30078125 0.115625 0.103125
0 0.0921875 0.19765625 0.1140625 0.1609375
0 0.5796875 0.903125 0.1296875 0.1890625
0 0.26640625 0.85859375 0.146875 0.159375
0 0.7796875 0.54140625 0.15 0.1265625
0 0.7015625 0.915625 0.1609375 0.165625
0 0.10546875 0.4234375 0.2078125 0.153125
0 0.31953125 0.25078125 0.1375 0.1421875
0 0.5625 0.59765625 0.1625 0.1859375
0 0.10859375 0.5484375 0.2171875 0.178125
0 0.765625 0.45703125 0.1265625 0.1078125
0 0.87109375 0.41171875 0.140625 0.140625
0 0.45234375 0.8640625 0.153125 0.1703125
0 0.92421875 0.74609375 0.146875 0.1734375
0 0.953125 0.3859375 0.090625 0.1828125
0 0.30234375 0.43203125 0.2453125 0.2296875
0 0.9484375 0.6078125 0.1 0.16875
0 0.45703125 0.275 0.121875 0.1375
0 0.69375 0.621875 0.1734375 0.190625