0 0.5 0.646875 0.3890625 0.334375
0 0.75625 0.8140625 0.3328125 0.3671875
0 0.95078125 0.16015625 0.096875 0.2
0 0.56640625 0.90625 0.25625 0.1859375
0 0.72421875 0.10078125 0.190625 0.2015625
0 0.515625 0.42265625 0.35 0.271875
0 0.646875 0.32109375 0.278125 0.3546875
0 0.77578125 0.240625 0.1078125 0.109375
0 0.9265625 0.54375 0.146875 0.1296875
0 0.81640625 0.3671875 0.165625 0.165625
0 0.9015625 0.6640625 0.1953125 0.1953125
0 0.5125 0.15390625 0.278125 0.30625
0 0.81015625 0.03984375 0.1046875 0.0796875
0 0.94140625 0.45 0.115625 0.1140625