0 0.40546875 0.39453125 0.0625 0.0921875
0 0.46875 0.09296875 0.06875 0.0921875
0 0.559375 0.38125 0.065625 0.0421875
0 0.6859375 0.2125 0.0953125 0.1078125
0 0.81640625 0.47890625 0.084375 0.065625
0 0.828125 0.38671875 0.09375 0.1015625
0 0.67578125 0.771875 0.078125 0.09375
0 0.8046875 0.55859375 0.090625 0.1015625
0 0.459375 0.2078125 0.0609375 0.05625
0 0.90234375 0.19375 0.0921875 0.0984375
0 0.4671875 0.36796875 0.084375 0.0984375
0 0.4921875 0.7796875 0.0484375 0.04375
0 0.5640625 0.09453125 0.0546875 0.071875
0 0.91484375 0.059375 0.084375 0.0953125
0 0.775 0.2109375 0.1296875 0.146875
0 0.5765625 0.89453125 0.10625 0.11875
0 0.6265625 0.0875 0.08125 0.121875
0 0.59296875 0.53203125 0.0484375 0.0484375
0 0.64296875 0.48359375 0.0484375 0.0640625
0 0.59765625 0.7703125 0.1015625 0.109375
0 0.6796875 0.90625 0.071875 0.0921875
0 0.490625 0.53125 0.0734375 0.065625
0 0.86171875 0.7359375 0.0796875 0.0890625
0 0.56015625 0.18125 0.0890625 0.134375
0 0.7765625 0.128125 0.0921875 0.0703125
0 0.5078125 0.71953125 0.06875 0.05625
0 0.9203125 0.58828125 0.0453125 0.059375
0 0.72421875 0.34765625 0.125 0.10625
0 0.39453125 0.1421875 0.0953125 0.13125
0 0.58359375 0.5921875 0.084375 0.0796875
0 0.684375 0.46484375 0.0640625 0.06875
0 0.90390625 0.28984375 0.109375 0.1078125
0 0.55859375 0.50703125 0.0390625 0.0390625
0 0.7546875 0.6390625 0.0484375 0.0671875
0 0.5140625 0.1265625 0.078125 0.1015625
0 0.525 0.60703125 0.05625 0.065625
0 0.41328125 0.25390625 0.0625 0.065625
0 0.39453125 0.0515625 0.0875 0.078125
0 0.70390625 0.11015625 0.0921875 0.103125