0 0.92578125 0.9140625 0.1046875 0.11875
0 0.0859375 0.42578125 0.103125 0.0875
0 0.65859375 0.725 0.090625 0.09375
0 0.49453125 0.6859375 0.0703125 0.078125
0 0.21796875 0.57734375 0.078125 0.0671875
0 0.6671875 0.6484375 0.078125 0.084375
0 0.3421875 0.70625 0.078125 0.0828125
0 0.5296875 0.93359375 0.0625 0.0796875
0 0.55859375 0.20625 0.05 0.06875
0 0.609375 0.68125 0.0640625 0.0625
0 0.40234375 0.0828125 0.1 0.109375
0 0.58046875 0.2515625 0.0515625 0.0515625
0 0.69921875 0.78359375 0.1140625 0.10625
0 0.1890625 0.75078125 0.0546875 0.053125
0 0.1578125 0.5046875 0.09375 0.08125
0 0.484375 0.23046875 0.0859375 0.10625
0 0.8546875 0.29375 0.0640625 0.053125
0 0.7125 0.12265625 0.1171875 0.134375
0 0.24375 0.83203125 0.1 0.1421875
0 0.4234375 0.228125 0.09375 0.078125
0 0.075 0.5296875 0.078125 0.0671875
0 0.8890625 0.771875 0.1796875 0.1484375
0 0.54921875 0.30859375 0.1171875 0.109375
0 0.78125 0.17890625 0.10625 0.1078125
0 0.93359375 0.7125 0.075 0.0828125
0 0.51015625 0.196875 0.059375 0.0640625
0 0.471875 0.58203125 0.0359375 0.04375
0 0.584375 0.921875 0.071875 0.0984375
0 0.49140625 0.63125 0.0671875 0.0640625
0 0.484375 0.7578125 0.0765625 0.0875
0 0.32421875 0.84140625 0.1 0.103125
0 0.2890625 0.41796875 0.0859375 0.075
0 0.56875 0.71953125 0.0671875 0.06875
0 0.55625 0.10625 0.05 0.0984375
0 0.365625 0.1375 0.046875 0.0453125
0 0.58515625 0.165625 0.0484375 0.05625
0 0.91171875 0.4171875 0.1578125 0.1390625
0 0.64375 0.5375 0.075 0.0734375
0 0.4140625 0.765625 0.0515625 0.075
0 0.15625 0.2234375 0.1046875 0.071875
0 0.10546875 0.1765625 0.078125 0.0640625
0 0.28046875 0.36171875 0.0609375 0.053125
0 0.28515625 0.5890625 0.0609375 0.0671875
0 0.2953125 0.22109375 0.0609375 0.0765625
0 0.65 0.16875 0.071875 0.065625
0 0.42578125 0.70234375 0.075 0.075
0 0.0859375 0.6953125 0.1015625 0.0890625
0 0.60625 0.58359375 0.0359375 0.0484375
0 0.275 0.675 0.071875 0.0828125
0 0.41640625 0.5375 0.1078125 0.1109375
0 0.51171875 0.559375 0.0578125 0.0625
0 0.65546875 0.4125 0.065625 0.0609375
0 0.6609375 0.25390625 0.0625 0.0671875
0 0.625 0.48046875 0.1234375 0.1078125
0 0.55546875 0.578125 0.05625 0.0671875
0 0.86875 0.609375 0.128125 0.125
0 0.7109375 0.884375 0.1328125 0.1453125
0 0.2265625 0.39453125 0.0703125 0.078125
0 0.38125 0.18125 0.059375 0.0625
0 0.465625 0.31640625 0.059375 0.0609375
0 0.8140625 0.50234375 0.0359375 0.0328125
0 0.15234375 0.27890625 0.1046875 0.071875
0 0.80234375 0.5703125 0.125 0.1125
0 0.7140625 0.3125 0.0625 0.0640625
0 0.64453125 0.09609375 0.0609375 0.065625
0 0.07109375 0.09453125 0.0796875 0.0671875
0 0.39765625 0.2890625 0.0671875 0.065625
0 0.61796875 0.2375 0.04375 0.053125
0 0.3265625 0.25 0.046875 0.053125
0 0.1390625 0.64453125 0.0984375 0.065625
0 0.7875 0.828125 0.1234375 0.1234375
0 0.75234375 0.375 0.0890625 0.078125
0 0.34609375 0.78203125 0.0828125 0.09375
0 0.2859375 0.5390625 0.078125 0.06875
0 0.0796875 0.59453125 0.084375 0.065625
0 0.56640625 0.7984375 0.096875 0.1359375
0 0.47109375 0.87890625 0.090625 0.1421875