0 0.55390625 0.73984375 0.2140625 0.171875
0 0.39921875 0.2671875 0.2328125 0.2609375
0 0.76953125 0.07734375 0.2609375 0.1546875
0 0.64375 0.8765625 0.278125 0.2453125
0 0.7265625 0.559375 0.1421875 0.15625
0 0.90078125 0.63125 0.1953125 0.1578125
0 0.884375 0.4890625 0.2296875 0.2859375
0 0.0703125 0.8234375 0.140625 0.2375
0 0.6265625 0.41796875 0.3046875 0.1890625
0 0.4109375 0.58671875 0.14375 0.203125
0 0.57578125 0.58125 0.196875 0.23125
0 0.684375 0.21015625 0.390625 0.3109375
0 0.3921875 0.88671875 0.1546875 0.225
0 0.75390625 0.73984375 0.196875 0.2328125
0 0.21328125 0.85 0.271875 0.29375