0 0.16015625 0.86640625 0.1078125 0.1046875
0 0.15 0.28203125 0.090625 0.0625
0 0.84375 0.90859375 0.0765625 0.09375
0 0.0703125 0.696875 0.0640625 0.0671875
0 0.14296875 0.3984375 0.0859375 0.0578125
0 0.43984375 0.18203125 0.0546875 0.075
0 0.0640625 0.86875 0.1234375 0.1109375
0 0.6703125 0.8609375 0.1203125 0.1421875
0 0.3875 0.42890625 0.0765625 0.0703125
0 0.25625 0.5 0.0859375 0.071875
0 0.70703125 0.78828125 0.08125 0.1015625
0 0.66796875 0.5578125 0.0828125 0.0671875
0 0.690625 0.13125 0.046875 0.075
0 0.4890625 0.8140625 0.08125 0.075
0 0.8359375 0.134375 0.084375 0.075
0 0.40625 0.13125 0.06875 0.0890625
0 0.78359375 0.415625 0.0609375 0.040625
0 0.06953125 0.43828125 0.1046875 0.0859375
0 0.15234375 0.778125 0.115625 0.103125
0 0.1625 0.6453125 0.10625 0.0953125
0 0.91875 0.2265625 0.075 0.0609375
0 0.33984375 0.6109375 0.096875 0.0765625
0 0.8890625 0.525 0.0984375 0.0828125
0 0.859375 0.80390625 0.109375 0.09375
0 0.38125 0.6625 0.065625 0.08125
0 0.3828125 0.81953125 0.078125 0.0765625
0 0.90625 0.08515625 0.0703125 0.0640625
0 0.7515625 0.134375 0.059375 0.090625
0 0.73203125 0.09921875 0.084375 0.06875
0 0.40859375 0.30859375 0.0703125 0.06875
0 0.36171875 0.8984375 0.1 0.103125
0 0.3125 0.85 0.071875 0.0828125
0 0.4328125 0.11328125 0.0453125 0.0640625
0 0.8703125 0.35703125 0.0875 0.0796875
0 0.5625 0.9078125 0.0625 0.1125
0 0.0859375 0.3234375 0.1109375 0.0828125
0 0.2125 0.82421875 0.0875 0.0828125
0 0.2578125 0.57265625 0.06875 0.059375
0 0.75625 0.47734375 0.0828125 0.0734375
0 0.11171875 0.5546875 0.0875 0.0796875
0 0.515625 0.57890625 0.06875 0.071875
0 0.64453125 0.31875 0.0609375 0.0640625
0 0.7890625 0.88359375 0.084375 0.115625
0 0.7734375 0.790625 0.0875 0.0890625
0 0.32734375 0.5265625 0.065625 0.0625
0 0.63828125 0.6234375 0.103125 0.090625
0 0.5015625 0.65234375 0.0875 0.0671875
0 0.69140625 0.0390625 0.0703125 0.078125
0 0.18046875 0.5578125 0.0796875 0.0859375
0 0.58984375 0.82890625 0.0515625 0.0578125
0 0.53046875 0.33359375 0.0703125 0.0671875
0 0.65 0.42421875 0.0484375 0.0453125
0 0.23046875 0.6796875 0.11875 0.1296875
0 0.8234375 0.253125 0.0765625 0.05625
0 0.8109375 0.05859375 0.078125 0.0796875
0 0.4828125 0.915625 0.10625 0.1046875
0 0.36640625 0.7484375 0.084375 0.10625
0 0.446875 0.55078125 0.065625 0.0859375
0 0.46484375 0.321875 0.04375 0.0609375
0 0.54453125 0.48359375 0.08125 0.08125
0 0.753125 0.35078125 0.0859375 0.084375
0 0.25078125 0.8921875 0.071875 0.10625
0 0.5140625 0.2375 0.05625 0.0703125
0 0.35546875 0.1046875 0.0671875 0.09375
0 0.29375 0.74921875 0.09375 0.1296875
0 0.93046875 0.4078125 0.1296875 0.1265625
0 0.5484375 0.728125 0.040625 0.0578125
0 0.2359375 0.41796875 0.096875 0.0796875
0 0.56796875 0.27578125 0.0671875 0.06875
0 0.24453125 0.0765625 0.065625 0.090625
0 0.45625 0.709375 0.0609375 0.11875
0 0.89921875 0.884375 0.1046875 0.1046875
0 0.7265625 0.63828125 0.0890625 0.05625
0 0.94921875 0.2890625 0.0875 0.0546875
0 0.15625 0.48828125 0.09375 0.0796875
0 0.209375 0.18984375 0.0828125 0.08125
0 0.4515625 0.234375 0.0453125 0.059375
0 0.0765625 0.77421875 0.13125 0.109375