0 0.1078125 0.5359375 0.1484375 0.1125
0 0.796875 0.40859375 0.0640625 0.05625
0 0.5796875 0.6265625 0.0421875 0.046875
0 0.95234375 0.4015625 0.05 0.046875
0 0.165625 0.2828125 0.1625 0.153125
0 0.8609375 0.6640625 0.05 0.0453125
0 0.65390625 0.6640625 0.0515625 0.046875
0 0.303125 0.871875 0.1390625 0.1546875
0 0.825 0.3359375 0.040625 0.0453125
0 0.89375 0.48671875 0.0765625 0.0609375
0 0.90078125 0.28125 0.05625 0.0484375
0 0.88359375 0.91171875 0.1546875 0.175
0 0.6796875 0.55 0.0703125 0.0609375
0 0.75859375 0.13046875 0.075 0.075
0 0.8640625 0.30859375 0.0375 0.0375
0 0.73359375 0.55625 0.046875 0.05
0 0.91875 0.1859375 0.06875 0.065625
0 0.7046875 0.93828125 0.1328125 0.1203125
0 0.58984375 0.76875 0.0546875 0.0625
0 0.16953125 0.70078125 0.1734375 0.140625
0 0.80546875 0.30078125 0.03125 0.0296875
0 0.83203125 0.53515625 0.0546875 0.0765625
0 0.696875 0.20546875 0.096875 0.071875
0 0.8234375 0.203125 0.0765625 0.0609375
0 0.459375 0.7109375 0.159375 0.184375
0 0.25 0.38671875 0.0953125 0.0890625
0 0.66328125 0.61796875 0.0640625 0.059375
0 0.1796875 0.9515625 0.2015625 0.09375
0 0.1890625 0.8484375 0.1421875 0.1640625
0 0.65078125 0.31640625 0.0671875 0.0640625
0 0.32890625 0.1484375 0.1171875 0.115625
0 0.7390625 0.3953125 0.0421875 0.0359375
0 0.7578125 0.8625 0.10625 0.1234375
0 0.63515625 0.171875 0.0671875 0.0703125