0 0.059375 0.075 0.11875 0.15
0 0.53984375 0.7984375 0.1 0.1484375
0 0.3609375 0.54140625 0.0953125 0.109375
0 0.47890625 0.8578125 0.0921875 0.1609375
0 0.29609375 0.84609375 0.1234375 0.1140625
0 0.06171875 0.334375 0.1234375 0.1
0 0.71796875 0.4546875 0.1625 0.1234375
0 0.07265625 0.40390625 0.0828125 0.0609375
0 0.6734375 0.3125 0.078125 0.078125
0 0.3546875 0.7546875 0.1125 0.1234375
0 0.5140625 0.309375 0.15 0.1625
0 0.578125 0.6296875 0.15 0.165625
0 0.3359375 0.65625 0.1109375 0.10625
0 0.834375 0.43359375 0.1 0.1078125
0 0.921875 0.41484375 0.1546875 0.228125
0 0.7921875 0.0703125 0.0859375 0.0765625
0 0.8140625 0.32578125 0.1328125 0.134375
0 0.10703125 0.91640625 0.1265625 0.159375
0 0.81640625 0.190625 0.134375 0.1234375
0 0.809375 0.54609375 0.15 0.1328125
0 0.12421875 0.53515625 0.1671875 0.1375
0 0.6734375 0.89375 0.14375 0.1671875
0 0.11953125 0.3203125 0.13125 0.0953125
0 0.1015625 0.67421875 0.0640625 0.0609375
0 0.0859375 0.46171875 0.171875 0.090625
0 0.32109375 0.41328125 0.0765625 0.090625
0 0.88125 0.93828125 0.1296875 0.11875
0 0.8265625 0.67734375 0.13125 0.128125
0 0.33359375 0.3140625 0.1296875 0.115625
0 0.79140625 0.9234375 0.13125 0.15
0 0.31953125 0.92890625 0.1 0.078125
0 0.4375 0.49375 0.13125 0.146875
0 0.67109375 0.21875 0.1859375 0.165625
0 0.17578125 0.58828125 0.1109375 0.13125
0 0.7125 0.35 0.128125 0.1203125
0 0.63203125 0.55859375 0.1375 0.146875
0 0.878125 0.6109375 0.0515625 0.084375
0 0.40078125 0.3859375 0.11875 0.1015625
0 0.240625 0.92890625 0.10625 0.1359375
0 0.515625 0.10390625 0.19375 0.2078125
0 0.59609375 0.4046875 0.1109375 0.1109375
0 0.54921875 0.92265625 0.10625 0.14375
0 0.9328125 0.1828125 0.13125 0.1640625
0 0.41484375 0.89765625 0.1015625 0.16875
0 0.2109375 0.38828125 0.15 0.134375
0 0.27265625 0.50390625 0.09375 0.0953125
0 0.68203125 0.0765625 0.15 0.146875
0 0.25625 0.60234375 0.115625 0.146875
0 0.4421875 0.6390625 0.16875 0.184375