0 0.85078125 0.41953125 0.115625 0.0984375
0 0.146875 0.69609375 0.1171875 0.0765625
0 0.52890625 0.51953125 0.1296875 0.0921875
0 0.821875 0.26484375 0.0828125 0.0921875
0 0.72734375 0.28203125 0.09375 0.065625
0 0.22890625 0.57265625 0.15 0.0828125
0 0.646875 0.48359375 0.1234375 0.11875
0 0.95703125 0.340625 0.084375 0.121875
0 0.4078125 0.87265625 0.0984375 0.0890625
0 0.7734375 0.553125 0.1296875 0.1390625
0 0.55703125 0.6265625 0.1890625 0.16875
0 0.946875 0.44296875 0.1046875 0.0984375
0 0.8234375 0.35078125 0.1140625 0.1109375
0 0.94375 0.88984375 0.0875 0.084375
0 0.05234375 0.75703125 0.1046875 0.1265625
0 0.42734375 0.3578125 0.1140625 0.1078125
0 0.6203125 0.2546875 0.1234375 0.1
0 0.9078125 0.85703125 0.0578125 0.06875
0 0.48046875 0.76484375 0.0734375 0.1078125
0 0.69453125 0.428125 0.109375 0.0921875
0 0.49921875 0.17578125 0.115625 0.109375
0 0.059375 0.54609375 0.11875 0.125
0 0.9 0.49375 0.0765625 0.0875
0 0.69609375 0.92109375 0.0984375 0.1234375
0 0.8359375 0.06015625 0.165625 0.1203125
0 0.2328125 0.6484375 0.140625 0.11875
0 0.81875 0.8671875 0.0875 0.071875
0 0.77890625 0.17109375 0.096875 0.11875
0 0.66328125 0.55703125 0.0953125 0.0796875
0 0.1296875 0.10859375 0.259375 0.2171875
0 0.07578125 0.634375 0.078125 0.0640625
0 0.8296875 0.91953125 0.084375 0.084375
0 0.83515625 0.52265625 0.115625 0.1296875
0 0.08671875 0.225 0.1734375 0.11875
0 0.20234375 0.34453125 0.1125 0.19375
0 0.73828125 0.715625 0.1078125 0.128125
0 0.728125 0.1171875 0.0984375 0.1109375
0 0.86640625 0.178125 0.1203125 0.11875
0 0.45546875 0.31875 0.0765625 0.06875
0 0.428125 0.1078125 0.0640625 0.109375
0 0.3921875 0.74453125 0.103125 0.10625
0 0.9125 0.2890625 0.10625 0.1203125
0 0.3359375 0.425 0.0734375 0.078125
0 0.74765625 0.80390625 0.0984375 0.065625
0 0.84921875 0.703125 0.1296875 0.16875
0 0.9421875 0.7796875 0.115625 0.1390625
0 0.57109375 0.1515625 0.1140625 0.1125
0 0.92265625 0.57890625 0.1546875 0.1375
0 0.74765625 0.86875 0.0921875 0.075
0 0.85546875 0.821875 0.0703125 0.096875
0 0.66796875 0.7265625 0.1015625 0.11875
0 0.5640625 0.74375 0.1140625 0.1078125
0 0.50859375 0.26875 0.09375 0.0890625
0 0.65078125 0.834375 0.075 0.0796875
0 0.3609375 0.2125 0.1953125 0.1953125
0 0.1234375 0.87734375 0.11875 0.1390625
0 0.3171875 0.09609375 0.125 0.10625
0 0.09140625 0.3828125 0.1828125 0.2171875
0 0.15625 0.51015625 0.0671875 0.096875
0 0.42578125 0.459375 0.0921875 0.1125
0 0.77109375 0.940625 0.0640625 0.084375
0 0.29296875 0.34765625 0.1140625 0.134375
0 0.5171875 0.3390625 0.05625 0.0703125
0 0.678125 0.35078125 0.084375 0.09375
0 0.5359375 0.8609375 0.146875 0.1359375
0 0.74140625 0.3671875 0.109375 0.1109375
0 0.5453125 0.95 0.090625 0.084375
0 0.95234375 0.70234375 0.09375 0.11875
0 0.62890625 0.790625 0.0765625 0.09375
0 0.61640625 0.109375 0.0609375 0.1015625
0 0.67265625 0.17578125 0.109375 0.1421875
0 0.08515625 0.72578125 0.1 0.1078125
0 0.43984375 0.6703125 0.1265625 0.153125
0 0.4875 0.07578125 0.0984375 0.103125
0 0.81875 0.82421875 0.0625 0.0828125
0 0.6015625 0.32109375 0.1109375 0.1265625
0 0.54375 0.4203125 0.1515625 0.15625
0 0.353125 0.48515625 0.0765625 0.10625
0 0.56640625 0.0578125 0.1171875 0.075
0 0.396875 0.8046875 0.1 0.0875
0 0.1359375 0.61953125 0.0828125 0.1