0 0.4078125 0.56953125 0.146875 0.1234375
0 0.17890625 0.621875 0.1453125 0.1375
0 0.109375 0.51328125 0.1234375 0.1421875
0 0.75078125 0.453125 0.1359375 0.1234375
0 0.74609375 0.57890625 0.15 0.1
0 0.765625 0.9125 0.0828125 0.0828125
0 0.8828125 0.528125 0.15625 0.1390625
0 0.209375 0.3703125 0.1234375 0.1453125
0 0.57421875 0.56640625 0.05625 0.075
0 0.45234375 0.1109375 0.1328125 0.175
0 0.58984375 0.74609375 0.1234375 0.1203125
0 0.48671875 0.6703125 0.0765625 0.0734375
0 0.1140625 0.66796875 0.0765625 0.065625
0 0.53125 0.93203125 0.071875 0.10625
0 0.64140625 0.07734375 0.0796875 0.109375
0 0.66796875 0.91484375 0.090625 0.1078125
0 0.11875 0.06875 0.11875 0.1375
0 0.22890625 0.88828125 0.0875 0.096875
0 0.92421875 0.2109375 0.15 0.134375
0 0.125 0.3828125 0.0875 0.08125
0 0.93125 0.8953125 0.1375 0.1109375
0 0.76484375 0.4921875 0.075 0.0484375
0 0.0484375 0.359375 0.096875 0.1078125
0 0.9078125 0.79921875 0.071875 0.0828125
0 0.4375 0.73671875 0.0828125 0.0984375
0 0.1765625 0.13125 0.071875 0.1390625
0 0.51171875 0.8125 0.0578125 0.103125
0 0.359375 0.0953125 0.06875 0.09375
0 0.8109375 0.953125 0.084375 0.0625
0 0.325 0.8859375 0.0984375 0.115625
0 0.1921875 0.53515625 0.0921875 0.0953125
0 0.553125 0.82109375 0.0484375 0.0765625
0 0.89140625 0.30390625 0.15625 0.1234375
0 0.85546875 0.85390625 0.059375 0.0609375
0 0.47265625 0.509375 0.0765625 0.08125
0 0.1796875 0.92265625 0.0796875 0.109375
0 0.72265625 0.28359375 0.11875 0.134375
0 0.246875 0.1484375 0.09375 0.1421875
0 0.25078125 0.28125 0.09375 0.0921875
0 0.1703125 0.728125 0.090625 0.09375
0 0.45 0.896875 0.0625 0.09375
0 0.19140625 0.78515625 0.0796875 0.059375
0 0.06796875 0.828125 0.109375 0.0984375
0 0.41953125 0.83828125 0.1109375 0.1140625
0 0.08828125 0.109375 0.1078125 0.0890625
0 0.803125 0.84609375 0.08125 0.06875
0 0.85859375 0.08046875 0.1109375 0.1171875
0 0.7328125 0.08359375 0.090625 0.115625
0 0.2765625 0.47578125 0.0921875 0.103125
0 0.33515625 0.4 0.08125 0.090625
0 0.090625 0.596875 0.0890625 0.1046875
0 0.0453125 0.740625 0.090625 0.08125
0 0.6171875 0.86328125 0.0875 0.1109375
0 0.62265625 0.50390625 0.04375 0.0546875
0 0.69140625 0.16171875 0.103125 0.10625
0 0.8546875 0.61796875 0.075 0.0890625
0 0.56171875 0.125 0.128125 0.1484375
0 0.71796875 0.8484375 0.08125 0.0609375
0 0.328125 0.1671875 0.0953125 0.1421875
0 0.40234375 0.37890625 0.0546875 0.0921875
0 0.1453125 0.2796875 0.13125 0.1453125
0 0.3640625 0.28671875 0.128125 0.1375
0 0.0578125 0.24296875 0.053125 0.0953125
0 0.38046875 0.91015625 0.05625 0.090625
0 0.703125 0.76484375 0.1375 0.13125