0 0.87890625 0.38203125 0.0875 0.078125
0 0.659375 0.54375 0.0625 0.0609375
0 0.925 0.1578125 0.134375 0.1296875
0 0.24609375 0.915625 0.0796875 0.0828125
0 0.440625 0.1046875 0.0734375 0.10625
0 0.58828125 0.56640625 0.0921875 0.11875
0 0.55859375 0.03984375 0.0734375 0.0796875
0 0.5640625 0.66796875 0.0890625 0.071875
0 0.8671875 0.53984375 0.0703125 0.06875
0 0.36953125 0.58046875 0.1125 0.1265625
0 0.8546875 0.9359375 0.1234375 0.125
0 0.0515625 0.534375 0.103125 0.090625
0 0.13203125 0.1671875 0.09375 0.1328125
0 0.9625 0.47421875 0.0734375 0.121875
0 0.45 0.5453125 0.09375 0.1109375
0 0.16328125 0.05234375 0.1328125 0.1046875
0 0.503125 0.94765625 0.0859375 0.103125
0 0.6203125 0.12734375 0.0796875 0.1078125
0 0.18125 0.35703125 0.034375 0.040625
0 0.5796875 0.26796875 0.0859375 0.096875
0 0.26484375 0.696875 0.0703125 0.0734375
0 0.4796875 0.4875 0.1171875 0.1203125
0 0.3796875 0.69375 0.0828125 0.0953125
0 0.1578125 0.57578125 0.071875 0.0578125
0 0.0609375 0.703125 0.1 0.1265625
0 0.4765625 0.25390625 0.0640625 0.0640625
0 0.36953125 0.3984375 0.0671875 0.0703125
0 0.1734375 0.640625 0.103125 0.103125
0 0.14609375 0.72109375 0.0828125 0.075
0 0.5078125 0.85703125 0.0640625 0.08125
0 0.846875 0.26484375 0.1046875 0.1
0 0.2515625 0.1984375 0.1796875 0.1578125
0 0.1703125 0.9234375 0.096875 0.1125
0 0.6859375 0.225 0.0796875 0.071875
0 0.5390625 0.5796875 0.0671875 0.078125
0 0.23671875 0.4125 0.1578125 0.153125
0 0.6390625 0.7671875 0.0984375 0.084375
0 0.0953125 0.44296875 0.134375 0.134375
0 0.55625 0.13671875 0.065625 0.0890625
0 0.9078125 0.68359375 0.10625 0.09375
0 0.25859375 0.30546875 0.0921875 0.090625
0 0.30625 0.334375 0.084375 0.0953125
0 0.55078125 0.8390625 0.059375 0.0703125
0 0.2140625 0.71328125 0.0578125 0.0640625
0 0.29375 0.740625 0.065625 0.06875
0 0.27734375 0.79765625 0.065625 0.084375
0 0.7671875 0.06328125 0.1125 0.1265625
0 0.503125 0.1796875 0.0609375 0.0765625
0 0.428125 0.428125 0.0703125 0.078125
0 0.503125 0.6578125 0.06875 0.096875
0 0.23203125 0.0984375 0.0984375 0.0765625
0 0.53046875 0.346875 0.0765625 0.078125
0 0.9421875 0.62265625 0.1125 0.125
0 0.06015625 0.90703125 0.1203125 0.13125
0 0.94609375 0.38828125 0.103125 0.1265625
0 0.13515625 0.26015625 0.06875 0.06875
0 0.38828125 0.10078125 0.0609375 0.0875
0 0.9078125 0.06640625 0.0890625 0.0734375
0 0.63828125 0.49453125 0.06875 0.06875
0 0.32734375 0.05 0.0875 0.084375
0 0.8890625 0.28515625 0.0671875 0.075
0 0.50859375 0.41015625 0.0703125 0.0765625
0 0.3296875 0.13359375 0.0796875 0.0921875
0 0.05625 0.1859375 0.1125 0.1359375
0 0.528125 0.47734375 0.0546875 0.0609375
0 0.709375 0.3015625 0.1109375 0.1234375
0 0.24375 0.55078125 0.109375 0.1109375
0 0.58984375 0.884375 0.05 0.0453125
0 0.66171875 0.6890625 0.078125 0.078125
0 0.721875 0.16484375 0.0765625 0.0796875
0 0.509375 0.0796875 0.103125 0.1328125
0 0.59375 0.4421875 0.1078125 0.090625
0 0.271875 0.496875 0.0765625 0.06875
0 0.265625 0.6390625 0.10625 0.0796875
0 0.43671875 0.65546875 0.096875 0.1078125
0 0.09296875 0.60390625 0.06875 0.0796875
0 0.70625 0.3890625 0.0875 0.0765625
0 0.853125 0.4609375 0.1203125 0.1015625
0 0.33515625 0.91875 0.0453125 0.0484375
0 0.34921875 0.7859375 0.1078125 0.0953125
0 0.73046875 0.7171875 0.1015625 0.115625
0 0.75234375 0.4203125 0.1 0.0796875
0 0.04453125 0.0796875 0.0890625 0.1328125
0 0.378125 0.2609375 0.065625 0.0734375
0 0.16484375 0.51953125 0.0765625 0.0875
0 0.85703125 0.34453125 0.0625 0.0671875
0 0.3453125 0.296875 0.0546875 0.05625
0 0.59375 0.3828125 0.1171875 0.0765625
0 0.8265625 0.1078125 0.0828125 0.103125
0 0.33515625 0.46953125 0.090625 0.08125
0 0.36953125 0.940625 0.0890625 0.1125
0 0.67734375 0.92265625 0.1171875 0.1515625
0 0.44921875 0.146875 0.05625 0.05
0 0.38984375 0.3453125 0.0859375 0.071875
0 0.31640625 0.6765625 0.0484375 0.0484375
0 0.7796875 0.21875 0.09375 0.103125
0 0.096875 0.33125 0.10625 0.10625
0 0.44765625 0.38671875 0.0765625 0.071875
0 0.46875 0.71640625 0.0765625 0.05625
0 0.7875 0.57109375 0.175 0.1875
0 0.1359375 0.8375 0.0953125 0.1125
0 0.59453125 0.94609375 0.0890625 0.0953125
0 0.79921875 0.8890625 0.0984375 0.1234375
0 0.23203125 0.83125 0.0890625 0.084375
0 0.4859375 0.77734375 0.1109375 0.078125
0 0.18359375 0.7875 0.078125 0.090625
0 0.634375 0.31171875 0.0828125 0.0875
0 0.2984375 0.56796875 0.059375 0.0578125
0 0.10390625 0.65390625 0.0515625 0.0578125
0 0.53828125 0.89765625 0.0796875 0.078125