0 0.59609375 0.62421875 0.128125 0.1578125
0 0.31640625 0.78828125 0.1421875 0.1265625
0 0.50625 0.63046875 0.11875 0.1203125
0 0.73203125 0.44140625 0.134375 0.1390625
0 0.92734375 0.2046875 0.1 0.0859375
0 0.953125 0.7515625 0.0921875 0.0984375
0 0.5015625 0.21875 0.0796875 0.09375
0 0.5921875 0.2828125 0.1265625 0.103125
0 0.87890625 0.9015625 0.1078125 0.115625
0 0.6640625 0.34609375 0.090625 0.084375
0 0.646875 0.9375 0.075 0.115625
0 0.85 0.5171875 0.1015625 0.084375
0 0.3453125 0.28125 0.0796875 0.078125
0 0.31640625 0.93359375 0.1015625 0.13125
0 0.12734375 0.7359375 0.084375 0.0859375
0 0.27734375 0.2015625 0.065625 0.075
0 0.71640625 0.765625 0.0921875 0.078125
0 0.89609375 0.33125 0.1046875 0.1265625
0 0.40546875 0.46875 0.09375 0.115625
0 0.2109375 0.92734375 0.096875 0.1046875
0 0.709375 0.88984375 0.1234375 0.171875
0 0.953125 0.56640625 0.09375 0.096875
0 0.46484375 0.475 0.096875 0.1265625
0 0.33828125 0.3640625 0.1390625 0.1078125
0 0.25078125 0.53984375 0.1046875 0.084375
0 0.83515625 0.609375 0.125 0.1125
0 0.93984375 0.95078125 0.11875 0.096875
0 0.434375 0.9078125 0.10625 0.1453125
0 0.34609375 0.61484375 0.1125 0.1
0 0.1625 0.26328125 0.1109375 0.1078125
0 0.05078125 0.44375 0.1 0.1
0 0.3078125 0.68125 0.1375 0.0859375
0 0.16171875 0.6578125 0.1 0.1203125
0 0.55078125 0.47421875 0.1046875 0.1296875
0 0.1234375 0.4046875 0.06875 0.0515625
0 0.83046875 0.9296875 0.10625 0.1171875
0 0.59375 0.91640625 0.0875 0.1296875
0 0.25 0.6125 0.0828125 0.0875
0 0.62265625 0.5015625 0.065625 0.06875
0 0.4078125 0.2265625 0.1140625 0.1375
0 0.3578125 0.74609375 0.084375 0.0953125
0 0.56875 0.8078125 0.1578125 0.1625
0 0.04609375 0.36953125 0.0921875 0.084375
0 0.784375 0.3234375 0.1171875 0.13125
0 0.853125 0.4515625 0.1203125 0.075
0 0.19296875 0.821875 0.109375 0.1140625
0 0.103125 0.521875 0.1421875 0.134375
0 0.7546875 0.20390625 0.103125 0.1234375
0 0.95859375 0.478125 0.08125 0.10625
0 0.73671875 0.54453125 0.103125 0.0765625
0 0.56875 0.35625 0.078125 0.0890625
0 0.146875 0.4578125 0.125 0.121875
0 0.68203125 0.58203125 0.11875 0.1171875
0 0.2578125 0.81875 0.090625 0.125
0 0.31171875 0.2171875 0.08125 0.075
0 0.08203125 0.94921875 0.1484375 0.1
0 0.66484375 0.7046875 0.084375 0.1375
0 0.3640625 0.5734375 0.115625 0.1171875
0 0.45625 0.34765625 0.0859375 0.103125
0 0.240625 0.415625 0.103125 0.109375
0 0.69453125 0.2671875 0.0890625 0.078125
0 0.5171875 0.8828125 0.084375 0.1125
0 0.49296875 0.303125 0.0734375 0.0875
0 0.9453125 0.66015625 0.10625 0.1046875
0 0.11328125 0.84140625 0.0796875 0.1046875
0 0.2828125 0.475 0.10625 0.0953125
0 0.2421875 0.26171875 0.090625 0.090625
0 0.73984375 0.7015625 0.1046875 0.1234375
0 0.9328125 0.25625 0.0828125 0.0671875
0 0.11953125 0.6203125 0.1046875 0.128125
0 0.44921875 0.5796875 0.06875 0.0796875
0 0.365625 0.88828125 0.0703125 0.078125