0 0.88828125 0.08359375 0.1171875 0.1453125
0 0.72890625 0.2828125 0.0609375 0.0859375
0 0.5125 0.33515625 0.05 0.053125
0 0.20390625 0.609375 0.1 0.0703125
0 0.7046875 0.94921875 0.065625 0.0625
0 0.965625 0.35 0.05625 0.0484375
0 0.77421875 0.45625 0.0390625 0.040625
0 0.46953125 0.30234375 0.040625 0.0359375
0 0.67890625 0.8015625 0.0890625 0.0875
0 0.65859375 0.83828125 0.0828125 0.0671875
0 0.3734375 0.57734375 0.0625 0.053125
0 0.69453125 0.8921875 0.05 0.053125
0 0.05078125 0.60546875 0.0421875 0.0328125
0 0.615625 0.440625 0.05625 0.0484375
0 0.275 0.6125 0.0671875 0.0640625
0 0.67890625 0.21171875 0.0765625 0.071875
0 0.53984375 0.76171875 0.128125 0.090625
0 0.96796875 0.525 0.046875 0.0390625
0 0.428125 0.384375 0.0484375 0.059375
0 0.428125 0.60625 0.034375 0.0296875
0 0.1875 0.940625 0.0515625 0.071875
0 0.3765625 0.6296875 0.053125 0.05625
0 0.78203125 0.0875 0.1234375 0.1375
0 0.3125 0.07890625 0.0484375 0.0484375
0 0.48984375 0.28359375 0.0328125 0.0296875
0 0.3578125 0.68515625 0.040625 0.04375
0 0.809375 0.415625 0.06875 0.059375
0 0.51171875 0.59765625 0.05625 0.0484375
0 0.65859375 0.4296875 0.040625 0.040625
0 0.19375 0.07578125 0.0796875 0.08125
0 0.94609375 0.37265625 0.03125 0.0359375
0 0.775 0.76171875 0.0578125 0.059375
0 0.96328125 0.19140625 0.071875 0.071875
0 0.3921875 0.38203125 0.053125 0.065625
0 0.08203125 0.6296875 0.0734375 0.0515625
0 0.54609375 0.3484375 0.046875 0.046875
0 0.540625 0.53359375 0.05 0.0296875
0 0.56171875 0.49765625 0.0453125 0.0484375
0 0.521875 0.63359375 0.0609375 0.046875
0 0.4765625 0.63515625 0.0453125 0.04375
0 0.58984375 0.84140625 0.0515625 0.065625
0 0.478125 0.89765625 0.0484375 0.05625
0 0.921875 0.4671875 0.040625 0.0375
0 0.4828125 0.47890625 0.0390625 0.0296875
0 0.12890625 0.89609375 0.06875 0.0625
0 0.471875 0.3578125 0.065625 0.0640625
0 0.7359375 0.75 0.0390625 0.0515625
0 0.88046875 0.5953125 0.046875 0.0375
0 0.71328125 0.7234375 0.053125 0.0484375
0 0.50859375 0.821875 0.0859375 0.078125
0 0.4296875 0.46015625 0.040625 0.0328125
0 0.425 0.825 0.05625 0.053125
0 0.125 0.05859375 0.1078125 0.1171875
0 0.809375 0.47421875 0.040625 0.028125
0 0.17734375 0.575 0.0609375 0.05
0 0.5 0.46484375 0.040625 0.0375
0 0.45703125 0.725 0.059375 0.0625
0 0.9640625 0.48515625 0.06875 0.0734375
0 0.7421875 0.5140625 0.0375 0.034375
0 0.603125 0.553125 0.0578125 0.0390625
0 0.7328125 0.92109375 0.0484375 0.05
0 0.58828125 0.6078125 0.0515625 0.053125
0 0.41640625 0.94375 0.125 0.1109375
0 0.50546875 0.5375 0.0359375 0.04375
0 0.76953125 0.8421875 0.05625 0.053125
0 0.28046875 0.4375 0.0796875 0.0765625
0 0.56796875 0.109375 0.153125 0.184375
0 0.28984375 0.5546875 0.0703125 0.078125
0 0.5125 0.70078125 0.046875 0.059375
0 0.10859375 0.6625 0.109375 0.1109375
0 0.35 0.38125 0.040625 0.0484375
0 0.5265625 0.49296875 0.034375 0.0359375
0 0.37421875 0.86171875 0.0890625 0.0828125
0 0.10390625 0.73515625 0.05 0.0390625
0 0.115625 0.58203125 0.0609375 0.0484375
0 0.66171875 0.140625 0.053125 0.0765625
0 0.65859375 0.5015625 0.05625 0.0515625
0 0.73125 0.47890625 0.053125 0.0359375
0 0.22421875 0.540625 0.0859375 0.0609375
0 0.60390625 0.50390625 0.05625 0.06875
0 0.14375 0.95 0.090625 0.0765625
0 0.51796875 0.9 0.065625 0.065625
0 0.6875 0.53125 0.0625 0.0625
0 0.72734375 0.553125 0.040625 0.0375
0 0.54453125 0.94296875 0.0578125 0.06875
0 0.378125 0.4796875 0.0890625 0.146875
0 0.39453125 0.6875 0.0453125 0.04375
0 0.83125 0.328125 0.0828125 0.0625
0 0.53828125 0.578125 0.0625 0.065625
0 0.29609375 0.83984375 0.078125 0.11875
0 0.87109375 0.94921875 0.053125 0.075
0 0.25 0.4875 0.04375 0.0375
0 0.4703125 0.49609375 0.05625 0.05625
0 0.5890625 0.93515625 0.078125 0.1125
0 0.821875 0.5234375 0.0484375 0.0375
0 0.67265625 0.75390625 0.04375 0.0390625
0 0.365625 0.77734375 0.0765625 0.0859375
0 0.8484375 0.63046875 0.0609375 0.0515625
0 0.79296875 0.790625 0.0375 0.04375
0 0.7890625 0.2796875 0.0640625 0.053125
0 0.16640625 0.6640625 0.05625 0.046875
0 0.67421875 0.06484375 0.1328125 0.1296875
0 0.3578125 0.046875 0.06875 0.078125