0 0.9546875 0.70859375 0.0875 0.1015625
0 0.36484375 0.7203125 0.103125 0.096875
0 0.86640625 0.78671875 0.10625 0.096875
0 0.22421875 0.63046875 0.096875 0.0890625
0 0.47421875 0.1859375 0.0984375 0.1109375
0 0.87265625 0.56796875 0.1 0.0953125
0 0.55390625 0.74765625 0.0953125 0.11875
0 0.16015625 0.73359375 0.13125 0.134375
0 0.9171875 0.49375 0.1109375 0.103125
0 0.8359375 0.41875 0.0703125 0.0578125
0 0.50703125 0.284375 0.0890625 0.1078125
0 0.17109375 0.515625 0.09375 0.1265625
0 0.93671875 0.37265625 0.1234375 0.1140625
0 0.86796875 0.68515625 0.11875 0.1328125
0 0.7546875 0.92734375 0.146875 0.1421875
0 0.3078125 0.95625 0.0984375 0.084375
0 0.509375 0.80625 0.134375 0.1203125
0 0.7125 0.38203125 0.0703125 0.05625
0 0.50234375 0.91875 0.1125 0.1234375
0 0.74296875 0.56875 0.0625 0.078125
0 0.09765625 0.30546875 0.09375 0.075
0 0.84921875 0.05078125 0.1296875 0.1015625
0 0.72421875 0.5 0.109375 0.0828125
0 0.29921875 0.334375 0.0859375 0.084375
0 0.15546875 0.3734375 0.0953125 0.084375
0 0.57578125 0.46640625 0.0609375 0.0921875
0 0.76171875 0.734375 0.1265625 0.1546875
0 0.13828125 0.1359375 0.09375 0.09375
0 0.23984375 0.85546875 0.096875 0.15625
0 0.26953125 0.18203125 0.1875 0.146875
0 0.403125 0.340625 0.1265625 0.1390625
0 0.6265625 0.465625 0.0703125 0.08125
0 0.14609375 0.82265625 0.1296875 0.13125
0 0.346875 0.83359375 0.1203125 0.175
0 0.62109375 0.93203125 0.1140625 0.134375
0 0.5109375 0.4546875 0.0734375 0.084375
0 0.95625 0.80703125 0.084375 0.1
0 0.0796875 0.21015625 0.1328125 0.1140625
0 0.42890625 0.15703125 0.096875 0.1109375
0 0.0484375 0.89921875 0.096875 0.0953125
0 0.49609375 0.0703125 0.10625 0.140625
0 0.31640625 0.64140625 0.115625 0.125
0 0.83984375 0.475 0.103125 0.1203125
0 0.4625 0.6875 0.125 0.1375
0 0.3109375 0.44296875 0.1 0.1375
0 0.1546875 0.94140625 0.1234375 0.1140625
0 0.8546875 0.93359375 0.1046875 0.1296875
0 0.2171875 0.39921875 0.128125 0.13125
0 0.78125 0.621875 0.075 0.1015625
0 0.25546875 0.53125 0.0953125 0.1265625
0 0.65078125 0.7796875 0.0984375 0.1046875
0 0.51015625 0.38125 0.0984375 0.0859375
0 0.05625 0.7640625 0.1125 0.165625