0 0.77578125 0.11875 0.1609375 0.2375
0 0.39609375 0.78515625 0.115625 0.121875
0 0.6765625 0.27109375 0.121875 0.1375
0 0.5734375 0.5640625 0.1203125 0.0890625
0 0.20234375 0.709375 0.1875 0.1765625
0 0.58046875 0.4734375 0.153125 0.1359375
0 0.35546875 0.6796875 0.1296875 0.1484375
0 0.7015625 0.82578125 0.1453125 0.15
0 0.9234375 0.5375 0.1515625 0.1765625
0 0.8125 0.2828125 0.13125 0.096875
0 0.3109375 0.415625 0.109375 0.0953125
0 0.36875 0.9078125 0.0984375 0.0859375
0 0.2875 0.190625 0.1015625 0.1203125
0 0.1703125 0.40703125 0.1109375 0.08125
0 0.4296875 0.1453125 0.15625 0.159375
0 0.27734375 0.3296875 0.1015625 0.1265625
0 0.934375 0.43125 0.1296875 0.146875
0 0.07265625 0.33984375 0.0921875 0.0953125
0 0.090625 0.5609375 0.1625 0.0984375
0 0.93984375 0.17734375 0.1171875 0.1921875
0 0.79140625 0.49140625 0.1109375 0.13125
0 0.33984375 0.29453125 0.1015625 0.13125
0 0.4265625 0.47109375 0.1765625 0.184375
0 0.203125 0.51171875 0.15625 0.1578125
0 0.90625 0.82109375 0.18125 0.1859375
0 0.5484375 0.065625 0.209375 0.13125
0 0.403125 0.2546875 0.109375 0.1265625
0 0.53359375 0.81328125 0.2015625 0.2015625
0 0.8359375 0.5484375 0.078125 0.096875
0 0.07109375 0.11484375 0.1421875 0.18125
0 0.77421875 0.75625 0.128125 0.1234375
0 0.9265625 0.671875 0.134375 0.1265625
0 0.17890625 0.1265625 0.14375 0.1390625
0 0.67734375 0.41328125 0.1328125 0.1328125
0 0.93125 0.340625 0.134375 0.1515625
0 0.184375 0.30546875 0.146875 0.1546875
0 0.271875 0.8625 0.140625 0.1625
0 0.084375 0.8625 0.1421875 0.109375
0 0.0890625 0.6546875 0.1484375 0.1203125
0 0.43359375 0.34921875 0.1640625 0.1375
0 0.5609375 0.33515625 0.1703125 0.1578125
0 0.65546875 0.69375 0.1515625 0.1921875
0 0.3609375 0.571875 0.0984375 0.0953125
0 0.0703125 0.4671875 0.140625 0.1171875
0 0.73671875 0.5859375 0.11875 0.1265625
0 0.35546875 0.8328125 0.0984375 0.0875
0 0.80859375 0.38359375 0.15625 0.153125
0 0.5546875 0.20859375 0.1546875 0.1515625
0 0.665625 0.1390625 0.1140625 0.1578125
0 0.56484375 0.94921875 0.1546875 0.0984375
0 0.55390625 0.65703125 0.0859375 0.115625
0 0.81640625 0.9234375 0.16875 0.140625
0 0.1859375 0.8421875 0.1546875 0.165625
0 0.4421875 0.63828125 0.1171875 0.1421875
0 0.32265625 0.14296875 0.103125 0.128125
0 0.27734375 0.465625 0.1390625 0.1234375
0 0.81875 0.6671875 0.121875 0.1203125
0 0.865625 0.17890625 0.103125 0.1328125