0 0.8109375 0.56875 0.134375 0.1578125
0 0.91953125 0.69140625 0.1578125 0.165625
0 0.2609375 0.7375 0.1625 0.2484375
0 0.8875 0.28671875 0.225 0.2125
0 0.47265625 0.409375 0.18125 0.1265625
0 0.47734375 0.2859375 0.1171875 0.165625
0 0.7390625 0.1375 0.1796875 0.2125
0 0.27109375 0.078125 0.1703125 0.15625
0 0.4546875 0.6328125 0.25 0.175
0 0.63359375 0.55234375 0.15625 0.1640625
0 0.46953125 0.50234375 0.19375 0.1140625
0 0.42578125 0.05859375 0.184375 0.1171875
0 0.21171875 0.18359375 0.1859375 0.1625
0 0.7078125 0.72578125 0.1484375 0.1421875
0 0.165625 0.68515625 0.23125 0.24375
0 0.93515625 0.4234375 0.1265625 0.1421875
0 0.2203125 0.39609375 0.21875 0.303125
0 0.08125 0.1875 0.1625 0.2125
0 0.67265625 0.090625 0.171875 0.18125
0 0.9125 0.12109375 0.1703125 0.1828125
0 0.35703125 0.9390625 0.1640625 0.1203125
0 0.53984375 0.75078125 0.1640625 0.1703125
0 0.3453125 0.43515625 0.1078125 0.146875
0 0.39765625 0.13046875 0.1140625 0.10625
0 0.08515625 0.5171875 0.1703125 0.2171875
0 0.6359375 0.30625 0.20625 0.2546875
0 0.52734375 0.9015625 0.225 0.19375
0 0.5140625 0.15625 0.13125 0.1625
0 0.078125 0.8828125 0.15625 0.2296875
0 0.08828125 0.08984375 0.1765625 0.1796875
0 0.05859375 0.70390625 0.1171875 0.178125
0 0.2078125 0.915625 0.1578125 0.16875
0 0.35859375 0.2734375 0.165625 0.2
0 0.725 0.6109375 0.153125 0.159375
0 0.825 0.90234375 0.2171875 0.1921875
0 0.6703125 0.4515625 0.115625 0.10625
0 0.6859375 0.9296875 0.115625 0.1375
0 0.65234375 0.77890625 0.109375 0.175
0 0.37734375 0.79375 0.1609375 0.2046875