0 0.36171875 0.7734375 0.2484375 0.2515625
0 0.5296875 0.15234375 0.1625 0.24375
0 0.16484375 0.69296875 0.2484375 0.209375
0 0.26171875 0.87265625 0.2265625 0.1859375
0 0.828125 0.58359375 0.3125 0.30625
0 0.55703125 0.4375 0.275 0.25625
0 0.165625 0.0703125 0.109375 0.103125
0 0.1171875 0.4796875 0.234375 0.384375
0 0.8890625 0.91796875 0.134375 0.1640625
0 0.55078125 0.6609375 0.3125 0.3234375
0 0.76171875 0.38046875 0.1640625 0.1609375
0 0.903125 0.38046875 0.1390625 0.1625
0 0.11171875 0.20859375 0.1703125 0.221875
0 0.709375 0.87890625 0.240625 0.2390625
0 0.84609375 0.76953125 0.2921875 0.2171875
0 0.121875 0.89296875 0.1828125 0.2078125
0 0.19453125 0.21796875 0.1453125 0.203125
0 0.35 0.5171875 0.259375 0.2328125
0 0.925 0.278125 0.1234375 0.0875
0 0.7640625 0.2734375 0.146875 0.1015625
0 0.78515625 0.11484375 0.125 0.1515625
0 0.33671875 0.10390625 0.2140625 0.2078125
0 0.4359375 0.25390625 0.1359375 0.1859375
0 0.6453125 0.1421875 0.15625 0.234375
0 0.321875 0.3296875 0.153125 0.1234375