0 0.2796875 0.921875 0.0796875 0.115625
0 0.33671875 0.2703125 0.1015625 0.1375
0 0.38046875 0.59765625 0.0640625 0.103125
0 0.5359375 0.45546875 0.084375 0.1078125
0 0.0734375 0.09453125 0.128125 0.1140625
0 0.46953125 0.41640625 0.0546875 0.0640625
0 0.225 0.5984375 0.08125 0.0734375
0 0.65390625 0.36953125 0.065625 0.0609375
0 0.0703125 0.5078125 0.1109375 0.0921875
0 0.471875 0.478125 0.0703125 0.0734375
0 0.76484375 0.46953125 0.053125 0.05
0 0.6875 0.74140625 0.0828125 0.0703125
0 0.9390625 0.759375 0.1140625 0.0984375
0 0.87734375 0.0875 0.0984375 0.10625
0 0.11171875 0.334375 0.0921875 0.0875
0 0.33515625 0.60703125 0.0609375 0.05625
0 0.440625 0.140625 0.0984375 0.1265625
0 0.73984375 0.50625 0.075 0.078125
0 0.41796875 0.67421875 0.090625 0.071875
0 0.5953125 0.9265625 0.084375 0.13125
0 0.19140625 0.22734375 0.103125 0.1109375
0 0.559375 0.67109375 0.059375 0.053125
0 0.296875 0.71015625 0.090625 0.075
0 0.6890625 0.8921875 0.071875 0.11875
0 0.55 0.15625 0.090625 0.1203125
0 0.878125 0.6546875 0.08125 0.0734375
0 0.94375 0.290625 0.109375 0.0875
0 0.8546875 0.87734375 0.0765625 0.1
0 0.94140625 0.63515625 0.071875 0.075
0 0.73046875 0.775 0.0875 0.0765625
0 0.41796875 0.8125 0.0609375 0.0953125
0 0.70703125 0.14375 0.0734375 0.0828125
0 0.5515625 0.346875 0.071875 0.071875
0 0.1546875 0.4453125 0.13125 0.103125
0 0.18515625 0.3125 0.0953125 0.0953125
0 0.53671875 0.7140625 0.084375 0.0671875
0 0.14375 0.55234375 0.0953125 0.0828125
0 0.65703125 0.115625 0.0671875 0.1015625
0 0.61484375 0.46953125 0.0703125 0.10625
0 0.87578125 0.25078125 0.0796875 0.090625
0 0.4 0.4921875 0.078125 0.090625
0 0.1765625 0.88125 0.0796875 0.1078125
0 0.359375 0.1640625 0.0609375 0.090625
0 0.6265625 0.6671875 0.0828125 0.075
0 0.44921875 0.73828125 0.0953125 0.0796875
0 0.17734375 0.69609375 0.10625 0.103125
0 0.80234375 0.12578125 0.0640625 0.065625
0 0.275 0.2875 0.0875 0.084375
0 0.909375 0.3828125 0.10625 0.0796875
0 0.7953125 0.234375 0.084375 0.0875
0 0.4203125 0.39453125 0.0546875 0.078125
0 0.703125 0.21875 0.0890625 0.0828125
0 0.35 0.4015625 0.0765625 0.0828125
0 0.046875 0.81015625 0.09375 0.1125
0 0.15 0.95703125 0.0671875 0.05625
0 0.321875 0.64375 0.09375 0.0546875
0 0.078125 0.253125 0.1078125 0.09375
0 0.82109375 0.39375 0.09375 0.0609375
0 0.33125 0.90625 0.071875 0.0796875
0 0.89453125 0.84375 0.0765625 0.0875
0 0.49765625 0.6359375 0.078125 0.084375
0 0.08359375 0.71796875 0.0953125 0.0859375
0 0.23125 0.14453125 0.0796875 0.103125
0 0.40859375 0.18671875 0.053125 0.06875
0 0.94296875 0.8984375 0.0875 0.090625
0 0.0890625 0.6578125 0.096875 0.071875
0 0.7578125 0.18203125 0.0625 0.065625
0 0.6609375 0.49453125 0.0828125 0.0921875
0 0.4453125 0.91171875 0.0625 0.1171875
0 0.48671875 0.859375 0.0484375 0.0828125
0 0.09453125 0.18984375 0.1078125 0.115625
0 0.6296875 0.834375 0.0625 0.0765625
0 0.140625 0.778125 0.0875 0.090625
0 0.74453125 0.91328125 0.0734375 0.1078125
0 0.43984375 0.59296875 0.0734375 0.103125
0 0.3359375 0.82421875 0.1234375 0.134375
0 0.40078125 0.2328125 0.0640625 0.0890625
0 0.846875 0.6125 0.06875 0.0640625
0 0.9046875 0.91796875 0.065625 0.090625
0 0.790625 0.8328125 0.0828125 0.0828125
0 0.521875 0.2515625 0.090625 0.1
0 0.759375 0.66015625 0.0703125 0.0578125
0 0.225 0.415625 0.078125 0.078125
0 0.23515625 0.87421875 0.0609375 0.090625
0 0.59140625 0.61875 0.0671875 0.0734375
0 0.9515625 0.690625 0.08125 0.065625
0 0.12421875 0.09765625 0.1203125 0.1109375
0 0.3203125 0.1875 0.075 0.0703125
0 0.7890625 0.71953125 0.0828125 0.0859375
0 0.51640625 0.89453125 0.065625 0.103125
0 0.16875 0.065625 0.0890625 0.103125
0 0.2625 0.4734375 0.084375 0.0765625
0 0.334375 0.065625 0.0953125 0.0921875