0 0.4265625 0.54140625 0.0390625 0.040625
0 0.328125 0.56484375 0.0578125 0.0578125
0 0.51640625 0.87578125 0.0703125 0.0875
0 0.76796875 0.89140625 0.084375 0.096875
0 0.853125 0.07109375 0.078125 0.06875
0 0.028125 0.25234375 0.05625 0.0640625
0 0.7390625 0.68671875 0.06875 0.0640625
0 0.67578125 0.3171875 0.0671875 0.065625
0 0.62421875 0.6796875 0.0359375 0.0390625
0 0.08828125 0.24453125 0.0703125 0.05625
0 0.43828125 0.815625 0.034375 0.0390625
0 0.375 0.9515625 0.075 0.0828125
0 0.94140625 0.15 0.084375 0.0765625
0 0.73984375 0.38203125 0.0796875 0.078125
0 0.85078125 0.4421875 0.05625 0.0578125
0 0.7375 0.26484375 0.065625 0.065625
0 0.2671875 0.77109375 0.0640625 0.059375
0 0.69921875 0.3609375 0.0875 0.0796875
0 0.475 0.6125 0.03125 0.0453125
0 0.6109375 0.34453125 0.08125 0.0859375
0 0.9484375 0.73125 0.0921875 0.0921875
0 0.1109375 0.66171875 0.0828125 0.046875
0 0.67265625 0.1046875 0.084375 0.115625
0 0.5609375 0.5828125 0.046875 0.0515625
0 0.175 0.0671875 0.059375 0.06875
0 0.62578125 0.64375 0.0546875 0.053125
0 0.85703125 0.13203125 0.0828125 0.0703125
0 0.065625 0.4765625 0.0609375 0.0609375
0 0.7671875 0.1265625 0.0671875 0.0671875
0 0.11953125 0.30703125 0.053125 0.0515625
0 0.79296875 0.27734375 0.0921875 0.0875
0 0.784375 0.49375 0.078125 0.071875
0 0.759375 0.74453125 0.0453125 0.046875
0 0.46484375 0.81875 0.0421875 0.0453125
0 0.83359375 0.4078125 0.0703125 0.05625
0 0.40546875 0.515625 0.053125 0.053125
0 0.39140625 0.72265625 0.0484375 0.0484375
0 0.62578125 0.74375 0.065625 0.0671875
0 0.65546875 0.89296875 0.0625 0.0765625
0 0.81015625 0.534375 0.0796875 0.071875
0 0.24296875 0.1125 0.0546875 0.05625
0 0.73203125 0.51328125 0.0640625 0.05625
0 0.728125 0.115625 0.0625 0.06875
0 0.05078125 0.07265625 0.071875 0.0796875
0 0.7078125 0.915625 0.075 0.0890625
0 0.31015625 0.3578125 0.053125 0.059375
0 0.06953125 0.325 0.046875 0.04375
0 0.175 0.878125 0.0765625 0.0828125
0 0.92890625 0.6515625 0.0671875 0.0484375
0 0.83828125 0.746875 0.0640625 0.0625
0 0.0484375 0.40390625 0.0703125 0.0421875
0 0.875 0.79921875 0.084375 0.0765625
0 0.921875 0.065625 0.0875 0.0984375
0 0.1375 0.828125 0.0765625 0.075
0 0.07578125 0.95390625 0.046875 0.0515625
0 0.5421875 0.2140625 0.090625 0.0921875
0 0.18203125 0.57109375 0.1 0.071875
0 0.9234375 0.2359375 0.11875 0.0921875
0 0.3546875 0.6 0.0546875 0.053125
0 0.59140625 0.6453125 0.05 0.05625
0 0.89453125 0.41171875 0.0671875 0.0609375
0 0.225 0.371875 0.096875 0.1078125
0 0.3359375 0.275 0.071875 0.0828125
0 0.303125 0.09375 0.046875 0.0640625
0 0.778125 0.68046875 0.075 0.0703125
0 0.68125 0.71484375 0.04375 0.0453125
0 0.334375 0.909375 0.0515625 0.0875
0 0.13671875 0.72109375 0.0734375 0.0703125
0 0.11328125 0.109375 0.071875 0.071875
0 0.5546875 0.4546875 0.0640625 0.0671875
0 0.053125 0.63125 0.08125 0.075
0 0.5046875 0.1125 0.0546875 0.065625
0 0.475 0.30703125 0.0640625 0.06875
0 0.43203125 0.1140625 0.084375 0.0921875
0 0.83828125 0.365625 0.084375 0.0671875
0 0.24453125 0.86640625 0.078125 0.0828125
0 0.9609375 0.4078125 0.0765625 0.071875
0 0.18125 0.2625 0.0546875 0.04375
0 0.3828125 0.340625 0.05625 0.059375
0 0.21953125 0.7359375 0.06875 0.0640625
0 0.46328125 0.446875 0.059375 0.0546875
0 0.1421875 0.9625 0.0734375 0.0609375
0 0.65078125 0.5515625 0.1109375 0.1
0 0.92421875 0.7703125 0.0859375 0.078125
0 0.2078125 0.4765625 0.0453125 0.0453125
0 0.315625 0.84375 0.0796875 0.1015625
0 0.45703125 0.3984375 0.065625 0.0765625
0 0.81953125 0.621875 0.08125 0.0796875
0 0.540625 0.3125 0.0828125 0.0875
0 0.7796875 0.39609375 0.0609375 0.0640625
0 0.54375 0.51328125 0.06875 0.0671875
0 0.63984375 0.265625 0.0671875 0.0703125
0 0.20703125 0.8171875 0.0734375 0.075
0 0.50234375 0.546875 0.0546875 0.05
0 0.18828125 0.14765625 0.0609375 0.0640625
0 0.2125 0.3078125 0.065625 0.059375
0 0.88984375 0.52578125 0.0921875 0.084375
0 0.6125 0.1734375 0.075 0.090625
0 0.8859375 0.45703125 0.05 0.0421875
0 0.8453125 0.1765625 0.08125 0.071875
0 0.36796875 0.16796875 0.0609375 0.0546875
0 0.48671875 0.76953125 0.0984375 0.1015625
0 0.38203125 0.05625 0.0640625 0.06875
0 0.91328125 0.8359375 0.0640625 0.06875
0 0.61328125 0.9453125 0.0703125 0.1078125
0 0.2875 0.18359375 0.0859375 0.078125
0 0.9203125 0.36875 0.084375 0.0609375