0 0.92265625 0.6546875 0.103125 0.10625
0 0.7625 0.1 0.125 0.146875
0 0.0765625 0.3125 0.153125 0.2265625
0 0.7515625 0.36796875 0.1875 0.196875
0 0.37890625 0.503125 0.146875 0.1546875
0 0.92265625 0.31640625 0.115625 0.1078125
0 0.03515625 0.6921875 0.0703125 0.2296875
0 0.60859375 0.59296875 0.125 0.128125
0 0.68125 0.66171875 0.1453125 0.1640625
0 0.60390625 0.0265625 0.1328125 0.053125
0 0.60546875 0.29296875 0.2453125 0.2046875
0 0.2828125 0.23515625 0.2078125 0.1578125
0 0.36640625 0.62734375 0.125 0.1234375
0 0.50546875 0.9078125 0.11875 0.13125
0 0.9390625 0.77890625 0.11875 0.18125
0 0.90390625 0.1484375 0.1515625 0.16875
0 0.88671875 0.884375 0.15 0.134375
0 0.33671875 0.9515625 0.175 0.0953125
0 0.7015625 0.89609375 0.2390625 0.2078125
0 0.26015625 0.509375 0.1421875 0.1765625
0 0.94609375 0.4484375 0.10625 0.190625
0 0.8484375 0.44296875 0.1546875 0.1859375
0 0.58046875 0.940625 0.1015625 0.11875
0 0.065625 0.896875 0.13125 0.19375
0 0.1484375 0.71015625 0.1859375 0.1890625
0 0.77109375 0.59296875 0.228125 0.2328125
0 0.8703125 0.065625 0.128125 0.13125
0 0.2828125 0.378125 0.140625 0.153125
0 0.76875 0.22109375 0.1734375 0.16875
0 0.0734375 0.10078125 0.146875 0.2015625
0 0.6078125 0.18671875 0.184375 0.1078125
0 0.621875 0.11171875 0.1640625 0.1578125
0 0.49609375 0.73046875 0.10625 0.1375
0 0.45234375 0.8078125 0.13125 0.13125
0 0.515625 0.63125 0.134375 0.128125
0 0.40546875 0.36875 0.1515625 0.1859375
0 0.21875 0.08515625 0.16875 0.1703125
0 0.48359375 0.515625 0.1234375 0.1578125
0 0.240625 0.87734375 0.2640625 0.24375
0 0.81328125 0.7703125 0.19375 0.178125
0 0.60078125 0.75234375 0.184375 0.2046875
0 0.3453125 0.090625 0.1453125 0.18125
0 0.49921875 0.0671875 0.125 0.134375
0 0.58671875 0.45078125 0.184375 0.1703125