0 0.753125 0.31953125 0.103125 0.121875
0 0.85 0.04453125 0.10625 0.0890625
0 0.571875 0.821875 0.1296875 0.16875
0 0.79453125 0.1140625 0.1328125 0.13125
0 0.115625 0.234375 0.1671875 0.146875
0 0.7515625 0.50859375 0.0671875 0.0890625
0 0.5828125 0.475 0.1328125 0.14375
0 0.94765625 0.0515625 0.103125 0.103125
0 0.13828125 0.7578125 0.1265625 0.103125
0 0.4 0.084375 0.165625 0.165625
0 0.48359375 0.8921875 0.0984375 0.1546875
0 0.43125 0.646875 0.1609375 0.153125
0 0.76640625 0.78984375 0.0875 0.0921875
0 0.23203125 0.67421875 0.165625 0.146875
0 0.2015625 0.5859375 0.0640625 0.0796875
0 0.46328125 0.44765625 0.178125 0.209375
0 0.14375 0.17265625 0.1515625 0.178125
0 0.79765625 0.8796875 0.1109375 0.1390625
0 0.28125 0.53359375 0.15 0.1125
0 0.4765625 0.74296875 0.1359375 0.1421875
0 0.94296875 0.54296875 0.0671875 0.0921875
0 0.3109375 0.440625 0.140625 0.1171875
0 0.81015625 0.271875 0.1046875 0.0953125
0 0.73203125 0.915625 0.0765625 0.090625
0 0.26796875 0.61328125 0.1265625 0.1015625
0 0.08671875 0.26953125 0.1390625 0.1078125
0 0.68125 0.275 0.08125 0.1140625
0 0.05 0.1453125 0.1 0.1375
0 0.94609375 0.75625 0.1078125 0.121875
0 0.103125 0.46875 0.125 0.09375
0 0.6875 0.4828125 0.109375 0.1546875
0 0.1046875 0.92890625 0.096875 0.0921875
0 0.14765625 0.84765625 0.109375 0.140625
0 0.60546875 0.2203125 0.1171875 0.1515625
0 0.74140625 0.67109375 0.1359375 0.1328125
0 0.09296875 0.38671875 0.1171875 0.1109375
0 0.415625 0.21015625 0.103125 0.09375
0 0.284375 0.346875 0.1546875 0.134375
0 0.87578125 0.825 0.128125 0.15
0 0.21953125 0.89375 0.06875 0.0921875
0 0.959375 0.91953125 0.0796875 0.1078125
0 0.61484375 0.03203125 0.1140625 0.0640625
0 0.4921875 0.04453125 0.1265625 0.0890625
0 0.86171875 0.68125 0.153125 0.1484375
0 0.61640625 0.59609375 0.1765625 0.1421875
0 0.1828125 0.509375 0.1015625 0.0890625
0 0.2953125 0.878125 0.109375 0.14375
0 0.6515625 0.35859375 0.1203125 0.1171875
0 0.4109375 0.54765625 0.1234375 0.0875
0 0.0453125 0.5203125 0.090625 0.090625
0 0.3296875 0.62109375 0.075 0.0875
0 0.659375 0.84765625 0.1 0.1265625
0 0.365625 0.8328125 0.1109375 0.146875
0 0.41171875 0.2921875 0.1609375 0.1390625
0 0.746875 0.575 0.1109375 0.0890625
0 0.921875 0.35 0.0859375 0.1046875
0 0.61953125 0.11640625 0.0984375 0.1234375
0 0.92421875 0.42421875 0.071875 0.0984375
0 0.7484375 0.20546875 0.1078125 0.1140625
0 0.121875 0.5609375 0.1203125 0.1109375
0 0.88515625 0.2796875 0.084375 0.0875
0 0.209375 0.42734375 0.13125 0.1109375
0 0.034375 0.46171875 0.06875 0.0703125
0 0.86484375 0.565625 0.1375 0.1015625
0 0.05703125 0.74453125 0.0984375 0.153125
0 0.534375 0.084375 0.1015625 0.11875
0 0.24609375 0.1765625 0.16875 0.1921875
0 0.27890625 0.9640625 0.121875 0.0703125
0 0.84765625 0.21328125 0.0953125 0.084375
0 0.915625 0.159375 0.125 0.1453125
0 0.8734375 0.92265625 0.1375 0.1078125
0 0.12734375 0.6203125 0.0921875 0.0765625
0 0.5484375 0.315625 0.1375 0.125
0 0.64921875 0.91640625 0.1 0.071875
0 0.71640625 0.80625 0.0890625 0.1296875
0 0.625 0.67578125 0.1328125 0.090625
0 0.1796875 0.36328125 0.09375 0.0875
0 0.82578125 0.46328125 0.2046875 0.165625
0 0.1765625 0.946875 0.11875 0.1015625
0 0.8296875 0.359375 0.1171875 0.1046875
0 0.1203125 0.69140625 0.0859375 0.084375
0 0.240625 0.80078125 0.1265625 0.134375
0 0.61171875 0.76328125 0.11875 0.1390625
0 0.05 0.625 0.1 0.10625
0 0.55 0.96171875 0.084375 0.065625
0 0.740625 0.0578125 0.090625 0.0953125
0 0.5 0.19921875 0.11875 0.1546875
0 0.415625 0.93125 0.153125 0.1328125