0 0.19375 0.76171875 0.1265625 0.103125
0 0.86953125 0.5359375 0.0765625 0.078125
0 0.56171875 0.1765625 0.059375 0.0609375
0 0.190625 0.296875 0.1359375 0.1234375
0 0.14453125 0.2 0.0953125 0.0953125
0 0.41796875 0.328125 0.075 0.0625
0 0.6046875 0.45234375 0.1375 0.1390625
0 0.22890625 0.3828125 0.103125 0.065625
0 0.0953125 0.7265625 0.10625 0.0953125
0 0.79765625 0.41484375 0.0875 0.09375
0 0.35 0.0609375 0.121875 0.121875
0 0.10859375 0.48828125 0.10625 0.0640625
0 0.88984375 0.05625 0.0875 0.1078125
0 0.109375 0.28515625 0.075 0.109375
0 0.74296875 0.7796875 0.121875 0.09375
0 0.2359375 0.94765625 0.084375 0.103125
0 0.446875 0.67578125 0.0796875 0.109375
0 0.50859375 0.72265625 0.0625 0.075
0 0.578125 0.253125 0.0953125 0.1171875
0 0.7203125 0.39765625 0.128125 0.128125
0 0.23359375 0.67421875 0.1078125 0.0828125
0 0.71875 0.1671875 0.11875 0.125
0 0.1640625 0.8296875 0.0953125 0.084375
0 0.94140625 0.60078125 0.1140625 0.125
0 0.721875 0.6265625 0.0671875 0.065625
0 0.046875 0.68671875 0.09375 0.1046875
0 0.88984375 0.86328125 0.0921875 0.090625
0 0.3828125 0.2640625 0.1109375 0.11875
0 0.51328125 0.078125 0.115625 0.15625
0 0.48203125 0.19375 0.103125 0.1109375
0 0.609375 0.63828125 0.1078125 0.103125
0 0.44140625 0.58984375 0.1 0.0890625
0 0.9375 0.80078125 0.090625 0.0890625
0 0.51171875 0.64140625 0.0828125 0.1078125
0 0.8578125 0.7984375 0.078125 0.0890625
0 0.53828125 0.425 0.090625 0.0703125
0 0.796875 0.859375 0.0953125 0.115625
0 0.11484375 0.67421875 0.05625 0.0578125
0 0.1640625 0.1 0.15 0.1484375
0 0.04375 0.19375 0.0765625 0.075
0 0.07734375 0.44453125 0.075 0.0625
0 0.1703125 0.70546875 0.08125 0.0984375
0 0.6578125 0.24765625 0.075 0.08125
0 0.91953125 0.1203125 0.0953125 0.09375
0 0.77578125 0.57734375 0.1 0.121875
0 0.64765625 0.33984375 0.13125 0.1359375
0 0.49375 0.36015625 0.0953125 0.078125
0 0.5453125 0.91015625 0.115625 0.125
0 0.07734375 0.60625 0.10625 0.1015625
0 0.9265625 0.25078125 0.084375 0.0609375
0 0.07578125 0.04296875 0.0890625 0.0859375
0 0.0453125 0.51171875 0.0875 0.096875
0 0.5015625 0.290625 0.1078125 0.1046875
0 0.115625 0.9453125 0.1421875 0.08125
0 0.85234375 0.6125 0.071875 0.09375
0 0.571875 0.7171875 0.0921875 0.090625
0 0.7375 0.83671875 0.125 0.1
0 0.0875 0.11328125 0.0625 0.0640625
0 0.76171875 0.290625 0.1484375 0.140625
0 0.9390625 0.6703125 0.084375 0.0578125
0 0.303125 0.91015625 0.0796875 0.0984375
0 0.12890625 0.88203125 0.1265625 0.1078125
0 0.8796875 0.409375 0.103125 0.10625
0 0.0671875 0.55390625 0.1109375 0.084375
0 0.61640625 0.54609375 0.096875 0.096875
0 0.38671875 0.39921875 0.1390625 0.10625
0 0.9140625 0.2046875 0.134375 0.1140625
0 0.6625 0.728125 0.1046875 0.1203125
0 0.07109375 0.14453125 0.090625 0.084375
0 0.7109375 0.5265625 0.1109375 0.1046875
0 0.0640625 0.384375 0.109375 0.071875
0 0.94140625 0.7140625 0.05625 0.05
0 0.67421875 0.915625 0.134375 0.1578125
0 0.81796875 0.09609375 0.1125 0.11875
0 0.69921875 0.09140625 0.1078125 0.1
0 0.81875 0.484375 0.1078125 0.084375
0 0.5109375 0.52890625 0.1171875 0.134375
0 0.88203125 0.3203125 0.140625 0.1109375
0 0.46953125 0.85859375 0.128125 0.128125
0 0.74140625 0.7171875 0.0921875 0.090625
0 0.5609375 0.803125 0.1390625 0.1078125
0 0.059375 0.25625 0.11875 0.075
0 0.80625 0.19453125 0.075 0.0796875
0 0.15 0.6171875 0.0625 0.08125
0 0.06015625 0.32578125 0.1140625 0.0875
0 0.240625 0.8578125 0.1140625 0.1140625
0 0.21953125 0.6 0.1234375 0.103125
0 0.390625 0.4796875 0.134375 0.103125
0 0.896875 0.721875 0.0640625 0.0875
0 0.46484375 0.92421875 0.1140625 0.08125
0 0.41015625 0.1234375 0.15 0.165625
0 0.39609375 0.54453125 0.09375 0.0734375
0 0.5546875 0.365625 0.0796875 0.0703125
0 0.81796875 0.6953125 0.1171875 0.11875
0 0.3875 0.67109375 0.0671875 0.0796875
0 0.390625 0.86953125 0.0921875 0.15
0 0.23203125 0.515625 0.121875 0.109375
0 0.6 0.0796875 0.125 0.159375