0 0.5046875 0.271875 0.2296875 0.275
0 0.41171875 0.7359375 0.1484375 0.13125
0 0.853125 0.23125 0.2046875 0.2046875
0 0.0875 0.80234375 0.1375 0.1359375
0 0.10078125 0.4984375 0.2015625 0.265625
0 0.6796875 0.38515625 0.2328125 0.184375
0 0.60078125 0.51484375 0.1828125 0.134375
0 0.18125 0.9390625 0.1875 0.11875
0 0.19375 0.66640625 0.2046875 0.1640625
0 0.259375 0.54296875 0.2046875 0.2125
0 0.0875 0.11796875 0.175 0.2359375
0 0.85625 0.71328125 0.1265625 0.19375
0 0.74453125 0.5328125 0.18125 0.1546875
0 0.26328125 0.75625 0.1953125 0.171875
0 0.240625 0.87890625 0.1625 0.1421875
0 0.6625 0.25078125 0.2390625 0.2671875
0 0.81484375 0.865625 0.2125 0.20625
0 0.92265625 0.5546875 0.15 0.1671875
0 0.3640625 0.37734375 0.2796875 0.2453125
0 0.59375 0.63125 0.140625 0.125
0 0.27421875 0.1625 0.209375 0.140625
0 0.45625 0.11953125 0.2078125 0.1625
0 0.1625 0.27578125 0.1953125 0.234375
0 0.57421875 0.7375 0.1640625 0.1625
0 0.90625 0.10234375 0.1875 0.2046875
0 0.93671875 0.70546875 0.1234375 0.165625
0 0.44765625 0.5859375 0.2015625 0.2265625
0 0.37109375 0.05546875 0.1078125 0.1109375
0 0.85703125 0.44296875 0.2078125 0.240625
0 0.3203125 0.2375 0.2109375 0.165625
0 0.3578125 0.86171875 0.1171875 0.140625
0 0.1234375 0.79375 0.1 0.190625
0 0.4765625 0.8375 0.196875 0.2125
0 0.65546875 0.88515625 0.2046875 0.203125
0 0.73828125 0.68515625 0.196875 0.2078125