0 0.60546875 0.4578125 0.1171875 0.1046875
0 0.5140625 0.0875 0.0984375 0.0984375
0 0.51171875 0.5171875 0.115625 0.11875
0 0.34765625 0.321875 0.0953125 0.090625
0 0.5328125 0.32265625 0.1109375 0.109375
0 0.15859375 0.04453125 0.1140625 0.0890625
0 0.7734375 0.85546875 0.10625 0.1265625
0 0.0671875 0.7828125 0.134375 0.1484375
0 0.146875 0.51640625 0.1265625 0.140625
0 0.303125 0.76328125 0.109375 0.13125
0 0.2328125 0.85859375 0.121875 0.159375
0 0.9265625 0.65625 0.1265625 0.0859375
0 0.45078125 0.37890625 0.125 0.1109375
0 0.9 0.59453125 0.1328125 0.0796875
0 0.40390625 0.534375 0.1109375 0.10625
0 0.53828125 0.86640625 0.0828125 0.09375
0 0.290625 0.46171875 0.115625 0.1109375
0 0.90390625 0.778125 0.15 0.1859375
0 0.91171875 0.3296875 0.1390625 0.1375
0 0.109375 0.86328125 0.178125 0.1875
0 0.45859375 0.6265625 0.146875 0.153125
0 0.5953125 0.23046875 0.1046875 0.0984375
0 0.56328125 0.14609375 0.0421875 0.059375
0 0.75234375 0.51875 0.1359375 0.15625
0 0.87265625 0.44609375 0.1453125 0.109375
0 0.6515625 0.13671875 0.1546875 0.153125
0 0.2515625 0.065625 0.11875 0.13125
0 0.428125 0.9015625 0.1390625 0.19375
0 0.1 0.5796875 0.1234375 0.153125
0 0.6109375 0.36328125 0.1421875 0.115625
0 0.4078125 0.05625 0.1328125 0.1125
0 0.0875 0.1875 0.1390625 0.128125
0 0.32578125 0.103125 0.1 0.1203125
0 0.88125 0.1125 0.1 0.1125
0 0.6546875 0.9453125 0.0984375 0.10625
0 0.77421875 0.765625 0.1390625 0.1453125
0 0.3640625 0.834375 0.1015625 0.103125
0 0.89609375 0.2125 0.128125 0.1125
0 0.7921875 0.25390625 0.14375 0.1234375
0 0.23203125 0.71015625 0.128125 0.115625
0 0.81875 0.6109375 0.0921875 0.0625
0 0.44140625 0.215625 0.2171875 0.240625
0 0.53203125 0.76875 0.109375 0.125
0 0.29609375 0.5734375 0.1390625 0.115625
0 0.76640625 0.1453125 0.103125 0.0890625
0 0.30859375 0.93984375 0.1390625 0.11875
0 0.771875 0.0515625 0.11875 0.103125