0 0.7265625 0.93046875 0.0953125 0.1234375
0 0.35234375 0.86796875 0.0859375 0.0875
0 0.60078125 0.82734375 0.115625 0.140625
0 0.940625 0.8125 0.1171875 0.11875
0 0.303125 0.59140625 0.134375 0.1703125
0 0.6546875 0.06640625 0.1078125 0.071875
0 0.81015625 0.41015625 0.1296875 0.1109375
0 0.52421875 0.11171875 0.109375 0.1265625
0 0.12109375 0.84453125 0.1328125 0.115625
0 0.42109375 0.1859375 0.140625 0.1734375
0 0.82109375 0.6125 0.1234375 0.0953125
0 0.20703125 0.64765625 0.1453125 0.1703125
0 0.35703125 0.1328125 0.1265625 0.15
0 0.40859375 0.065625 0.146875 0.13125
0 0.0625 0.1390625 0.103125 0.11875
0 0.734375 0.08046875 0.071875 0.1171875
0 0.41015625 0.5953125 0.1125 0.1046875
0 0.6984375 0.590625 0.13125 0.1265625
0 0.56953125 0.03671875 0.096875 0.0734375
0 0.88046875 0.04375 0.1390625 0.0875
0 0.60390625 0.6515625 0.1203125 0.1296875
0 0.6328125 0.446875 0.109375 0.0875
0 0.58984375 0.5375 0.128125 0.1109375
0 0.06328125 0.68203125 0.1265625 0.1671875
0 0.890625 0.59609375 0.1109375 0.115625
0 0.13671875 0.1078125 0.0953125 0.090625
0 0.3671875 0.4875 0.11875 0.103125
0 0.78671875 0.6984375 0.146875 0.115625
0 0.48359375 0.946875 0.071875 0.0671875
0 0.69609375 0.496875 0.0953125 0.09375
0 0.234375 0.16875 0.0953125 0.115625
0 0.8046875 0.80703125 0.1078125 0.103125
0 0.49609375 0.746875 0.0875 0.1078125
0 0.09375 0.5453125 0.1609375 0.1359375
0 0.196875 0.30703125 0.1328125 0.15
0 0.78203125 0.49921875 0.1234375 0.128125
0 0.25703125 0.8796875 0.1234375 0.134375
0 0.51171875 0.86640625 0.0796875 0.134375
0 0.821875 0.13515625 0.11875 0.1234375
0 0.8859375 0.5015625 0.11875 0.0796875
0 0.85 0.89921875 0.115625 0.1078125
0 0.64765625 0.15 0.11875 0.1234375
0 0.0953125 0.334375 0.1453125 0.1390625
0 0.221875 0.0546875 0.134375 0.109375
0 0.68359375 0.70703125 0.0875 0.1015625
0 0.12734375 0.9453125 0.128125 0.10625
0 0.5140625 0.58515625 0.0890625 0.128125
0 0.5765625 0.90078125 0.0640625 0.08125
0 0.6765625 0.31875 0.1234375 0.140625
0 0.51953125 0.28515625 0.14375 0.1578125
0 0.3359375 0.765625 0.1109375 0.1140625
0 0.83125 0.3171875 0.115625 0.1140625
0 0.31171875 0.43046875 0.1515625 0.1296875
0 0.47265625 0.45390625 0.1125 0.1390625
0 0.3296875 0.31328125 0.1671875 0.19375
0 0.65625 0.396875 0.09375 0.08125
0 0.93828125 0.3234375 0.1203125 0.18125
0 0.3109375 0.9375 0.084375 0.1171875
0 0.1515625 0.7359375 0.1421875 0.14375
0 0.42890625 0.7875 0.1171875 0.1765625
0 0.146875 0.203125 0.115625 0.1203125
0 0.7171875 0.8109375 0.11875 0.1203125
0 0.1265625 0.05078125 0.1375 0.08125