0 0.55 0.60234375 0.0625 0.071875
0 0.303125 0.76484375 0.06875 0.0703125
0 0.27734375 0.15390625 0.06875 0.0703125
0 0.9265625 0.85234375 0.0765625 0.06875
0 0.384375 0.86015625 0.0953125 0.1
0 0.28671875 0.20625 0.08125 0.0875
0 0.77890625 0.8328125 0.053125 0.0453125
0 0.26640625 0.37890625 0.05625 0.075
0 0.3796875 0.93359375 0.0546875 0.059375
0 0.934375 0.93671875 0.071875 0.0921875
0 0.3984375 0.15546875 0.0609375 0.0765625
0 0.54296875 0.2734375 0.04375 0.0484375
0 0.459375 0.33125 0.053125 0.071875
0 0.49140625 0.928125 0.121875 0.1109375
0 0.41640625 0.79609375 0.0375 0.040625
0 0.1359375 0.7515625 0.0703125 0.0890625
0 0.421875 0.7359375 0.0953125 0.10625
0 0.5796875 0.12421875 0.0890625 0.075
0 0.38515625 0.27890625 0.0734375 0.065625
0 0.64453125 0.7515625 0.0359375 0.034375
0 0.125 0.1109375 0.1109375 0.084375
0 0.740625 0.36875 0.1140625 0.1078125
0 0.0828125 0.1734375 0.09375 0.075
0 0.35859375 0.184375 0.0703125 0.071875
0 0.3328125 0.428125 0.046875 0.0421875
0 0.1171875 0.05 0.1359375 0.084375
0 0.4625 0.4 0.0796875 0.0640625
0 0.21953125 0.31875 0.0953125 0.0734375
0 0.0984375 0.3296875 0.0921875 0.0828125
0 0.271875 0.4515625 0.0765625 0.0625
0 0.3125 0.55234375 0.05625 0.05
0 0.3734375 0.37109375 0.0734375 0.0875
0 0.603125 0.5171875 0.0671875 0.0828125
0 0.78125 0.44765625 0.078125 0.0890625
0 0.5765625 0.3359375 0.0984375 0.1078125
0 0.465625 0.82421875 0.0578125 0.0671875
0 0.5875 0.9375 0.09375 0.0890625
0 0.784375 0.87421875 0.06875 0.06875
0 0.20625 0.38125 0.0765625 0.0625
0 0.696875 0.784375 0.06875 0.084375
0 0.625 0.80703125 0.040625 0.040625
0 0.83125 0.7375 0.1 0.13125
0 0.26171875 0.5890625 0.0640625 0.0640625
0 0.865625 0.859375 0.0546875 0.04375
0 0.434375 0.26953125 0.0578125 0.0578125
0 0.4796875 0.2234375 0.090625 0.084375
0 0.9421875 0.11171875 0.0875 0.0765625
0 0.5484375 0.85625 0.0703125 0.05625
0 0.37578125 0.63125 0.034375 0.028125
0 0.66015625 0.6609375 0.0609375 0.05625
0 0.35078125 0.05546875 0.0765625 0.0875
0 0.690625 0.60546875 0.0640625 0.0625
0 0.296875 0.90390625 0.06875 0.0953125
0 0.6390625 0.60390625 0.059375 0.0671875
0 0.41015625 0.56171875 0.09375 0.0890625
0 0.35703125 0.77109375 0.0703125 0.0890625
0 0.20546875 0.4609375 0.071875 0.071875
0 0.51015625 0.621875 0.078125 0.0640625
0 0.60234375 0.71953125 0.05625 0.0609375
0 0.85546875 0.796875 0.0875 0.0921875
0 0.6 0.64375 0.053125 0.053125
0 0.5265625 0.6875 0.0828125 0.078125
0 0.828125 0.5953125 0.14375 0.121875
0 0.1046875 0.45625 0.1125 0.0921875
0 0.8671875 0.925 0.0796875 0.0859375
0 0.203125 0.8046875 0.103125 0.1328125
0 0.484375 0.4546875 0.0765625 0.059375
0 0.72265625 0.91171875 0.0515625 0.065625
0 0.259375 0.5375 0.0703125 0.059375
0 0.29296875 0.315625 0.0765625 0.06875
0 0.10546875 0.27578125 0.090625 0.06875
0 0.6484375 0.32734375 0.075 0.10625
0 0.74140625 0.75 0.05625 0.0546875
0 0.50078125 0.53515625 0.059375 0.0640625
0 0.41640625 0.08125 0.065625 0.096875
0 0.665625 0.8984375 0.1 0.1453125
0 0.3375 0.59765625 0.0671875 0.0625
0 0.14921875 0.51875 0.0765625 0.0859375
0 0.16953125 0.196875 0.0734375 0.0734375
0 0.55546875 0.5203125 0.0515625 0.046875
0 0.08046875 0.7578125 0.1609375 0.178125
0 0.30625 0.48828125 0.0640625 0.0640625
0 0.4171875 0.6359375 0.071875 0.0640625
0 0.49453125 0.11328125 0.109375 0.1265625
0 0.64140625 0.71015625 0.040625 0.0421875
0 0.41015625 0.32890625 0.071875 0.0734375
0 0.7171875 0.4625 0.075 0.0765625
0 0.48984375 0.271875 0.0640625 0.05625
0 0.7796875 0.77109375 0.05625 0.0734375
0 0.7546875 0.93984375 0.04375 0.053125
0 0.51015625 0.76875 0.084375 0.0890625
0 0.5078125 0.33359375 0.0765625 0.0875
0 0.21875 0.92265625 0.1 0.13125
0 0.5875 0.828125 0.053125 0.0515625
0 0.9046875 0.73359375 0.0765625 0.065625
0 0.25625 0.0640625 0.075 0.090625
0 0.5984375 0.19921875 0.121875 0.1015625