0 0.93671875 0.66484375 0.125 0.109375
0 0.46796875 0.5609375 0.1328125 0.1265625
0 0.51171875 0.3921875 0.078125 0.0796875
0 0.33125 0.409375 0.0921875 0.0796875
0 0.11015625 0.53359375 0.084375 0.084375
0 0.58828125 0.26015625 0.0859375 0.0859375
0 0.18203125 0.71015625 0.196875 0.1734375
0 0.3515625 0.66484375 0.1421875 0.140625
0 0.46328125 0.25390625 0.1171875 0.1171875
0 0.2984375 0.80703125 0.146875 0.1609375
0 0.4203125 0.3890625 0.0765625 0.065625
0 0.315625 0.23515625 0.1421875 0.1234375
0 0.83359375 0.38359375 0.1484375 0.1421875
0 0.74296875 0.77421875 0.128125 0.125
0 0.4296875 0.8171875 0.13125 0.146875
0 0.79453125 0.61640625 0.11875 0.1453125
0 0.403125 0.4671875 0.0875 0.078125
0 0.27109375 0.5359375 0.0828125 0.1015625
0 0.303125 0.4625 0.0796875 0.075
0 0.2125 0.43203125 0.1125 0.0859375
0 0.14375 0.47109375 0.1 0.0828125
0 0.8078125 0.9296875 0.1171875 0.125
0 0.23046875 0.2828125 0.0890625 0.075
0 0.615625 0.35078125 0.084375 0.0640625
0 0.13515625 0.27421875 0.090625 0.096875
0 0.3421875 0.9421875 0.078125 0.1125
0 0.20390625 0.88359375 0.1421875 0.1234375
0 0.32578125 0.50546875 0.06875 0.0640625
0 0.24375 0.37265625 0.128125 0.0859375
0 0.8125 0.85078125 0.1078125 0.115625
0 0.78984375 0.25 0.125 0.1171875
0 0.6625 0.25390625 0.10625 0.128125
0 0.19140625 0.54765625 0.1421875 0.1515625
0 0.571875 0.878125 0.1578125 0.153125
0 0.809375 0.68984375 0.0703125 0.0859375
0 0.46953125 0.46640625 0.084375 0.0828125
0 0.94140625 0.81171875 0.1140625 0.121875
0 0.3921875 0.321875 0.10625 0.1
0 0.6890625 0.509375 0.1765625 0.165625
0 0.4484375 0.94765625 0.1078125 0.103125