0 0.134375 0.0703125 0.1640625 0.140625
0 0.86328125 0.10078125 0.2328125 0.2015625
0 0.63125 0.325 0.2640625 0.4
0 0.5328125 0.61328125 0.1890625 0.184375
0 0.75625 0.86875 0.2296875 0.259375
0 0.3 0.52734375 0.2453125 0.2484375
0 0.29296875 0.08359375 0.1546875 0.1671875
0 0.47265625 0.09921875 0.2203125 0.1984375
0 0.55546875 0.79296875 0.2140625 0.2203125
0 0.9109375 0.884375 0.1765625 0.23125
0 0.26015625 0.1953125 0.175 0.165625
0 0.3875 0.8453125 0.1984375 0.2515625
0 0.903125 0.36640625 0.190625 0.328125
0 0.14140625 0.66796875 0.2828125 0.2765625
0 0.1640625 0.34765625 0.321875 0.3765625
0 0.8921875 0.6265625 0.2109375 0.25
0 0.4125 0.30625 0.1796875 0.3203125