0 0.8828125 0.3765625 0.171875 0.1765625
0 0.92109375 0.828125 0.1546875 0.2296875
0 0.23984375 0.7203125 0.1484375 0.16875
0 0.85234375 0.68984375 0.134375 0.121875
0 0.23828125 0.921875 0.1484375 0.1484375
0 0.78828125 0.23984375 0.1859375 0.209375
0 0.19609375 0.10625 0.1421875 0.1671875
0 0.128125 0.93515625 0.146875 0.128125
0 0.06640625 0.175 0.1328125 0.125
0 0.51015625 0.26796875 0.0875 0.11875
0 0.84296875 0.88046875 0.11875 0.1125
0 0.58671875 0.8578125 0.1296875 0.1625
0 0.10625 0.60234375 0.18125 0.159375
0 0.296875 0.8296875 0.05625 0.0515625
0 0.07421875 0.296875 0.1484375 0.1375
0 0.50859375 0.35390625 0.05 0.0640625
0 0.2203125 0.63828125 0.1078125 0.0765625
0 0.53203125 0.728125 0.125 0.1296875
0 0.07421875 0.07734375 0.1484375 0.11875
0 0.53046875 0.08828125 0.0859375 0.06875
0 0.59609375 0.33984375 0.096875 0.0875
0 0.69375 0.371875 0.0671875 0.06875
0 0.93203125 0.2921875 0.134375 0.1109375
0 0.37890625 0.9234375 0.14375 0.140625
0 0.57890625 0.4078125 0.1140625 0.0875
0 0.08515625 0.43125 0.1703125 0.1546875
0 0.3140625 0.15 0.0796875 0.1171875
0 0.32421875 0.06328125 0.103125 0.1
0 0.41171875 0.33046875 0.1453125 0.1609375
0 0.46015625 0.52734375 0.1171875 0.1265625
0 0.5171875 0.14921875 0.0953125 0.0984375
0 0.55859375 0.61015625 0.1171875 0.1
0 0.309375 0.64140625 0.134375 0.15
0 0.48359375 0.82734375 0.1296875 0.11875
0 0.3703125 0.61875 0.0578125 0.0515625
0 0.65 0.5109375 0.1078125 0.1328125
0 0.7125 0.46953125 0.103125 0.1359375
0 0.51015625 0.9265625 0.11875 0.146875
0 0.41171875 0.778125 0.11875 0.1078125
0 0.259375 0.49765625 0.2234375 0.203125
0 0.375 0.1796875 0.1109375 0.1578125
0 0.39375 0.6859375 0.0984375 0.1015625
0 0.24375 0.80703125 0.0796875 0.0765625
0 0.42109375 0.4453125 0.0703125 0.084375
0 0.75390625 0.63828125 0.13125 0.1328125
0 0.4546875 0.1890625 0.08125 0.1109375
0 0.80078125 0.12578125 0.16875 0.1578125
0 0.58359375 0.15234375 0.078125 0.10625
0 0.896875 0.95546875 0.121875 0.0875