0 0.80390625 0.61796875 0.1625 0.1484375
0 0.2828125 0.3890625 0.13125 0.1265625
0 0.14609375 0.06328125 0.1265625 0.1125
0 0.79140625 0.28125 0.103125 0.103125
0 0.890625 0.15 0.103125 0.1125
0 0.68515625 0.6109375 0.1078125 0.0984375
0 0.7734375 0.1015625 0.10625 0.0953125
0 0.7 0.4703125 0.1203125 0.1171875
0 0.08359375 0.80703125 0.153125 0.190625
0 0.82421875 0.39921875 0.128125 0.1203125
0 0.56875 0.1265625 0.1265625 0.1171875
0 0.5234375 0.38515625 0.0953125 0.0953125
0 0.515625 0.05078125 0.13125 0.1015625
0 0.16796875 0.81796875 0.1109375 0.16875
0 0.475 0.2984375 0.13125 0.11875
0 0.9265625 0.7125 0.140625 0.1796875
0 0.65546875 0.24140625 0.1375 0.14375
0 0.29765625 0.9109375 0.1546875 0.1765625
0 0.2875 0.15 0.103125 0.0984375
0 0.89375 0.278125 0.134375 0.115625
0 0.82734375 0.73359375 0.121875 0.11875
0 0.3953125 0.1609375 0.1234375 0.1265625