0 0.95 0.86875 0.0953125 0.1359375
0 0.07109375 0.66328125 0.1421875 0.1796875
0 0.11015625 0.73828125 0.0734375 0.09375
0 0.60234375 0.896875 0.1140625 0.175
0 0.46484375 0.2828125 0.15 0.1421875
0 0.16640625 0.53046875 0.15 0.1171875
0 0.14453125 0.12421875 0.096875 0.0734375
0 0.35625 0.634375 0.1609375 0.1671875
0 0.66171875 0.640625 0.1359375 0.078125
0 0.6625 0.56171875 0.146875 0.1234375
0 0.86328125 0.853125 0.0625 0.0828125
0 0.17890625 0.6078125 0.1328125 0.0984375
0 0.88203125 0.70390625 0.109375 0.125
0 0.3734375 0.403125 0.1078125 0.109375
0 0.93359375 0.5234375 0.128125 0.1125
0 0.1703125 0.36796875 0.128125 0.0984375
0 0.271875 0.75625 0.0703125 0.0890625
0 0.30859375 0.40703125 0.0875 0.1171875
0 0.834375 0.203125 0.1046875 0.0828125
0 0.33203125 0.77109375 0.0953125 0.1171875
0 0.35546875 0.31171875 0.115625 0.1265625
0 0.0875 0.4140625 0.11875 0.1703125
0 0.49921875 0.95 0.1546875 0.096875
0 0.40078125 0.234375 0.0828125 0.128125
0 0.53671875 0.3859375 0.0875 0.1265625
0 0.1578125 0.4625 0.1 0.0796875
0 0.28046875 0.675 0.0984375 0.103125
0 0.7734375 0.146875 0.1171875 0.1375
0 0.28984375 0.17578125 0.0875 0.1375
0 0.50546875 0.84375 0.0953125 0.15
0 0.6484375 0.26640625 0.134375 0.1546875
0 0.15 0.221875 0.1578125 0.1171875
0 0.4296875 0.91171875 0.0953125 0.11875
0 0.2875 0.3015625 0.071875 0.0828125
0 0.68125 0.17421875 0.121875 0.125
0 0.4578125 0.40234375 0.0921875 0.13125
0 0.77890625 0.82890625 0.1359375 0.1265625
0 0.16953125 0.7703125 0.1421875 0.13125
0 0.78515625 0.6796875 0.103125 0.071875
0 0.365625 0.4921875 0.1328125 0.115625
0 0.471875 0.17890625 0.15625 0.1296875
0 0.37890625 0.94453125 0.0953125 0.1046875
0 0.72421875 0.428125 0.1703125 0.1328125
0 0.35859375 0.8140625 0.078125 0.0984375
0 0.52734375 0.0671875 0.1015625 0.134375
0 0.16640625 0.91796875 0.16875 0.1078125
0 0.50625 0.671875 0.171875 0.196875
0 0.46484375 0.58203125 0.103125 0.0828125
0 0.93984375 0.65859375 0.0984375 0.1140625
0 0.62421875 0.065625 0.128125 0.13125
0 0.25 0.90625 0.109375 0.1125
0 0.25859375 0.13515625 0.18125 0.175
0 0.2609375 0.52734375 0.1 0.1171875
0 0.75390625 0.9140625 0.1125 0.140625
0 0.0546875 0.2125 0.10625 0.1125
0 0.27890625 0.828125 0.078125 0.0765625
0 0.6796875 0.7265625 0.1390625 0.121875
0 0.77890625 0.7453125 0.0890625 0.0890625
0 0.40625 0.7296875 0.071875 0.0609375
0 0.8828125 0.815625 0.1015625 0.109375
0 0.7828125 0.2703125 0.121875 0.115625
0 0.17890625 0.68359375 0.1171875 0.075
0 0.821875 0.57578125 0.196875 0.18125
0 0.66015625 0.4 0.0828125 0.1
0 0.48203125 0.51015625 0.109375 0.0921875
0 0.3640625 0.1765625 0.075 0.103125
0 0.89921875 0.275 0.1578125 0.19375
0 0.19140625 0.29453125 0.121875 0.10625
0 0.6515625 0.1109375 0.1109375 0.140625
0 0.18671875 0.821875 0.1546875 0.11875