0 0.92109375 0.134375 0.15625 0.2546875
0 0.8265625 0.7125 0.2640625 0.2296875
0 0.1578125 0.50703125 0.3140625 0.2890625
0 0.6515625 0.8453125 0.328125 0.30625
0 0.24765625 0.66640625 0.3171875 0.3078125
0 0.10078125 0.1515625 0.2015625 0.2875
0 0.8421875 0.40859375 0.2046875 0.1734375
0 0.78359375 0.21328125 0.284375 0.309375
0 0.53125 0.15078125 0.309375 0.3015625
0 0.90625 0.8765625 0.1859375 0.2453125
0 0.0765625 0.73671875 0.153125 0.275
0 0.196875 0.12109375 0.2890625 0.2421875
0 0.5421875 0.640625 0.35625 0.346875
0 0.9203125 0.5859375 0.1578125 0.171875
0 0.30078125 0.2828125 0.2859375 0.3796875
0 0.271875 0.93125 0.1921875 0.1359375
0 0.50625 0.94140625 0.2234375 0.1140625