0 0.803125 0.60234375 0.0703125 0.06875
0 0.60234375 0.71328125 0.065625 0.0953125
0 0.3125 0.2328125 0.0796875 0.0671875
0 0.6375 0.790625 0.06875 0.0953125
0 0.0703125 0.79765625 0.1109375 0.1
0 0.30703125 0.1796875 0.0765625 0.075
0 0.43359375 0.80859375 0.0921875 0.084375
0 0.86640625 0.1 0.078125 0.096875
0 0.8078125 0.35390625 0.09375 0.10625
0 0.8890625 0.7796875 0.096875 0.084375
0 0.1375 0.83984375 0.071875 0.071875
0 0.084375 0.5125 0.0875 0.075
0 0.11875 0.15078125 0.08125 0.0703125
0 0.88125 0.43359375 0.0875 0.075
0 0.2515625 0.23203125 0.071875 0.0734375
0 0.7046875 0.59765625 0.08125 0.0921875
0 0.4171875 0.34375 0.0671875 0.0640625
0 0.7515625 0.63125 0.0609375 0.059375
0 0.51484375 0.2203125 0.0796875 0.0921875
0 0.3578125 0.7125 0.0875 0.103125
0 0.2890625 0.8296875 0.0765625 0.115625
0 0.8671875 0.846875 0.0734375 0.078125
0 0.68671875 0.78203125 0.0828125 0.1125
0 0.13515625 0.2375 0.1125 0.103125
0 0.80859375 0.79765625 0.0640625 0.0671875
0 0.203125 0.16953125 0.053125 0.0515625
0 0.721875 0.9296875 0.09375 0.10625
0 0.63984375 0.85625 0.090625 0.0796875
0 0.26796875 0.89765625 0.075 0.0671875
0 0.265625 0.315625 0.0640625 0.0671875
0 0.31015625 0.5546875 0.0828125 0.0734375
0 0.9296875 0.46171875 0.065625 0.0765625
0 0.69921875 0.12578125 0.1015625 0.1
0 0.3453125 0.1640625 0.0796875 0.0875
0 0.36796875 0.071875 0.0609375 0.0640625
0 0.23828125 0.59375 0.0640625 0.0640625
0 0.13828125 0.315625 0.0828125 0.0765625
0 0.52265625 0.115625 0.0734375 0.0859375
0 0.703125 0.23828125 0.084375 0.0984375
0 0.1046875 0.73203125 0.0703125 0.0671875
0 0.31953125 0.08203125 0.06875 0.0765625
0 0.46953125 0.62109375 0.0671875 0.078125
0 0.525 0.41328125 0.090625 0.0703125
0 0.5046875 0.365625 0.0859375 0.06875
0 0.88984375 0.91015625 0.078125 0.078125
0 0.07734375 0.87265625 0.084375 0.1171875
0 0.06875 0.28828125 0.084375 0.084375
0 0.25 0.52890625 0.0859375 0.08125
0 0.76796875 0.246875 0.078125 0.084375
0 0.778125 0.915625 0.071875 0.0921875
0 0.5421875 0.67578125 0.0546875 0.0796875
0 0.33515625 0.2875 0.1 0.0875
0 0.5015625 0.54296875 0.08125 0.0796875
0 0.63515625 0.6140625 0.09375 0.0953125
0 0.3765625 0.7765625 0.071875 0.08125
0 0.44921875 0.271875 0.05 0.0546875
0 0.571875 0.9125 0.0828125 0.08125
0 0.9109375 0.340625 0.0734375 0.0625
0 0.559375 0.515625 0.0828125 0.0953125
0 0.140625 0.44609375 0.1265625 0.071875
0 0.08203125 0.6328125 0.084375 0.08125
0 0.51171875 0.1765625 0.0625 0.0453125
0 0.37421875 0.640625 0.0703125 0.075
0 0.4109375 0.68515625 0.0734375 0.103125
0 0.3984375 0.59375 0.0546875 0.05625
0 0.37421875 0.86875 0.05 0.078125
0 0.571875 0.2078125 0.0890625 0.115625
0 0.4546875 0.2125 0.08125 0.0921875
0 0.19375 0.796875 0.1046875 0.1
0 0.13984375 0.66328125 0.0703125 0.06875
0 0.3703125 0.12109375 0.0734375 0.078125
0 0.49921875 0.06953125 0.0671875 0.071875
0 0.9375 0.0734375 0.0921875 0.0859375
0 0.23828125 0.64609375 0.065625 0.065625
0 0.90078125 0.22265625 0.0875 0.0796875
0 0.26953125 0.0734375 0.06875 0.06875
0 0.16015625 0.7140625 0.0703125 0.0609375
0 0.71875 0.075 0.0625 0.053125
0 0.83984375 0.4046875 0.071875 0.0703125
0 0.0578125 0.1375 0.059375 0.0578125
0 0.7421875 0.31796875 0.0734375 0.0921875
0 0.50625 0.73828125 0.0640625 0.0640625
0 0.253125 0.6859375 0.06875 0.0625
0 0.384375 0.31171875 0.05625 0.06875
0 0.16875 0.490625 0.0890625 0.0765625
0 0.1625 0.8875 0.08125 0.09375
0 0.4609375 0.85390625 0.05625 0.0578125
0 0.5625 0.0578125 0.0515625 0.0609375
0 0.2015625 0.70546875 0.0625 0.0671875
0 0.465625 0.4640625 0.06875 0.078125
0 0.81796875 0.10546875 0.0640625 0.0921875
0 0.2171875 0.334375 0.0828125 0.090625
0 0.22421875 0.4234375 0.075 0.071875
0 0.1703125 0.19921875 0.05625 0.065625
0 0.28359375 0.38046875 0.0765625 0.071875
0 0.22421875 0.85 0.071875 0.09375
0 0.30234375 0.7453125 0.0875 0.0859375
0 0.11640625 0.578125 0.0734375 0.0796875
0 0.50625 0.68515625 0.046875 0.0609375
0 0.2984375 0.453125 0.071875 0.0703125
0 0.1390625 0.10859375 0.0890625 0.0796875
0 0.21875 0.94765625 0.0640625 0.0578125
0 0.62578125 0.5109375 0.0890625 0.084375
0 0.24375 0.1203125 0.0671875 0.06875
0 0.57890625 0.79375 0.0921875 0.1015625
0 0.159375 0.36796875 0.0953125 0.0765625
0 0.634375 0.38125 0.0671875 0.0921875
0 0.76015625 0.46640625 0.1 0.1
0 0.409375 0.3984375 0.103125 0.0734375
0 0.51796875 0.9375 0.0796875 0.084375
0 0.43125 0.1265625 0.071875 0.090625
0 0.18828125 0.6546875 0.0640625 0.078125
0 0.09453125 0.36953125 0.084375 0.0796875
0 0.21328125 0.25546875 0.0671875 0.071875
0 0.7265625 0.04296875 0.0703125 0.0640625
0 0.915625 0.859375 0.0609375 0.0765625
0 0.20625 0.9125 0.084375 0.0609375
0 0.8328125 0.66875 0.08125 0.0703125
0 0.56484375 0.615625 0.0671875 0.075
0 0.17578125 0.0515625 0.0953125 0.0890625
0 0.8609375 0.55859375 0.0765625 0.06875
0 0.5921875 0.11875 0.084375 0.09375
0 0.55234375 0.31171875 0.1015625 0.0859375
0 0.821875 0.92578125 0.0484375 0.08125
0 0.8265625 0.5015625 0.1015625 0.109375
0 0.76640625 0.11484375 0.05625 0.0796875
0 0.375 0.4984375 0.0953125 0.0953125
0 0.2546875 0.18984375 0.071875 0.0546875
0 0.18671875 0.57578125 0.059375 0.0453125
0 0.32578125 0.60546875 0.0625 0.0625
0 0.46171875 0.69453125 0.06875 0.0890625
0 0.79921875 0.83515625 0.075 0.0609375
0 0.04765625 0.57265625 0.09375 0.0875
0 0.68125 0.390625 0.078125 0.0953125
0 0.2515625 0.4703125 0.071875 0.06875
0 0.4140625 0.86796875 0.0609375 0.084375
0 0.40078125 0.44921875 0.090625 0.071875
0 0.63046875 0.23203125 0.08125 0.1078125
0 0.48828125 0.3203125 0.0640625 0.071875
0 0.06171875 0.1875 0.075 0.0703125
0 0.8375 0.72265625 0.0875 0.0625
0 0.3015625 0.6703125 0.0625 0.0640625
0 0.840625 0.30625 0.0828125 0.071875
0 0.915625 0.71875 0.09375 0.0875