0 0.7203125 0.04453125 0.178125 0.0890625
0 0.18984375 0.54140625 0.0921875 0.09375
0 0.1484375 0.190625 0.11875 0.1
0 0.65 0.5984375 0.1625 0.1625
0 0.2734375 0.128125 0.11875 0.121875
0 0.81015625 0.65703125 0.1640625 0.171875
0 0.7421875 0.896875 0.209375 0.2015625
0 0.84453125 0.30234375 0.109375 0.1203125
0 0.10078125 0.0875 0.103125 0.109375
0 0.946875 0.83984375 0.1046875 0.0984375
0 0.5375 0.14453125 0.1421875 0.115625
0 0.7640625 0.5609375 0.1078125 0.0953125
0 0.26171875 0.3109375 0.134375 0.178125
0 0.334375 0.44921875 0.184375 0.1484375
0 0.35546875 0.55078125 0.1109375 0.0890625
0 0.73828125 0.30625 0.1171875 0.121875
0 0.8609375 0.16796875 0.1265625 0.1546875
0 0.9234375 0.92734375 0.1515625 0.14375
0 0.4234375 0.10546875 0.1390625 0.184375
0 0.54921875 0.30625 0.2484375 0.25
0 0.6171875 0.70546875 0.146875 0.1390625
0 0.365625 0.25390625 0.1625 0.1953125
0 0.69609375 0.69609375 0.1 0.0953125
0 0.159375 0.26953125 0.1140625 0.0890625
0 0.52734375 0.0484375 0.084375 0.0828125
0 0.1796875 0.446875 0.1234375 0.0921875
0 0.7234375 0.1453125 0.175 0.178125
0 0.8359375 0.8515625 0.1734375 0.1484375
0 0.953125 0.2984375 0.0921875 0.1171875
0 0.5859375 0.08515625 0.078125 0.0875