0 0.7046875 0.578125 0.1234375 0.1203125
0 0.090625 0.94921875 0.16875 0.0984375
0 0.56875 0.5890625 0.159375 0.125
0 0.3953125 0.75234375 0.1171875 0.1453125
0 0.5609375 0.83984375 0.1390625 0.15625
0 0.6609375 0.434375 0.115625 0.1359375
0 0.72890625 0.89765625 0.1296875 0.1015625
0 0.93125 0.4828125 0.1359375 0.1265625
0 0.35234375 0.47265625 0.109375 0.1265625
0 0.7421875 0.51953125 0.0921875 0.125
0 0.94921875 0.2875 0.1 0.1
0 0.12578125 0.0828125 0.121875 0.1421875
0 0.90625 0.7609375 0.1515625 0.13125
0 0.84765625 0.6328125 0.1484375 0.1484375
0 0.47265625 0.3234375 0.1390625 0.140625
0 0.9078125 0.9234375 0.1515625 0.1515625
0 0.1859375 0.6078125 0.109375 0.1046875
0 0.74140625 0.67109375 0.0859375 0.0703125
0 0.2828125 0.565625 0.1203125 0.1265625
0 0.75234375 0.31796875 0.0953125 0.0875
0 0.8546875 0.29140625 0.128125 0.1109375
0 0.39921875 0.625 0.1296875 0.121875
0 0.03984375 0.840625 0.0796875 0.128125
0 0.578125 0.175 0.1125 0.1328125
0 0.66875 0.20703125 0.128125 0.1328125
0 0.1 0.878125 0.1234375 0.1328125
0 0.25625 0.83984375 0.11875 0.1390625
0 0.2328125 0.05859375 0.134375 0.1171875
0 0.8171875 0.1578125 0.1125 0.115625
0 0.85546875 0.04375 0.115625 0.0875
0 0.33984375 0.23984375 0.13125 0.1203125
0 0.32578125 0.9046875 0.1234375 0.1234375
0 0.73984375 0.953125 0.15 0.090625
0 0.75625 0.77734375 0.153125 0.1953125
0 0.7484375 0.4109375 0.09375 0.10625
0 0.4859375 0.94375 0.13125 0.1109375
0 0.30234375 0.15234375 0.1515625 0.1109375
0 0.67109375 0.071875 0.1171875 0.14375
0 0.1828125 0.6625 0.1046875 0.075
0 0.109375 0.23046875 0.1453125 0.15
0 0.2875 0.665625 0.1375 0.1328125
0 0.7796875 0.05703125 0.10625 0.1140625
0 0.05546875 0.5859375 0.1109375 0.134375
0 0.759375 0.2109375 0.0875 0.103125
0 0.61015625 0.6765625 0.140625 0.1328125
0 0.809375 0.43515625 0.0875 0.0796875
0 0.81875 0.51640625 0.090625 0.096875
0 0.27109375 0.3453125 0.1234375 0.1421875
0 0.30234375 0.7859375 0.146875 0.140625
0 0.44296875 0.78203125 0.13125 0.1421875
0 0.5 0.13125 0.1296875 0.165625
0 0.59296875 0.321875 0.1359375 0.1296875
0 0.646875 0.775 0.109375 0.1328125
0 0.8125 0.26015625 0.0796875 0.090625
0 0.8859375 0.390625 0.109375 0.1125
0 0.3375 0.5375 0.0953125 0.08125
0 0.43203125 0.8671875 0.134375 0.0984375
0 0.21953125 0.4453125 0.18125 0.14375
0 0.56875 0.0578125 0.103125 0.1109375
0 0.36640625 0.346875 0.1140625 0.125
0 0.1640625 0.53125 0.1203125 0.0953125
0 0.2109375 0.284375 0.1171875 0.115625
0 0.9140625 0.1796875 0.121875 0.1265625
0 0.43828125 0.5046875 0.128125 0.140625
0 0.796875 0.36171875 0.0703125 0.084375
0 0.940625 0.903125 0.1171875 0.146875
0 0.57734375 0.46796875 0.134375 0.1171875