0 0.66328125 0.95234375 0.0671875 0.0875
0 0.2515625 0.196875 0.0640625 0.0578125
0 0.115625 0.0703125 0.0375 0.0359375
0 0.48515625 0.4453125 0.0421875 0.053125
0 0.584375 0.55546875 0.090625 0.0890625
0 0.44375 0.8734375 0.090625 0.121875
0 0.446875 0.78203125 0.1015625 0.071875
0 0.83984375 0.809375 0.165625 0.1234375
0 0.6390625 0.1453125 0.084375 0.1046875
0 0.2734375 0.1046875 0.0515625 0.075
0 0.51953125 0.5921875 0.0703125 0.0921875
0 0.2984375 0.9578125 0.0640625 0.084375
0 0.840625 0.115625 0.040625 0.046875
0 0.28671875 0.415625 0.078125 0.06875
0 0.515625 0.16328125 0.0703125 0.090625
0 0.66640625 0.55234375 0.0515625 0.0578125
0 0.271875 0.9 0.0359375 0.034375
0 0.22265625 0.0328125 0.0828125 0.065625
0 0.65 0.8328125 0.1515625 0.1578125
0 0.603125 0.06015625 0.0828125 0.084375
0 0.9 0.0484375 0.0703125 0.0796875
0 0.43046875 0.55078125 0.078125 0.1234375
0 0.9359375 0.18203125 0.0828125 0.0609375
0 0.2671875 0.3296875 0.0703125 0.0875
0 0.228125 0.09765625 0.0515625 0.0578125
0 0.0484375 0.3578125 0.096875 0.1328125
0 0.54296875 0.7671875 0.0953125 0.075
0 0.8609375 0.6796875 0.1421875 0.1109375
0 0.12109375 0.62421875 0.11875 0.090625
0 0.4609375 0.66015625 0.0609375 0.0765625
0 0.0625 0.18359375 0.084375 0.0796875
0 0.753125 0.7 0.0953125 0.0953125
0 0.175 0.21640625 0.06875 0.065625
0 0.45625 0.728125 0.078125 0.059375
0 0.68125 0.08203125 0.05625 0.0703125
0 0.48671875 0.21953125 0.0671875 0.0625
0 0.34609375 0.559375 0.096875 0.0796875
0 0.42734375 0.8328125 0.059375 0.05
0 0.49921875 0.9203125 0.046875 0.0734375
0 0.4515625 0.03828125 0.0921875 0.0765625
0 0.61015625 0.46015625 0.065625 0.059375
0 0.3875 0.7515625 0.078125 0.0828125
0 0.8421875 0.94375 0.0796875 0.0640625
0 0.18203125 0.95625 0.0484375 0.0609375
0 0.86484375 0.5234375 0.090625 0.0765625
0 0.6671875 0.34921875 0.0734375 0.0515625
0 0.8859375 0.88359375 0.159375 0.090625
0 0.125 0.17890625 0.04375 0.0546875
0 0.53203125 0.375 0.090625 0.08125
0 0.165625 0.5015625 0.1203125 0.1
0 0.12265625 0.03046875 0.0453125 0.0515625
0 0.4953125 0.30703125 0.0578125 0.0609375
0 0.7234375 0.60625 0.0796875 0.0640625
0 0.271875 0.253125 0.0640625 0.0671875
0 0.08984375 0.55859375 0.1796875 0.16875
0 0.571875 0.2921875 0.05625 0.0625
0 0.771875 0.09921875 0.06875 0.0765625
0 0.46875 0.48515625 0.0796875 0.071875
0 0.89140625 0.45 0.0875 0.0828125
0 0.4765625 0.5484375 0.06875 0.08125
0 0.93984375 0.70703125 0.0484375 0.059375
0 0.57109375 0.178125 0.0953125 0.11875
0 0.946875 0.8484375 0.1046875 0.1546875
0 0.4390625 0.41796875 0.0671875 0.06875
0 0.10234375 0.2390625 0.0875 0.0640625
0 0.353125 0.30625 0.0875 0.0984375
0 0.3578125 0.17265625 0.071875 0.06875
0 0.7609375 0.88203125 0.0984375 0.1125
0 0.3390625 0.659375 0.0859375 0.1046875
0 0.21171875 0.271875 0.0640625 0.0546875
0 0.2265625 0.80546875 0.0828125 0.0859375
0 0.20703125 0.36171875 0.1109375 0.0921875
0 0.71171875 0.95078125 0.05625 0.0703125
0 0.0671875 0.053125 0.0484375 0.0578125
0 0.91640625 0.59609375 0.0828125 0.0953125
0 0.425 0.146875 0.1234375 0.15
0 0.5453125 0.45078125 0.0859375 0.0875
0 0.15 0.6921875 0.078125 0.0796875
0 0.04140625 0.9328125 0.0828125 0.0953125
0 0.3109375 0.79765625 0.115625 0.115625
0 0.175 0.0640625 0.06875 0.0796875
0 0.9546875 0.10390625 0.04375 0.04375
0 0.93203125 0.5203125 0.04375 0.0625
0 0.3546875 0.871875 0.0953125 0.084375
0 0.165625 0.7703125 0.125 0.115625
0 0.084375 0.78203125 0.075 0.0921875
0 0.0484375 0.11953125 0.0484375 0.06875
0 0.615625 0.5046875 0.071875 0.0546875
0 0.41796875 0.3125 0.053125 0.071875
0 0.0625 0.27109375 0.0671875 0.0625
0 0.41328125 0.63359375 0.0625 0.0484375
0 0.2171875 0.14765625 0.090625 0.0828125
0 0.96875 0.665625 0.0625 0.059375
0 0.56953125 0.9546875 0.084375 0.0890625
0 0.796875 0.54140625 0.05 0.0515625
0 0.859375 0.59375 0.0640625 0.059375
0 0.13828125 0.11171875 0.075 0.0796875
0 0.58984375 0.690625 0.0875 0.09375
0 0.35390625 0.234375 0.0828125 0.0484375
0 0.34375 0.4953125 0.071875 0.0625
0 0.11953125 0.3046875 0.096875 0.0921875
0 0.90078125 0.76015625 0.0984375 0.059375
0 0.36484375 0.4203125 0.103125 0.103125
0 0.8671875 0.34296875 0.11875 0.1125
0 0.0328125 0.446875 0.065625 0.053125
0 0.79296875 0.209375 0.115625 0.1421875
0 0.73046875 0.465625 0.1609375 0.15625
0 0.2953125 0.05078125 0.084375 0.0921875