0 0.121875 0.71015625 0.13125 0.0921875
0 0.3359375 0.79765625 0.0734375 0.0609375
0 0.3484375 0.54921875 0.109375 0.1
0 0.1296875 0.090625 0.1328125 0.1109375
0 0.5359375 0.59765625 0.078125 0.0953125
0 0.63515625 0.04375 0.0984375 0.0875
0 0.48984375 0.2078125 0.1140625 0.1078125
0 0.1171875 0.7875 0.1421875 0.1015625
0 0.11171875 0.634375 0.0765625 0.0625
0 0.5 0.94609375 0.0890625 0.0875
0 0.54921875 0.4890625 0.10625 0.1046875
0 0.1796875 0.89140625 0.10625 0.134375
0 0.75625 0.68046875 0.0875 0.090625
0 0.265625 0.06953125 0.084375 0.0984375
0 0.78125 0.8609375 0.0828125 0.1203125
0 0.825 0.703125 0.1234375 0.1453125
0 0.25390625 0.34375 0.0859375 0.0984375
0 0.45625 0.61328125 0.0953125 0.1140625
0 0.5 0.28359375 0.1109375 0.0984375
0 0.7921875 0.4296875 0.125 0.1625
0 0.0359375 0.728125 0.071875 0.1015625
0 0.27421875 0.596875 0.0875 0.1109375
0 0.7578125 0.06875 0.0984375 0.0953125
0 0.4234375 0.75625 0.1 0.1015625
0 0.05 0.6484375 0.084375 0.065625
0 0.35 0.2546875 0.084375 0.0734375
0 0.2953125 0.5125 0.053125 0.0546875
0 0.86796875 0.26015625 0.1578125 0.1265625
0 0.24609375 0.8578125 0.059375 0.0796875
0 0.67890625 0.91484375 0.0546875 0.0796875
0 0.615625 0.92890625 0.090625 0.1
0 0.04765625 0.8265625 0.0953125 0.1
0 0.0375 0.33984375 0.075 0.1
0 0.2734375 0.43984375 0.0671875 0.0828125
0 0.446875 0.5 0.09375 0.1078125
0 0.29765625 0.1640625 0.0890625 0.0953125
0 0.259375 0.790625 0.0953125 0.084375
0 0.5921875 0.125 0.0796875 0.1109375
0 0.05078125 0.52421875 0.1015625 0.1
0 0.08671875 0.3125 0.103125 0.0890625
0 0.53359375 0.03515625 0.1015625 0.0703125
0 0.93828125 0.9171875 0.109375 0.1296875
0 0.30078125 0.9390625 0.1390625 0.1140625
0 0.72265625 0.79140625 0.1046875 0.1265625
0 0.125 0.87109375 0.0796875 0.0921875
0 0.34453125 0.6671875 0.1359375 0.0984375
0 0.95546875 0.45390625 0.0875 0.08125
0 0.159375 0.13125 0.084375 0.0796875
0 0.2640625 0.25625 0.0921875 0.0921875
0 0.39609375 0.9421875 0.121875 0.084375
0 0.553125 0.78359375 0.134375 0.1515625
0 0.56953125 0.32890625 0.0859375 0.0984375
0 0.4984375 0.09296875 0.1046875 0.1265625
0 0.42578125 0.1296875 0.0875 0.1078125
0 0.934375 0.765625 0.0765625 0.075
0 0.87109375 0.58515625 0.128125 0.1171875
0 0.3984375 0.85390625 0.0890625 0.10625
0 0.05859375 0.15546875 0.1171875 0.0984375
0 0.48125 0.6828125 0.090625 0.075
0 0.0484375 0.88359375 0.0828125 0.053125
0 0.71171875 0.44765625 0.1375 0.1453125
0 0.7203125 0.134375 0.1125 0.1171875
0 0.03828125 0.9375 0.0765625 0.084375
0 0.30078125 0.06640625 0.071875 0.1140625
0 0.2140625 0.496875 0.1015625 0.1046875
0 0.9359375 0.83359375 0.103125 0.0921875
0 0.303125 0.86640625 0.084375 0.0875
0 0.3390625 0.44140625 0.1125 0.10625
0 0.63984375 0.24765625 0.1375 0.1421875
0 0.1546875 0.96171875 0.115625 0.0765625
0 0.31640625 0.3546875 0.0921875 0.0890625
0 0.84375 0.9078125 0.103125 0.14375
0 0.16875 0.4453125 0.0765625 0.06875
0 0.2203125 0.16015625 0.10625 0.1265625
0 0.48984375 0.8453125 0.1140625 0.1484375
0 0.1015625 0.58046875 0.078125 0.075
0 0.16875 0.234375 0.1109375 0.09375
0 0.07890625 0.23671875 0.071875 0.053125
0 0.18984375 0.3203125 0.0984375 0.0796875
0 0.365625 0.73203125 0.0609375 0.075
0 0.50390625 0.4078125 0.09375 0.0875
0 0.3234375 0.7484375 0.0515625 0.0640625
0 0.18828125 0.36328125 0.0484375 0.053125
0 0.44140625 0.37421875 0.06875 0.096875
0 0.87890625 0.36875 0.125 0.103125
0 0.5 0.34375 0.071875 0.0640625
0 0.21484375 0.415625 0.0640625 0.0671875
0 0.60625 0.85625 0.071875 0.0875
0 0.35859375 0.6125 0.0875 0.065625
0 0.85234375 0.1265625 0.1640625 0.19375
0 0.2375 0.71875 0.103125 0.1140625
0 0.109375 0.3921875 0.0796875 0.071875
0 0.1875 0.6234375 0.084375 0.1140625
0 0.85078125 0.46875 0.115625 0.1
0 0.08359375 0.459375 0.125 0.13125
0 0.66171875 0.8140625 0.078125 0.1265625
0 0.753125 0.5875 0.1375 0.1453125
0 0.72578125 0.9125 0.0828125 0.1109375
0 0.63125 0.55078125 0.1375 0.15