0 0.58125 0.8375 0.1390625 0.1453125
0 0.08515625 0.5984375 0.1703125 0.184375
0 0.8859375 0.4359375 0.225 0.20625
0 0.915625 0.1203125 0.1640625 0.178125
0 0.10546875 0.74296875 0.2109375 0.2359375
0 0.21328125 0.209375 0.1609375 0.209375
0 0.33984375 0.26328125 0.1703125 0.1875
0 0.8765625 0.73203125 0.228125 0.1625
0 0.859375 0.5921875 0.2390625 0.1453125
0 0.09296875 0.35703125 0.1453125 0.165625
0 0.8359375 0.071875 0.253125 0.14375
0 0.76171875 0.76171875 0.2015625 0.240625
0 0.67578125 0.9046875 0.1359375 0.1609375
0 0.42734375 0.65859375 0.1453125 0.1734375
0 0.37890625 0.06484375 0.1109375 0.1296875
0 0.434375 0.41953125 0.1046875 0.1609375
0 0.94453125 0.56640625 0.109375 0.1078125
0 0.39765625 0.18046875 0.071875 0.0921875
0 0.35390625 0.4109375 0.090625 0.1203125
0 0.48515625 0.2125 0.1734375 0.271875
0 0.25 0.08125 0.1875 0.1625
0 0.36328125 0.921875 0.19375 0.1546875
0 0.56953125 0.9359375 0.1234375 0.121875
0 0.58671875 0.67421875 0.2453125 0.2515625
0 0.06171875 0.2375 0.1234375 0.13125
0 0.79765625 0.23515625 0.24375 0.246875
0 0.74921875 0.93203125 0.146875 0.1328125
0 0.90390625 0.890625 0.190625 0.215625
0 0.7328125 0.390625 0.1390625 0.103125
0 0.4578125 0.78984375 0.1796875 0.190625
0 0.1875 0.81796875 0.2125 0.23125
0 0.92109375 0.2890625 0.15625 0.153125
0 0.3453125 0.796875 0.1265625 0.1484375
0 0.3 0.490625 0.171875 0.1765625
0 0.2078125 0.93203125 0.1671875 0.134375
0 0.615625 0.090625 0.23125 0.18125
0 0.20703125 0.4203125 0.225 0.2515625
0 0.6828125 0.21875 0.115625 0.153125
0 0.11875 0.20078125 0.090625 0.146875
0 0.08046875 0.065625 0.13125 0.13125