0 0.53828125 0.94609375 0.103125 0.1
0 0.05625 0.0921875 0.103125 0.0765625
0 0.30625 0.515625 0.115625 0.09375
0 0.34765625 0.43125 0.0921875 0.1171875
0 0.36953125 0.1328125 0.2015625 0.1515625
0 0.6265625 0.58671875 0.1390625 0.11875
0 0.51640625 0.8859375 0.090625 0.0734375
0 0.38359375 0.75390625 0.0921875 0.1234375
0 0.2921875 0.2015625 0.1390625 0.1546875
0 0.21015625 0.3390625 0.1234375 0.1140625
0 0.134375 0.19609375 0.1703125 0.19375
0 0.67578125 0.92265625 0.1265625 0.1546875
0 0.3359375 0.83203125 0.103125 0.065625
0 0.8375 0.06640625 0.1359375 0.109375
0 0.53984375 0.43984375 0.14375 0.1140625
0 0.434375 0.47421875 0.109375 0.1109375
0 0.24296875 0.940625 0.103125 0.109375
0 0.04921875 0.6 0.0859375 0.1078125
0 0.240625 0.06328125 0.14375 0.1265625
0 0.19375 0.45 0.1515625 0.1640625
0 0.07421875 0.88671875 0.1390625 0.1984375
0 0.60859375 0.865625 0.0953125 0.1140625
0 0.10546875 0.6546875 0.1078125 0.15
0 0.14453125 0.521875 0.134375 0.11875
0 0.5953125 0.49609375 0.15625 0.1109375
0 0.40703125 0.2578125 0.1453125 0.1421875
0 0.309375 0.596875 0.1 0.1
0 0.4171875 0.8421875 0.09375 0.0953125
0 0.4375 0.3109375 0.0859375 0.1109375
0 0.49140625 0.6890625 0.1109375 0.115625
0 0.38046875 0.9265625 0.1921875 0.146875
0 0.0578125 0.48046875 0.115625 0.1328125
0 0.21328125 0.22265625 0.0765625 0.1
0 0.3046875 0.73125 0.1109375 0.128125
0 0.68515625 0.796875 0.159375 0.1078125
0 0.52890625 0.7953125 0.1296875 0.121875
0 0.290625 0.36484375 0.1140625 0.109375
0 0.5140625 0.56953125 0.1109375 0.1125
0 0.6484375 0.70390625 0.196875 0.1421875
0 0.20859375 0.85390625 0.1390625 0.13125
0 0.4546875 0.746875 0.075 0.09375
0 0.2171875 0.634375 0.159375 0.1875
0 0.159375 0.7734375 0.0984375 0.0953125