0 0.8125 0.35703125 0.128125 0.1296875
0 0.8 0.07421875 0.11875 0.1484375
0 0.078125 0.17265625 0.15625 0.2359375
0 0.87265625 0.08046875 0.10625 0.103125
0 0.88828125 0.18671875 0.221875 0.2578125
0 0.58515625 0.07109375 0.1140625 0.1421875
0 0.303125 0.8875 0.184375 0.1890625
0 0.878125 0.8359375 0.1703125 0.246875
0 0.6359375 0.725 0.1390625 0.2015625
0 0.73671875 0.84140625 0.1625 0.1640625
0 0.5375 0.19375 0.1515625 0.215625
0 0.425 0.92421875 0.140625 0.15
0 0.4265625 0.1765625 0.1390625 0.146875
0 0.4359375 0.0703125 0.1828125 0.140625
0 0.49453125 0.4265625 0.2640625 0.1828125
0 0.66640625 0.2359375 0.2171875 0.2359375
0 0.7828125 0.48828125 0.1390625 0.1234375
0 0.23359375 0.66796875 0.3140625 0.33125
0 0.41875 0.303125 0.2078125 0.146875
0 0.49765625 0.6421875 0.165625 0.190625
0 0.1703125 0.8765625 0.18125 0.2375
0 0.725 0.40546875 0.1484375 0.1703125
0 0.89921875 0.4390625 0.1234375 0.115625
0 0.58046875 0.8234375 0.1578125 0.2
0 0.4125 0.72578125 0.165625 0.175