0 0.12578125 0.31953125 0.15 0.146875
0 0.71640625 0.07578125 0.121875 0.1515625
0 0.10234375 0.92734375 0.1390625 0.1421875
0 0.78984375 0.8078125 0.2328125 0.178125
0 0.21875 0.41015625 0.18125 0.1796875
0 0.57265625 0.40625 0.184375 0.1859375
0 0.35234375 0.45859375 0.1625 0.1875
0 0.46640625 0.2203125 0.153125 0.2078125
0 0.92421875 0.078125 0.15 0.15625
0 0.26171875 0.76328125 0.19375 0.1828125
0 0.9265625 0.275 0.146875 0.25
0 0.7640625 0.22890625 0.2125 0.18125
0 0.44921875 0.4375 0.1625 0.1875
0 0.79921875 0.6625 0.1734375 0.1625
0 0.63125 0.61328125 0.2046875 0.2328125
0 0.4984375 0.9078125 0.16875 0.1828125
0 0.13125 0.48984375 0.153125 0.1296875
0 0.60546875 0.0671875 0.1078125 0.134375
0 0.63046875 0.87109375 0.1609375 0.2390625
0 0.89296875 0.41015625 0.121875 0.121875
0 0.1953125 0.853125 0.19375 0.1578125
0 0.75546875 0.50625 0.190625 0.1390625
0 0.5671875 0.165625 0.1015625 0.140625
0 0.2421875 0.5609375 0.1328125 0.146875
0 0.3453125 0.07578125 0.1578125 0.1515625
0 0.85703125 0.57265625 0.1546875 0.1359375
0 0.8140625 0.075 0.1453125 0.146875
0 0.7671875 0.38828125 0.175 0.134375
0 0.484375 0.06640625 0.1546875 0.1328125
0 0.27734375 0.215625 0.203125 0.2484375
0 0.46484375 0.7796875 0.1796875 0.1625
0 0.1046875 0.62734375 0.209375 0.1984375
0 0.36875 0.63671875 0.178125 0.18125
0 0.6015625 0.29609375 0.140625 0.1328125