0 0.703125 0.8 0.075 0.096875
0 0.65625 0.90234375 0.09375 0.11875
0 0.60390625 0.07734375 0.0640625 0.090625
0 0.10234375 0.953125 0.0921875 0.0921875
0 0.45859375 0.52109375 0.084375 0.0859375
0 0.88984375 0.82109375 0.2171875 0.1828125
0 0.521875 0.3765625 0.13125 0.1109375
0 0.06484375 0.6578125 0.1296875 0.159375
0 0.2515625 0.85234375 0.1015625 0.0953125
0 0.40625 0.57421875 0.071875 0.065625
0 0.50625 0.465625 0.065625 0.065625
0 0.39296875 0.44921875 0.125 0.1171875
0 0.41171875 0.74609375 0.15625 0.15
0 0.7375 0.4625 0.0765625 0.078125
0 0.846875 0.953125 0.115625 0.0921875
0 0.06640625 0.5328125 0.1328125 0.153125
0 0.58203125 0.459375 0.1296875 0.0859375
0 0.30390625 0.625 0.14375 0.1078125
0 0.30625 0.10078125 0.1078125 0.1421875
0 0.9125 0.6578125 0.1046875 0.1046875
0 0.196875 0.07890625 0.11875 0.1578125
0 0.77265625 0.7375 0.06875 0.0796875
0 0.28671875 0.34921875 0.1296875 0.121875
0 0.65234375 0.7859375 0.059375 0.071875
0 0.5796875 0.0296875 0.0984375 0.059375
0 0.63515625 0.390625 0.1265625 0.1125
0 0.9765625 0.3921875 0.046875 0.046875
0 0.34140625 0.834375 0.109375 0.1046875
0 0.115625 0.20390625 0.23125 0.234375
0 0.58046875 0.5546875 0.134375 0.109375
0 0.43203125 0.1296875 0.2 0.2234375
0 0.96171875 0.465625 0.0765625 0.103125
0 0.878125 0.51796875 0.16875 0.15625
0 0.803125 0.86171875 0.084375 0.0921875
0 0.715625 0.5234375 0.1015625 0.10625
0 0.94765625 0.334375 0.0625 0.0765625
0 0.0375 0.890625 0.0703125 0.0875
0 0.909375 0.415625 0.0890625 0.075
0 0.50546875 0.259375 0.1 0.1
0 0.88125 0.34140625 0.0921875 0.0765625
0 0.52421875 0.9390625 0.1203125 0.121875
0 0.55859375 0.73515625 0.165625 0.2015625
0 0.11484375 0.725 0.1140625 0.121875
0 0.18828125 0.5078125 0.1359375 0.15
0 0.74453125 0.77734375 0.0671875 0.0859375
0 0.903125 0.12890625 0.1078125 0.1375
0 0.71875 0.2109375 0.0671875 0.0703125
0 0.69921875 0.125 0.1328125 0.1328125
0 0.7328125 0.95625 0.11875 0.084375
0 0.19296875 0.678125 0.134375 0.1
0 0.81328125 0.15625 0.0890625 0.1109375