0 0.6183296783625731 0.8889802631578947 0.15953947368421054 0.17955043859649122
0 0.4727704678362573 0.8630756578947368 0.0758406432748538 0.15570175438596492
0 0.4933296783625731 0.5130208333333334 0.1116593567251462 0.15762061403508773
0 0.4894005847953216 0.3393640350877193 0.10105994152046784 0.15762061403508773
0 0.4720394736842105 0.16488486842105263 0.0983187134502924 0.13952850877192982
0 0.6449195906432749 0.14597039473684212 0.12225877192982457 0.23739035087719298
0 0.8177997076023392 0.16488486842105263 0.07711988304093567 0.14364035087719298
0 0.9168494152046783 0.15995065789473684 0.16630116959064328 0.21354166666666666
0 0.8959247076023392 0.4061129385964912 0.20815058479532164 0.21984649122807018
0 0.8736293859649122 0.6186951754385965 0.25274122807017546 0.20531798245614036
0 0.22669956140350878 0.32140899122807015 0.13687865497076024 0.12966008771929824
0 0.08379020467836257 0.5897752192982456 0.16758040935672514 0.15158991228070176
0 0.1695906432748538 0.5429002192982456 0.10508040935672515 0.1137609649122807
0 0.2320906432748538 0.4799890350877193 0.09703947368421052 0.14364035087719298
0 0.24862938596491227 0.40926535087719296 0.13304093567251463 0.08580043859649122
0 0.06186038011695907 0.4850603070175439 0.11038011695906433 0.08963815789473684
0 0.14629020467836257 0.4342105263157895 0.07711988304093567 0.11156798245614036
0 0.10370979532163743 0.16488486842105263 0.1383406432748538 0.2275219298245614
0 0.25237573099415206 0.7227247807017544 0.04294590643274854 0.0825109649122807