0 0.09512061403508772 0.03262061403508772 0.07054093567251463 0.06524122807017543
0 0.6980994152046783 0.07442434210526316 0.10105994152046784 0.14884868421052633
0 0.5730994152046783 0.0893640350877193 0.13304093567251463 0.1787280701754386
0 0.08845029239766082 0.34841008771929827 0.13687865497076024 0.08388157894736842
0 0.375 0.3444353070175439 0.09576023391812866 0.09978070175438597
0 0.3736293859649123 0.4510690789473684 0.10635964912280702 0.09786184210526316
0 0.38898026315789475 0.6016995614035088 0.11567982456140351 0.16748903508771928
0 0.7945906432748538 0.8231907894736842 0.1076388888888889 0.11156798245614036
0 0.6130299707602339 0.9274945175438597 0.11970029239766082 0.14501096491228072
0 0.843110380116959 0.6536458333333334 0.1383406432748538 0.21929824561403508
0 0.8983004385964912 0.4869791666666667 0.06779970760233918 0.09786184210526316
0 0.8975694444444444 0.06853070175438597 0.0983187134502924 0.13706140350877194
0 0.9642726608187134 0.3268914473684211 0.0714546783625731 0.09703947368421052
0 0.9782529239766082 0.24780701754385964 0.04349415204678363 0.0625
0 0.9184027777777778 0.2109375 0.05317982456140351 0.09649122807017543
0 0.9634502923976608 0.1356907894736842 0.07309941520467836 0.14830043859649122
0 0.9782529239766082 0.0268640350877193 0.04349415204678363 0.0537280701754386
0 0.762609649122807 0.9719024122807017 0.08205409356725146 0.05619517543859649
0 0.13742690058479531 0.21614583333333334 0.13468567251461988 0.18009868421052633
0 0.329312865497076 0.24547697368421054 0.11787280701754387 0.15487938596491227
0 0.2652595029239766 0.08621162280701754 0.1387061403508772 0.1543311403508772
0 0.24131944444444445 0.24246162280701755 0.10142543859649122 0.19270833333333334