0 0.3656798245614035 0.07510964912280702 0.06907894736842106 0.11759868421052631
0 0.624360380116959 0.3085252192982456 0.11038011695906433 0.1894188596491228
0 0.9182200292397661 0.7432839912280702 0.16355994152046785 0.3730811403508772
0 0.8025402046783626 0.8961074561403509 0.19554093567251463 0.20778508771929824
0 0.5465095029239766 0.6415844298245614 0.1701388888888889 0.3012609649122807
0 0.41154970760233917 0.6067708333333334 0.09978070175438597 0.3111293859649123
0 0.17754020467836257 0.8260690789473685 0.07839912280701754 0.11156798245614036
0 0.27923976608187134 0.6177357456140351 0.14089912280701755 0.28536184210526316
0 0.07118055555555555 0.5858004385964912 0.1423611111111111 0.2574013157894737
0 0.17351973684210525 0.6117050438596491 0.06779970760233918 0.28536184210526316
0 0.18019005847953215 0.359375 0.06779970760233918 0.07182017543859649
0 0.9734100877192983 0.5158991228070176 0.05317982456140351 0.06990131578947369
0 0.762609649122807 0.3852796052631579 0.0891812865497076 0.16365131578947367
0 0.6270102339181286 0.8999451754385965 0.08114035087719298 0.12774122807017543
0 0.16684941520467836 0.9588815789473685 0.09978070175438597 0.08223684210526316
0 0.07044956140350878 0.9727247807017544 0.04788011695906433 0.0537280701754386
0 0.1116593567251462 0.7593201754385965 0.023940058479532164 0.03782894736842105
0 0.03125 0.41721491228070173 0.0625 0.07593201754385964
0 0.07775950292397661 0.4192708333333333 0.05975877192982456 0.07593201754385964
0 0.16419956140350878 0.4291392543859649 0.08369883040935673 0.08388157894736842
0 0.25201023391812866 0.4211896929824561 0.0891812865497076 0.0956688596491228
0 0.31313961988304095 0.37733004385964913 0.07309941520467836 0.10773026315789473
0 0.4022295321637427 0.41721491228070173 0.0758406432748538 0.10361842105263158
0 0.9102704678362573 0.46408991228070173 0.0758406432748538 0.08963815789473684
0 0.5013706140350878 0.4281798245614035 0.09301900584795321 0.09375