0 0.14226973684210525 0.3423793859649123 0.11695906432748537 0.13760964912280702
0 0.2240497076023392 0.2147752192982456 0.1023391812865497 0.10169956140350878
0 0.2380299707602339 0.09703947368421052 0.0983187134502924 0.12966008771929824
0 0.7865497076023392 0.15789473684210525 0.15826023391812866 0.23547149122807018
0 0.799890350877193 0.6107456140350878 0.23812134502923976 0.2793311403508772
0 0.9162097953216374 0.2915296052631579 0.06377923976608187 0.11979166666666667
0 0.6276498538011696 0.6835252192982456 0.06377923976608187 0.09375
0 0.2507309941520468 0.4251644736842105 0.028143274853801168 0.05180921052631579
0 0.022569444444444444 0.6007401315789473 0.04513888888888889 0.07182017543859649
0 0.7984283625730995 0.39089912280701755 0.1251827485380117 0.14967105263157895
0 0.8117690058479532 0.8663651315789473 0.11860380116959064 0.17297149122807018