0 0.9390533625730995 0.08072916666666667 0.11458333333333333 0.14665570175438597
0 0.9221491228070176 0.24067982456140352 0.14327485380116958 0.2225877192982456
0 0.6483004385964912 0.06112938596491228 0.04239766081871345 0.078125
0 0.3624817251461988 0.052220394736842105 0.029605263157894735 0.03728070175438596
0 0.0939327485380117 0.16968201754385964 0.044042397660818716 0.044956140350877194
0 0.17114400584795322 0.17447916666666666 0.07236842105263158 0.0956688596491228
0 0.264437134502924 0.12924890350877194 0.1032529239766082 0.13596491228070176
0 0.056926169590643276 0.31277412280701755 0.11385233918128655 0.13815789473684212
0 0.05555555555555555 0.7416392543859649 0.1111111111111111 0.1581688596491228
0 0.6472953216374269 0.9484649122807017 0.06926169590643275 0.10307017543859649
0 0.7201206140350878 0.8053728070175439 0.07492690058479533 0.13404605263157895
0 0.759046052631579 0.9194078947368421 0.031432748538011694 0.05317982456140351
0 0.6866776315789473 0.6104714912280702 0.04093567251461988 0.052083333333333336
0 0.22012061403508773 0.4780701754385965 0.06030701754385965 0.07785087719298246
0 0.0714546783625731 0.5197368421052632 0.1429093567251462 0.27247807017543857
0 0.05656067251461988 0.9510690789473685 0.10160818713450293 0.09786184210526316
0 0.8285818713450293 0.5334429824561403 0.03983918128654971 0.04742324561403509
0 0.7779605263157895 0.15844298245614036 0.20833333333333334 0.3168859649122807
0 0.9071637426900585 0.9187225877192983 0.18567251461988304 0.16255482456140352
0 0.6101059941520468 0.7372532894736842 0.033625730994152045 0.046600877192982455