0 0.8823099415204678 0.6166392543859649 0.1023391812865497 0.1337719298245614
0 0.6875 0.6646107456140351 0.0983187134502924 0.16968201754385964
0 0.5604897660818714 0.6196546052631579 0.1290204678362573 0.16748903508771928
0 0.9407894736842105 0.7234100877192983 0.11842105263157894 0.17160087719298245
0 0.9787097953216374 0.5587993421052632 0.04258040935672515 0.11759868421052631
0 0.9594298245614035 0.8630756578947368 0.08114035087719298 0.1474780701754386
0 0.36504020467836257 0.9295504385964912 0.12627923976608188 0.14089912280701755
0 0.10434941520467836 0.8500548245614035 0.13432017543859648 0.18146929824561403
0 0.2666301169590643 0.8220942982456141 0.1741593567251462 0.24945175438596492
0 0.0691703216374269 0.5888157894736842 0.06377923976608187 0.07785087719298246
0 0.20476973684210525 0.5927905701754386 0.031980994152046784 0.057839912280701754
0 0.15487938596491227 0.3374451754385965 0.08369883040935673 0.10964912280701754
0 0.5152595029239766 0.3813048245614035 0.08114035087719298 0.14172149122807018
0 0.7134502923976608 0.40131578947368424 0.05720029239766082 0.09786184210526316
0 0.518640350877193 0.07949561403508772 0.10635964912280702 0.15899122807017543
0 0.051900584795321635 0.9407894736842105 0.10380116959064327 0.08771929824561403
0 0.8496893274853801 0.3873355263157895 0.05847953216374269 0.0737390350877193
0 0.6043494152046783 0.3913103070175439 0.0491593567251462 0.06578947368421052
0 0.26726973684210525 0.37335526315789475 0.0851608187134503 0.10964912280701754
0 0.05847953216374269 0.34841008771929827 0.0851608187134503 0.11567982456140351
0 0.7832602339181286 0.04358552631578947 0.06652046783625731 0.08717105263157894