0 0.8969298245614035 0.2236842105263158 0.13432017543859648 0.16557017543859648
0 0.9202302631578947 0.09512061403508772 0.14619883040935672 0.15570175438596492
0 0.8816703216374269 0.05455043859649123 0.14364035087719298 0.10910087719298246
0 0.6968201754385965 0.5518092105263158 0.11440058479532164 0.1875
0 0.5718201754385965 0.5228892543859649 0.14894005847953215 0.16145833333333334
0 0.9740497076023392 0.8111293859649122 0.051900584795321635 0.11979166666666667
0 0.37563961988304095 0.5678453947368421 0.09978070175438597 0.11979166666666667
0 0.26864035087719296 0.3344298245614035 0.12225877192982457 0.13157894736842105
0 0.3782894736842105 0.11705043859649122 0.07309941520467836 0.11156798245614036
0 0.4208698830409357 0.03358004385964912 0.10508040935672515 0.06716008771929824
0 0.2991593567251462 0.4790296052631579 0.14089912280701755 0.12171052631578948
0 0.26133040935672514 0.6266447368421053 0.1023391812865497 0.1137609649122807
0 0.7300804093567251 0.7961896929824561 0.08771929824561403 0.12171052631578948
0 0.637609649122807 0.7901589912280702 0.051900584795321635 0.06578947368421052
0 0.531889619883041 0.7922149122807017 0.06377923976608187 0.08168859649122807
0 0.22139985380116958 0.9125548245614035 0.20339912280701755 0.17489035087719298
0 0.9388706140350878 0.32442434210526316 0.12225877192982457 0.12774122807017543
0 0.9594298245614035 0.4331140350877193 0.08114035087719298 0.12554824561403508