0 0.531889619883041 0.9418859649122807 0.06377923976608187 0.10964912280701754
0 0.7420504385964912 0.9444901315789473 0.0983187134502924 0.11101973684210527
0 0.1915204678362573 0.041529605263157895 0.0798611111111111 0.08305921052631579
0 0.9527595029239766 0.5627741228070176 0.09448099415204679 0.26535087719298245
0 0.8942799707602339 0.38829495614035087 0.12372076023391813 0.15158991228070176
0 0.9009502923976608 0.27754934210526316 0.12372076023391813 0.08963815789473684
0 0.8889802631578947 0.15090460526315788 0.1290204678362573 0.17955043859649122
0 0.4281798245614035 0.09210526315789473 0.15423976608187134 0.14967105263157895
0 0.3709795321637427 0.2635690789473684 0.07437865497076024 0.09375
0 0.2706505847953216 0.4850603070175439 0.12097953216374269 0.1337719298245614
0 0.3184393274853801 0.6007401315789473 0.11312134502923976 0.21737938596491227
0 0.24533991228070176 0.7723410087719298 0.09978070175438597 0.1137609649122807
0 0.36101973684210525 0.7184758771929824 0.09448099415204679 0.10964912280701754
0 0.5505299707602339 0.6685855263157895 0.14089912280701755 0.16557017543859648
0 0.6915204678362573 0.7064144736842105 0.1383406432748538 0.18146929824561403