0 0.034173976608187134 0.4727247807017544 0.05317982456140351 0.06469298245614036
0 0.1703216374269006 0.2902960526315789 0.12408625730994152 0.15953947368421054
0 0.34384137426900585 0.3958333333333333 0.1076388888888889 0.1444627192982456
0 0.32419590643274854 0.5453673245614035 0.09137426900584796 0.13157894736842105
0 0.981999269005848 0.6535087719298246 0.0360014619883041 0.14501096491228072
0 0.9913194444444444 0.11951754385964912 0.017361111111111112 0.04413377192982456
0 0.5932017543859649 0.14830043859649122 0.02905701754385965 0.0556469298245614
0 0.21747076023391812 0.07291666666666667 0.03527046783625731 0.06743421052631579
0 0.19535818713450293 0.1025219298245614 0.04203216374269006 0.05455043859649123
0 0.18119517543859648 0.4505208333333333 0.18658625730994152 0.25603070175438597
0 0.13404605263157895 0.6048519736842105 0.03983918128654971 0.04276315789473684
0 0.26096491228070173 0.626233552631579 0.031432748538011694 0.052083333333333336
0 0.04788011695906433 0.5893640350877193 0.02101608187134503 0.031524122807017545
0 0.03344298245614035 0.04961622807017544 0.054276315789473686 0.06880482456140351
0 0.4576937134502924 0.18763706140350878 0.02887426900584795 0.049890350877192985
0 0.6770833333333334 0.04797149122807018 0.02284356725146199 0.05317982456140351
0 0.31505847953216376 0.8725328947368421 0.027412280701754384 0.05646929824561404
0 0.4807200292397661 0.5079495614035088 0.21144005847953215 0.31524122807017546