0 0.9121893274853801 0.8101699561403509 0.1516812865497076 0.2294407894736842
0 0.7759502923976608 0.7653508771929824 0.13157894736842105 0.17160087719298245
0 0.5645102339181286 0.8201754385964912 0.09173976608187134 0.10581140350877193
0 0.5032894736842105 0.7254660087719298 0.13432017543859648 0.13157894736842105
0 0.43951023391812866 0.8619791666666666 0.11312134502923976 0.12554824561403508
0 0.46345029239766083 0.5837445175438597 0.13687865497076024 0.13952850877192982
0 0.5844298245614035 0.36540570175438597 0.09173976608187134 0.08963815789473684
0 0.637609649122807 0.19188596491228072 0.15826023391812866 0.19736842105263158
0 0.6611842105263158 0.0381030701754386 0.1070906432748538 0.0762061403508772
0 0.40040204678362573 0.21847587719298245 0.12554824561403508 0.1162280701754386
0 0.40003654970760233 0.11266447368421052 0.1070906432748538 0.08634868421052631
0 0.11193347953216375 0.8090734649122807 0.08644005847953216 0.1074561403508772
0 0.043951023391812866 0.8274396929824561 0.0849780701754386 0.08634868421052631
0 0.09850146198830409 0.9354440789473685 0.10087719298245613 0.12911184210526316
0 0.022021198830409358 0.8956962719298246 0.044042397660818716 0.06085526315789474
0 0.2584978070175439 0.1299342105263158 0.059941520467836254 0.09457236842105263
0 0.2235014619883041 0.046875 0.0445906432748538 0.05016447368421053
0 0.14016812865497075 0.05400219298245614 0.0668859649122807 0.09512061403508772