0 0.18037280701754385 0.8442982456140351 0.057931286549707604 0.06962719298245613
0 0.2746710526315789 0.8429276315789473 0.06725146198830409 0.06907894736842106
0 0.08406432748538012 0.6757127192982456 0.16812865497076024 0.34100877192982454
0 0.9553179824561403 0.7948190789473685 0.0893640350877193 0.25219298245614036
0 0.9203216374269005 0.9022752192982456 0.027046783625730993 0.04111842105263158
0 0.7112573099415205 0.8848684210526315 0.038559941520467836 0.03728070175438596
0 0.6221673976608187 0.8867872807017544 0.03728070175438596 0.05016447368421053
0 0.6022478070175439 0.7648026315789473 0.11842105263157894 0.16913377192982457
0 0.6955409356725146 0.7194353070175439 0.07419590643274854 0.12746710526315788
0 0.8114035087719298 0.5518092105263158 0.10946637426900585 0.1524122807017544
0 0.921235380116959 0.5409813596491229 0.06140350877192982 0.09320175438596491
0 0.8053728070175439 0.28618421052631576 0.2277046783625731 0.3031798245614035
0 0.8045504385964912 0.08758223684210527 0.1248172514619883 0.09457236842105263
0 0.16684941520467836 0.0771655701754386 0.10288742690058479 0.1543311403508772
0 0.055738304093567254 0.3340186403508772 0.04806286549707602 0.04303728070175439
0 0.2738486842105263 0.1680372807017544 0.023574561403508772 0.04961622807017544
0 0.9042397660818714 0.039473684210526314 0.06432748538011696 0.07894736842105263
0 0.6362390350877193 0.38048245614035087 0.052448830409356724 0.08963815789473684