0 0.3782894736842105 0.15995065789473684 0.07839912280701754 0.1337719298245614
0 0.2838998538011696 0.14501096491228072 0.1076388888888889 0.1875
0 0.6276498538011696 0.14898574561403508 0.10105994152046784 0.15158991228070176
0 0.9454495614035088 0.2177905701754386 0.10910087719298246 0.1337719298245614
0 0.7985197368421053 0.5648300438596491 0.12097953216374269 0.16968201754385964
0 0.9076206140350878 0.5797697368421053 0.11567982456140351 0.15158991228070176
0 0.7885599415204678 0.7304002192982456 0.0851608187134503 0.10169956140350878
0 0.7094298245614035 0.6765350877192983 0.043859649122807015 0.09375
0 0.6735197368421053 0.5657894736842105 0.1423611111111111 0.23135964912280702
0 0.5951206140350878 0.7114857456140351 0.06779970760233918 0.0918311403508772
0 0.42351973684210525 0.9135142543859649 0.12372076023391813 0.17297149122807018
0 0.42754020467836257 0.7961896929824561 0.08114035087719298 0.09786184210526316
0 0.6834795321637427 0.8460800438596491 0.2101608187134503 0.2733004385964912
0 0.8358004385964912 0.8686951754385965 0.09173976608187134 0.26260964912280704
0 0.9508406432748538 0.8766447368421053 0.0983187134502924 0.24671052631578946
0 0.956140350877193 0.7054550438596491 0.08771929824561403 0.11979166666666667
0 0.9894005847953217 0.5708607456140351 0.021198830409356724 0.12966008771929824
0 0.5797697368421053 0.5518092105263158 0.14089912280701755 0.24342105263157895
0 0.8125 0.30550986842105265 0.07437865497076024 0.09786184210526316
0 0.40625 0.021655701754385966 0.07309941520467836 0.04331140350877193
0 0.23940058479532164 0.5737390350877193 0.09576023391812866 0.11567982456140351
0 0.20010964912280702 0.1758497807017544 0.051900584795321635 0.08580043859649122
0 0.23135964912280702 0.04756030701754386 0.06907894736842106 0.09512061403508772
0 0.1602704678362573 0.028645833333333332 0.05445906432748538 0.057291666666666664