0 0.16684941520467836 0.9569627192982456 0.09703947368421052 0.08607456140350878
0 0.6144005847953217 0.9779331140350878 0.06907894736842106 0.04413377192982456
0 0.10105994152046784 0.8959703947368421 0.029239766081871343 0.03179824561403509
0 0.019919590643274854 0.5529057017543859 0.03983918128654971 0.09978070175438597
0 0.05921052631578947 0.549890350877193 0.05720029239766082 0.08168859649122807
0 0.10836988304093567 0.5368695175438597 0.046600877192982455 0.07182017543859649
0 0.15487938596491227 0.5508497807017544 0.07054093567251463 0.0918311403508772
0 0.23601973684210525 0.5289199561403509 0.08114035087719298 0.09978070175438597
0 0.3051900584795322 0.503015350877193 0.07309941520467836 0.11979166666666667
0 0.40095029239766083 0.5478344298245614 0.0891812865497076 0.08580043859649122
0 0.6197002923976608 0.41817434210526316 0.11695906432748537 0.15350877192982457
0 0.9115497076023392 0.5867598684210527 0.07839912280701754 0.05975877192982456
0 0.768640350877193 0.5200109649122807 0.08771929824561403 0.16557017543859648
0 0.49470029239766083 0.5601699561403509 0.0851608187134503 0.11266447368421052
0 0.6188779239766082 0.2720668859649123 0.07182017543859649 0.12828947368421054
0 0.6149488304093568 0.12733004385964913 0.08625730994152046 0.13212719298245615
0 0.5894554093567251 0.18037280701754385 0.025219298245614034 0.04851973684210526
0 0.5786732456140351 0.32648026315789475 0.02448830409356725 0.03344298245614035
0 0.7488121345029239 0.023163377192982455 0.04422514619883041 0.04632675438596491
0 0.6943530701754386 0.7335526315789473 0.05171783625730994 0.06524122807017543
0 0.787828947368421 0.9692982456140351 0.1610014619883041 0.06140350877192982
0 0.8979349415204678 0.8510142543859649 0.12390350877192982 0.29797149122807015
0 0.7177448830409356 0.44024122807017546 0.07182017543859649 0.1181469298245614
0 0.36366959064327486 0.18448464912280702 0.06323099415204679 0.11540570175438597
0 0.008406432748538011 0.8841831140350878 0.016812865497076022 0.13048245614035087
0 0.009502923976608187 0.7044956140350878 0.019005847953216373 0.15049342105263158
0 0.0783077485380117 0.7229989035087719 0.11220760233918128 0.25027412280701755
0 0.555281432748538 0.7739857456140351 0.15734649122807018 0.30783991228070173
0 0.4283625730994152 0.7985197368421053 0.08625730994152046 0.23601973684210525
0 0.42123538011695905 0.6300712719298246 0.1027046783625731 0.08580043859649122
0 0.21281067251461988 0.7291666666666666 0.14455409356725146 0.25603070175438597
0 0.3336988304093567 0.7408168859649122 0.09667397660818713 0.3105811403508772
0 0.17772295321637427 0.8825383771929824 0.0851608187134503 0.055098684210526314
0 0.7125365497076024 0.32730263157894735 0.06944444444444445 0.10032894736842106