0 0.6788194444444444 0.2138157894736842 0.1290204678362573 0.2733004385964912
0 0.8104897660818714 0.23766447368421054 0.15551900584795322 0.20531798245614036
0 0.9334795321637427 0.22080592105263158 0.0983187134502924 0.17160087719298245
0 0.799890350877193 0.40323464912280704 0.07839912280701754 0.12171052631578948
0 0.6483918128654971 0.8241502192982456 0.17964181286549707 0.23327850877192982
0 0.6037097953216374 0.3833607456140351 0.06377923976608187 0.08963815789473684
0 0.4342105263157895 0.4869791666666667 0.09173976608187134 0.11759868421052631
0 0.4541301169590643 0.6555646929824561 0.12627923976608188 0.19956140350877194
0 0.45010964912280704 0.8181195175438597 0.0891812865497076 0.10964912280701754
0 0.46902412280701755 0.9372258771929824 0.10124269005847954 0.12554824561403508
0 0.7997076023391813 0.8547149122807017 0.11896929824561403 0.19791666666666666
0 0.9261695906432749 0.8819901315789473 0.1476608187134503 0.23601973684210525
0 0.8389985380116959 0.9809484649122807 0.06578947368421052 0.0381030701754386
0 0.9788925438596491 0.3885690789473684 0.042214912280701754 0.1513157894736842
0 0.8859649122807017 0.5941611842105263 0.22807017543859648 0.2700109649122807
0 0.9629934210526315 0.036458333333333336 0.07401315789473684 0.07291666666666667
0 0.8065606725146199 0.025219298245614034 0.052083333333333336 0.05043859649122807
0 0.6665752923976608 0.5419407894736842 0.22167397660818713 0.2669956140350877
0 0.5670687134502924 0.21875 0.12755847953216373 0.24972587719298245
0 0.7134502923976608 0.3573190789473684 0.05756578947368421 0.07264254385964912
0 0.45148026315789475 0.3256578947368421 0.08662280701754387 0.09923245614035088
0 0.08114035087719298 0.03618421052631579 0.03545321637426901 0.043859649122807015
0 0.11266447368421052 0.025356359649122806 0.03234649122807018 0.03892543859649123
0 0.2940423976608187 0.22108004385964913 0.021564327485380116 0.033168859649122806
0 0.21445540935672514 0.9300986842105263 0.11531432748538012 0.13980263157894737
0 0.20869883040935672 0.6112938596491229 0.028691520467836257 0.06277412280701754
0 0.17781432748538012 0.6021107456140351 0.02905701754385965 0.05071271929824561
0 0.20495248538011696 0.5357730263157895 0.03070175438596491 0.04906798245614035
0 0.2345577485380117 0.26932565789473684 0.10160818713450293 0.13404605263157895
0 0.08433845029239766 0.7055921052631579 0.0804093567251462 0.0644188596491228
0 0.09155701754385964 0.8279879385964912 0.11659356725146199 0.14610745614035087
0 0.20065789473684212 0.8655427631578947 0.08826754385964912 0.125
0 0.012975146198830409 0.6914747807017544 0.025950292397660817 0.13788377192982457