0 0.9228801169590644 0.6914747807017544 0.06377923976608187 0.0956688596491228
0 0.7891995614035088 0.45216557017543857 0.20869883040935672 0.3111293859649123
0 0.7753106725146199 0.07250548245614036 0.14619883040935672 0.14501096491228072
0 0.07300804093567251 0.8377192982456141 0.14345760233918128 0.32456140350877194
0 0.9628106725146199 0.9125548245614035 0.07437865497076024 0.17489035087719298
0 0.625639619883041 0.5309758771929824 0.05445906432748538 0.0737390350877193
0 0.2619700292397661 0.29851973684210525 0.031980994152046784 0.043859649122807015
0 0.038559941520467836 0.46504934210526316 0.04788011695906433 0.057839912280701754
0 0.594389619883041 0.9216008771929824 0.10910087719298246 0.15679824561403508
0 0.6941703216374269 0.8799342105263158 0.07711988304093567 0.1137609649122807
0 0.8072002923976608 0.7044956140350878 0.11695906432748537 0.15762061403508773
0 0.7985197368421053 0.24163925438596492 0.12097953216374269 0.12171052631578948
0 0.9095394736842105 0.15186403508771928 0.06907894736842106 0.09375
0 0.14491959064327486 0.19777960526315788 0.10910087719298246 0.1337719298245614
0 0.23739035087719298 0.10608552631578948 0.08114035087719298 0.12966008771929824