0 0.9547697368421053 0.8549890350877193 0.09046052631578948 0.19956140350877194
0 0.9527595029239766 0.7005208333333334 0.09448099415204679 0.10964912280701754
0 0.24735014619883042 0.7064144736842105 0.0983187134502924 0.13760964912280702
0 0.13961988304093567 0.7593201754385965 0.08771929824561403 0.08771929824561403
0 0.05317982456140351 0.7523300438596491 0.03983918128654971 0.04577850877192982
0 0.038559941520467836 0.9205043859649122 0.07711988304093567 0.15899122807017543
0 0.7885599415204678 0.7802905701754386 0.21546052631578946 0.36101973684210525
0 0.22203947368421054 0.5927905701754386 0.04258040935672515 0.04577850877192982
0 0.13760964912280702 0.590734649122807 0.03326023391812866 0.03782894736842105
0 0.04586988304093567 0.5947094298245614 0.027960526315789474 0.03399122807017544
0 0.049890350877192985 0.3803453947368421 0.0491593567251462 0.07976973684210527
0 0.26260964912280704 0.08209978070175439 0.051900584795321635 0.11759868421052631
0 0.11302997076023392 0.2786458333333333 0.07711988304093567 0.12362938596491228
0 0.12033991228070176 0.16091008771929824 0.0758406432748538 0.09978070175438597
0 0.11567982456140351 0.057154605263157895 0.10635964912280702 0.10773026315789473
0 0.8962902046783626 0.39226973684210525 0.0266812865497076 0.05180921052631579
0 0.3446637426900585 0.5948464912280702 0.028691520467836257 0.047149122807017545
0 0.4427083333333333 0.6096491228070176 0.06085526315789474 0.049342105263157895
0 0.2610562865497076 0.29413377192982454 0.04057017543859649 0.0849780701754386
0 0.850328947368421 0.037143640350877194 0.060124269005847955 0.07428728070175439
0 0.9841922514619883 0.6074561403508771 0.031615497076023395 0.05537280701754386
0 0.5615862573099415 0.6056743421052632 0.057931286549707604 0.07017543859649122
0 0.44088084795321636 0.39281798245614036 0.029239766081871343 0.047697368421052634
0 0.8573647660818714 0.34279057017543857 0.0445906432748538 0.078125
0 0.8553545321637427 0.39624451754385964 0.019371345029239765 0.033717105263157895
0 0.8516081871345029 0.2890625 0.022112573099415205 0.02905701754385965
0 0.010051169590643274 0.3529331140350877 0.02010233918128655 0.08333333333333333
0 0.01023391812865497 0.4220120614035088 0.02046783625730994 0.051535087719298246