0 0.8843201754385965 0.4771107456140351 0.1383406432748538 0.23327850877192982
0 0.8889802631578947 0.6914747807017544 0.16355994152046785 0.10361842105263158
0 0.90625 0.6016995614035088 0.16630116959064328 0.07593201754385964
0 0.5651498538011696 0.9375 0.125 0.125
0 0.32245979532163743 0.9375 0.15551900584795322 0.125
0 0.27923976608187134 0.8092105263157895 0.14089912280701755 0.15158991228070176
0 0.4195906432748538 0.4281798245614035 0.14491959064327486 0.19544956140350878
0 0.3663194444444444 0.5916940789473685 0.06524122807017543 0.12362938596491228
0 0.45879020467836257 0.24671052631578946 0.0851608187134503 0.12362938596491228
0 0.4847404970760234 0.078125 0.06524122807017543 0.11759868421052631
0 0.6209795321637427 0.11499451754385964 0.14089912280701755 0.21929824561403508
0 0.688139619883041 0.9414747807017544 0.0891812865497076 0.11705043859649122
0 0.9328399122807017 0.8806195175438597 0.13432017543859648 0.23876096491228072
0 0.16620979532163743 0.3833607456140351 0.0798611111111111 0.10581140350877193
0 0.26133040935672514 0.01768092105263158 0.043859649122807015 0.03536184210526316
0 0.06387061403508772 0.3384046052631579 0.06652046783625731 0.08388157894736842