0 0.8776498538011696 0.7672697368421053 0.12774122807017543 0.20751096491228072
0 0.8809393274853801 0.13103070175438597 0.23812134502923976 0.2593201754385965
0 0.25995979532163743 0.27754934210526316 0.0491593567251462 0.06990131578947369
0 0.15826023391812866 0.7283442982456141 0.09046052631578948 0.12554824561403508
0 0.8942799707602339 0.9475054824561403 0.1290204678362573 0.1049890350877193
0 0.6229897660818714 0.41817434210526316 0.15021929824561403 0.19161184210526316
0 0.5 0.05646929824561404 0.1116593567251462 0.11293859649122807
0 0.4780701754385965 0.39035087719298245 0.08644005847953216 0.13157894736842105
0 0.4541301169590643 0.5587993421052632 0.1023391812865497 0.1137609649122807
0 0.4095394736842105 0.734375 0.14089912280701755 0.16968201754385964
0 0.07711988304093567 0.10635964912280702 0.15423976608187134 0.21271929824561403
0 0.21737938596491227 0.06044407894736842 0.13157894736842105 0.12088815789473684