0 0.05847953216374269 0.8421052631578947 0.11695906432748537 0.20339912280701755
0 0.34173976608187134 0.8370339912280702 0.0851608187134503 0.12554824561403508
0 0.5338998538011696 0.9228344298245614 0.0758406432748538 0.12554824561403508
0 0.5957602339181286 0.8939144736842105 0.07711988304093567 0.12362938596491228
0 0.6961805555555556 0.8880208333333334 0.07054093567251463 0.13157894736842105
0 0.674890350877193 0.9447642543859649 0.07054093567251463 0.10169956140350878
0 0.7745796783625731 0.9139254385964912 0.08369883040935673 0.12774122807017543
0 0.8616593567251462 0.9059758771929824 0.09046052631578948 0.13952850877192982
0 0.750639619883041 0.18681469298245615 0.0891812865497076 0.16557017543859648
0 0.6735197368421053 0.3314144736842105 0.07309941520467836 0.11567982456140351
0 0.6588998538011696 0.4661458333333333 0.0758406432748538 0.08963815789473684
0 0.25 0.3633497807017544 0.06377923976608187 0.08771929824561403
0 0.15423976608187134 0.08813048245614036 0.08771929824561403 0.09978070175438597
0 0.7739400584795322 0.35238486842105265 0.04258040935672515 0.06578947368421052
0 0.7440606725146199 0.5338541666666666 0.025219298245614034 0.03782894736842105
0 0.9594298245614035 0.924890350877193 0.07839912280701754 0.0737390350877193
0 0.862390350877193 0.036047149122807015 0.035818713450292396 0.07209429824561403
0 0.6503106725146199 0.1669407894736842 0.03453947368421053 0.0537280701754386
0 0.906889619883041 0.4780701754385965 0.18622076023391812 0.4407894736842105
0 0.9441703216374269 0.784265350877193 0.0983187134502924 0.17543859649122806
0 0.09703947368421052 0.32648026315789475 0.18092105263157895 0.23739035087719298
0 0.2891995614035088 0.6336348684210527 0.15296052631578946 0.28536184210526316
0 0.4361293859649123 0.6585800438596491 0.14894005847953215 0.2831688596491228
0 0.5957602339181286 0.6665296052631579 0.15698099415204678 0.2831688596491228
0 0.7845394736842105 0.6954495614035088 0.21546052631578946 0.26918859649122806
0 0.4334795321637427 0.8600603070175439 0.0851608187134503 0.0918311403508772