0 0.6503106725146199 0.30057565789473684 0.13304093567251463 0.20751096491228072
0 0.5032894736842105 0.6895559210526315 0.12627923976608188 0.12774122807017543
0 0.48135964912280704 0.5130208333333334 0.125 0.12554824561403508
0 0.4793494152046784 0.3334703947368421 0.08369883040935673 0.14172149122807018
0 0.47076023391812866 0.14898574561403508 0.125 0.19161184210526316
0 0.8238304093567251 0.34539473684210525 0.08114035087719298 0.17763157894736842
0 0.8457602339181286 0.5788103070175439 0.1302997076023392 0.20531798245614036
0 0.9614400584795322 0.5986842105263158 0.07711988304093567 0.20531798245614036
0 0.9415204678362573 0.36239035087719296 0.11695906432748537 0.19544956140350878
0 0.1875 0.5319353070175439 0.16758040935672514 0.23547149122807018
0 0.23008040935672514 0.5997807017543859 0.1648391812865497 0.1875
0 0.18951023391812866 0.7064144736842105 0.15021929824561403 0.057839912280701754
0 0.07245979532163743 0.7273848684210527 0.14491959064327486 0.16365131578947367
0 0.1116593567251462 0.3393640350877193 0.13559941520467836 0.16968201754385964
0 0.6602704678362573 0.0893640350877193 0.19554093567251463 0.1787280701754386
0 0.8916301169590644 0.09539473684210527 0.21673976608187134 0.19078947368421054
0 0.8683296783625731 0.7642543859649122 0.2633406432748538 0.21737938596491227
0 0.6329495614035088 0.9654605263157895 0.14089912280701755 0.06907894736842106
0 0.25 0.8789747807017544 0.04788011695906433 0.07976973684210527
0 0.21737938596491227 0.16981907894736842 0.035818713450292396 0.057839912280701754
0 0.18548976608187134 0.16296600877192982 0.027960526315789474 0.04797149122807018