0 0.07913011695906433 0.8640350877192983 0.08369883040935673 0.06990131578947369
0 0.6775402046783626 0.36430921052631576 0.15021929824561403 0.23547149122807018
0 0.8045504385964912 0.39035087719298245 0.11970029239766082 0.19544956140350878
0 0.918859649122807 0.41515899122807015 0.11695906432748537 0.17763157894736842
0 0.7958698830409356 0.5657894736842105 0.0891812865497076 0.09978070175438597
0 0.7128106725146199 0.5219298245614035 0.04258040935672515 0.07593201754385964
0 0.5970394736842105 0.5557839912280702 0.06907894736842106 0.0956688596491228
0 0.4348501461988304 0.640625 0.0851608187134503 0.1137609649122807
0 0.4441703216374269 0.8081140350877193 0.1383406432748538 0.19353070175438597
0 0.637609649122807 0.9395559210526315 0.17690058479532164 0.12088815789473684
0 0.8802997076023392 0.940515350877193 0.21801900584795322 0.11896929824561403
0 0.9746893274853801 0.549890350877193 0.05062134502923977 0.14364035087719298
0 0.6229897660818714 0.059484649122807015 0.06779970760233918 0.11896929824561403
0 0.37436038011695905 0.0424890350877193 0.06779970760233918 0.0849780701754386
0 0.2871893274853801 0.04756030701754386 0.0798611111111111 0.09512061403508772
0 0.4480994152046784 0.9624451754385965 0.08771929824561403 0.07510964912280702
0 0.6801900584795322 0.7033991228070176 0.17945906432748537 0.2713815789473684
0 0.9042397660818714 0.7124451754385965 0.18622076023391812 0.3012609649122807
0 0.5611293859649122 0.37733004385964913 0.1302997076023392 0.2412280701754386
0 0.4594298245614035 0.5608552631578947 0.05720029239766082 0.0537280701754386
0 0.23538011695906433 0.41515899122807015 0.10910087719298246 0.1455592105263158
0 0.1994700292397661 0.031524122807017545 0.05592105263157895 0.06304824561403509
0 0.8171600877192983 0.14692982456140352 0.06779970760233918 0.10773026315789473
0 0.9608004385964912 0.16885964912280702 0.07839912280701754 0.14364035087719298
0 0.9488304093567251 0.07949561403508772 0.1023391812865497 0.15899122807017543
0 0.08177997076023392 0.9505208333333334 0.12097953216374269 0.09895833333333333