0 0.6282894736842105 0.7353344298245614 0.1476608187134503 0.21929824561403508
0 0.84375 0.22765899122807018 0.10508040935672515 0.21354166666666666
0 0.9521198830409356 0.22478070175438597 0.09576023391812866 0.21546052631578946
0 0.7958698830409356 0.046600877192982455 0.10508040935672515 0.09320175438596491
0 0.6456505847953217 0.046600877192982455 0.10508040935672515 0.09320175438596491
0 0.48601973684210525 0.1728344298245614 0.12372076023391813 0.14364035087719298
0 0.4959795321637427 0.36938048245614036 0.09301900584795321 0.15350877192982457
0 0.46673976608187134 0.03358004385964912 0.06907894736842106 0.06716008771929824
0 0.0804093567251462 0.3833607456140351 0.1608187134502924 0.22532894736842105
0 0.18019005847953215 0.35238486842105265 0.13157894736842105 0.13952850877192982
0 0.23739035087719298 0.27165570175438597 0.11038011695906433 0.14967105263157895
0 0.2254203216374269 0.125 0.1608187134502924 0.11156798245614036
0 0.4701206140350877 0.7203947368421053 0.06779970760233918 0.12554824561403508
0 0.45148026315789475 0.8859649122807017 0.09978070175438597 0.1455592105263158
0 0.38760964912280704 0.9713541666666666 0.05720029239766082 0.057291666666666664
0 0.8782894736842105 0.453125 0.24342105263157895 0.21354166666666666
0 0.10434941520467836 0.06044407894736842 0.12097953216374269 0.12088815789473684