0 0.4022295321637427 0.11101973684210527 0.09978070175438597 0.13157894736842105
0 0.6150402046783626 0.6795504385964912 0.2273391812865497 0.28728070175438597
0 0.7945906432748538 0.6884594298245614 0.1290204678362573 0.15762061403508773
0 0.8961988304093568 0.7110745614035088 0.13285818713450293 0.21052631578947367
0 0.7885599415204678 0.8770559210526315 0.09301900584795321 0.10361842105263158
0 0.4521198830409357 0.7752192982456141 0.10105994152046784 0.15158991228070176
0 0.3690606725146199 0.2826206140350877 0.0758406432748538 0.0956688596491228
0 0.2779605263157895 0.2915296052631579 0.11440058479532164 0.16145833333333334
0 0.22971491228070176 0.09512061403508772 0.1111111111111111 0.08771929824561403
0 0.23008040935672514 0.6964089912280702 0.09301900584795321 0.1337719298245614
0 0.45010964912280704 0.9335252192982456 0.13961988304093567 0.13294956140350878
0 0.9461805555555556 0.35444078947368424 0.1076388888888889 0.17160087719298245
0 0.9661001461988304 0.4830043859649123 0.06779970760233918 0.12966008771929824
0 0.6270102339181286 0.2865953947368421 0.09173976608187134 0.14364035087719298
0 0.8104897660818714 0.44832785087719296 0.06871345029239766 0.10307017543859649
0 0.6908808479532164 0.3475877192982456 0.03508771929824561 0.06112938596491228
0 0.9782529239766082 0.9024122807017544 0.04349415204678363 0.19517543859649122
0 0.7101608187134503 0.8214089912280702 0.04842836257309942 0.06551535087719298
0 0.6662097953216374 0.9329769736842105 0.2238669590643275 0.13404605263157895
0 0.595577485380117 0.8404605263157895 0.06469298245614036 0.08415570175438597
0 0.10809576023391813 0.38171600877192985 0.0445906432748538 0.03919956140350877
0 0.19325657894736842 0.36814692982456143 0.04586988304093567 0.04577850877192982
0 0.22094298245614036 0.16036184210526316 0.05062134502923977 0.09457236842105263
0 0.2878289473684211 0.1787280701754386 0.07894736842105263 0.08634868421052631
0 0.20458698830409358 0.24972587719298245 0.04294590643274854 0.04194078947368421
0 0.09438961988304094 0.4292763157894737 0.06871345029239766 0.05592105263157895
0 0.1962719298245614 0.30701754385964913 0.05701754385964912 0.0868969298245614
0 0.10380116959064327 0.06866776315789473 0.0754751461988304 0.07346491228070176
0 0.1771747076023392 0.018914473684210526 0.11239035087719298 0.03782894736842105
0 0.16666666666666666 0.0849780701754386 0.04239766081871345 0.08415570175438597
0 0.9802631578947368 0.6972313596491229 0.039473684210526314 0.14665570175438597
0 0.9089912280701754 0.9258497807017544 0.11659356725146199 0.14830043859649122
0 0.819078947368421 0.9683388157894737 0.07510964912280702 0.06332236842105263