0 0.9408808479532164 0.9081688596491229 0.09923245614035088 0.1543311403508772
0 0.8495065789473685 0.9010416666666666 0.061769005847953216 0.0737390350877193
0 0.6011513157894737 0.9117324561403509 0.05317982456140351 0.07456140350877193
0 0.9144736842105263 0.6665296052631579 0.15625 0.18777412280701755
0 0.7736659356725146 0.635827850877193 0.12554824561403508 0.17543859649122806
0 0.563139619883041 0.6733826754385965 0.10197368421052631 0.14226973684210525
0 0.4454495614035088 0.7388980263157895 0.08771929824561403 0.14830043859649122
0 0.4904970760233918 0.6084155701754386 0.1067251461988304 0.10855263157894737
0 0.5271381578947368 0.5238486842105263 0.06341374269005848 0.08744517543859649
0 0.46271929824561403 0.4588815789473684 0.14528508771929824 0.15899122807017543
0 0.5838815789473685 0.22354714912280702 0.08351608187134503 0.12006578947368421
0 0.6342288011695907 0.07785087719298246 0.1472953216374269 0.15570175438596492
0 0.16949926900584794 0.9464089912280702 0.09539473684210527 0.10718201754385964
0 0.23684210526315788 0.9617598684210527 0.05080409356725146 0.07648026315789473
0 0.07245979532163743 0.8289473684210527 0.14491959064327486 0.17077850877192982
0 0.10864400584795321 0.6757127192982456 0.09247076023391813 0.12335526315789473
0 0.027595029239766082 0.6961348684210527 0.055190058479532164 0.11211622807017543
0 0.08525219298245613 0.6021107456140351 0.09886695906432749 0.08223684210526316
0 0.01617324561403509 0.5315241228070176 0.03234649122807018 0.12417763157894737
0 0.16913377192982457 0.3673245614035088 0.07364766081871345 0.044407894736842105
0 0.39190423976608185 0.078125 0.08351608187134503 0.08799342105263158