0 0.768640350877193 0.24862938596491227 0.08771929824561403 0.16968201754385964
0 0.9036001461988304 0.30057565789473684 0.06779970760233918 0.11759868421052631
0 0.9780701754385965 0.27658991228070173 0.043859649122807015 0.08168859649122807
0 0.5063961988304093 0.2870065789473684 0.08717105263157894 0.08525219298245613
0 0.4199561403508772 0.2738486842105263 0.08132309941520467 0.07648026315789473
0 0.26626461988304095 0.27700109649122806 0.08132309941520467 0.08470394736842106
0 0.19682017543859648 0.22628837719298245 0.06816520467836257 0.09484649122807018
0 0.18110380116959066 0.27261513157894735 0.07602339181286549 0.07593201754385964
0 0.10581140350877193 0.27576754385964913 0.06907894736842106 0.06469298245614036
0 0.040661549707602336 0.28303179824561403 0.0804093567251462 0.09978070175438597
0 0.17735745614035087 0.8079769736842105 0.10160818713450293 0.109375
0 0.08187134502923976 0.8135964912280702 0.05007309941520468 0.05345394736842105
0 0.12582236842105263 0.6137609649122807 0.027046783625730993 0.03179824561403509
0 0.0826937134502924 0.944078947368421 0.11330409356725146 0.1118421052631579
0 0.632218567251462 0.7365679824561403 0.07401315789473684 0.10361842105263158
0 0.9388706140350878 0.9073464912280702 0.0798611111111111 0.13404605263157895
0 0.0201937134502924 0.7697368421052632 0.0403874269005848 0.07428728070175439
0 0.1890533625730994 0.6647478070175439 0.08991228070175439 0.11485745614035088
0 0.02366593567251462 0.7002467105263158 0.04733187134502924 0.047149122807017545
0 0.02421418128654971 0.5837445175438597 0.04842836257309942 0.17160087719298245
0 0.025310672514619884 0.4185855263157895 0.04733187134502924 0.1524122807017544
0 0.10425804093567251 0.44257127192982454 0.10855263157894737 0.21929824561403508
0 0.21061769005847952 0.4613486842105263 0.0935672514619883 0.28234649122807015
0 0.3016264619883041 0.4505208333333333 0.08717105263157894 0.26096491228070173
0 0.3986659356725146 0.4576480263157895 0.08991228070175439 0.2768640350877193
0 0.5446820175438597 0.48163377192982454 0.20851608187134502 0.3072916666666667
0 0.8042763157894737 0.7436951754385965 0.17653508771929824 0.26480263157894735
0 0.9210526315789473 0.5586622807017544 0.1558845029239766 0.3813048245614035
0 0.6239035087719298 0.15885416666666666 0.10635964912280702 0.17406798245614036
0 0.7202119883040936 0.17201206140350878 0.06487573099415204 0.12198464912280702
0 0.594389619883041 0.051535087719298246 0.03344298245614035 0.043859649122807015
0 0.7087902046783626 0.07757675438596491 0.04312865497076023 0.062225877192982455
0 0.7039473684210527 0.46175986842105265 0.051535087719298246 0.06770833333333333
0 0.9869334795321637 0.7752192982456141 0.026133040935672515 0.048793859649122806
0 0.3244700292397661 0.24067982456140352 0.07657163742690058 0.12198464912280702