0 0.38029970760233917 0.7483552631578947 0.11970029239766082 0.1855811403508772
0 0.36101973684210525 0.6147203947368421 0.08114035087719298 0.1337719298245614
0 0.375 0.48903508771929827 0.10910087719298246 0.12966008771929824
0 0.5724597953216374 0.19682017543859648 0.11842105263157894 0.20339912280701755
0 0.6980994152046783 0.23177083333333334 0.11695906432748537 0.15762061403508773
0 0.0758406432748538 0.49698464912280704 0.13304093567251463 0.10581140350877193
0 0.8411001461988304 0.8400493421052632 0.15296052631578946 0.22149122807017543
0 0.8995796783625731 0.6476151315789473 0.0625 0.11567982456140351
0 0.96875 0.4750548245614035 0.0625 0.12171052631578948
0 0.9009502923976608 0.20285087719298245 0.11567982456140351 0.1356907894736842
0 0.987390350877193 0.13596491228070176 0.025219298245614034 0.1337719298245614
0 0.7905701754385965 0.9544956140350878 0.13157894736842105 0.09100877192982457
0 0.12828947368421054 0.3763706140350877 0.1476608187134503 0.18338815789473684
0 0.3038194444444444 0.39734100877192985 0.1608187134502924 0.1855811403508772
0 0.2605994152046784 0.3125 0.14364035087719298 0.24725877192982457
0 0.21737938596491227 0.17790570175438597 0.043859649122807015 0.0537280701754386
0 0.3995796783625731 0.19586074561403508 0.035818713450292396 0.03399122807017544
0 0.07711988304093567 0.16091008771929824 0.05062134502923977 0.07976973684210527
0 0.9574195906432749 0.31551535087719296 0.0851608187134503 0.1894188596491228
0 0.5279605263157895 0.01768092105263158 0.07711988304093567 0.03536184210526316