0 0.10572002923976608 0.12006578947368421 0.051900584795321635 0.06990131578947369
0 0.9647295321637427 0.09237938596491228 0.07054093567251463 0.18475877192982457
0 0.28188961988304095 0.6765350877192983 0.16228070175438597 0.1894188596491228
0 0.1302997076023392 0.7075109649122807 0.17288011695906433 0.15570175438596492
0 0.15625 0.21271929824561403 0.08644005847953216 0.09978070175438597
0 0.5272295321637427 0.24561403508771928 0.09703947368421052 0.13760964912280702
0 0.7287097953216374 0.25863486842105265 0.06377923976608187 0.09978070175438597
0 0.9780701754385965 0.4321546052631579 0.043859649122807015 0.11567982456140351
0 0.8863304093567251 0.48204495614035087 0.0891812865497076 0.11979166666666667
0 0.9534904970760234 0.5897752192982456 0.06907894736842106 0.16365131578947367
0 0.9647295321637427 0.7443804824561403 0.07054093567251463 0.17763157894736842
0 0.8869700292397661 0.9505208333333334 0.09046052631578948 0.09895833333333333
0 0.6861293859649122 0.5338541666666666 0.10635964912280702 0.17160087719298245
0 0.561860380116959 0.48204495614035087 0.12372076023391813 0.20751096491228072
0 0.3676900584795322 0.8001644736842105 0.09703947368421052 0.16968201754385964
0 0.3570906432748538 0.9484649122807017 0.12097953216374269 0.10307017543859649
0 0.0625 0.7822094298245614 0.125 0.07785087719298246
0 0.27129020467836257 0.2177905701754386 0.09301900584795321 0.08963815789473684
0 0.057839912280701754 0.21175986842105263 0.0891812865497076 0.11759868421052631
0 0.07118055555555555 0.4491502192982456 0.05975877192982456 0.06578947368421052
0 0.21006944444444445 0.46408991228070173 0.04513888888888889 0.05975877192982456
0 0.023300438596491228 0.9039199561403509 0.046600877192982455 0.17763157894736842