0 0.8457602339181286 0.15090460526315788 0.1516812865497076 0.21134868421052633
0 0.7054093567251462 0.1040296052631579 0.09978070175438597 0.12966008771929824
0 0.6769005847953217 0.2924890350877193 0.10635964912280702 0.10773026315789473
0 0.6309393274853801 0.453125 0.15021929824561403 0.14967105263157895
0 0.41483918128654973 0.4222861842105263 0.04349415204678363 0.08031798245614036
0 0.39108187134502925 0.48519736842105265 0.10964912280701754 0.0756578947368421
0 0.5776681286549707 0.6293859649122807 0.08223684210526316 0.08223684210526316
0 0.5000913742690059 0.7879660087719298 0.05847953216374269 0.10334429824561403
0 0.45093201754385964 0.8769188596491229 0.10105994152046784 0.0962171052631579
0 0.5338998538011696 0.8995339912280702 0.04952485380116959 0.08771929824561403
0 0.4847404970760234 0.9698464912280702 0.11403508771929824 0.06030701754385965
0 0.7718384502923976 0.9686129385964912 0.1290204678362573 0.06277412280701754
0 0.9018640350877193 0.9698464912280702 0.11677631578947369 0.06030701754385965