0 0.08114035087719298 0.2735745614035088 0.16228070175438597 0.1455592105263158
0 0.21938961988304093 0.19777960526315788 0.15698099415204678 0.14172149122807018
0 0.06843932748538012 0.15296052631578946 0.1290204678362573 0.13952850877192982
0 0.22203947368421054 0.07140899122807018 0.17562134502923976 0.14281798245614036
0 0.5046600877192983 0.19873903508771928 0.11312134502923976 0.1474780701754386
0 0.49533991228070173 0.051535087719298246 0.0891812865497076 0.10307017543859649
0 0.46938961988304095 0.549890350877193 0.05592105263157895 0.10361842105263158
0 0.6236293859649122 0.5837445175438597 0.1383406432748538 0.20751096491228072
0 0.45476973684210525 0.7273848684210527 0.09576023391812866 0.11979166666666667
0 0.4102704678362573 0.9078947368421053 0.13687865497076024 0.17351973684210525
0 0.8995796783625731 0.09443530701754387 0.2008406432748538 0.18887061403508773
0 0.8776498538011696 0.2924890350877193 0.2447002923976608 0.21546052631578946
0 0.8736293859649122 0.9185855263157895 0.1383406432748538 0.16282894736842105
0 0.15762061403508773 0.8989857456140351 0.09978070175438597 0.17160087719298245
0 0.25529970760233917 0.4232456140350877 0.04258040935672515 0.0737390350877193