0 0.4820906432748538 0.8411458333333334 0.09978070175438597 0.15570175438596492
0 0.4807200292397661 0.6525493421052632 0.12097953216374269 0.15350877192982457
0 0.45476973684210525 0.4780701754385965 0.07711988304093567 0.10773026315789473
0 0.4600694444444444 0.31949013157894735 0.1116593567251462 0.19736842105263158
0 0.4461805555555556 0.15090460526315788 0.09173976608187134 0.14364035087719298
0 0.658625730994152 0.4786184210526316 0.179093567251462 0.1924342105263158
0 0.813139619883041 0.5228892543859649 0.0891812865497076 0.17351973684210525
0 0.8378106725146199 0.7502741228070176 0.12774122807017543 0.2412280701754386
0 0.9581505847953217 0.7543859649122807 0.08369883040935673 0.23327850877192982
0 0.9328399122807017 0.5359100877192983 0.13432017543859648 0.2393092105263158
0 0.2008406432748538 0.6805098684210527 0.14364035087719298 0.20531798245614036
0 0.22076023391812866 0.7572642543859649 0.14364035087719298 0.19161184210526316
0 0.08315058479532164 0.8271655701754386 0.16630116959064328 0.22341008771929824
0 0.1495796783625731 0.8899396929824561 0.21948099415204678 0.16557017543859648
0 0.09438961988304094 0.5020559210526315 0.12774122807017543 0.15158991228070176
0 0.6901498538011696 0.2227247807017544 0.21271929824561403 0.27521929824561403
0 0.8138706140350878 0.9146107456140351 0.15423976608187134 0.17077850877192982
0 0.9587902046783626 0.918859649122807 0.08241959064327485 0.15158991228070176
0 0.20413011695906433 0.5368695175438597 0.0891812865497076 0.10581140350877193
0 0.6120248538011696 0.06373355263157894 0.06524122807017543 0.06743421052631579
0 0.7190241228070176 0.03632127192982456 0.06140350877192982 0.046600877192982455
0 0.8301352339181286 0.02261513157894737 0.1836622807017544 0.04523026315789474
0 0.9071637426900585 0.19120065789473684 0.18567251461988304 0.3824013157894737
0 0.09119152046783625 0.39336622807017546 0.09119152046783625 0.06359649122807018
0 0.18201754385964913 0.30646929824561403 0.031067251461988302 0.05317982456140351
0 0.21628289473684212 0.31359649122807015 0.033625730994152045 0.06743421052631579
0 0.01864035087719298 0.3691063596491228 0.03728070175438596 0.06085526315789474
0 0.021198830409356724 0.4251644736842105 0.04239766081871345 0.06277412280701754
0 0.2210343567251462 0.12075109649122807 0.0266812865497076 0.046600877192982455
0 0.46957236842105265 0.06469298245614036 0.04367690058479532 0.05592105263157895
0 0.5645102339181286 0.016036184210526317 0.06779970760233918 0.032072368421052634