0 0.1027046783625731 0.04276315789473684 0.03618421052631579 0.05098684210526316
0 0.18695175438596492 0.043722587719298246 0.08351608187134503 0.08744517543859649
0 0.2774122807017544 0.04057017543859649 0.10380116959064327 0.08114035087719298
0 0.06944444444444445 0.1757127192982456 0.11440058479532164 0.1444627192982456
0 0.07072368421052631 0.5977247807017544 0.10526315789473684 0.10608552631578948
0 0.1983735380116959 0.8829495614035088 0.08296783625730994 0.10224780701754387
0 0.752375730994152 0.7676809210526315 0.03344298245614035 0.05345394736842105
0 0.7351059941520468 0.9751918859649122 0.0222953216374269 0.03125
0 0.64546783625731 0.7992050438596491 0.07711988304093567 0.10855263157894737
0 0.7172880116959064 0.6444627192982456 0.07492690058479533 0.13240131578947367
0 0.6888706140350878 0.46326754385964913 0.03289473684210526 0.054276315789473686
0 0.9183114035087719 0.1084155701754386 0.14619883040935672 0.2168311403508772
0 0.7563961988304093 0.09703947368421052 0.1873172514619883 0.19298245614035087
0 0.8268457602339181 0.40063048245614036 0.03874269005847953 0.047149122807017545
0 0.9003106725146199 0.8377192982456141 0.19937865497076024 0.32456140350877194
0 0.6460160818713451 0.9406524122807017 0.07401315789473684 0.11869517543859649
0 0.6085526315789473 0.5893640350877193 0.027595029239766082 0.03673245614035088
0 0.05930190058479532 0.868421052631579 0.11860380116959064 0.2631578947368421
0 0.22870979532163743 0.3344298245614035 0.059576023391812866 0.07894736842105263
0 0.07556652046783625 0.36362390350877194 0.1511330409356725 0.3031798245614035
0 0.2689144736842105 0.5434484649122807 0.02503654970760234 0.034265350877192985