0 0.490625 0.7015625 0.0734375 0.0828125
0 0.73203125 0.6421875 0.1828125 0.1453125
0 0.6265625 0.5015625 0.15 0.1734375
0 0.915625 0.61640625 0.0578125 0.059375
0 0.2328125 0.1046875 0.1015625 0.0890625
0 0.7375 0.4609375 0.0921875 0.084375
0 0.55703125 0.74140625 0.090625 0.0875
0 0.65703125 0.92734375 0.0671875 0.071875
0 0.93515625 0.35625 0.128125 0.121875
0 0.12109375 0.1578125 0.1578125 0.103125
0 0.84921875 0.11640625 0.1234375 0.159375
0 0.8921875 0.509375 0.09375 0.0875
0 0.8578125 0.3484375 0.0640625 0.0734375
0 0.546875 0.33046875 0.1 0.115625
0 0.23828125 0.35 0.1140625 0.1234375
0 0.78828125 0.1734375 0.090625 0.125
0 0.9203125 0.2734375 0.10625 0.090625
0 0.8875 0.8203125 0.0953125 0.103125
0 0.296875 0.228125 0.1359375 0.115625
0 0.8921875 0.428125 0.0890625 0.071875
0 0.05078125 0.39453125 0.1015625 0.15
0 0.7671875 0.3453125 0.0671875 0.0671875
0 0.19453125 0.88671875 0.084375 0.1140625
0 0.2734375 0.8953125 0.1265625 0.0953125
0 0.81640625 0.2734375 0.1296875 0.1375
0 0.3359375 0.47578125 0.0953125 0.0828125
0 0.3609375 0.04296875 0.1296875 0.0859375
0 0.47265625 0.25390625 0.1125 0.140625
0 0.2796875 0.67421875 0.1484375 0.1296875
0 0.6984375 0.78671875 0.19375 0.1453125
0 0.96796875 0.44140625 0.0625 0.0546875
0 0.67421875 0.23046875 0.0984375 0.11875
0 0.5125 0.94453125 0.0703125 0.0734375
0 0.6953125 0.1484375 0.0828125 0.06875
0 0.8515625 0.6 0.0875 0.1
0 0.0296875 0.1625 0.059375 0.1234375
0 0.81171875 0.378125 0.0609375 0.0703125
0 0.79453125 0.80859375 0.0578125 0.0859375
0 0.6265625 0.3578125 0.1203125 0.1484375
0 0.48828125 0.80625 0.103125 0.1109375
0 0.7046875 0.328125 0.0859375 0.13125
0 0.04375 0.52109375 0.0875 0.1140625
0 0.79296875 0.484375 0.1046875 0.0921875
0 0.69765625 0.06640625 0.146875 0.1328125
0 0.1453125 0.26484375 0.1609375 0.1546875
0 0.88125 0.88671875 0.1375 0.090625
0 0.50234375 0.1015625 0.0921875 0.10625
0 0.61171875 0.17578125 0.0671875 0.075
0 0.19453125 0.746875 0.0859375 0.128125
0 0.9609375 0.490625 0.071875 0.065625
0 0.3859375 0.74609375 0.1109375 0.125
0 0.8578125 0.715625 0.16875 0.13125
0 0.3484375 0.3734375 0.115625 0.1421875
0 0.74609375 0.39375 0.0921875 0.0625
0 0.584375 0.2375 0.11875 0.115625
0 0.78125 0.5625 0.109375 0.0796875
0 0.1125 0.49609375 0.121875 0.103125
0 0.52734375 0.56328125 0.1703125 0.1796875
0 0.57734375 0.82421875 0.0984375 0.0875
0 0.26953125 0.79921875 0.121875 0.1109375
0 0.16796875 0.4234375 0.18125 0.1625
0 0.41953125 0.096875 0.125 0.1296875
0 0.275 0.54296875 0.1453125 0.1421875
0 0.8921875 0.94453125 0.0765625 0.0703125
0 0.7484375 0.9 0.0984375 0.09375
0 0.44140625 0.87890625 0.125 0.1171875
0 0.3078125 0.14453125 0.1015625 0.103125
0 0.41015625 0.409375 0.121875 0.1609375
0 0.55078125 0.06484375 0.109375 0.121875
0 0.353125 0.9328125 0.1015625 0.103125
0 0.7328125 0.196875 0.059375 0.0765625
0 0.59375 0.8921875 0.071875 0.0734375
0 0.396875 0.1828125 0.1046875 0.1140625
0 0.1421875 0.6515625 0.13125 0.140625
0 0.56953125 0.68203125 0.1015625 0.06875