0 0.0578125 0.79375 0.090625 0.11875
0 0.51328125 0.32734375 0.1 0.1171875
0 0.64921875 0.93671875 0.178125 0.125
0 0.640625 0.71328125 0.10625 0.10625
0 0.08203125 0.14921875 0.1640625 0.1359375
0 0.78125 0.56171875 0.1 0.115625
0 0.05546875 0.8875 0.0921875 0.084375
0 0.434375 0.42734375 0.109375 0.0828125
0 0.69140625 0.1234375 0.1453125 0.15
0 0.5640625 0.61875 0.109375 0.121875
0 0.32578125 0.0578125 0.0640625 0.08125
0 0.80234375 0.89609375 0.1 0.1140625
0 0.6265625 0.221875 0.140625 0.171875
0 0.07734375 0.20703125 0.1171875 0.08125
0 0.79140625 0.13125 0.075 0.0703125
0 0.87421875 0.23046875 0.090625 0.075
0 0.94296875 0.66953125 0.1125 0.1296875
0 0.8703125 0.8640625 0.11875 0.1234375
0 0.87265625 0.07578125 0.1296875 0.15
0 0.775 0.19921875 0.096875 0.0875
0 0.60078125 0.52109375 0.1 0.1171875
0 0.66796875 0.45234375 0.090625 0.09375
0 0.3890625 0.23359375 0.1078125 0.146875
0 0.92890625 0.95 0.140625 0.1
0 0.81796875 0.3375 0.1375 0.10625
0 0.1671875 0.4 0.15625 0.1390625
0 0.55078125 0.478125 0.1390625 0.128125
0 0.9375 0.78515625 0.1046875 0.109375
0 0.4078125 0.70625 0.11875 0.1375
0 0.1953125 0.9390625 0.109375 0.1203125
0 0.43359375 0.36171875 0.0953125 0.0671875
0 0.04609375 0.48203125 0.0921875 0.15
0 0.94453125 0.4015625 0.109375 0.140625
0 0.071875 0.4234375 0.103125 0.1109375
0 0.5625 0.40625 0.109375 0.0984375
0 0.46875 0.8125 0.103125 0.11875
0 0.68984375 0.31796875 0.11875 0.1421875
0 0.30625 0.51328125 0.0953125 0.075
0 0.26796875 0.82890625 0.1703125 0.15
0 0.315625 0.68515625 0.1015625 0.1265625
0 0.396875 0.9015625 0.1390625 0.18125
0 0.3078125 0.43984375 0.1515625 0.13125
0 0.89453125 0.3015625 0.08125 0.0890625
0 0.82890625 0.42265625 0.1265625 0.096875
0 0.4484375 0.6234375 0.09375 0.0953125
0 0.9390625 0.1296875 0.121875 0.159375
0 0.31875 0.3515625 0.1015625 0.0953125
0 0.1640625 0.55078125 0.1625 0.1734375
0 0.321875 0.59375 0.159375 0.1296875
0 0.153125 0.7171875 0.1828125 0.1765625
0 0.71015625 0.6671875 0.0875 0.1046875
0 0.66953125 0.57421875 0.1203125 0.1515625
0 0.30234375 0.2203125 0.1015625 0.134375
0 0.421875 0.09921875 0.125 0.1484375
0 0.52578125 0.1734375 0.1140625 0.1421875
0 0.065625 0.3078125 0.13125 0.159375
0 0.225 0.78359375 0.134375 0.1203125
0 0.18125 0.1015625 0.175 0.14375
0 0.2125 0.3109375 0.1203125 0.1296875
0 0.6359375 0.81328125 0.1046875 0.1265625
0 0.84609375 0.76015625 0.0875 0.1046875
0 0.53515625 0.72734375 0.1 0.115625
0 0.93046875 0.5578125 0.1390625 0.1109375
0 0.44140625 0.296875 0.0859375 0.071875
0 0.05234375 0.66484375 0.1046875 0.1390625
0 0.77578125 0.05390625 0.1015625 0.1078125
0 0.721875 0.83359375 0.109375 0.1375
0 0.8359375 0.6328125 0.1109375 0.10625
0 0.5265625 0.88671875 0.125 0.140625
0 0.78359375 0.265625 0.0875 0.08125
0 0.45625 0.1984375 0.0953125 0.1046875
0 0.421875 0.5234375 0.109375 0.1109375
0 0.14296875 0.859375 0.1 0.1046875
0 0.58359375 0.08515625 0.0625 0.0609375
0 0.78203125 0.7421875 0.1359375 0.15