0 0.7796875 0.07734375 0.115625 0.1171875
0 0.453125 0.2578125 0.05625 0.06875
0 0.06171875 0.11171875 0.1234375 0.103125
0 0.834375 0.13984375 0.0890625 0.1234375
0 0.421875 0.13984375 0.06875 0.0921875
0 0.68046875 0.615625 0.246875 0.2
0 0.5546875 0.221875 0.0859375 0.103125
0 0.13359375 0.48046875 0.0796875 0.075
0 0.915625 0.14609375 0.0765625 0.0859375
0 0.25234375 0.28203125 0.06875 0.084375
0 0.1890625 0.2671875 0.090625 0.078125
0 0.1640625 0.59375 0.0828125 0.071875
0 0.9171875 0.7546875 0.0921875 0.0796875
0 0.53359375 0.934375 0.125 0.1203125
0 0.3140625 0.0796875 0.0765625 0.09375
0 0.86328125 0.653125 0.1078125 0.090625
0 0.73984375 0.2265625 0.1109375 0.1015625
0 0.79296875 0.55 0.103125 0.0984375
0 0.32734375 0.43828125 0.0875 0.0859375
0 0.21640625 0.1171875 0.1203125 0.13125
0 0.45 0.49921875 0.0828125 0.0578125
0 0.13125 0.3015625 0.1078125 0.1015625
0 0.0578125 0.6859375 0.0828125 0.0765625
0 0.46640625 0.19921875 0.0671875 0.0703125
0 0.7953125 0.72578125 0.11875 0.1
0 0.678125 0.07734375 0.0640625 0.1265625
0 0.9515625 0.68125 0.0953125 0.09375
0 0.5109375 0.0859375 0.0546875 0.0640625
0 0.04609375 0.584375 0.0921875 0.11875
0 0.7890625 0.3125 0.0859375 0.096875
0 0.8734375 0.57890625 0.096875 0.0875
0 0.125 0.64765625 0.115625 0.09375
0 0.19453125 0.515625 0.0953125 0.0640625
0 0.3296875 0.3359375 0.090625 0.084375
0 0.4859375 0.3578125 0.115625 0.1390625
0 0.68515625 0.32734375 0.109375 0.1421875
0 0.3609375 0.11875 0.0703125 0.065625
0 0.2203125 0.5625 0.1 0.0703125
0 0.60390625 0.0515625 0.0953125 0.103125
0 0.2796875 0.225 0.084375 0.096875
0 0.0890625 0.40234375 0.1171875 0.1109375
0 0.0765625 0.4828125 0.0796875 0.0625
0 0.38671875 0.6359375 0.1953125 0.1890625
0 0.37421875 0.18828125 0.06875 0.0875
0 0.65625 0.784375 0.1171875 0.1203125
0 0.60703125 0.271875 0.0640625 0.0859375
0 0.56796875 0.1390625 0.0921875 0.10625
0 0.13125 0.17578125 0.1 0.109375
0 0.23203125 0.415625 0.11875 0.1015625
0 0.88671875 0.28203125 0.0953125 0.11875
0 0.6421875 0.2296875 0.059375 0.0828125
0 0.109375 0.55625 0.0859375 0.0859375
0 0.4296875 0.3953125 0.096875 0.0890625
0 0.2609375 0.33828125 0.0703125 0.06875
0 0.56328125 0.296875 0.0609375 0.084375
0 0.39140625 0.4390625 0.1171875 0.121875
0 0.71015625 0.9078125 0.1296875 0.1625
0 0.07734375 0.24921875 0.05625 0.06875
0 0.940625 0.05859375 0.1078125 0.1109375
0 0.3328125 0.496875 0.1171875 0.0796875
0 0.4640625 0.1109375 0.0625 0.0828125