0 0.2625 0.70234375 0.0703125 0.0703125
0 0.10703125 0.86796875 0.1875 0.1734375
0 0.24296875 0.06484375 0.1 0.1234375
0 0.1921875 0.221875 0.08125 0.0765625
0 0.6375 0.06875 0.1265625 0.1375
0 0.5109375 0.071875 0.0859375 0.1171875
0 0.38828125 0.3328125 0.115625 0.1140625
0 0.29453125 0.4296875 0.0875 0.084375
0 0.54765625 0.30703125 0.1453125 0.15
0 0.10234375 0.20078125 0.1109375 0.121875
0 0.865625 0.36640625 0.1328125 0.1578125
0 0.23828125 0.41953125 0.0515625 0.0765625
0 0.3859375 0.45 0.09375 0.1015625
0 0.703125 0.44453125 0.0875 0.115625
0 0.478125 0.284375 0.071875 0.1
0 0.7140625 0.92890625 0.1703125 0.1390625
0 0.82109375 0.7234375 0.115625 0.0984375
0 0.24375 0.15859375 0.065625 0.05625
0 0.12578125 0.4078125 0.0921875 0.1
0 0.43125 0.18671875 0.134375 0.146875
0 0.1 0.11796875 0.078125 0.1015625
0 0.040625 0.3390625 0.08125 0.084375
0 0.30859375 0.19453125 0.0671875 0.1078125
0 0.56875 0.2 0.1078125 0.1171875
0 0.94140625 0.79765625 0.1171875 0.1421875
0 0.19296875 0.4390625 0.09375 0.090625
0 0.1203125 0.31171875 0.096875 0.1078125
0 0.92421875 0.43359375 0.15 0.15
0 0.31328125 0.109375 0.0734375 0.071875
0 0.175 0.14921875 0.096875 0.0984375
0 0.43828125 0.0765625 0.090625 0.103125
0 0.1328125 0.05 0.109375 0.090625
0 0.5703125 0.45625 0.0875 0.10625
0 0.22421875 0.325 0.14375 0.1296875
0 0.5609375 0.7296875 0.14375 0.1203125
0 0.6890625 0.35 0.0859375 0.084375
0 0.78515625 0.434375 0.0625 0.05625
0 0.2640625 0.83125 0.1546875 0.1890625
0 0.3140625 0.92890625 0.1828125 0.140625
0 0.26328125 0.21875 0.0796875 0.071875
0 0.8140625 0.084375 0.1453125 0.13125
0 0.753125 0.3625 0.084375 0.0953125
0 0.04609375 0.425 0.0921875 0.103125
0 0.353125 0.16796875 0.071875 0.1203125
0 0.65234375 0.22109375 0.109375 0.1265625
0 0.47265625 0.4546875 0.1078125 0.09375
0 0.4296875 0.81015625 0.19375 0.196875
0 0.63984375 0.45703125 0.06875 0.0890625
0 0.0546875 0.0921875 0.0515625 0.0796875
0 0.49609375 0.39453125 0.084375 0.071875
0 0.16953125 0.721875 0.0859375 0.0765625
0 0.66171875 0.29921875 0.109375 0.0984375
0 0.36640625 0.075 0.071875 0.0875
0 0.44140625 0.37109375 0.0671875 0.075
0 0.70390625 0.77734375 0.146875 0.1765625