0 0.0375 0.73984375 0.0734375 0.1015625
0 0.2046875 0.9 0.10625 0.1078125
0 0.91953125 0.2703125 0.10625 0.0953125
0 0.865625 0.14765625 0.0953125 0.1
0 0.28515625 0.33515625 0.134375 0.165625
0 0.06640625 0.94375 0.1328125 0.1109375
0 0.5671875 0.0890625 0.075 0.1078125
0 0.88359375 0.36796875 0.0796875 0.1140625
0 0.34296875 0.209375 0.140625 0.125
0 0.6453125 0.6890625 0.128125 0.178125
0 0.7453125 0.47734375 0.128125 0.090625
0 0.46171875 0.15234375 0.096875 0.0953125
0 0.16484375 0.36953125 0.15 0.1390625
0 0.84765625 0.6203125 0.103125 0.13125
0 0.4265625 0.2921875 0.075 0.0703125
0 0.6421875 0.88125 0.159375 0.1921875
0 0.540625 0.6203125 0.1578125 0.146875
0 0.371875 0.08359375 0.175 0.1671875
0 0.36328125 0.39140625 0.2125 0.2015625
0 0.3421875 0.6421875 0.1546875 0.1453125
0 0.090625 0.621875 0.18125 0.16875
0 0.88828125 0.75625 0.1390625 0.1109375
0 0.74140625 0.6625 0.121875 0.16875
0 0.66015625 0.08828125 0.1234375 0.140625
0 0.7890625 0.53203125 0.1171875 0.0828125
0 0.140625 0.75 0.1546875 0.1765625
0 0.6203125 0.23828125 0.165625 0.19375
0 0.06875 0.30234375 0.125 0.1296875
0 0.2171875 0.25390625 0.1484375 0.1765625
0 0.14609375 0.2125 0.1375 0.1234375
0 0.71875 0.953125 0.109375 0.090625
0 0.36796875 0.85 0.209375 0.2328125
0 0.50078125 0.221875 0.153125 0.1890625
0 0.796875 0.85234375 0.1265625 0.1359375
0 0.15546875 0.46953125 0.1171875 0.0984375
0 0.8796875 0.48828125 0.1109375 0.1265625
0 0.825 0.2859375 0.1078125 0.0890625
0 0.74921875 0.3875 0.2 0.1453125
0 0.20703125 0.7890625 0.084375 0.121875
0 0.28359375 0.778125 0.1140625 0.1703125
0 0.625 0.57265625 0.096875 0.0953125