0 0.42109375 0.44140625 0.0625 0.053125
0 0.4375 0.1890625 0.1265625 0.1296875
0 0.134375 0.85078125 0.0671875 0.0703125
0 0.603125 0.2875 0.1046875 0.06875
0 0.4203125 0.29453125 0.078125 0.0875
0 0.1265625 0.14296875 0.0734375 0.09375
0 0.34375 0.64140625 0.0921875 0.1046875
0 0.6875 0.3546875 0.0703125 0.0734375
0 0.51953125 0.3109375 0.0453125 0.0453125
0 0.7328125 0.4421875 0.1234375 0.09375
0 0.3625 0.0640625 0.0828125 0.0828125
0 0.05625 0.94140625 0.0515625 0.0734375
0 0.3046875 0.0953125 0.0875 0.11875
0 0.84453125 0.66875 0.128125 0.0953125
0 0.91953125 0.040625 0.0765625 0.08125
0 0.46796875 0.11171875 0.109375 0.1109375
0 0.690625 0.64375 0.1 0.0953125
0 0.64453125 0.203125 0.115625 0.10625
0 0.2796875 0.8296875 0.0453125 0.0546875
0 0.10625 0.93359375 0.059375 0.05
0 0.6875 0.28828125 0.05625 0.0515625
0 0.2390625 0.18046875 0.13125 0.1390625