0 0.5 0.2125 0.06875 0.0859375
0 0.2734375 0.29609375 0.0828125 0.078125
0 0.9203125 0.07421875 0.09375 0.1109375
0 0.953125 0.75703125 0.0625 0.06875
0 0.28984375 0.7828125 0.1109375 0.1046875
0 0.8859375 0.78984375 0.103125 0.1046875
0 0.6046875 0.78359375 0.128125 0.1453125
0 0.71484375 0.41875 0.1265625 0.096875
0 0.384375 0.14453125 0.0921875 0.1
0 0.87890625 0.70703125 0.0984375 0.0859375
0 0.390625 0.9234375 0.1125 0.128125
0 0.4390625 0.37890625 0.0921875 0.0640625
0 0.49375 0.959375 0.0796875 0.0796875
0 0.9328125 0.95703125 0.1109375 0.0859375
0 0.57734375 0.48984375 0.1375 0.1078125
0 0.60234375 0.13125 0.071875 0.0765625
0 0.68046875 0.21484375 0.115625 0.1375
0 0.1859375 0.4078125 0.065625 0.075
0 0.67421875 0.90625 0.10625 0.1328125
0 0.36640625 0.61796875 0.1359375 0.0953125
0 0.525 0.58046875 0.1 0.10625
0 0.4078125 0.06328125 0.115625 0.1265625
0 0.50078125 0.7296875 0.125 0.1078125
0 0.86015625 0.83828125 0.0875 0.084375
0 0.39765625 0.74140625 0.078125 0.0796875
0 0.43359375 0.48203125 0.084375 0.09375
0 0.36328125 0.46875 0.0640625 0.071875
0 0.4703125 0.8546875 0.0953125 0.1234375
0 0.36328125 0.0734375 0.065625 0.0734375
0 0.1671875 0.90078125 0.103125 0.1296875
0 0.6421875 0.5484375 0.0984375 0.1078125
0 0.2703125 0.18828125 0.0875 0.109375
0 0.14921875 0.8265625 0.0640625 0.065625
0 0.0921875 0.875 0.075 0.103125
0 0.03125 0.51484375 0.0625 0.0859375
0 0.1078125 0.60859375 0.090625 0.06875
0 0.47265625 0.36171875 0.06875 0.078125
0 0.10859375 0.2265625 0.115625 0.1265625
0 0.07734375 0.08203125 0.1546875 0.1640625
0 0.48671875 0.13203125 0.0625 0.0859375
0 0.3484375 0.3203125 0.1140625 0.1109375
0 0.8890625 0.484375 0.15625 0.15
0 0.83828125 0.05859375 0.103125 0.1
0 0.15078125 0.359375 0.078125 0.0640625
0 0.175 0.56328125 0.071875 0.071875
0 0.74375 0.05 0.1015625 0.1
0 0.7828125 0.78046875 0.0796875 0.0734375
0 0.1984375 0.49140625 0.10625 0.0953125
0 0.0640625 0.6640625 0.075 0.0671875
0 0.80234375 0.88359375 0.10625 0.1234375
0 0.93203125 0.63515625 0.084375 0.071875
0 0.3046875 0.4421875 0.071875 0.078125
0 0.309375 0.140625 0.0921875 0.1
0 0.61015625 0.240625 0.0921875 0.0984375
0 0.48046875 0.659375 0.115625 0.09375
0 0.115625 0.69921875 0.0765625 0.078125
0 0.759375 0.68203125 0.1484375 0.1453125
0 0.196875 0.6703125 0.109375 0.0859375
0 0.38125 0.81953125 0.078125 0.0859375
0 0.26328125 0.8703125 0.1078125 0.0921875
0 0.4109375 0.26171875 0.0703125 0.0859375
0 0.475 0.2859375 0.06875 0.084375
0 0.3890625 0.41640625 0.0375 0.0515625
0 0.32578125 0.678125 0.103125 0.0921875
0 0.61640625 0.05859375 0.0890625 0.084375
0 0.54296875 0.08203125 0.053125 0.0734375
0 0.55078125 0.87265625 0.0953125 0.1109375
0 0.546875 0.3765625 0.090625 0.1109375
0 0.54453125 0.79296875 0.078125 0.0796875
0 0.2046875 0.30859375 0.0765625 0.0640625
0 0.25234375 0.40625 0.0953125 0.115625
0 0.13984375 0.15234375 0.14375 0.146875
0 0.81171875 0.1703125 0.084375 0.078125
0 0.73359375 0.49921875 0.1015625 0.0859375
0 0.06171875 0.9515625 0.0859375 0.0671875
0 0.559375 0.203125 0.0828125 0.125
0 0.2859375 0.53203125 0.0734375 0.09375
0 0.93359375 0.884375 0.071875 0.0859375
0 0.85390625 0.6078125 0.13125 0.1171875