0 0.61953125 0.81015625 0.071875 0.0890625
0 0.69609375 0.4421875 0.13125 0.1546875
0 0.08203125 0.734375 0.1640625 0.18125
0 0.94921875 0.15546875 0.1015625 0.140625
0 0.271875 0.26796875 0.1109375 0.103125
0 0.61953125 0.346875 0.1109375 0.1265625
0 0.303125 0.334375 0.103125 0.1078125
0 0.23515625 0.70546875 0.140625 0.1453125
0 0.68515625 0.21796875 0.140625 0.09375
0 0.9453125 0.74609375 0.109375 0.1328125
0 0.82265625 0.71484375 0.13125 0.1421875
0 0.521875 0.57109375 0.0921875 0.1296875
0 0.74453125 0.259375 0.0953125 0.090625
0 0.440625 0.359375 0.084375 0.06875
0 0.8515625 0.8546875 0.0875 0.1234375
0 0.65234375 0.9421875 0.103125 0.115625
0 0.5578125 0.859375 0.1171875 0.0890625
0 0.5078125 0.2421875 0.1859375 0.1921875
0 0.77265625 0.5234375 0.121875 0.109375
0 0.66015625 0.7109375 0.1234375 0.1359375
0 0.59296875 0.48203125 0.1171875 0.13125
0 0.215625 0.8609375 0.1734375 0.1796875
0 0.7359375 0.6 0.140625 0.1421875
0 0.15390625 0.2421875 0.1703125 0.1734375
0 0.6703125 0.146875 0.0953125 0.09375
0 0.4015625 0.07265625 0.09375 0.109375
0 0.878125 0.58359375 0.1390625 0.1296875
0 0.38828125 0.83359375 0.09375 0.0859375
0 0.61171875 0.6015625 0.115625 0.1296875
0 0.771875 0.41875 0.0796875 0.109375
0 0.05625 0.63515625 0.1125 0.121875
0 0.69609375 0.33203125 0.0546875 0.0640625
0 0.4453125 0.0578125 0.1078125 0.115625
0 0.4375 0.7578125 0.1140625 0.1015625
0 0.54921875 0.05625 0.1453125 0.1125
0 0.3609375 0.7109375 0.0953125 0.1140625
0 0.47734375 0.45703125 0.1140625 0.125
0 0.6890625 0.80546875 0.096875 0.0875
0 0.3484375 0.48125 0.1078125 0.0859375
0 0.415625 0.16796875 0.134375 0.1375
0 0.91796875 0.91796875 0.1640625 0.1640625
0 0.54609375 0.153125 0.1015625 0.10625
0 0.7640625 0.1328125 0.1078125 0.11875
0 0.375 0.34609375 0.0734375 0.1
0 0.3609375 0.23671875 0.0953125 0.1
0 0.41875 0.54140625 0.1546875 0.146875
0 0.0625 0.53828125 0.125 0.1140625
0 0.9046875 0.43515625 0.109375 0.1484375
0 0.84296875 0.42890625 0.0890625 0.1453125
0 0.346875 0.42734375 0.0953125 0.090625
0 0.92734375 0.534375 0.1078125 0.0765625
0 0.33046875 0.16875 0.0890625 0.0796875
0 0.94609375 0.2984375 0.1078125 0.1484375
0 0.17578125 0.440625 0.2234375 0.228125
0 0.54453125 0.759375 0.13125 0.1484375
0 0.88515625 0.23828125 0.1625 0.1734375
0 0.7828125 0.865625 0.10625 0.15
0 0.41171875 0.9453125 0.1078125 0.1078125
0 0.76796875 0.33671875 0.11875 0.0890625
0 0.671875 0.27734375 0.0921875 0.08125
0 0.61328125 0.146875 0.075 0.1171875
0 0.34921875 0.6 0.109375 0.121875
0 0.68984375 0.0546875 0.1515625 0.109375
0 0.52578125 0.6578125 0.08125 0.065625
0 0.94140625 0.6546875 0.1109375 0.0796875
0 0.30859375 0.05859375 0.1046875 0.1171875
0 0.4484375 0.875 0.109375 0.1390625
0 0.43671875 0.66328125 0.0953125 0.1203125
0 0.9015625 0.103125 0.1171875 0.1125
0 0.7203125 0.83984375 0.1125 0.121875
0 0.1734375 0.56640625 0.121875 0.0875
0 0.5140625 0.38203125 0.1296875 0.1296875
0 0.07578125 0.8796875 0.1515625 0.2109375