0 0.68359375 0.48671875 0.184375 0.1828125
0 0.428125 0.91484375 0.1171875 0.15625
0 0.5296875 0.39921875 0.1234375 0.084375
0 0.384375 0.49296875 0.13125 0.109375
0 0.8890625 0.903125 0.1109375 0.128125
0 0.296875 0.56640625 0.1390625 0.109375
0 0.775 0.19140625 0.1640625 0.1578125
0 0.3765625 0.19453125 0.0625 0.0796875
0 0.2640625 0.3578125 0.1734375 0.1703125
0 0.30546875 0.18671875 0.115625 0.1328125
0 0.153125 0.86875 0.084375 0.125
0 0.47265625 0.31953125 0.1078125 0.109375
0 0.95 0.35234375 0.096875 0.13125
0 0.7328125 0.57421875 0.178125 0.140625
0 0.36796875 0.41640625 0.1375 0.0984375
0 0.7953125 0.7890625 0.1609375 0.1609375
0 0.7953125 0.2921875 0.165625 0.1125
0 0.6453125 0.90390625 0.1703125 0.1921875
0 0.56953125 0.33359375 0.096875 0.1375
0 0.34609375 0.6640625 0.1625 0.1765625
0 0.88671875 0.72421875 0.103125 0.09375
0 0.06640625 0.63203125 0.1328125 0.146875
0 0.859375 0.6015625 0.10625 0.1109375
0 0.51171875 0.7890625 0.1375 0.1515625
0 0.64921875 0.11796875 0.1578125 0.178125
0 0.0765625 0.50390625 0.15 0.1578125
0 0.87890625 0.140625 0.109375 0.1046875
0 0.253125 0.87890625 0.1515625 0.1734375
0 0.4671875 0.596875 0.1421875 0.1390625
0 0.6578125 0.73984375 0.109375 0.14375
0 0.215625 0.175 0.103125 0.1625
0 0.1046875 0.2359375 0.1828125 0.165625
0 0.48515625 0.15625 0.109375 0.1
0 0.5609375 0.14296875 0.08125 0.075
0 0.89453125 0.79609375 0.0875 0.0890625
0 0.809375 0.94453125 0.103125 0.1078125
0 0.053125 0.84375 0.10625 0.1296875
0 0.2328125 0.7953125 0.1234375 0.103125
0 0.534375 0.90703125 0.1171875 0.146875
0 0.946875 0.071875 0.1046875 0.1109375
0 0.15 0.44453125 0.1296875 0.1296875
0 0.6734375 0.384375 0.0703125 0.05625
0 0.63203125 0.31953125 0.0828125 0.1140625
0 0.9390625 0.453125 0.1203125 0.1109375
0 0.39375 0.8046875 0.1328125 0.1734375
0 0.56328125 0.23671875 0.1359375 0.121875
0 0.41484375 0.078125 0.109375 0.11875
0 0.33046875 0.2890625 0.1328125 0.1078125
0 0.7703125 0.07265625 0.14375 0.1453125
0 0.83046875 0.4984375 0.11875 0.115625
0 0.26796875 0.48828125 0.1078125 0.1
0 0.85859375 0.2328125 0.084375 0.071875
0 0.72265625 0.8578125 0.159375 0.153125
0 0.89453125 0.34765625 0.1328125 0.1390625
0 0.221875 0.05390625 0.14375 0.1078125
0 0.1984375 0.71484375 0.1734375 0.16875
0 0.1546875 0.36171875 0.0921875 0.0921875
0 0.4453125 0.22265625 0.134375 0.134375
0 0.5203125 0.0703125 0.1171875 0.11875
0 0.7671875 0.3984375 0.1453125 0.146875