0 0.37109375 0.9609375 0.06875 0.075
0 0.78515625 0.1984375 0.0671875 0.06875
0 0.3859375 0.89765625 0.0546875 0.046875
0 0.8 0.1484375 0.0921875 0.103125
0 0.5671875 0.86796875 0.0640625 0.0953125
0 0.46640625 0.9203125 0.0828125 0.078125
0 0.91640625 0.63515625 0.0984375 0.1109375
0 0.10859375 0.14140625 0.0625 0.06875
0 0.2375 0.93359375 0.1125 0.1109375
0 0.384375 0.30703125 0.0921875 0.1
0 0.146875 0.65859375 0.1046875 0.096875
0 0.1875 0.53515625 0.1 0.0921875
0 0.4375 0.72265625 0.1390625 0.16875
0 0.0890625 0.86484375 0.0921875 0.0890625
0 0.4671875 0.06875 0.075 0.06875
0 0.228125 0.28984375 0.1109375 0.1390625
0 0.61171875 0.840625 0.0875 0.1234375
0 0.43125 0.14375 0.1015625 0.1234375
0 0.25546875 0.43125 0.1125 0.0875
0 0.80390625 0.77421875 0.0859375 0.11875
0 0.6625 0.24375 0.0546875 0.0546875
0 0.04140625 0.26796875 0.0828125 0.096875
0 0.4265625 0.25390625 0.1 0.1171875
0 0.19765625 0.88828125 0.0828125 0.1046875
0 0.93203125 0.7671875 0.1109375 0.1296875
0 0.8765625 0.109375 0.0921875 0.0984375
0 0.278125 0.5765625 0.0953125 0.0796875
0 0.83359375 0.5328125 0.1421875 0.1078125
0 0.94921875 0.8671875 0.0953125 0.10625
0 0.1140625 0.478125 0.165625 0.1296875
0 0.15 0.5859375 0.0828125 0.0671875
0 0.6703125 0.165625 0.0609375 0.0828125
0 0.5015625 0.2421875 0.0953125 0.1140625
0 0.69453125 0.79296875 0.1375 0.171875
0 0.2828125 0.83828125 0.11875 0.1296875
0 0.05234375 0.10625 0.1046875 0.15
0 0.303125 0.2765625 0.096875 0.1171875
0 0.56171875 0.9515625 0.13125 0.0953125
0 0.95390625 0.0703125 0.0890625 0.1140625
0 0.65625 0.9171875 0.0640625 0.0828125
0 0.06640625 0.67578125 0.0796875 0.075
0 0.44375 0.859375 0.084375 0.0828125
0 0.8453125 0.30703125 0.09375 0.10625
0 0.65234375 0.0640625 0.103125 0.10625
0 0.596875 0.6625 0.13125 0.1265625
0 0.85390625 0.0453125 0.1203125 0.090625
0 0.5609375 0.2921875 0.0671875 0.0703125
0 0.85390625 0.7734375 0.0921875 0.103125
0 0.5953125 0.2515625 0.053125 0.0625
0 0.7359375 0.39296875 0.1265625 0.096875
0 0.3015625 0.76171875 0.0890625 0.071875
0 0.0421875 0.925 0.084375 0.0734375
0 0.73984375 0.08203125 0.0859375 0.059375
0 0.37421875 0.8515625 0.0671875 0.071875
0 0.35 0.38125 0.1140625 0.1078125
0 0.5140625 0.5234375 0.1109375 0.08125
0 0.93671875 0.17578125 0.1234375 0.1078125
0 0.88828125 0.3421875 0.0828125 0.0984375
0 0.19375 0.16015625 0.0640625 0.071875
0 0.75078125 0.928125 0.115625 0.10625
0 0.07265625 0.59921875 0.0875 0.109375
0 0.30859375 0.0984375 0.071875 0.0578125
0 0.57578125 0.084375 0.0625 0.09375
0 0.5296875 0.59921875 0.15 0.1359375
0 0.4875 0.40703125 0.0578125 0.0578125
0 0.94375 0.95390625 0.1109375 0.0875
0 0.515625 0.16796875 0.0796875 0.071875
0 0.55078125 0.41875 0.0953125 0.1015625
0 0.6375 0.2875 0.0953125 0.0921875
0 0.34921875 0.69296875 0.0828125 0.1125
0 0.4484375 0.03203125 0.0875 0.0640625
0 0.73359375 0.271875 0.084375 0.0875
0 0.81875 0.44453125 0.053125 0.0640625
0 0.2234375 0.77578125 0.0765625 0.0953125
0 0.634375 0.5453125 0.0890625 0.1140625
0 0.46640625 0.353125 0.0875 0.0921875
0 0.8078125 0.2453125 0.0734375 0.0734375
0 0.15390625 0.2015625 0.1140625 0.1265625
0 0.3984375 0.78984375 0.1171875 0.0921875
0 0.71015625 0.221875 0.084375 0.1015625
0 0.87265625 0.94921875 0.0546875 0.059375
0 0.521875 0.1078125 0.0890625 0.0921875
0 0.5328125 0.05 0.0640625 0.059375
0 0.075 0.29765625 0.109375 0.078125
0 0.15859375 0.828125 0.090625 0.10625
0 0.3890625 0.58203125 0.1203125 0.10625
0 0.8203125 0.3828125 0.0625 0.075
0 0.74453125 0.4765625 0.1421875 0.1234375
0 0.5078125 0.465625 0.115625 0.0875
0 0.828125 0.92578125 0.0625 0.0953125
0 0.77265625 0.83125 0.084375 0.096875
0 0.51953125 0.7734375 0.0984375 0.1375
0 0.8625 0.85625 0.1015625 0.0796875
0 0.33671875 0.9046875 0.065625 0.0671875
0 0.23984375 0.62890625 0.109375 0.0984375
0 0.7703125 0.6484375 0.146875 0.125
0 0.16015625 0.4 0.0875 0.06875
0 0.778125 0.32265625 0.103125 0.084375
0 0.7328125 0.14609375 0.0890625 0.090625
0 0.6328125 0.14765625 0.071875 0.090625
0 0.57109375 0.2125 0.071875 0.084375
0 0.13828125 0.9234375 0.075 0.0984375
0 0.09375 0.4 0.0671875 0.0765625
0 0.8671875 0.60859375 0.103125 0.0921875
0 0.8921875 0.4375 0.1125 0.103125
0 0.23515625 0.05625 0.1109375 0.1125
0 0.6171875 0.3734375 0.1140625 0.1046875
0 0.425 0.43984375 0.0875 0.1015625
0 0.35 0.2328125 0.0765625 0.0765625
0 0.3765625 0.0484375 0.0953125 0.096875
0 0.9484375 0.3609375 0.0984375 0.1453125
0 0.27265625 0.17421875 0.0984375 0.1234375
0 0.73203125 0.709375 0.10625 0.0984375
0 0.8921875 0.2515625 0.0859375 0.0828125
0 0.28515625 0.67578125 0.1015625 0.1171875
0 0.4125 0.93046875 0.046875 0.05
0 0.2 0.70625 0.0875 0.08125
0 0.084375 0.359375 0.1078125 0.11875
0 0.034375 0.43125 0.06875 0.08125
0 0.35 0.14921875 0.1125 0.1234375
0 0.2265625 0.13359375 0.0625 0.0796875
0 0.14140625 0.08125 0.1234375 0.121875
0 0.1703125 0.3453125 0.1046875 0.0796875
0 0.58984375 0.15703125 0.05625 0.0734375
0 0.08515625 0.77265625 0.103125 0.115625