0 0.35 0.57890625 0.2265625 0.2046875
0 0.190625 0.65546875 0.184375 0.2015625
0 0.82578125 0.478125 0.2296875 0.2328125
0 0.1578125 0.7796875 0.175 0.1625
0 0.90546875 0.59140625 0.1859375 0.2703125
0 0.8890625 0.115625 0.2203125 0.23125
0 0.6859375 0.2609375 0.3234375 0.33125
0 0.64140625 0.90546875 0.328125 0.1859375
0 0.096875 0.17890625 0.19375 0.3375
0 0.42265625 0.69453125 0.1984375 0.21875
0 0.92578125 0.303125 0.1453125 0.2703125
0 0.28671875 0.153125 0.2921875 0.30625
0 0.31953125 0.44140625 0.2171875 0.1734375
0 0.69296875 0.596875 0.1921875 0.178125
0 0.0984375 0.465625 0.196875 0.31875
0 0.16796875 0.87890625 0.3 0.240625
0 0.5765625 0.128125 0.3453125 0.25625
0 0.40546875 0.89453125 0.2703125 0.2078125
0 0.56640625 0.46484375 0.26875 0.278125