0 0.74921875 0.7875 0.1921875 0.1921875
0 0.36875 0.803125 0.20625 0.2875
0 0.6078125 0.1421875 0.1375 0.134375
0 0.54375 0.7109375 0.1921875 0.2109375
0 0.57265625 0.55546875 0.10625 0.1125
0 0.78125 0.421875 0.228125 0.2328125
0 0.69296875 0.2734375 0.178125 0.2125
0 0.78359375 0.15703125 0.1578125 0.1765625
0 0.7 0.10546875 0.1109375 0.1109375
0 0.2328125 0.25703125 0.2328125 0.19375
0 0.678125 0.9453125 0.1609375 0.109375
0 0.56953125 0.07109375 0.1265625 0.1421875
0 0.6703125 0.05078125 0.1390625 0.1015625
0 0.85 0.9515625 0.23125 0.0953125
0 0.86328125 0.74609375 0.15625 0.234375
0 0.19375 0.69921875 0.1296875 0.115625
0 0.5375 0.88515625 0.16875 0.1734375
0 0.65234375 0.68515625 0.11875 0.1203125
0 0.0484375 0.615625 0.096875 0.15
0 0.7359375 0.61796875 0.246875 0.215625
0 0.57890625 0.2671875 0.115625 0.1796875
0 0.465625 0.0515625 0.1234375 0.103125
0 0.421875 0.528125 0.1734375 0.1765625
0 0.93046875 0.55703125 0.1390625 0.1625
0 0.27734375 0.9484375 0.1640625 0.1
0 0.08671875 0.3296875 0.1734375 0.159375
0 0.7125 0.88203125 0.1203125 0.125
0 0.85625 0.540625 0.0921875 0.1234375
0 0.090625 0.803125 0.18125 0.275
0 0.53671875 0.34296875 0.1171875 0.11875
0 0.0859375 0.20625 0.171875 0.2625
0 0.17578125 0.890625 0.0953125 0.084375
0 0.22734375 0.559375 0.2375 0.2015625
0 0.1984375 0.8046875 0.121875 0.1328125
0 0.6359375 0.80625 0.134375 0.14375
0 0.90234375 0.28046875 0.19375 0.2171875
0 0.66796875 0.46875 0.1078125 0.1265625
0 0.94140625 0.4234375 0.1140625 0.153125
0 0.9328125 0.92109375 0.0890625 0.103125
0 0.0671875 0.48359375 0.134375 0.1640625
0 0.59921875 0.43671875 0.1203125 0.1546875
0 0.35703125 0.08125 0.1328125 0.1625
0 0.3296875 0.43984375 0.25625 0.259375
0 0.4453125 0.95703125 0.178125 0.0828125
0 0.09609375 0.4359375 0.13125 0.1515625
0 0.8453125 0.89765625 0.1609375 0.1484375
0 0.95234375 0.78984375 0.09375 0.2015625
0 0.34609375 0.63671875 0.121875 0.1140625
0 0.4453125 0.18359375 0.1421875 0.2015625
0 0.259375 0.84375 0.1 0.146875
0 0.865625 0.10625 0.2203125 0.2125