0 0.05078125 0.55625 0.1015625 0.1453125
0 0.5953125 0.95625 0.096875 0.084375
0 0.64609375 0.9375 0.08125 0.1171875
0 0.9578125 0.465625 0.084375 0.11875
0 0.61484375 0.45703125 0.0921875 0.084375
0 0.70546875 0.93046875 0.0671875 0.103125
0 0.771875 0.5359375 0.06875 0.06875
0 0.9 0.9453125 0.1 0.1078125
0 0.1390625 0.92265625 0.0796875 0.084375
0 0.5671875 0.51171875 0.0671875 0.0734375
0 0.48984375 0.11640625 0.1390625 0.084375
0 0.30078125 0.68125 0.084375 0.0671875
0 0.66796875 0.8359375 0.0921875 0.1140625
0 0.31484375 0.51171875 0.1078125 0.1
0 0.159375 0.8421875 0.121875 0.1109375
0 0.559375 0.865625 0.0875 0.1046875
0 0.1328125 0.5671875 0.103125 0.0796875
0 0.796875 0.421875 0.1578125 0.165625
0 0.5234375 0.63515625 0.0609375 0.0953125
0 0.49296875 0.0390625 0.2203125 0.078125
0 0.10859375 0.4578125 0.0703125 0.1046875
0 0.52421875 0.46484375 0.109375 0.1078125
0 0.12890625 0.63671875 0.096875 0.0828125
0 0.61640625 0.32109375 0.06875 0.1359375
0 0.26640625 0.60390625 0.1390625 0.1390625
0 0.77109375 0.87109375 0.121875 0.0984375
0 0.453125 0.62890625 0.1078125 0.1375
0 0.32421875 0.8421875 0.1109375 0.1109375
0 0.08125 0.2328125 0.0765625 0.078125
0 0.43203125 0.19609375 0.06875 0.0609375
0 0.671875 0.625 0.090625 0.1078125
0 0.82109375 0.596875 0.0640625 0.103125
0 0.6890625 0.53125 0.0859375 0.1234375
0 0.553125 0.80078125 0.0515625 0.0828125
0 0.775 0.59140625 0.065625 0.065625
0 0.8859375 0.584375 0.1171875 0.1015625
0 0.7140625 0.31796875 0.115625 0.09375
0 0.6421875 0.546875 0.0734375 0.0875
0 0.19140625 0.27109375 0.1390625 0.1078125
0 0.76171875 0.73828125 0.153125 0.16875
0 0.41015625 0.459375 0.0484375 0.046875
0 0.90625 0.50703125 0.0703125 0.0921875
0 0.62890625 0.03828125 0.0546875 0.0765625
0 0.90625 0.128125 0.0640625 0.1296875
0 0.4390625 0.4921875 0.071875 0.0765625
0 0.39453125 0.74609375 0.0828125 0.0875
0 0.69296875 0.125 0.1296875 0.1
0 0.41328125 0.5421875 0.0796875 0.1015625
0 0.1640625 0.1265625 0.103125 0.09375
0 0.11875 0.765625 0.103125 0.1015625
0 0.32109375 0.94609375 0.125 0.1078125
0 0.49140625 0.53359375 0.0515625 0.059375
0 0.471875 0.75078125 0.075 0.084375
0 0.52734375 0.2125 0.1171875 0.1546875
0 0.05 0.8359375 0.1 0.103125
0 0.69921875 0.240625 0.075 0.0671875
0 0.4078125 0.85546875 0.0609375 0.1046875
0 0.84453125 0.5109375 0.0640625 0.0640625
0 0.35625 0.16640625 0.1265625 0.0796875
0 0.92890625 0.678125 0.08125 0.090625
0 0.42109375 0.9453125 0.090625 0.1078125
0 0.05390625 0.7359375 0.1078125 0.1
0 0.46640625 0.8265625 0.0796875 0.0765625
0 0.80546875 0.15 0.1359375 0.1703125
0 0.58046875 0.61640625 0.0890625 0.13125