0 0.12421875 0.8046875 0.1359375 0.103125
0 0.1578125 0.20546875 0.121875 0.1140625
0 0.80703125 0.1 0.071875 0.0921875
0 0.65078125 0.15390625 0.071875 0.0703125
0 0.0984375 0.32421875 0.1546875 0.1046875
0 0.821875 0.51484375 0.0875 0.0625
0 0.2984375 0.871875 0.1015625 0.115625
0 0.9671875 0.39765625 0.0640625 0.09375
0 0.90234375 0.10546875 0.0625 0.084375
0 0.8671875 0.30546875 0.071875 0.0671875
0 0.52734375 0.6703125 0.134375 0.1484375
0 0.81328125 0.5765625 0.0578125 0.0515625
0 0.896875 0.43359375 0.10625 0.0890625
0 0.10703125 0.54453125 0.1453125 0.1109375
0 0.15390625 0.9453125 0.1453125 0.1078125
0 0.48828125 0.03515625 0.0765625 0.0703125
0 0.7515625 0.12578125 0.0859375 0.0828125
0 0.4328125 0.0703125 0.1109375 0.0921875
0 0.646875 0.05234375 0.096875 0.1046875
0 0.95703125 0.67578125 0.084375 0.0796875
0 0.75 0.26875 0.0875 0.0625
0 0.7953125 0.04140625 0.075 0.059375
0 0.1171875 0.43515625 0.15625 0.121875
0 0.73984375 0.35703125 0.1375 0.1515625
0 0.3953125 0.46484375 0.134375 0.1421875
0 0.3109375 0.56328125 0.11875 0.1125
0 0.05078125 0.225 0.1015625 0.115625
0 0.78125 0.215625 0.1296875 0.134375
0 0.634375 0.93203125 0.159375 0.134375
0 0.2984375 0.65390625 0.1015625 0.1140625
0 0.3859375 0.60546875 0.1359375 0.171875
0 0.57890625 0.09921875 0.1171875 0.11875
0 0.7 0.51875 0.165625 0.1625
0 0.29296875 0.7640625 0.0953125 0.0953125
0 0.08984375 0.07265625 0.1796875 0.1453125
0 0.5078125 0.26171875 0.115625 0.1375
0 0.4828125 0.86875 0.146875 0.1671875
0 0.12578125 0.68125 0.1109375 0.10625
0 0.72265625 0.07734375 0.0796875 0.0671875
0 0.4921875 0.5953125 0.115625 0.1390625
0 0.903125 0.37109375 0.0765625 0.05625
0 0.8515625 0.14453125 0.06875 0.06875
0 0.66328125 0.31640625 0.075 0.0734375
0 0.25703125 0.42265625 0.18125 0.15
0 0.92734375 0.475 0.0625 0.0671875
0 0.28515625 0.49453125 0.10625 0.0875
0 0.4734375 0.1484375 0.159375 0.1578125
0 0.890625 0.22265625 0.078125 0.071875
0 0.65 0.271875 0.090625 0.071875
0 0.9265625 0.3 0.0609375 0.0734375
0 0.94453125 0.76796875 0.1078125 0.0921875
0 0.5859375 0.32265625 0.1 0.1015625
0 0.0609375 0.9046875 0.121875 0.1578125
0 0.60390625 0.78671875 0.11875 0.1453125
0 0.0625 0.140625 0.11875 0.096875
0 0.1484375 0.87734375 0.071875 0.0921875
0 0.9515625 0.08359375 0.0953125 0.1421875
0 0.9140625 0.165625 0.05625 0.0625
0 0.2078125 0.678125 0.1078125 0.1296875
0 0.071875 0.72890625 0.134375 0.1109375
0 0.853125 0.07109375 0.065625 0.065625
0 0.53125 0.05 0.0578125 0.05625
0 0.89296875 0.5609375 0.115625 0.1109375
0 0.4 0.7828125 0.115625 0.1203125
0 0.25390625 0.33203125 0.1765625 0.1328125
0 0.84609375 0.69296875 0.15 0.1546875
0 0.821875 0.38125 0.0953125 0.103125
0 0.5 0.7640625 0.0953125 0.075
0 0.22109375 0.5609375 0.1 0.103125
0 0.2515625 0.246875 0.1671875 0.1265625
0 0.6109375 0.2109375 0.1078125 0.1109375
0 0.67265625 0.4015625 0.084375 0.078125
0 0.22109375 0.83515625 0.103125 0.1078125
0 0.4 0.69609375 0.1109375 0.0875
0 0.6828125 0.228125 0.0609375 0.065625
0 0.81171875 0.453125 0.0640625 0.0484375