0 0.09765625 0.4328125 0.1953125 0.2359375
0 0.775 0.8703125 0.3046875 0.25625
0 0.10546875 0.1203125 0.190625 0.2375
0 0.1890625 0.5 0.15 0.209375
0 0.7046875 0.64140625 0.2171875 0.2140625
0 0.5140625 0.73046875 0.2953125 0.3328125
0 0.29296875 0.5015625 0.159375 0.2015625
0 0.2640625 0.12265625 0.2203125 0.2453125
0 0.77421875 0.41953125 0.209375 0.346875
0 0.3828125 0.1265625 0.1578125 0.1890625
0 0.35546875 0.340625 0.2125 0.2484375
0 0.378125 0.584375 0.2671875 0.259375
0 0.92109375 0.1703125 0.1546875 0.340625
0 0.69453125 0.12265625 0.296875 0.2453125
0 0.175 0.315625 0.1828125 0.196875
0 0.509375 0.0984375 0.16875 0.178125
0 0.59765625 0.38046875 0.30625 0.3578125
0 0.15234375 0.821875 0.275 0.2625