0 0.525 0.85078125 0.1078125 0.1125
0 0.50859375 0.05390625 0.1140625 0.1078125
0 0.94609375 0.11953125 0.103125 0.1
0 0.47265625 0.41796875 0.1109375 0.1
0 0.7421875 0.46953125 0.065625 0.0546875
0 0.3359375 0.69609375 0.084375 0.08125
0 0.59765625 0.1203125 0.1109375 0.134375
0 0.7328125 0.56875 0.090625 0.090625
0 0.80078125 0.54921875 0.115625 0.153125
0 0.8734375 0.32578125 0.090625 0.0828125
0 0.61328125 0.51171875 0.075 0.084375
0 0.45234375 0.24609375 0.128125 0.1015625
0 0.63828125 0.05234375 0.1328125 0.1046875
0 0.14140625 0.42109375 0.1234375 0.096875
0 0.46875 0.703125 0.0984375 0.1015625
0 0.15546875 0.09609375 0.1140625 0.0953125
0 0.5640625 0.7515625 0.1015625 0.128125
0 0.9578125 0.7984375 0.0828125 0.0796875
0 0.13984375 0.33828125 0.0828125 0.0859375
0 0.36640625 0.14375 0.090625 0.0921875
0 0.8765625 0.43125 0.1109375 0.0984375
0 0.38125 0.6265625 0.121875 0.140625
0 0.5765625 0.234375 0.0734375 0.090625
0 0.29609375 0.3203125 0.09375 0.1046875
0 0.3953125 0.9125 0.0734375 0.1046875
0 0.70859375 0.10546875 0.0828125 0.1140625
0 0.64765625 0.36171875 0.0921875 0.1125
0 0.509375 0.5234375 0.075 0.109375
0 0.13359375 0.64921875 0.19375 0.16875
0 0.58984375 0.91796875 0.1 0.1234375
0 0.28828125 0.8734375 0.0921875 0.1109375
0 0.86875 0.06875 0.1328125 0.1375
0 0.390625 0.51953125 0.1203125 0.0953125
0 0.078125 0.3015625 0.11875 0.1046875
0 0.71953125 0.72265625 0.1625 0.09375
0 0.959375 0.42421875 0.078125 0.0953125
0 0.6515625 0.884375 0.1515625 0.178125
0 0.76953125 0.1265625 0.1359375 0.09375
0 0.675 0.23828125 0.128125 0.13125
0 0.4765625 0.3359375 0.115625 0.096875
0 0.90390625 0.5140625 0.1453125 0.1234375
0 0.3359375 0.80859375 0.1125 0.1109375
0 0.7671875 0.2015625 0.0875 0.08125
0 0.50546875 0.15703125 0.0671875 0.0875
0 0.584375 0.41015625 0.1046875 0.128125
0 0.21328125 0.325 0.10625 0.13125
0 0.2203125 0.18828125 0.1640625 0.1578125
0 0.90234375 0.20625 0.0921875 0.1046875
0 0.72578125 0.64609375 0.159375 0.1125
0 0.896875 0.859375 0.1578125 0.159375
0 0.259375 0.4390625 0.153125 0.1421875
0 0.38203125 0.3015625 0.090625 0.075
0 0.9421875 0.37265625 0.1078125 0.0796875
0 0.290625 0.76015625 0.103125 0.0921875
0 0.31953125 0.259375 0.125 0.1046875
0 0.44296875 0.0765625 0.071875 0.1
0 0.7640625 0.85703125 0.134375 0.1453125
0 0.9359375 0.2859375 0.109375 0.1109375
0 0.06875 0.79453125 0.1375 0.1703125
0 0.1765625 0.50390625 0.15 0.1578125
0 0.3015625 0.1046875 0.134375 0.1390625
0 0.3796875 0.20234375 0.0671875 0.0765625
0 0.4703125 0.921875 0.084375 0.121875
0 0.4453125 0.6109375 0.08125 0.10625
0 0.109375 0.1796875 0.128125 0.1546875
0 0.68984375 0.778125 0.11875 0.0796875
0 0.08046875 0.4890625 0.115625 0.1359375
0 0.4109375 0.82421875 0.0703125 0.0828125
0 0.38515625 0.7421875 0.0765625 0.075
0 0.76796875 0.4203125 0.128125 0.0953125
0 0.7609375 0.31328125 0.153125 0.146875
0 0.75859375 0.0421875 0.1171875 0.084375
0 0.14609375 0.915625 0.190625 0.165625
0 0.475 0.78046875 0.11875 0.1015625
0 0.25859375 0.571875 0.15 0.1328125
0 0.95078125 0.6578125 0.096875 0.1203125
0 0.05703125 0.55703125 0.1140625 0.1296875
0 0.8109375 0.93125 0.128125 0.1234375
0 0.93671875 0.56875 0.1234375 0.121875
0 0.37421875 0.37734375 0.1140625 0.1046875
0 0.684375 0.5125 0.0984375 0.1328125
0 0.8421875 0.19609375 0.10625 0.1421875
0 0.553125 0.53984375 0.1140625 0.115625
0 0.1765625 0.7875 0.1359375 0.1765625
0 0.453125 0.1640625 0.109375 0.10625
0 0.33984375 0.48046875 0.11875 0.13125
0 0.91328125 0.725 0.146875 0.1390625