0 0.28515625 0.92734375 0.1609375 0.14375
0 0.10625 0.9046875 0.2125 0.1828125
0 0.8859375 0.353125 0.1765625 0.1734375
0 0.32890625 0.5703125 0.2515625 0.303125
0 0.4328125 0.271875 0.375 0.315625
0 0.7421875 0.5390625 0.1359375 0.140625
0 0.0828125 0.2953125 0.165625 0.1734375
0 0.83515625 0.65625 0.1671875 0.1921875
0 0.9421875 0.84921875 0.1140625 0.1734375
0 0.109375 0.7453125 0.21875 0.20625
0 0.5328125 0.55 0.24375 0.296875
0 0.6328125 0.46171875 0.1125 0.1125
0 0.775 0.909375 0.2375 0.178125
0 0.7015625 0.15546875 0.1109375 0.1375
0 0.7765625 0.05390625 0.115625 0.1078125
0 0.50625 0.84375 0.3046875 0.2859375
0 0.55546875 0.12578125 0.2921875 0.2515625
0 0.80625 0.278125 0.1390625 0.1484375