0 0.48984375 0.28671875 0.1796875 0.1640625
0 0.66796875 0.13671875 0.2078125 0.19375
0 0.33828125 0.1875 0.18125 0.1859375
0 0.75078125 0.63125 0.2484375 0.290625
0 0.484375 0.91328125 0.2359375 0.1703125
0 0.34921875 0.73984375 0.25 0.325
0 0.28125 0.43828125 0.165625 0.146875
0 0.10078125 0.66328125 0.2015625 0.2484375
0 0.69921875 0.36875 0.096875 0.13125
0 0.8109375 0.23125 0.14375 0.134375
0 0.28984375 0.3046875 0.1 0.09375
0 0.6625 0.50078125 0.1765625 0.1625
0 0.07265625 0.18671875 0.1453125 0.1765625
0 0.13046875 0.51484375 0.159375 0.1671875
0 0.628125 0.27109375 0.1625 0.1859375
0 0.47265625 0.146875 0.115625 0.1625
0 0.3671875 0.3796875 0.1578125 0.19375
0 0.2828125 0.60234375 0.228125 0.221875
0 0.26171875 0.9140625 0.2046875 0.16875
0 0.73515625 0.0796875 0.10625 0.13125
0 0.0859375 0.30546875 0.109375 0.0703125
0 0.91328125 0.6546875 0.1703125 0.30625
0 0.7828125 0.85625 0.240625 0.20625
0 0.540625 0.5546875 0.1296875 0.1515625
0 0.675 0.7 0.1109375 0.121875
0 0.146875 0.38203125 0.196875 0.15625
0 0.53984375 0.7078125 0.25 0.3421875
0 0.47109375 0.38515625 0.0984375 0.0953125
0 0.2 0.13671875 0.19375 0.1984375