0 0.08125 0.784375 0.1625 0.196875
0 0.62421875 0.08046875 0.1203125 0.1609375
0 0.85078125 0.32109375 0.1390625 0.125
0 0.728125 0.1015625 0.1234375 0.1703125
0 0.528125 0.45234375 0.1125 0.1296875
0 0.84921875 0.68828125 0.1375 0.1421875
0 0.0609375 0.515625 0.1109375 0.134375
0 0.22265625 0.1 0.0984375 0.1265625
0 0.13046875 0.33359375 0.1015625 0.10625
0 0.55078125 0.2578125 0.0875 0.1171875
0 0.3125 0.55390625 0.11875 0.1484375
0 0.16796875 0.5078125 0.1265625 0.1359375
0 0.94453125 0.8546875 0.1078125 0.115625
0 0.34453125 0.24375 0.08125 0.0734375
0 0.63828125 0.31875 0.13125 0.109375
0 0.88125 0.60078125 0.103125 0.1171875
0 0.446875 0.6703125 0.1625 0.1703125
0 0.546875 0.89765625 0.1234375 0.10625
0 0.53671875 0.603125 0.0703125 0.0984375
0 0.8421875 0.10546875 0.121875 0.153125
0 0.4921875 0.28671875 0.084375 0.0875
0 0.0515625 0.2296875 0.103125 0.1390625
0 0.371875 0.10546875 0.109375 0.1625
0 0.72890625 0.6359375 0.1390625 0.115625
0 0.121875 0.59453125 0.0984375 0.0921875
0 0.390625 0.87734375 0.228125 0.228125
0 0.36484375 0.3734375 0.18125 0.165625
0 0.80859375 0.634375 0.0625 0.0671875
0 0.209375 0.63671875 0.1078125 0.1125
0 0.24375 0.2296875 0.1171875 0.1078125
0 0.76953125 0.56484375 0.1484375 0.0890625
0 0.3296875 0.72265625 0.18125 0.18125
0 0.484375 0.04921875 0.1453125 0.0984375
0 0.853125 0.45390625 0.1421875 0.1515625
0 0.484375 0.1296875 0.13125 0.1109375
0 0.4265625 0.50078125 0.078125 0.128125
0 0.21875 0.3609375 0.0859375 0.0921875
0 0.63359375 0.553125 0.140625 0.1875
0 0.546875 0.07578125 0.0609375 0.06875
0 0.7171875 0.1734375 0.09375 0.0859375
0 0.26015625 0.4578125 0.13125 0.1234375
0 0.12265625 0.11484375 0.1328125 0.15
0 0.90703125 0.1421875 0.146875 0.1328125
0 0.71484375 0.76640625 0.1484375 0.165625
0 0.85 0.8609375 0.1296875 0.15
0 0.72890625 0.41640625 0.2046875 0.153125
0 0.446875 0.22109375 0.13125 0.103125
0 0.28671875 0.09375 0.0796875 0.13125
0 0.78984375 0.253125 0.06875 0.06875
0 0.2984375 0.82890625 0.090625 0.1
0 0.07109375 0.38828125 0.1421875 0.1765625
0 0.10234375 0.87421875 0.2046875 0.1734375
0 0.17109375 0.4234375 0.1265625 0.0984375
0 0.625 0.1875 0.0734375 0.078125
0 0.4671875 0.56484375 0.1203125 0.0953125