0 0.3109375 0.6640625 0.28125 0.31875
0 0.859375 0.8734375 0.240625 0.2484375
0 0.1953125 0.43046875 0.228125 0.240625
0 0.06171875 0.36328125 0.1234375 0.2359375
0 0.76953125 0.66875 0.1390625 0.1453125
0 0.5609375 0.26953125 0.1140625 0.2078125
0 0.54921875 0.0953125 0.1703125 0.190625
0 0.096875 0.73671875 0.19375 0.1984375
0 0.91640625 0.303125 0.1625 0.1796875
0 0.36640625 0.88359375 0.1375 0.128125
0 0.665625 0.2015625 0.2015625 0.153125
0 0.4359375 0.1328125 0.1796875 0.15
0 0.115625 0.89453125 0.23125 0.2078125
0 0.5484375 0.92421875 0.2046875 0.15
0 0.38984375 0.45078125 0.1984375 0.2
0 0.434375 0.28515625 0.2046875 0.228125
0 0.384375 0.965625 0.1453125 0.0640625
0 0.14921875 0.2046875 0.2515625 0.303125
0 0.4921875 0.7609375 0.246875 0.225
0 0.58984375 0.58203125 0.3109375 0.2953125
0 0.684375 0.35234375 0.215625 0.20625
0 0.17265625 0.6234375 0.1 0.10625
0 0.80859375 0.24140625 0.15625 0.271875
0 0.6921875 0.7953125 0.1640625 0.1953125
0 0.08125 0.51171875 0.134375 0.09375
0 0.8734375 0.059375 0.25 0.11875
0 0.909375 0.13828125 0.1703125 0.19375