0 0.58359375 0.12734375 0.08125 0.1078125
0 0.54140625 0.50234375 0.05625 0.053125
0 0.0875 0.965625 0.1125 0.06875
0 0.50234375 0.44765625 0.1125 0.09375
0 0.2953125 0.20234375 0.0953125 0.1
0 0.4 0.05390625 0.1140625 0.1078125
0 0.1171875 0.6796875 0.103125 0.0671875
0 0.43671875 0.115625 0.0859375 0.071875
0 0.9203125 0.815625 0.13125 0.1234375
0 0.253125 0.12734375 0.1 0.0875
0 0.46171875 0.2 0.0953125 0.1109375
0 0.5140625 0.06015625 0.121875 0.1203125
0 0.51328125 0.68515625 0.103125 0.096875
0 0.80078125 0.77421875 0.1046875 0.103125
0 0.5609375 0.3203125 0.1046875 0.08125
0 0.5609375 0.7796875 0.075 0.0953125
0 0.446875 0.6296875 0.0640625 0.075
0 0.478125 0.84453125 0.0921875 0.115625
0 0.39921875 0.3171875 0.1015625 0.1296875
0 0.62734375 0.83359375 0.096875 0.11875
0 0.75078125 0.30703125 0.0921875 0.090625
0 0.88984375 0.2828125 0.1171875 0.0953125
0 0.3875 0.6328125 0.1015625 0.1109375
0 0.915625 0.09453125 0.08125 0.0875
0 0.240625 0.296875 0.1265625 0.1
0 0.084375 0.23046875 0.134375 0.10625
0 0.290625 0.96875 0.071875 0.05625
0 0.23984375 0.8390625 0.103125 0.13125
0 0.08203125 0.0765625 0.1015625 0.1046875
0 0.2953125 0.41171875 0.1078125 0.0828125
0 0.32109375 0.09921875 0.0703125 0.09375
0 0.453125 0.553125 0.06875 0.090625
0 0.22734375 0.7046875 0.06875 0.0578125
0 0.3515625 0.90625 0.084375 0.075
0 0.78359375 0.61796875 0.115625 0.078125
0 0.725 0.2140625 0.0796875 0.1015625
0 0.0671875 0.303125 0.134375 0.115625
0 0.0953125 0.4296875 0.109375 0.13125
0 0.32421875 0.7953125 0.115625 0.090625
0 0.8125 0.36875 0.0703125 0.0671875
0 0.96015625 0.91171875 0.0765625 0.09375
0 0.87265625 0.21875 0.0796875 0.075
0 0.18125 0.93984375 0.175 0.11875
0 0.4453125 0.46875 0.0640625 0.0828125
0 0.38046875 0.38203125 0.0640625 0.0625
0 0.64921875 0.19765625 0.0796875 0.084375
0 0.1359375 0.15 0.1015625 0.1140625
0 0.2015625 0.20703125 0.1171875 0.121875
0 0.2890625 0.4703125 0.109375 0.0734375
0 0.60546875 0.60625 0.040625 0.034375
0 0.13359375 0.81328125 0.08125 0.0953125
0 0.08046875 0.5734375 0.0875 0.0890625
0 0.65703125 0.48828125 0.071875 0.071875
0 0.78671875 0.8984375 0.05625 0.071875
0 0.61015625 0.45546875 0.09375 0.0859375
0 0.38125 0.95234375 0.1234375 0.09375
0 0.8359375 0.96796875 0.084375 0.0609375
0 0.70078125 0.8203125 0.0671875 0.0984375
0 0.59375 0.51875 0.071875 0.0703125
0 0.41953125 0.809375 0.1296875 0.1625
0 0.8046875 0.84140625 0.05625 0.065625
0 0.8078125 0.5484375 0.1046875 0.10625
0 0.51328125 0.15703125 0.084375 0.08125
0 0.36796875 0.53125 0.06875 0.0890625
0 0.525 0.81953125 0.071875 0.090625
0 0.65625 0.5625 0.103125 0.0984375
0 0.1640625 0.8734375 0.0671875 0.0515625
0 0.3203125 0.71796875 0.0671875 0.0953125
0 0.25 0.34453125 0.0875 0.09375
0 0.24453125 0.534375 0.103125 0.1015625
0 0.6921875 0.73828125 0.0765625 0.0828125
0 0.05078125 0.66796875 0.1015625 0.090625
0 0.86015625 0.8453125 0.0765625 0.0859375
0 0.5890625 0.91484375 0.0625 0.053125
0 0.1671875 0.4765625 0.1140625 0.103125
0 0.78671875 0.12890625 0.0875 0.1
0 0.86796875 0.73203125 0.06875 0.078125
0 0.68828125 0.11171875 0.0625 0.084375
0 0.7546875 0.821875 0.0609375 0.096875
0 0.93828125 0.6875 0.0890625 0.0984375
0 0.90234375 0.915625 0.0765625 0.08125
0 0.05390625 0.12578125 0.1078125 0.1203125
0 0.25390625 0.64609375 0.121875 0.1171875
0 0.46796875 0.2984375 0.078125 0.1046875
0 0.52890625 0.5921875 0.121875 0.125
0 0.64140625 0.03984375 0.1203125 0.0796875
0 0.7 0.4 0.05625 0.0796875
0 0.1328125 0.61328125 0.08125 0.078125
0 0.63515625 0.73984375 0.05625 0.0765625
0 0.7328125 0.11171875 0.071875 0.0921875
0 0.78125 0.23046875 0.0671875 0.0828125
0 0.93984375 0.1484375 0.1109375 0.0921875
0 0.53515625 0.23046875 0.0765625 0.103125
0 0.865625 0.5296875 0.1 0.0765625
0 0.16015625 0.36640625 0.0875 0.096875
0 0.95078125 0.3484375 0.06875 0.0765625
0 0.3234375 0.3484375 0.0859375 0.0859375
0 0.37734375 0.14453125 0.109375 0.0921875
0 0.5953125 0.2390625 0.08125 0.1203125
0 0.4046875 0.5421875 0.0546875 0.0828125
0 0.66640625 0.278125 0.0875 0.0921875
0 0.7609375 0.40625 0.09375 0.0953125
0 0.73671875 0.52421875 0.0609375 0.0625
0 0.8875 0.36796875 0.0859375 0.1140625
0 0.83203125 0.90703125 0.0703125 0.0765625
0 0.51796875 0.359375 0.1390625 0.1125
0 0.796875 0.69140625 0.090625 0.09375
0 0.38046875 0.71484375 0.071875 0.0953125
0 0.67578125 0.6328125 0.1015625 0.08125
0 0.78515625 0.04453125 0.1046875 0.0890625
0 0.3265625 0.86171875 0.0765625 0.071875
0 0.7203125 0.5734375 0.075 0.0984375
0 0.059375 0.7703125 0.103125 0.115625
0 0.64921875 0.10546875 0.06875 0.09375
0 0.046875 0.86796875 0.09375 0.11875
0 0.828125 0.25 0.05625 0.0859375
0 0.95 0.23125 0.0953125 0.1125
0 0.31484375 0.52890625 0.08125 0.0859375
0 0.59765625 0.6578125 0.0859375 0.0890625
0 0.25390625 0.05625 0.1125 0.090625
0 0.7015625 0.9640625 0.1140625 0.0703125
0 0.8421875 0.13125 0.0734375 0.0984375
0 0.375 0.21953125 0.0953125 0.0921875
0 0.48515625 0.91875 0.0796875 0.0703125
0 0.37890625 0.47265625 0.0796875 0.0875
0 0.88125 0.66171875 0.0765625 0.1015625
0 0.2890625 0.9171875 0.075 0.0640625
0 0.1546875 0.05 0.0953125 0.1
0 0.33359375 0.28046875 0.071875 0.0703125
0 0.64453125 0.36640625 0.1109375 0.1140625
0 0.74921875 0.471875 0.084375 0.0625
0 0.84765625 0.43984375 0.125 0.13125
0 0.64921875 0.91328125 0.06875 0.0640625