0 0.5078125 0.64921875 0.0765625 0.0953125
0 0.825 0.2640625 0.103125 0.10625
0 0.88359375 0.196875 0.084375 0.0703125
0 0.80859375 0.87109375 0.0671875 0.0765625
0 0.91015625 0.54375 0.1328125 0.0984375
0 0.41875 0.534375 0.1078125 0.109375
0 0.63984375 0.60390625 0.0953125 0.1046875
0 0.69765625 0.93828125 0.04375 0.021875
0 0.15703125 0.48828125 0.0921875 0.0953125
0 0.75390625 0.515625 0.1609375 0.115625
0 0.38671875 0.39296875 0.1078125 0.128125
0 0.83984375 0.1265625 0.1234375 0.09375
0 0.24375 0.58203125 0.1 0.109375
0 0.371875 0.16484375 0.065625 0.05625
0 0.68828125 0.9 0.05625 0.0484375
0 0.28359375 0.11328125 0.0828125 0.05625
0 0.96484375 0.71015625 0.05625 0.0640625
0 0.8921875 0.4140625 0.065625 0.05625
0 0.75390625 0.92890625 0.078125 0.078125
0 0.54296875 0.46015625 0.0796875 0.08125
0 0.071875 0.78203125 0.14375 0.1640625
0 0.89375 0.775 0.0796875 0.075
0 0.2609375 0.2109375 0.09375 0.1171875
0 0.453125 0.74765625 0.1265625 0.1
0 0.9421875 0.05859375 0.1109375 0.1171875
0 0.96953125 0.8453125 0.05625 0.0546875
0 0.4828125 0.43046875 0.1 0.128125
0 0.31875 0.3046875 0.1171875 0.121875
0 0.10625 0.234375 0.1625 0.165625
0 0.81484375 0.07109375 0.0921875 0.1421875
0 0.60625 0.3734375 0.121875 0.1078125
0 0.571875 0.76171875 0.1296875 0.1625
0 0.115625 0.88671875 0.175 0.1796875
0 0.959375 0.33984375 0.0796875 0.0921875
0 0.94609375 0.8171875 0.0546875 0.046875
0 0.29453125 0.428125 0.0703125 0.11875
0 0.18359375 0.1953125 0.0796875 0.109375
0 0.203125 0.40859375 0.1046875 0.1203125
0 0.34765625 0.875 0.0921875 0.1109375
0 0.9640625 0.9390625 0.06875 0.053125
0 0.6796875 0.09609375 0.075 0.075
0 0.834375 0.8421875 0.053125 0.0515625
0 0.40703125 0.26796875 0.109375 0.1265625
0 0.5125 0.31328125 0.09375 0.1125