0 0.57578125 0.28046875 0.05 0.059375
0 0.4296875 0.5015625 0.071875 0.0609375
0 0.17109375 0.18984375 0.078125 0.0765625
0 0.11484375 0.53671875 0.115625 0.0765625
0 0.2734375 0.3890625 0.0984375 0.0921875
0 0.87265625 0.19453125 0.0734375 0.05625
0 0.7296875 0.26875 0.06875 0.0703125
0 0.45078125 0.2234375 0.053125 0.0671875
0 0.59375 0.7484375 0.071875 0.0890625
0 0.1234375 0.80078125 0.1328125 0.1265625
0 0.10546875 0.86640625 0.1078125 0.1125
0 0.65390625 0.31875 0.0625 0.05625
0 0.346875 0.63515625 0.05625 0.0640625
0 0.79375 0.27421875 0.053125 0.05
0 0.09453125 0.28515625 0.0625 0.0546875
0 0.61796875 0.3984375 0.0625 0.0546875
0 0.0890625 0.12890625 0.146875 0.1265625
0 0.5328125 0.353125 0.0671875 0.06875
0 0.87890625 0.44140625 0.10625 0.059375
0 0.74140625 0.6140625 0.0765625 0.0671875
0 0.6796875 0.7171875 0.078125 0.090625
0 0.359375 0.11640625 0.0578125 0.084375
0 0.684375 0.6484375 0.071875 0.06875
0 0.8484375 0.521875 0.1015625 0.053125
0 0.56640625 0.3875 0.0703125 0.053125
0 0.33984375 0.04375 0.08125 0.0875
0 0.2859375 0.1703125 0.0546875 0.0625
0 0.86875 0.92421875 0.08125 0.090625
0 0.7796875 0.196875 0.0921875 0.078125
0 0.72890625 0.31875 0.0890625 0.053125
0 0.8125 0.2984375 0.084375 0.046875
0 0.6234375 0.21953125 0.071875 0.0828125
0 0.22890625 0.3171875 0.0625 0.0625
0 0.65859375 0.2578125 0.0640625 0.0609375
0 0.575 0.42578125 0.04375 0.0375
0 0.5625 0.51328125 0.096875 0.0703125
0 0.153125 0.38125 0.071875 0.0453125
0 0.3703125 0.4828125 0.0453125 0.0375
0 0.5484375 0.125 0.05 0.0875
0 0.4265625 0.86328125 0.0890625 0.15
0 0.90625 0.0515625 0.128125 0.103125
0 0.39921875 0.2109375 0.059375 0.0640625
0 0.4953125 0.23125 0.040625 0.0765625
0 0.77265625 0.846875 0.0765625 0.103125
0 0.63671875 0.15 0.0734375 0.0859375
0 0.23984375 0.15546875 0.0609375 0.0640625
0 0.0484375 0.9140625 0.08125 0.08125
0 0.9109375 0.4921875 0.1234375 0.0671875
0 0.271875 0.52890625 0.059375 0.06875
0 0.67734375 0.1875 0.06875 0.0796875
0 0.81640625 0.3609375 0.1 0.0609375
0 0.0921875 0.34296875 0.09375 0.0703125
0 0.83671875 0.8484375 0.08125 0.0921875
0 0.81875 0.08671875 0.1 0.1109375
0 0.14921875 0.27265625 0.0640625 0.0578125
0 0.5953125 0.1328125 0.0578125 0.1078125
0 0.87890625 0.65625 0.1265625 0.084375
0 0.6796875 0.440625 0.0796875 0.0609375
0 0.253125 0.2375 0.0546875 0.0640625
0 0.3796875 0.35703125 0.0625 0.05625
0 0.62734375 0.69765625 0.0546875 0.06875
0 0.13828125 0.7421875 0.125 0.1140625
0 0.440625 0.56015625 0.078125 0.071875
0 0.571875 0.059375 0.090625 0.10625
0 0.471875 0.29921875 0.04375 0.0453125
0 0.5125 0.2890625 0.071875 0.0765625
0 0.73046875 0.9375 0.0859375 0.1109375
0 0.45625 0.1421875 0.0609375 0.0953125
0 0.67578125 0.571875 0.1 0.0828125
0 0.8203125 0.58984375 0.14375 0.0765625
0 0.72890625 0.03828125 0.0953125 0.0765625
0 0.2078125 0.4109375 0.0859375 0.0796875
0 0.41953125 0.70625 0.1 0.096875
0 0.1125 0.2234375 0.059375 0.0546875
0 0.32265625 0.20703125 0.053125 0.065625
0 0.5578125 0.175 0.0421875 0.0453125
0 0.7359375 0.4046875 0.071875 0.0625
0 0.61953125 0.465625 0.0609375 0.0515625
0 0.74375 0.13828125 0.08125 0.0859375
0 0.32109375 0.53359375 0.0625 0.0671875
0 0.50234375 0.7859375 0.0796875 0.071875
0 0.5234375 0.7375 0.075 0.0671875
0 0.60546875 0.8921875 0.0734375 0.0984375
0 0.671875 0.95234375 0.090625 0.0921875
0 0.6796875 0.09453125 0.0796875 0.0796875
0 0.3578125 0.25234375 0.0625 0.0765625
0 0.1765625 0.09296875 0.0921875 0.090625
0 0.40546875 0.5953125 0.0453125 0.046875
0 0.60625 0.2734375 0.0578125 0.0703125
0 0.478125 0.61953125 0.0640625 0.0671875
0 0.38828125 0.52734375 0.0546875 0.06875
0 0.603125 0.6328125 0.0796875 0.0890625
0 0.1359375 0.61328125 0.1359375 0.090625
0 0.246875 0.67265625 0.090625 0.084375
0 0.18359375 0.353125 0.0703125 0.0484375
0 0.39609375 0.08984375 0.053125 0.084375
0 0.47734375 0.4515625 0.08125 0.08125
0 0.74765625 0.778125 0.0859375 0.084375
0 0.546875 0.56875 0.0625 0.04375
0 0.5328125 0.2296875 0.0625 0.071875
0 0.203125 0.26875 0.0625 0.0703125
0 0.90625 0.21484375 0.1078125 0.0796875
0 0.209375 0.478125 0.1203125 0.0640625
0 0.3625 0.5765625 0.053125 0.0484375
0 0.2046875 0.78046875 0.096875 0.1015625
0 0.14375 0.6609375 0.1078125 0.071875
0 0.1421875 0.428125 0.0796875 0.0421875
0 0.928125 0.5875 0.134375 0.0875
0 0.89375 0.81640625 0.1234375 0.109375
0 0.75 0.684375 0.0765625 0.0703125
0 0.44375 0.41484375 0.046875 0.06875
0 0.33828125 0.4203125 0.0625 0.05
0 0.9296875 0.3984375 0.1125 0.0578125
0 0.80703125 0.89921875 0.071875 0.0875
0 0.79296875 0.4703125 0.08125 0.1
0 0.415625 0.640625 0.053125 0.0453125
0 0.596875 0.80234375 0.065625 0.08125
0 0.67890625 0.8234375 0.0984375 0.0953125
0 0.534375 0.66640625 0.0640625 0.05625
0 0.81640625 0.721875 0.09375 0.0734375
0 0.29296875 0.46953125 0.06875 0.0578125
0 0.28671875 0.05078125 0.0953125 0.1015625
0 0.41015625 0.29375 0.0515625 0.0640625