0 0.86328125 0.49609375 0.0484375 0.046875
0 0.7609375 0.61171875 0.053125 0.04375
0 0.8546875 0.84765625 0.053125 0.0546875
0 0.9453125 0.43359375 0.053125 0.053125
0 0.78515625 0.8453125 0.046875 0.0484375
0 0.1734375 0.34140625 0.075 0.0671875
0 0.73046875 0.2515625 0.05625 0.0546875
0 0.80625 0.6078125 0.034375 0.03125
0 0.95 0.09765625 0.0953125 0.165625
0 0.4140625 0.06875 0.0359375 0.040625
0 0.521875 0.740625 0.0625 0.071875
0 0.934375 0.4765625 0.0640625 0.0609375
0 0.8125 0.1515625 0.0671875 0.06875
0 0.740625 0.078125 0.0515625 0.0609375
0 0.5734375 0.92265625 0.0890625 0.1
0 0.753125 0.7875 0.06875 0.0484375
0 0.5765625 0.37890625 0.1859375 0.209375
0 0.9765625 0.59609375 0.04375 0.0484375
0 0.98046875 0.93046875 0.0359375 0.0375
0 0.65703125 0.21171875 0.0671875 0.0953125
0 0.11796875 0.5109375 0.11875 0.1296875
0 0.76796875 0.88125 0.05625 0.059375
0 0.96484375 0.8953125 0.040625 0.0484375
0 0.5078125 0.0703125 0.05 0.0546875
0 0.84296875 0.52421875 0.0609375 0.0734375
0 0.703125 0.10859375 0.0328125 0.04375
0 0.6953125 0.91640625 0.0359375 0.05625
0 0.5625 0.06875 0.0421875 0.0625
0 0.83125 0.0375 0.040625 0.0453125
0 0.9578125 0.84140625 0.0453125 0.0546875
0 0.90234375 0.0765625 0.0328125 0.0296875
0 0.89140625 0.03125 0.0296875 0.0359375
0 0.7359375 0.128125 0.046875 0.046875
0 0.94765625 0.71015625 0.05625 0.0578125
0 0.02890625 0.2828125 0.0578125 0.121875
0 0.48828125 0.87109375 0.071875 0.0640625
0 0.53515625 0.9671875 0.0484375 0.0453125
0 0.21875 0.08984375 0.125 0.146875
0 0.76953125 0.30078125 0.059375 0.0640625
0 0.39609375 0.7671875 0.0484375 0.059375
0 0.796875 0.63828125 0.0296875 0.03125
0 0.465625 0.7359375 0.040625 0.046875
0 0.8203125 0.9125 0.04375 0.0484375
0 0.4625 0.778125 0.053125 0.05625
0 0.83203125 0.64453125 0.0359375 0.0578125
0 0.125 0.87578125 0.103125 0.165625
0 0.971875 0.80625 0.03125 0.0359375
0 0.71953125 0.678125 0.0625 0.0453125
0 0.10546875 0.3390625 0.0765625 0.075
0 0.709375 0.64765625 0.046875 0.0453125
0 0.05078125 0.92421875 0.1 0.0984375
0 0.9390625 0.81640625 0.0359375 0.0359375
0 0.3828125 0.8125 0.0578125 0.0640625
0 0.921875 0.04296875 0.046875 0.0453125
0 0.34765625 0.88515625 0.0453125 0.0453125
0 0.9296875 0.5859375 0.075 0.075
0 0.59609375 0.0921875 0.0609375 0.0671875
0 0.4140625 0.71171875 0.0640625 0.065625
0 0.196875 0.4453125 0.078125 0.1078125
0 0.39375 0.9140625 0.0515625 0.046875
0 0.36171875 0.6859375 0.0390625 0.0328125
0 0.65703125 0.94765625 0.040625 0.040625
0 0.32890625 0.9296875 0.05 0.053125
0 0.49921875 0.16328125 0.0390625 0.0453125
0 0.76171875 0.665625 0.046875 0.0625
0 0.86328125 0.78515625 0.04375 0.053125
0 0.19296875 0.28984375 0.065625 0.0515625
0 0.34375 0.0734375 0.06875 0.04375
0 0.93125 0.87578125 0.05 0.0484375
0 0.6703125 0.715625 0.059375 0.05
0 0.81640625 0.8625 0.0375 0.053125
0 0.57265625 0.28515625 0.05625 0.05625
0 0.790625 0.2109375 0.0625 0.0796875
0 0.94296875 0.95703125 0.04375 0.0828125
0 0.534375 0.11328125 0.0375 0.040625
0 0.5703125 0.171875 0.0953125 0.0984375
0 0.734375 0.5265625 0.078125 0.0484375
0 0.90390625 0.44296875 0.0578125 0.04375
0 0.93984375 0.5484375 0.053125 0.046875
0 0.26640625 0.740625 0.040625 0.0640625
0 0.4296875 0.89140625 0.065625 0.0640625
0 0.69296875 0.33671875 0.0546875 0.065625
0 0.68984375 0.75625 0.0453125 0.0421875
0 0.725 0.4921875 0.0515625 0.053125
0 0.72109375 0.2953125 0.0609375 0.05625
0 0.13984375 0.396875 0.059375 0.0578125
0 0.88828125 0.5703125 0.0515625 0.059375
0 0.69921875 0.15625 0.040625 0.059375
0 0.72734375 0.92890625 0.04375 0.05
0 0.4234375 0.79609375 0.0453125 0.071875
0 0.33125 0.8296875 0.071875 0.0984375
0 0.04609375 0.103125 0.0921875 0.1015625
0 0.4375 0.0546875 0.04375 0.05
0 0.89453125 0.91953125 0.0671875 0.0703125
0 0.303125 0.8890625 0.028125 0.0328125
0 0.29609375 0.70390625 0.0453125 0.0453125
0 0.275 0.92421875 0.0453125 0.0359375
0 0.26015625 0.8890625 0.0484375 0.0484375
0 0.6421875 0.10546875 0.0484375 0.0609375
0 0.1828125 0.83671875 0.0625 0.071875
0 0.3890625 0.05390625 0.0296875 0.0296875
0 0.64609375 0.26953125 0.059375 0.040625
0 0.38125 0.365625 0.1125 0.1546875
0 0.29140625 0.94921875 0.046875 0.0484375
0 0.6203125 0.80859375 0.0515625 0.059375
0 0.9265625 0.240625 0.0546875 0.05
0 0.1265625 0.08125 0.109375 0.15625
0 0.5828125 0.859375 0.0453125 0.0484375
0 0.0765625 0.65703125 0.096875 0.0859375
0 0.50703125 0.9265625 0.075 0.0765625
0 0.75 0.825 0.04375 0.040625
0 0.26875 0.35703125 0.1359375 0.134375
0 0.87578125 0.46875 0.0640625 0.0484375
0 0.3296875 0.9671875 0.0453125 0.0359375
0 0.465625 0.30390625 0.0734375 0.075
0 0.80078125 0.6703125 0.0515625 0.0671875
0 0.1625 0.609375 0.0875 0.08125
0 0.353125 0.0265625 0.0375 0.046875
0 0.41171875 0.975 0.04375 0.040625
0 0.85078125 0.959375 0.0765625 0.0796875
0 0.303125 0.2765625 0.1078125 0.0890625
0 0.82109375 0.790625 0.0453125 0.0453125
0 0.96484375 0.67421875 0.040625 0.040625
0 0.23984375 0.96015625 0.0609375 0.0765625
0 0.46875 0.071875 0.0484375 0.0484375
0 0.3140625 0.1625 0.0375 0.046875
0 0.96015625 0.396875 0.0765625 0.0890625
0 0.346875 0.196875 0.0671875 0.090625
0 0.746875 0.56171875 0.05 0.04375
0 0.2609375 0.834375 0.08125 0.059375
0 0.12109375 0.1984375 0.071875 0.06875
0 0.1078125 0.26328125 0.1171875 0.0859375
0 0.63515625 0.03828125 0.0703125 0.0765625
0 0.64296875 0.87421875 0.0515625 0.040625
0 0.20859375 0.8765625 0.0734375 0.0515625
0 0.7265625 0.17265625 0.0578125 0.053125
0 0.59375 0.76015625 0.0671875 0.0453125
0 0.7875 0.57890625 0.0296875 0.03125
0 0.8265625 0.69140625 0.0390625 0.0484375
0 0.56484375 0.60703125 0.11875 0.1515625
0 0.76875 0.96015625 0.084375 0.0765625
0 0.875 0.6578125 0.0765625 0.075
0 0.39765625 0.02890625 0.0390625 0.0484375
0 0.75703125 0.73984375 0.0453125 0.046875
0 0.81796875 0.28359375 0.0546875 0.0515625
0 0.69296875 0.2375 0.04375 0.059375
0 0.671875 0.140625 0.05 0.0625
0 0.3671875 0.94765625 0.0453125 0.0578125
0 0.83203125 0.1171875 0.05625 0.0328125
0 0.7359375 0.7171875 0.0828125 0.053125
0 0.79375 0.5328125 0.046875 0.0796875
0 0.8125 0.74296875 0.096875 0.071875
0 0.83828125 0.2078125 0.053125 0.0453125
0 0.515625 0.79375 0.040625 0.05
0 0.58671875 0.04609375 0.0375 0.0296875
0 0.6890625 0.5171875 0.0578125 0.0578125
0 0.31640625 0.0234375 0.0296875 0.040625
0 0.9046875 0.8140625 0.0640625 0.090625
0 0.8640625 0.7203125 0.05 0.05625
0 0.65625 0.915625 0.040625 0.0328125
0 0.6796875 0.83046875 0.059375 0.0609375
0 0.94296875 0.78203125 0.04375 0.0421875
0 0.284375 0.4640625 0.1390625 0.1546875
0 0.303125 0.77734375 0.0609375 0.0671875
0 0.7265625 0.84375 0.0515625 0.059375
0 0.23671875 0.76171875 0.0484375 0.0484375
0 0.853125 0.08203125 0.053125 0.053125
0 0.46015625 0.69765625 0.0234375 0.025
0 0.40546875 0.95 0.0484375 0.0328125
0 0.78515625 0.8125 0.0484375 0.040625