0 0.759375 0.0796875 0.078125 0.05
0 0.0375 0.34765625 0.075 0.0890625
0 0.6828125 0.31015625 0.05 0.046875
0 0.546875 0.54609375 0.0390625 0.0359375
0 0.6234375 0.3109375 0.0578125 0.05625
0 0.1703125 0.5078125 0.0828125 0.0875
0 0.70703125 0.9125 0.090625 0.115625
0 0.2625 0.221875 0.1078125 0.1
0 0.725 0.7171875 0.040625 0.040625
0 0.0953125 0.51328125 0.109375 0.0640625
0 0.3625 0.21171875 0.078125 0.0640625
0 0.94375 0.46328125 0.053125 0.0828125
0 0.49296875 0.15546875 0.08125 0.10625
0 0.275 0.47734375 0.05625 0.065625
0 0.27109375 0.1078125 0.0859375 0.0671875
0 0.56484375 0.03203125 0.04375 0.0609375
0 0.4265625 0.14296875 0.06875 0.0796875
0 0.09765625 0.05 0.071875 0.0859375
0 0.93515625 0.15234375 0.071875 0.0765625
0 0.79296875 0.3703125 0.0453125 0.0390625
0 0.5578125 0.0875 0.053125 0.0484375
0 0.5859375 0.128125 0.0453125 0.0515625
0 0.64453125 0.5265625 0.0453125 0.053125
0 0.28203125 0.3125 0.0546875 0.0765625
0 0.60625 0.39296875 0.0578125 0.08125
0 0.10234375 0.44765625 0.075 0.0734375
0 0.325 0.15078125 0.0421875 0.0515625
0 0.0734375 0.2078125 0.0859375 0.0796875
0 0.03515625 0.5546875 0.0703125 0.084375
0 0.96171875 0.225 0.0484375 0.04375
0 0.64296875 0.17578125 0.0640625 0.0765625
0 0.3375 0.46328125 0.0703125 0.0609375
0 0.5078125 0.94765625 0.084375 0.0875
0 0.85078125 0.284375 0.078125 0.08125
0 0.2625 0.1578125 0.0640625 0.04375
0 0.8734375 0.47109375 0.0390625 0.0375
0 0.4078125 0.5765625 0.084375 0.0953125
0 0.7671875 0.16328125 0.078125 0.053125
0 0.33046875 0.33359375 0.0640625 0.0671875
0 0.47265625 0.33671875 0.0546875 0.0421875
0 0.44453125 0.21015625 0.0515625 0.05
0 0.8796875 0.58828125 0.11875 0.15
0 0.71796875 0.446875 0.103125 0.0984375
0 0.1640625 0.05859375 0.071875 0.0640625
0 0.665625 0.69453125 0.121875 0.1203125
0 0.83671875 0.7 0.071875 0.0578125
0 0.89375 0.82734375 0.084375 0.1015625
0 0.58046875 0.90859375 0.1078125 0.1078125
0 0.8890625 0.3828125 0.0953125 0.0875
0 0.8953125 0.03828125 0.075 0.0765625
0 0.53046875 0.628125 0.0625 0.065625
0 0.30625 0.61484375 0.0515625 0.0546875
0 0.04609375 0.75703125 0.0921875 0.1515625
0 0.37421875 0.49140625 0.059375 0.0390625
0 0.10546875 0.89765625 0.06875 0.06875
0 0.7859375 0.54765625 0.0796875 0.06875
0 0.18359375 0.3 0.0875 0.078125
0 0.77734375 0.89765625 0.0859375 0.1
0 0.1578125 0.21328125 0.0921875 0.0828125
0 0.45625 0.27578125 0.0859375 0.0828125
0 0.7765625 0.4125 0.0984375 0.053125
0 0.81484375 0.80859375 0.0953125 0.0859375
0 0.1984375 0.584375 0.059375 0.0671875
0 0.0625 0.9453125 0.0625 0.075
0 0.415625 0.04296875 0.078125 0.0765625
0 0.62109375 0.2421875 0.0640625 0.075
0 0.77734375 0.71796875 0.0640625 0.05625
0 0.121875 0.734375 0.0859375 0.0921875
0 0.97109375 0.26171875 0.0359375 0.046875
0 0.20390625 0.03515625 0.134375 0.0703125
0 0.74921875 0.625 0.096875 0.090625
0 0.48359375 0.48828125 0.125 0.096875
0 0.1109375 0.26953125 0.0640625 0.0671875
0 0.22734375 0.9296875 0.0484375 0.0515625
0 0.11328125 0.62890625 0.1546875 0.1296875
0 0.75625 0.346875 0.059375 0.0546875
0 0.4078125 0.42109375 0.0546875 0.0515625
0 0.571875 0.33203125 0.0515625 0.0453125
0 0.30234375 0.9046875 0.084375 0.1171875
0 0.42265625 0.79609375 0.109375 0.14375
0 0.31640625 0.553125 0.0953125 0.0765625
0 0.8296875 0.63203125 0.06875 0.0765625
0 0.1546875 0.353125 0.0609375 0.0515625
0 0.6890625 0.49453125 0.0546875 0.053125
0 0.26875 0.59921875 0.0390625 0.0484375
0 0.31328125 0.03515625 0.05625 0.0703125
0 0.97265625 0.3125 0.0546875 0.0875
0 0.8140625 0.4421875 0.075 0.0703125
0 0.10703125 0.13828125 0.0640625 0.078125
0 0.32265625 0.79453125 0.0875 0.1203125
0 0.17578125 0.12890625 0.103125 0.090625
0 0.421875 0.3203125 0.06875 0.096875
0 0.74609375 0.76640625 0.059375 0.053125
0 0.05703125 0.115625 0.0609375 0.0609375
0 0.03203125 0.453125 0.0640625 0.11875
0 0.4984375 0.75625 0.0578125 0.0890625
0 0.10625 0.3921875 0.08125 0.0703125
0 0.490625 0.39453125 0.08125 0.0734375
0 0.6734375 0.259375 0.0515625 0.0546875
0 0.63671875 0.071875 0.0578125 0.0546875
0 0.540625 0.228125 0.084375 0.0859375
0 0.68671875 0.20625 0.0578125 0.0796875
0 0.23671875 0.5265625 0.05625 0.0453125
0 0.25859375 0.4140625 0.053125 0.0625
0 0.771875 0.2796875 0.084375 0.0796875
0 0.87578125 0.20859375 0.05 0.05
0 0.32890625 0.40078125 0.1015625 0.0703125
0 0.903125 0.77109375 0.0765625 0.059375
0 0.68671875 0.36484375 0.096875 0.0796875
0 0.21875 0.7765625 0.0859375 0.0703125
0 0.828125 0.0875 0.06875 0.0890625
0 0.634375 0.11875 0.0484375 0.04375
0 0.87890625 0.7109375 0.05625 0.0609375
0 0.9328125 0.26953125 0.0453125 0.0546875