0 0.053125 0.6609375 0.0953125 0.1046875
0 0.2453125 0.8453125 0.1046875 0.09375
0 0.45234375 0.7859375 0.075 0.0765625
0 0.28515625 0.534375 0.090625 0.0984375
0 0.81640625 0.365625 0.075 0.0953125
0 0.5921875 0.68671875 0.05625 0.04375
0 0.54375 0.815625 0.071875 0.084375
0 0.89296875 0.3234375 0.0921875 0.090625
0 0.94765625 0.06875 0.0765625 0.0859375
0 0.62578125 0.63671875 0.0953125 0.090625
0 0.6265625 0.25078125 0.05625 0.0484375
0 0.23359375 0.74609375 0.0734375 0.0796875
0 0.2140625 0.93203125 0.0828125 0.090625
0 0.159375 0.85234375 0.075 0.0921875
0 0.18828125 0.53203125 0.0875 0.0734375
0 0.5703125 0.94921875 0.0796875 0.084375
0 0.68125 0.7640625 0.1765625 0.1578125
0 0.52578125 0.48359375 0.0421875 0.046875
0 0.3390625 0.953125 0.0828125 0.0921875