0 0.91015625 0.66171875 0.178125 0.1546875
0 0.50390625 0.93125 0.2015625 0.1359375
0 0.88203125 0.79140625 0.234375 0.228125
0 0.0578125 0.42421875 0.115625 0.1328125
0 0.1015625 0.12265625 0.203125 0.2453125
0 0.590625 0.44921875 0.121875 0.1421875
0 0.4328125 0.68125 0.1484375 0.159375
0 0.88046875 0.5015625 0.2390625 0.265625
0 0.56640625 0.6703125 0.225 0.246875
0 0.0578125 0.2609375 0.115625 0.1875
0 0.82578125 0.92890625 0.24375 0.140625
0 0.4046875 0.15625 0.209375 0.225
0 0.1484375 0.5484375 0.1671875 0.13125
0 0.76953125 0.43125 0.190625 0.203125
0 0.11015625 0.34453125 0.15 0.2140625
0 0.525 0.14453125 0.11875 0.190625
0 0.22109375 0.7109375 0.0984375 0.115625
0 0.31875 0.4453125 0.1484375 0.159375
0 0.68203125 0.0921875 0.1375 0.184375
0 0.16796875 0.8578125 0.1359375 0.15
0 0.28359375 0.65 0.1390625 0.1234375
0 0.24921875 0.890625 0.1390625 0.1578125
0 0.58125 0.1796875 0.1640625 0.2296875
0 0.71953125 0.03046875 0.115625 0.0609375
0 0.25390625 0.359375 0.1734375 0.178125
0 0.0875 0.6171875 0.11875 0.090625
0 0.55625 0.04765625 0.178125 0.0953125
0 0.85 0.05625 0.203125 0.1125
0 0.76640625 0.21015625 0.209375 0.2078125
0 0.43984375 0.34765625 0.203125 0.2125
0 0.0984375 0.72265625 0.196875 0.2171875
0 0.21484375 0.24140625 0.0984375 0.0890625
0 0.48203125 0.84765625 0.11875 0.159375
0 0.70703125 0.33515625 0.2515625 0.2046875
0 0.45078125 0.80703125 0.1578125 0.146875
0 0.34921875 0.865625 0.15 0.1625
0 0.27578125 0.11796875 0.1734375 0.2359375
0 0.40390625 0.5421875 0.1609375 0.165625
0 0.20546875 0.46875 0.14375 0.15
0 0.62421875 0.56875 0.159375 0.1515625
0 0.3453125 0.73046875 0.165625 0.15