0 0.91015625 0.12109375 0.15625 0.184375
0 0.10234375 0.45234375 0.171875 0.1625
0 0.0921875 0.59296875 0.153125 0.134375
0 0.03828125 0.54375 0.0765625 0.115625
0 0.0296875 0.715625 0.059375 0.115625
0 0.0375 0.834375 0.075 0.1453125
0 0.67890625 0.73125 0.175 0.1890625
0 0.15078125 0.915625 0.1921875 0.165625
0 0.9265625 0.44453125 0.1453125 0.2484375
0 0.81015625 0.03984375 0.1125 0.0796875
0 0.79921875 0.846875 0.134375 0.15
0 0.92109375 0.92421875 0.1546875 0.15
0 0.928125 0.23828125 0.1421875 0.159375
0 0.15703125 0.3265625 0.209375 0.2046875
0 0.88125 0.61015625 0.1609375 0.14375
0 0.90390625 0.77734375 0.171875 0.1796875
0 0.64609375 0.434375 0.234375 0.1421875
0 0.78359375 0.6703125 0.1640625 0.2
0 0.165625 0.72578125 0.2546875 0.2328125
0 0.359375 0.45 0.2234375 0.2453125
0 0.29296875 0.14140625 0.2953125 0.25
0 0.83203125 0.490625 0.15625 0.1609375
0 0.62734375 0.296875 0.2125 0.1765625
0 0.578125 0.86953125 0.2015625 0.2015625
0 0.03828125 0.3375 0.0765625 0.1703125
0 0.75390625 0.16484375 0.221875 0.1828125
0 0.24609375 0.57421875 0.1796875 0.18125
0 0.30703125 0.75625 0.1265625 0.153125
0 0.625 0.0765625 0.175 0.153125
0 0.64609375 0.57109375 0.1765625 0.1421875
0 0.796875 0.3453125 0.2171875 0.18125