0 0.13515625 0.50625 0.146875 0.1203125
0 0.05234375 0.675 0.1046875 0.1546875
0 0.13125 0.6234375 0.159375 0.1078125
0 0.6015625 0.46328125 0.1265625 0.146875
0 0.7703125 0.13671875 0.0953125 0.1109375
0 0.7890625 0.49609375 0.1171875 0.14375
0 0.55625 0.625 0.0921875 0.11875
0 0.8265625 0.6828125 0.11875 0.1203125
0 0.28984375 0.6203125 0.065625 0.1140625
0 0.953125 0.23828125 0.0921875 0.1890625
0 0.5546875 0.25859375 0.11875 0.134375
0 0.903125 0.7375 0.084375 0.06875
0 0.953125 0.37421875 0.0875 0.146875
0 0.2515625 0.428125 0.1046875 0.0828125
0 0.63671875 0.17734375 0.1015625 0.125
0 0.74609375 0.21953125 0.1375 0.1421875
0 0.903125 0.8015625 0.0640625 0.05625
0 0.4671875 0.9046875 0.08125 0.1140625
0 0.35703125 0.58984375 0.109375 0.146875
0 0.47578125 0.6 0.096875 0.121875
0 0.3140625 0.0734375 0.1265625 0.090625
0 0.29296875 0.3390625 0.0953125 0.121875
0 0.95234375 0.91796875 0.0859375 0.0859375
0 0.10234375 0.08125 0.1796875 0.1625
0 0.14609375 0.3953125 0.10625 0.0859375
0 0.4015625 0.17421875 0.1328125 0.1390625
0 0.91640625 0.95078125 0.084375 0.09375
0 0.16328125 0.940625 0.1375 0.1171875
0 0.6765625 0.6078125 0.1171875 0.1375
0 0.803125 0.778125 0.146875 0.13125
0 0.29609375 0.9046875 0.1109375 0.0953125
0 0.16484375 0.25 0.1078125 0.10625
0 0.259375 0.7109375 0.10625 0.1078125
0 0.39296875 0.29921875 0.1125 0.115625
0 0.80625 0.875 0.153125 0.1171875
0 0.440625 0.81015625 0.071875 0.0796875
0 0.33203125 0.8125 0.103125 0.1171875
0 0.11796875 0.31015625 0.11875 0.06875
0 0.3671875 0.94296875 0.11875 0.1125
0 0.0734375 0.8234375 0.146875 0.115625
0 0.40625 0.71171875 0.0953125 0.11875
0 0.0578125 0.18359375 0.115625 0.1421875
0 0.6734375 0.34296875 0.096875 0.125
0 0.5984375 0.684375 0.0953125 0.0765625
0 0.953125 0.86015625 0.0828125 0.0796875
0 0.8890625 0.51953125 0.1265625 0.1390625
0 0.61875 0.90859375 0.1296875 0.18125
0 0.0625 0.89375 0.125 0.134375
0 0.48046875 0.471875 0.1078125 0.128125
0 0.1734375 0.8546875 0.121875 0.1390625
0 0.396875 0.4640625 0.1109375 0.1015625
0 0.9359375 0.66875 0.115625 0.1109375
0 0.25859375 0.24375 0.0796875 0.071875
0 0.51640625 0.76796875 0.1203125 0.1515625
0 0.8921875 0.30625 0.0953125 0.103125
0 0.5796875 0.09375 0.1140625 0.1640625
0 0.28046875 0.1546875 0.109375 0.0984375
0 0.4671875 0.35234375 0.0921875 0.0859375
0 0.4859375 0.0984375 0.1 0.14375
0 0.265625 0.515625 0.078125 0.0984375