0 0.5859375 0.10703125 0.103125 0.0828125
0 0.46796875 0.42421875 0.0515625 0.0546875
0 0.6640625 0.428125 0.0640625 0.0765625
0 0.86328125 0.52265625 0.075 0.0546875
0 0.375 0.296875 0.0953125 0.0921875
0 0.50625 0.18828125 0.06875 0.0796875
0 0.6328125 0.91015625 0.15625 0.171875
0 0.8859375 0.21640625 0.1046875 0.0765625
0 0.36875 0.5703125 0.0796875 0.0859375
0 0.1375 0.61171875 0.14375 0.1578125
0 0.8984375 0.26640625 0.0546875 0.053125
0 0.946875 0.45703125 0.103125 0.08125
0 0.82578125 0.6125 0.1046875 0.1
0 0.7703125 0.53671875 0.0875 0.075
0 0.22890625 0.83203125 0.075 0.0625
0 0.43359375 0.12265625 0.103125 0.1015625
0 0.67109375 0.628125 0.053125 0.0609375
0 0.75390625 0.840625 0.065625 0.1203125
0 0.584375 0.48671875 0.05625 0.0765625
0 0.5 0.37109375 0.0921875 0.0953125
0 0.81796875 0.7453125 0.09375 0.0875
0 0.44375 0.4875 0.06875 0.06875
0 0.72734375 0.72109375 0.10625 0.11875
0 0.8921875 0.475 0.10625 0.0765625
0 0.396875 0.2265625 0.1 0.0953125
0 0.0546875 0.17734375 0.1 0.096875
0 0.91875 0.3203125 0.096875 0.1125
0 0.859375 0.13125 0.1578125 0.153125
0 0.64765625 0.51171875 0.0875 0.0921875
0 0.0921875 0.2859375 0.1015625 0.1109375
0 0.2953125 0.11328125 0.0875 0.09375
0 0.41484375 0.70078125 0.1171875 0.125
0 0.81015625 0.8515625 0.0984375 0.10625
0 0.9671875 0.26171875 0.0640625 0.0828125
0 0.4515625 0.60546875 0.0890625 0.0671875
0 0.37109375 0.49375 0.0953125 0.075
0 0.1765625 0.38828125 0.0921875 0.0625
0 0.23359375 0.7859375 0.0859375 0.053125
0 0.0953125 0.11328125 0.1453125 0.125
0 0.896875 0.88125 0.16875 0.19375
0 0.778125 0.2359375 0.0453125 0.0671875
0 0.234375 0.046875 0.1109375 0.084375
0 0.03671875 0.3125 0.0640625 0.084375
0 0.0875 0.9375 0.1375 0.121875
0 0.18515625 0.0953125 0.0640625 0.06875
0 0.6609375 0.3140625 0.1078125 0.1078125
0 0.73515625 0.4515625 0.0875 0.084375
0 0.26953125 0.94140625 0.1046875 0.1109375
0 0.5734375 0.3046875 0.084375 0.0953125
0 0.5296875 0.4796875 0.065625 0.071875
0 0.040625 0.5140625 0.0546875 0.06875
0 0.6109375 0.1671875 0.1203125 0.1171875
0 0.78203125 0.35 0.11875 0.103125
0 0.6 0.409375 0.08125 0.08125
0 0.2625 0.515625 0.1390625 0.15
0 0.2078125 0.6078125 0.103125 0.1
0 0.38359375 0.41953125 0.1046875 0.1
0 0.2921875 0.33203125 0.115625 0.1125
0 0.2171875 0.696875 0.084375 0.1171875
0 0.6390625 0.7578125 0.1296875 0.1265625
0 0.0796875 0.41171875 0.078125 0.0796875
0 0.31796875 0.68359375 0.140625 0.1796875
0 0.15546875 0.46171875 0.0859375 0.0859375
0 0.9515625 0.5578125 0.09375 0.1171875
0 0.7046875 0.53828125 0.05625 0.071875
0 0.89453125 0.5828125 0.046875 0.0484375
0 0.1890625 0.928125 0.121875 0.1421875
0 0.2109375 0.1234375 0.0921875 0.0890625
0 0.79296875 0.465625 0.075 0.078125
0 0.4828125 0.06484375 0.0953125 0.103125
0 0.20859375 0.29375 0.0734375 0.0765625
0 0.59609375 0.59296875 0.05625 0.053125
0 0.92734375 0.68203125 0.1125 0.13125
0 0.6 0.6765625 0.0828125 0.071875
0 0.49375 0.2671875 0.0765625 0.0828125
0 0.1390625 0.7390625 0.1 0.1046875
0 0.71640625 0.22265625 0.109375 0.0984375
0 0.5328125 0.6046875 0.065625 0.0921875
0 0.671875 0.575 0.0640625 0.0546875