0 0.05625 0.43203125 0.0984375 0.08125
0 0.109375 0.18828125 0.0953125 0.0640625
0 0.4921875 0.83046875 0.075 0.1109375
0 0.42890625 0.60703125 0.1140625 0.1046875
0 0.90546875 0.1890625 0.1546875 0.11875
0 0.13671875 0.690625 0.1296875 0.1046875
0 0.1125 0.76953125 0.1203125 0.09375
0 0.16015625 0.365625 0.0765625 0.0640625
0 0.1921875 0.196875 0.05625 0.0625
0 0.86328125 0.2671875 0.1953125 0.1171875
0 0.69765625 0.7796875 0.13125 0.1015625
0 0.13515625 0.14609375 0.0640625 0.0546875
0 0.265625 0.7 0.1171875 0.1046875
0 0.471875 0.32890625 0.05625 0.0609375
0 0.934375 0.85 0.13125 0.128125
0 0.9109375 0.10390625 0.115625 0.0734375
0 0.72421875 0.66875 0.1375 0.14375
0 0.28046875 0.90625 0.084375 0.1109375
0 0.20078125 0.16796875 0.0734375 0.0546875
0 0.48046875 0.671875 0.121875 0.121875
0 0.79609375 0.35 0.146875 0.15625
0 0.34375 0.11953125 0.1703125 0.20625
0 0.8359375 0.421875 0.0890625 0.0765625
0 0.915625 0.503125 0.115625 0.084375
0 0.54453125 0.84765625 0.0765625 0.103125
0 0.45390625 0.2046875 0.146875 0.1984375
0 0.840625 0.8015625 0.13125 0.11875
0 0.2265625 0.78671875 0.13125 0.11875
0 0.540625 0.459375 0.0625 0.0796875
0 0.0484375 0.6828125 0.096875 0.1609375
0 0.75859375 0.95 0.1421875 0.1
0 0.47109375 0.9421875 0.0765625 0.0859375
0 0.5375 0.1296875 0.15 0.15
0 0.396875 0.8484375 0.0890625 0.1
0 0.3109375 0.34140625 0.0734375 0.078125
0 0.04140625 0.83046875 0.0828125 0.1140625
0 0.940625 0.43359375 0.1171875 0.14375
0 0.30234375 0.63515625 0.10625 0.10625
0 0.84765625 0.05625 0.121875 0.1125
0 0.4390625 0.82421875 0.06875 0.090625
0 0.23359375 0.34765625 0.0921875 0.0890625
0 0.21015625 0.11328125 0.10625 0.128125
0 0.575 0.91015625 0.075 0.1046875
0 0.09765625 0.39140625 0.075 0.0546875
0 0.38515625 0.6671875 0.0828125 0.0921875
0 0.340625 0.39296875 0.0703125 0.065625
0 0.93828125 0.6015625 0.1234375 0.109375
0 0.43828125 0.05625 0.1828125 0.1125
0 0.875 0.71953125 0.1265625 0.0984375
0 0.5359375 0.95078125 0.0640625 0.096875
0 0.7984375 0.4796875 0.13125 0.1171875
0 0.04140625 0.36796875 0.0609375 0.0578125
0 0.340625 0.846875 0.075 0.1015625
0 0.63515625 0.0515625 0.1828125 0.103125
0 0.953125 0.74609375 0.09375 0.140625
0 0.24140625 0.5890625 0.13125 0.140625
0 0.184375 0.90546875 0.128125 0.1203125
0 0.81796875 0.609375 0.153125 0.140625
0 0.56328125 0.5921875 0.1515625 0.1421875
0 0.128125 0.6078125 0.1265625 0.1140625
0 0.74453125 0.0875 0.1046875 0.13125