0 0.1140625 0.88515625 0.1 0.103125
0 0.87109375 0.571875 0.0921875 0.0828125
0 0.325 0.8328125 0.0765625 0.0765625
0 0.44140625 0.4828125 0.0765625 0.071875
0 0.96640625 0.77421875 0.0640625 0.078125
0 0.64609375 0.7328125 0.0640625 0.059375
0 0.72578125 0.57890625 0.0984375 0.08125
0 0.4578125 0.6859375 0.0640625 0.0703125
0 0.58984375 0.9078125 0.0609375 0.0765625
0 0.76015625 0.81484375 0.1203125 0.134375
0 0.91484375 0.38359375 0.0859375 0.0796875
0 0.2890625 0.69921875 0.0671875 0.0703125
0 0.859375 0.91015625 0.084375 0.090625
0 0.834375 0.76015625 0.0875 0.09375
0 0.2 0.6859375 0.0640625 0.0609375
0 0.728125 0.7015625 0.0875 0.084375
0 0.26875 0.67265625 0.0578125 0.05625
0 0.90078125 0.80078125 0.0796875 0.078125
0 0.234375 0.83046875 0.0671875 0.071875
0 0.49921875 0.4765625 0.0640625 0.0796875
0 0.7 0.87578125 0.078125 0.0921875
0 0.79375 0.91640625 0.06875 0.0734375
0 0.1453125 0.73515625 0.059375 0.0640625
0 0.90234375 0.659375 0.06875 0.071875
0 0.44921875 0.74375 0.1140625 0.115625
0 0.19765625 0.78515625 0.071875 0.0828125
0 0.284375 0.934375 0.096875 0.1078125
0 0.859375 0.840625 0.06875 0.06875
0 0.38359375 0.80078125 0.0578125 0.075
0 0.92109375 0.9375 0.0796875 0.075
0 0.6375 0.51015625 0.0921875 0.09375
0 0.8453125 0.46640625 0.075 0.0765625
0 0.425 0.55625 0.1171875 0.134375
0 0.4 0.83671875 0.071875 0.0890625
0 0.7375 0.4296875 0.09375 0.084375
0 0.95078125 0.83203125 0.05625 0.071875
0 0.6625 0.68671875 0.065625 0.0765625
0 0.3671875 0.7171875 0.10625 0.1140625
0 0.646875 0.91484375 0.08125 0.1078125
0 0.03984375 0.59140625 0.0796875 0.0625
0 0.45390625 0.8359375 0.0796875 0.134375
0 0.30546875 0.7671875 0.0890625 0.084375
0 0.884375 0.7140625 0.1046875 0.090625
0 0.2375 0.49375 0.078125 0.0796875
0 0.078125 0.53359375 0.0921875 0.06875
0 0.5125 0.83984375 0.071875 0.1296875
0 0.10390625 0.81328125 0.05625 0.075
0 0.57578125 0.6375 0.08125 0.09375
0 0.34453125 0.5921875 0.096875 0.1
0 0.6421875 0.803125 0.11875 0.109375
0 0.25 0.625 0.0703125 0.0625
0 0.56171875 0.859375 0.0765625 0.1078125
0 0.74609375 0.503125 0.090625 0.08125
0 0.94140625 0.44921875 0.115625 0.0828125
0 0.70546875 0.640625 0.0765625 0.0828125
0 0.9609375 0.70390625 0.06875 0.071875
0 0.15078125 0.6859375 0.0734375 0.0625
0 0.8078125 0.51484375 0.0765625 0.0765625
0 0.50078125 0.653125 0.071875 0.09375
0 0.27578125 0.55625 0.09375 0.090625
0 0.05234375 0.84453125 0.1046875 0.1234375
0 0.70234375 0.76796875 0.0578125 0.0703125
0 0.78125 0.38125 0.1203125 0.121875
0 0.0859375 0.36171875 0.0734375 0.05625