0 0.49453125 0.0859375 0.1 0.134375
0 0.1125 0.325 0.16875 0.2015625
0 0.06328125 0.81484375 0.1265625 0.1046875
0 0.66875 0.4046875 0.128125 0.1109375
0 0.82578125 0.27890625 0.18125 0.25
0 0.38203125 0.81875 0.15625 0.16875
0 0.73984375 0.07734375 0.2171875 0.1546875
0 0.21796875 0.096875 0.1546875 0.19375
0 0.7875 0.87421875 0.18125 0.1984375
0 0.64609375 0.54140625 0.2296875 0.2375
0 0.91953125 0.0984375 0.159375 0.196875
0 0.4 0.4734375 0.1859375 0.1609375
0 0.3859375 0.62265625 0.175 0.1640625
0 0.4015625 0.36953125 0.1203125 0.109375
0 0.25703125 0.80625 0.13125 0.1390625
0 0.63515625 0.2890625 0.1109375 0.134375
0 0.52734375 0.21953125 0.115625 0.1546875
0 0.49765625 0.321875 0.1890625 0.1453125
0 0.5125 0.65625 0.075 0.0671875
0 0.25078125 0.71796875 0.0953125 0.109375
0 0.93125 0.890625 0.1359375 0.21875
0 0.30625 0.65625 0.1109375 0.1203125
0 0.2421875 0.91875 0.234375 0.1609375
0 0.07734375 0.09296875 0.1546875 0.1859375
0 0.5125 0.5046875 0.1640625 0.215625
0 0.9265625 0.703125 0.146875 0.1921875
0 0.7140625 0.25 0.1734375 0.24375
0 0.28984375 0.2921875 0.2046875 0.221875
0 0.5984375 0.1078125 0.1265625 0.1578125
0 0.37890625 0.146875 0.1703125 0.18125