0 0.1609375 0.14375 0.0765625 0.084375
0 0.1875 0.7953125 0.0921875 0.1078125
0 0.79453125 0.14765625 0.096875 0.0765625
0 0.146875 0.634375 0.090625 0.0671875
0 0.59609375 0.75390625 0.0640625 0.075
0 0.08828125 0.73515625 0.0875 0.0609375
0 0.65 0.18828125 0.0875 0.0921875
0 0.45 0.278125 0.1 0.090625
0 0.66875 0.93125 0.08125 0.1078125
0 0.53671875 0.275 0.059375 0.0484375
0 0.08984375 0.63359375 0.075 0.0625
0 0.73125 0.48125 0.0953125 0.09375
0 0.9203125 0.65703125 0.0796875 0.0703125
0 0.72890625 0.14453125 0.05625 0.0671875
0 0.3984375 0.584375 0.1078125 0.0828125
0 0.140625 0.42734375 0.09375 0.0703125
0 0.37265625 0.384375 0.071875 0.053125
0 0.44296875 0.66953125 0.0703125 0.0671875
0 0.7078125 0.04453125 0.11875 0.0765625
0 0.32890625 0.57578125 0.0796875 0.0640625
0 0.88671875 0.74296875 0.0765625 0.06875
0 0.31328125 0.1734375 0.128125 0.096875
0 0.58046875 0.84765625 0.046875 0.0703125
0 0.484375 0.83203125 0.05 0.078125
0 0.66953125 0.3296875 0.1359375 0.1171875
0 0.8953125 0.08984375 0.1 0.0921875
0 0.90078125 0.25390625 0.1 0.071875
0 0.28046875 0.4484375 0.0734375 0.0515625
0 0.8734375 0.8203125 0.0890625 0.0734375
0 0.6203125 0.5609375 0.08125 0.06875
0 0.93125 0.48359375 0.0953125 0.0859375
0 0.096875 0.5265625 0.0796875 0.0484375
0 0.209375 0.5359375 0.090625 0.084375
0 0.94140625 0.59296875 0.1109375 0.0953125
0 0.053125 0.8625 0.1046875 0.084375
0 0.875 0.4484375 0.0890625 0.0796875
0 0.36328125 0.70390625 0.0609375 0.0625
0 0.5703125 0.49609375 0.071875 0.0765625
0 0.1140625 0.059375 0.071875 0.071875
0 0.71171875 0.20859375 0.06875 0.0765625
0 0.4359375 0.89453125 0.09375 0.109375
0 0.38125 0.24296875 0.0890625 0.0859375
0 0.50859375 0.603125 0.0625 0.0484375
0 0.946875 0.415625 0.06875 0.0546875
0 0.23359375 0.94375 0.065625 0.0859375
0 0.5609375 0.88203125 0.046875 0.0734375
0 0.38671875 0.10625 0.05625 0.05625
0 0.04609375 0.57109375 0.090625 0.0484375
0 0.31171875 0.103125 0.0734375 0.0484375
0 0.65546875 0.78515625 0.078125 0.0921875
0 0.8234375 0.86328125 0.103125 0.09375
0 0.78046875 0.221875 0.090625 0.0734375
0 0.76796875 0.5484375 0.0890625 0.08125
0 0.9265625 0.3765625 0.0796875 0.0625
0 0.24765625 0.615625 0.075 0.0546875
0 0.55546875 0.640625 0.0765625 0.0703125
0 0.20390625 0.09765625 0.065625 0.0765625
0 0.615625 0.65078125 0.08125 0.0796875
0 0.84765625 0.634375 0.0640625 0.0484375
0 0.50859375 0.31484375 0.084375 0.071875
0 0.0546875 0.384375 0.109375 0.078125
0 0.1734375 0.346875 0.10625 0.0859375
0 0.62578125 0.48828125 0.0703125 0.09375
0 0.4828125 0.15234375 0.1 0.0984375
0 0.83203125 0.36328125 0.071875 0.0640625
0 0.94921875 0.9484375 0.0984375 0.0984375
0 0.26484375 0.30390625 0.06875 0.065625
0 0.56015625 0.4140625 0.078125 0.0875
0 0.6546875 0.42734375 0.0640625 0.0609375
0 0.134375 0.871875 0.0671875 0.05625
0 0.7671875 0.65625 0.134375 0.1125
0 0.0796875 0.90078125 0.08125 0.084375
0 0.23203125 0.41328125 0.0796875 0.05625
0 0.1328125 0.79765625 0.0796875 0.071875
0 0.08359375 0.1953125 0.0953125 0.0921875
0 0.43359375 0.73515625 0.075 0.0765625
0 0.740625 0.7890625 0.090625 0.0875
0 0.08671875 0.48359375 0.0796875 0.0453125
0 0.33671875 0.66640625 0.078125 0.0671875
0 0.3078125 0.49609375 0.0984375 0.0796875
0 0.2484375 0.696875 0.090625 0.0671875
0 0.86328125 0.209375 0.0875 0.05625
0 0.34375 0.75703125 0.0609375 0.0625
0 0.3234375 0.91640625 0.078125 0.1109375