0 0.0859375 0.59765625 0.1015625 0.0984375
0 0.33203125 0.9609375 0.103125 0.0765625
0 0.709375 0.2015625 0.0796875 0.109375
0 0.60078125 0.440625 0.103125 0.109375
0 0.61796875 0.1546875 0.1421875 0.1625
0 0.79609375 0.09921875 0.1390625 0.134375
0 0.35546875 0.7640625 0.16875 0.1234375
0 0.53515625 0.3171875 0.10625 0.1421875
0 0.05546875 0.53671875 0.1109375 0.134375
0 0.21171875 0.08359375 0.1125 0.1234375
0 0.32265625 0.8484375 0.1234375 0.1234375
0 0.8390625 0.83671875 0.134375 0.1421875
0 0.03984375 0.81796875 0.0796875 0.1203125
0 0.55 0.7 0.14375 0.1546875
0 0.678125 0.80625 0.0875 0.11875
0 0.69375 0.540625 0.134375 0.0671875
0 0.82109375 0.1734375 0.1 0.0734375
0 0.92578125 0.08359375 0.1484375 0.1390625
0 0.27265625 0.58671875 0.0859375 0.1
0 0.11875 0.76171875 0.1609375 0.1703125
0 0.78359375 0.3796875 0.115625 0.13125
0 0.43125 0.44296875 0.1515625 0.1609375
0 0.1 0.20234375 0.1296875 0.115625
0 0.45703125 0.60625 0.1328125 0.1625
0 0.14375 0.95546875 0.178125 0.0875
0 0.66953125 0.88046875 0.121875 0.0890625
0 0.39453125 0.5578125 0.1546875 0.1640625
0 0.06328125 0.91171875 0.1078125 0.1078125
0 0.23515625 0.73203125 0.13125 0.1453125
0 0.38359375 0.246875 0.0890625 0.1078125
0 0.19375 0.6265625 0.1390625 0.1328125
0 0.78828125 0.2390625 0.1265625 0.1171875
0 0.6796875 0.59453125 0.1328125 0.0953125
0 0.9171875 0.22265625 0.1390625 0.1265625
0 0.46796875 0.23046875 0.10625 0.103125
0 0.44140625 0.06875 0.071875 0.084375
0 0.81015625 0.92734375 0.121875 0.1453125
0 0.12421875 0.09921875 0.0859375 0.128125
0 0.25546875 0.44140625 0.14375 0.13125
0 0.390625 0.15625 0.109375 0.0890625
0 0.715625 0.32109375 0.125 0.128125
0 0.62109375 0.94375 0.11875 0.1109375
0 0.12421875 0.44140625 0.109375 0.1109375
0 0.70546875 0.4265625 0.134375 0.1328125
0 0.846875 0.4015625 0.0703125 0.10625
0 0.8578125 0.7703125 0.1234375 0.1203125
0 0.93359375 0.925 0.09375 0.1125
0 0.36015625 0.68359375 0.103125 0.0984375
0 0.93125 0.421875 0.1234375 0.1421875
0 0.62265625 0.33125 0.1 0.125
0 0.5078125 0.85 0.103125 0.109375
0 0.3125 0.153125 0.103125 0.1203125
0 0.51171875 0.1140625 0.1109375 0.1359375
0 0.15859375 0.28828125 0.1546875 0.1078125
0 0.8578125 0.5828125 0.1296875 0.11875
0 0.15625 0.5078125 0.153125 0.115625
0 0.55390625 0.5390625 0.109375 0.1234375
0 0.93984375 0.7625 0.11875 0.171875
0 0.2078125 0.35546875 0.134375 0.1078125
0 0.50625 0.9234375 0.1125 0.084375
0 0.721875 0.94296875 0.096875 0.1125
0 0.39765625 0.8921875 0.1171875 0.1484375
0 0.725 0.05546875 0.10625 0.1109375
0 0.06484375 0.66796875 0.1296875 0.115625
0 0.23984375 0.196875 0.08125 0.0765625
0 0.053125 0.30078125 0.0921875 0.1171875
0 0.70625 0.74921875 0.1390625 0.1609375
0 0.17734375 0.171875 0.10625 0.115625
0 0.71875 0.50390625 0.1640625 0.1078125