0 0.06875 0.80546875 0.078125 0.0953125
0 0.28671875 0.775 0.125 0.1421875
0 0.61328125 0.553125 0.1234375 0.1078125
0 0.94140625 0.63671875 0.1171875 0.1015625
0 0.1515625 0.87421875 0.0859375 0.0921875
0 0.1515625 0.325 0.0921875 0.0859375
0 0.89453125 0.39296875 0.103125 0.084375
0 0.328125 0.4453125 0.103125 0.11875
0 0.6328125 0.4546875 0.0625 0.071875
0 0.41328125 0.56796875 0.0875 0.0984375
0 0.5515625 0.4859375 0.0921875 0.0984375
0 0.75 0.5484375 0.090625 0.1265625
0 0.8484375 0.07890625 0.0953125 0.09375
0 0.353125 0.19765625 0.075 0.115625
0 0.2296875 0.50234375 0.078125 0.0703125
0 0.63203125 0.15625 0.1109375 0.1296875
0 0.24609375 0.84375 0.0671875 0.059375
0 0.4890625 0.3796875 0.1109375 0.0859375
0 0.84921875 0.95 0.125 0.1
0 0.8265625 0.1640625 0.0765625 0.075
0 0.1171875 0.765625 0.0984375 0.121875
0 0.6078125 0.6265625 0.06875 0.0734375
0 0.575 0.3921875 0.0765625 0.1109375
0 0.86796875 0.13125 0.0875 0.0875
0 0.76484375 0.08203125 0.078125 0.0671875
0 0.27265625 0.53046875 0.10625 0.078125
0 0.72734375 0.653125 0.0859375 0.084375
0 0.24296875 0.2 0.1 0.103125
0 0.44609375 0.8765625 0.0640625 0.0703125
0 0.22421875 0.9265625 0.0703125 0.0765625
0 0.2296875 0.63359375 0.078125 0.0703125
0 0.94140625 0.7015625 0.090625 0.05625
0 0.72265625 0.2984375 0.11875 0.1078125
0 0.6625 0.221875 0.0953125 0.075
0 0.8515625 0.7234375 0.11875 0.103125
0 0.2875 0.303125 0.153125 0.1390625
0 0.69921875 0.58203125 0.0859375 0.1078125
0 0.0453125 0.2859375 0.090625 0.0953125
0 0.5015625 0.0609375 0.1109375 0.121875
0 0.815625 0.5875 0.0828125 0.0859375
0 0.4734375 0.82578125 0.0859375 0.0734375
0 0.5765625 0.2828125 0.1109375 0.10625
0 0.07734375 0.6109375 0.1078125 0.0984375
0 0.84609375 0.2625 0.121875 0.1265625
0 0.93671875 0.284375 0.1078125 0.084375
0 0.209375 0.38046875 0.11875 0.1390625
0 0.7109375 0.11328125 0.140625 0.159375
0 0.32890625 0.37265625 0.0671875 0.046875
0 0.87109375 0.475 0.090625 0.11875
0 0.80078125 0.5109375 0.0953125 0.0921875
0 0.475 0.3203125 0.1109375 0.0875
0 0.38515625 0.8234375 0.0859375 0.078125
0 0.409375 0.453125 0.115625 0.134375
0 0.13203125 0.44453125 0.1375 0.0828125
0 0.765625 0.2046875 0.11875 0.096875
0 0.721875 0.36953125 0.0703125 0.084375
0 0.94140625 0.93671875 0.0796875 0.0765625
0 0.22578125 0.8703125 0.0734375 0.078125
0 0.48203125 0.94765625 0.090625 0.103125
0 0.9609375 0.3828125 0.078125 0.115625
0 0.29453125 0.88046875 0.078125 0.0875
0 0.08984375 0.37890625 0.1265625 0.096875
0 0.6609375 0.3828125 0.1140625 0.115625
0 0.165625 0.5578125 0.1078125 0.0859375
0 0.7609375 0.83515625 0.08125 0.14375
0 0.29453125 0.590625 0.1328125 0.0953125
0 0.46953125 0.68046875 0.078125 0.065625
0 0.38046875 0.94375 0.125 0.1109375
0 0.66640625 0.6828125 0.0671875 0.1046875
0 0.2984375 0.221875 0.040625 0.0484375
0 0.0828125 0.85546875 0.1 0.075
0 0.92734375 0.046875 0.14375 0.09375
0 0.14765625 0.9328125 0.0703125 0.0921875
0 0.56640625 0.0921875 0.10625 0.1375
0 0.18828125 0.1265625 0.1375 0.1484375
0 0.3734375 0.75546875 0.0765625 0.08125
0 0.56640625 0.79609375 0.0984375 0.109375
0 0.8984375 0.865625 0.090625 0.1
0 0.5421875 0.61484375 0.0625 0.0890625
0 0.45703125 0.7453125 0.0875 0.078125
0 0.38125 0.66953125 0.0765625 0.0890625
0 0.5953125 0.69296875 0.075 0.06875
0 0.4921875 0.46796875 0.071875 0.078125
0 0.52578125 0.73046875 0.0796875 0.1171875
0 0.7953125 0.36640625 0.090625 0.10625
0 0.05390625 0.05234375 0.09375 0.1046875
0 0.253125 0.4578125 0.08125 0.0765625
0 0.94140625 0.471875 0.071875 0.10625
0 0.92109375 0.33671875 0.1078125 0.0609375
0 0.3046875 0.13828125 0.134375 0.1234375
0 0.1953125 0.78203125 0.0828125 0.1109375
0 0.28125 0.67578125 0.0953125 0.0984375
0 0.93984375 0.5453125 0.115625 0.0921875
0 0.6359375 0.7375 0.0734375 0.05
0 0.94921875 0.75625 0.1 0.0859375
0 0.70234375 0.78984375 0.1125 0.1390625
0 0.0734375 0.5015625 0.1171875 0.128125
0 0.91953125 0.2078125 0.0765625 0.0609375
0 0.43125 0.2453125 0.090625 0.0796875
0 0.4046875 0.07109375 0.1125 0.1421875
0 0.50703125 0.86484375 0.059375 0.0734375
0 0.1078125 0.10546875 0.0671875 0.0875
0 0.51171875 0.25390625 0.0765625 0.0859375
0 0.20546875 0.7015625 0.10625 0.0953125
0 0.6703125 0.9171875 0.16875 0.1640625
0 0.46875 0.59140625 0.1 0.1234375
0 0.39765625 0.29609375 0.075 0.090625
0 0.82578125 0.85625 0.1015625 0.115625
0 0.9484375 0.13203125 0.1 0.1140625
0 0.67578125 0.48671875 0.0859375 0.0921875
0 0.80859375 0.43984375 0.09375 0.0734375
0 0.496875 0.19609375 0.075 0.06875
0 0.084375 0.70703125 0.15 0.0921875
0 0.10078125 0.20859375 0.13125 0.121875