0 0.88203125 0.93359375 0.1390625 0.13125
0 0.5953125 0.57109375 0.0796875 0.0984375
0 0.8890625 0.06953125 0.2046875 0.1390625
0 0.73125 0.58359375 0.11875 0.1265625
0 0.20703125 0.2984375 0.1140625 0.1546875
0 0.52578125 0.81171875 0.071875 0.090625
0 0.2171875 0.76171875 0.1203125 0.0953125
0 0.4390625 0.696875 0.0640625 0.065625
0 0.70703125 0.1671875 0.0984375 0.1609375
0 0.4375 0.60625 0.0875 0.1140625
0 0.3203125 0.8671875 0.103125 0.103125
0 0.68671875 0.66796875 0.103125 0.0984375
0 0.70546875 0.8671875 0.134375 0.15
0 0.1546875 0.81328125 0.14375 0.11875
0 0.62421875 0.1421875 0.0859375 0.10625
0 0.51171875 0.546875 0.0875 0.1
0 0.41875 0.115625 0.1046875 0.0953125
0 0.346875 0.83203125 0.0703125 0.0640625
0 0.07265625 0.88125 0.1109375 0.1109375
0 0.14609375 0.678125 0.103125 0.121875
0 0.3484375 0.0671875 0.1515625 0.134375
0 0.31796875 0.3015625 0.1703125 0.2359375
0 0.3125 0.7546875 0.1 0.115625
0 0.553125 0.22890625 0.115625 0.14375
0 0.403125 0.73359375 0.0671875 0.06875
0 0.56796875 0.696875 0.0703125 0.0875
0 0.6203125 0.26484375 0.1203125 0.165625
0 0.71484375 0.7546875 0.075 0.0796875
0 0.34609375 0.63515625 0.134375 0.153125
0 0.234375 0.59609375 0.0953125 0.059375
0 0.41875 0.79609375 0.14375 0.1140625
0 0.08515625 0.3328125 0.1703125 0.159375
0 0.5046875 0.73359375 0.08125 0.084375
0 0.86328125 0.56171875 0.153125 0.15
0 0.13671875 0.584375 0.1296875 0.1015625
0 0.4 0.2046875 0.1953125 0.1734375
0 0.640625 0.8171875 0.1109375 0.1390625
0 0.5421875 0.09765625 0.1640625 0.1953125
0 0.65546875 0.584375 0.05625 0.090625
0 0.49921875 0.64921875 0.103125 0.1109375
0 0.11640625 0.15234375 0.2328125 0.2953125
0 0.24375 0.6796875 0.1109375 0.109375
0 0.78671875 0.30703125 0.0984375 0.1234375
0 0.4921875 0.32265625 0.171875 0.140625
0 0.06328125 0.7484375 0.1265625 0.153125
0 0.9234375 0.703125 0.1515625 0.1484375
0 0.6296875 0.67734375 0.0703125 0.0859375
0 0.55234375 0.59921875 0.0765625 0.096875
0 0.75625 0.67109375 0.0671875 0.0734375