0 0.53125 0.11171875 0.05625 0.09375
0 0.9546875 0.64375 0.090625 0.1078125
0 0.0625 0.13828125 0.115625 0.0984375
0 0.6703125 0.609375 0.075 0.075
0 0.5234375 0.27734375 0.0328125 0.0484375
0 0.48828125 0.16328125 0.084375 0.06875
0 0.10546875 0.59140625 0.1140625 0.1375
0 0.38046875 0.1625 0.0515625 0.0640625
0 0.95390625 0.3578125 0.075 0.0796875
0 0.603125 0.571875 0.1140625 0.103125
0 0.89609375 0.33828125 0.0796875 0.1078125
0 0.67265625 0.303125 0.11875 0.0890625
0 0.93984375 0.9484375 0.11875 0.1
0 0.46015625 0.47265625 0.0921875 0.0921875
0 0.58671875 0.92578125 0.0890625 0.10625
0 0.51953125 0.6671875 0.1265625 0.13125
0 0.9359375 0.85078125 0.115625 0.121875
0 0.76640625 0.2890625 0.0921875 0.0828125
0 0.71640625 0.51796875 0.096875 0.103125
0 0.5625 0.40078125 0.125 0.1515625
0 0.63046875 0.815625 0.11875 0.109375
0 0.07734375 0.2734375 0.1546875 0.134375
0 0.2421875 0.28359375 0.078125 0.0875
0 0.5921875 0.3265625 0.05 0.0421875
0 0.81796875 0.2359375 0.109375 0.0984375
0 0.32734375 0.2515625 0.090625 0.134375
0 0.23203125 0.38203125 0.0890625 0.1125
0 0.8296875 0.34453125 0.1109375 0.1140625
0 0.30078125 0.3765625 0.071875 0.103125
0 0.23203125 0.1140625 0.096875 0.0984375
0 0.94609375 0.54765625 0.1046875 0.1328125
0 0.6734375 0.51171875 0.0703125 0.071875
0 0.690625 0.6578125 0.05625 0.05
0 0.4546875 0.54296875 0.1171875 0.0734375
0 0.47265625 0.265625 0.0484375 0.053125
0 0.76015625 0.5828125 0.0875 0.0796875
0 0.10390625 0.75078125 0.08125 0.075
0 0.81015625 0.51953125 0.11875 0.090625
0 0.484375 0.21484375 0.08125 0.059375
0 0.8296875 0.9171875 0.090625 0.084375
0 0.6796875 0.41328125 0.134375 0.1140625
0 0.9203125 0.73828125 0.1296875 0.0984375
0 0.82578125 0.58125 0.0890625 0.0765625
0 0.4984375 0.35234375 0.0578125 0.0859375
0 0.04765625 0.490625 0.0953125 0.10625
0 0.8109375 0.1 0.075 0.090625
0 0.87109375 0.64765625 0.1109375 0.1078125
0 0.803125 0.16640625 0.0734375 0.053125
0 0.72265625 0.1421875 0.1015625 0.1390625
0 0.20078125 0.7015625 0.103125 0.0953125
0 0.759375 0.659375 0.08125 0.0875
0 0.4078125 0.2515625 0.075 0.1015625
0 0.5609375 0.2421875 0.0640625 0.0796875
0 0.41640625 0.61640625 0.0921875 0.065625
0 0.178125 0.18046875 0.0671875 0.071875
0 0.3796875 0.86328125 0.1359375 0.153125
0 0.61484375 0.084375 0.1078125 0.1390625
0 0.08828125 0.83046875 0.1078125 0.1
0 0.9546875 0.428125 0.0546875 0.0625
0 0.06953125 0.67578125 0.1390625 0.1171875
0 0.2578125 0.19765625 0.103125 0.0984375
0 0.90546875 0.20390625 0.0703125 0.0875
0 0.9453125 0.11875 0.0953125 0.0796875
0 0.45234375 0.75625 0.146875 0.1109375
0 0.34765625 0.69375 0.13125 0.1140625
0 0.8453125 0.81953125 0.0796875 0.090625
0 0.74453125 0.05703125 0.115625 0.0953125
0 0.85078125 0.4625 0.1 0.11875
0 0.38671875 0.434375 0.1 0.0765625
0 0.30390625 0.6171875 0.0734375 0.0796875
0 0.22421875 0.59140625 0.1203125 0.153125
0 0.39765625 0.0734375 0.09375 0.09375
0 0.096875 0.93984375 0.1078125 0.11875
0 0.890625 0.5609375 0.071875 0.08125
0 0.709375 0.9203125 0.115625 0.13125
0 0.6203125 0.70703125 0.10625 0.0921875
0 0.66015625 0.22109375 0.0859375 0.075
0 0.32734375 0.50625 0.096875 0.0953125
0 0.42578125 0.3640625 0.115625 0.121875
0 0.96328125 0.31796875 0.071875 0.0828125
0 0.4796875 0.09296875 0.053125 0.0796875
0 0.15234375 0.4578125 0.1203125 0.10625
0 0.32890625 0.0921875 0.1078125 0.1390625
0 0.20703125 0.81015625 0.134375 0.14375