0 0.76484375 0.76015625 0.06875 0.071875
0 0.384375 0.89453125 0.0640625 0.059375
0 0.01640625 0.775 0.0328125 0.034375
0 0.171875 0.9375 0.0828125 0.071875
0 0.04296875 0.70859375 0.053125 0.05625
0 0.28828125 0.678125 0.0515625 0.0453125
0 0.1375 0.65390625 0.053125 0.034375
0 0.2875 0.88125 0.075 0.084375
0 0.45625 0.54921875 0.078125 0.1015625
0 0.5828125 0.62421875 0.0765625 0.0703125
0 0.2984375 0.82109375 0.0484375 0.05
0 0.0328125 0.33046875 0.05625 0.0375
0 0.090625 0.93125 0.06875 0.0546875
0 0.19140625 0.65703125 0.0828125 0.071875
0 0.78359375 0.9140625 0.071875 0.05625
0 0.20703125 0.73515625 0.0515625 0.0546875
0 0.88671875 0.11015625 0.059375 0.0609375
0 0.4390625 0.9140625 0.0953125 0.1109375
0 0.50703125 0.95859375 0.0609375 0.078125
0 0.63359375 0.7625 0.065625 0.0546875
0 0.24609375 0.69921875 0.0640625 0.0546875
0 0.66796875 0.94765625 0.09375 0.0921875
0 0.08515625 0.8265625 0.0828125 0.0953125
0 0.75390625 0.65703125 0.0546875 0.0515625
0 0.59765625 0.72265625 0.0375 0.0421875
0 0.028125 0.81796875 0.05625 0.0625
0 0.92890625 0.1078125 0.0390625 0.0546875
0 0.69609375 0.60546875 0.071875 0.09375
0 0.74140625 0.915625 0.0484375 0.053125
0 0.34765625 0.82890625 0.0703125 0.0609375
0 0.68984375 0.07734375 0.0640625 0.06875
0 0.53828125 0.4765625 0.08125 0.0734375
0 0.825 0.7296875 0.06875 0.1015625
0 0.8390625 0.92890625 0.0609375 0.0484375
0 0.60546875 0.80390625 0.0703125 0.078125
0 0.92109375 0.409375 0.0859375 0.078125
0 0.1515625 0.6078125 0.0921875 0.0671875
0 0.790625 0.1265625 0.0953125 0.090625
0 0.4921875 0.86328125 0.05 0.0640625
0 0.41796875 0.634375 0.05625 0.05
0 0.621875 0.6796875 0.0921875 0.0640625
0 0.19375 0.8140625 0.071875 0.08125
0 0.3109375 0.73515625 0.0453125 0.04375
0 0.95390625 0.65703125 0.0875 0.065625
0 0.35 0.9390625 0.0796875 0.0765625
0 0.7453125 0.59296875 0.0828125 0.09375
0 0.81875 0.43984375 0.115625 0.1171875
0 0.10078125 0.0703125 0.2015625 0.140625
0 0.8609375 0.075 0.0640625 0.053125
0 0.4984375 0.64296875 0.1078125 0.0609375
0 0.24375 0.9328125 0.065625 0.0546875
0 0.853125 0.240625 0.0625 0.0796875
0 0.42734375 0.41953125 0.0828125 0.084375
0 0.18359375 0.5015625 0.0609375 0.0609375
0 0.1859375 0.44296875 0.0671875 0.071875
0 0.35625 0.3921875 0.0625 0.06875
0 0.128125 0.79375 0.0609375 0.0375
0 0.8421875 0.03515625 0.096875 0.059375
0 0.06015625 0.76328125 0.0703125 0.071875
0 0.03828125 0.66171875 0.053125 0.0609375
0 0.33203125 0.66015625 0.06875 0.05625
0 0.84296875 0.86953125 0.0625 0.0671875
0 0.64765625 0.8515625 0.059375 0.0796875
0 0.71796875 0.03125 0.1125 0.0625
0 0.825 0.090625 0.0546875 0.0640625
0 0.740625 0.87109375 0.0484375 0.0484375
0 0.13359375 0.7453125 0.125 0.08125
0 0.55078125 0.7671875 0.0484375 0.046875
0 0.40078125 0.4859375 0.0765625 0.0765625
0 0.6515625 0.04453125 0.053125 0.0703125
0 0.4875 0.4453125 0.0953125 0.109375
0 0.09765625 0.32734375 0.06875 0.0578125
0 0.2390625 0.86484375 0.0484375 0.0625
0 0.79296875 0.22109375 0.0953125 0.0515625
0 0.9546875 0.11328125 0.04375 0.0609375
0 0.80390625 0.80078125 0.06875 0.059375
0 0.3890625 0.5859375 0.065625 0.0640625
0 0.9046875 0.703125 0.0625 0.06875
0 0.31171875 0.553125 0.1078125 0.1203125
0 0.4359375 0.14609375 0.0859375 0.071875
0 0.12265625 0.51015625 0.0640625 0.046875
0 0.37734375 0.70234375 0.0703125 0.0734375
0 0.96484375 0.17734375 0.0703125 0.0734375
0 0.5265625 0.86640625 0.0484375 0.0609375
0 0.575 0.74453125 0.053125 0.0609375
0 0.06015625 0.55703125 0.0546875 0.05625
0 0.5140625 0.59921875 0.0796875 0.078125
0 0.9625 0.71015625 0.06875 0.0515625
0 0.265625 0.4703125 0.059375 0.053125
0 0.1796875 0.88671875 0.075 0.0703125
0 0.69140625 0.78125 0.125 0.1015625
0 0.36328125 0.87578125 0.08125 0.0640625
0 0.04375 0.4171875 0.0859375 0.0640625
0 0.10703125 0.5625 0.059375 0.0546875
0 0.22890625 0.771875 0.0796875 0.0875
0 0.7484375 0.08125 0.0796875 0.071875
0 0.08515625 0.6421875 0.0734375 0.0578125
0 0.6953125 0.85 0.071875 0.0828125
0 0.73984375 0.9609375 0.0609375 0.0546875
0 0.60859375 0.90546875 0.0875 0.0625
0 0.21796875 0.509375 0.05 0.0640625
0 0.46328125 0.878125 0.040625 0.04375
0 0.29609375 0.70625 0.046875 0.040625
0 0.69765625 0.9140625 0.0609375 0.0703125
0 0.65234375 0.734375 0.0484375 0.0453125
0 0.38515625 0.6546875 0.0609375 0.0515625
0 0.48203125 0.71015625 0.053125 0.0765625
0 0.6390625 0.59375 0.0703125 0.0640625
0 0.03515625 0.6109375 0.0703125 0.059375
0 0.090625 0.6859375 0.0609375 0.0609375
0 0.43828125 0.70546875 0.0515625 0.059375
0 0.5734375 0.95703125 0.125 0.0703125
0 0.70546875 0.690625 0.0875 0.09375
0 0.03828125 0.878125 0.0765625 0.065625
0 0.91796875 0.27734375 0.1015625 0.103125
0 0.25390625 0.6546875 0.0671875 0.0546875
0 0.14375 0.67890625 0.0515625 0.053125
0 0.87578125 0.65625 0.0640625 0.0578125
0 0.4734375 0.08046875 0.1359375 0.134375
0 0.75 0.81171875 0.0515625 0.05625
0 0.5109375 0.5359375 0.075 0.0703125
0 0.7734375 0.34296875 0.0828125 0.0859375
0 0.415625 0.803125 0.090625 0.1078125
0 0.79921875 0.184375 0.071875 0.0484375
0 0.6 0.86015625 0.0640625 0.0578125
0 0.3390625 0.61953125 0.0734375 0.05625
0 0.41015625 0.75390625 0.1 0.0625
0 0.53828125 0.79921875 0.0609375 0.0734375
0 0.8578125 0.3453125 0.1140625 0.090625
0 0.12734375 0.440625 0.06875 0.0671875
0 0.8484375 0.15546875 0.05 0.0671875
0 0.56171875 0.68203125 0.05 0.05625
0 0.53203125 0.72109375 0.0609375 0.0671875
0 0.146875 0.82734375 0.0578125 0.065625
0 0.13125 0.55625 0.05 0.0578125
0 0.78671875 0.8578125 0.08125 0.075
0 0.26640625 0.73203125 0.0453125 0.05
0 0.896875 0.490625 0.1296875 0.09375