0 0.50078125 0.525 0.1390625 0.1359375
0 0.36015625 0.525 0.140625 0.1421875
0 0.2390625 0.08828125 0.2375 0.1765625
0 0.8109375 0.07421875 0.0921875 0.1171875
0 0.39296875 0.29140625 0.1015625 0.10625
0 0.278125 0.43515625 0.046875 0.053125
0 0.6515625 0.8828125 0.1140625 0.14375
0 0.25703125 0.83984375 0.0765625 0.059375
0 0.35546875 0.80234375 0.146875 0.1484375
0 0.46328125 0.43671875 0.115625 0.09375
0 0.93203125 0.48046875 0.075 0.0796875
0 0.22734375 0.2921875 0.146875 0.1859375
0 0.2234375 0.51171875 0.1390625 0.13125
0 0.94296875 0.0640625 0.1140625 0.128125
0 0.4515625 0.84453125 0.08125 0.1109375
0 0.446875 0.94375 0.1140625 0.1
0 0.525 0.70703125 0.165625 0.153125
0 0.80234375 0.71484375 0.2140625 0.1875
0 0.45703125 0.1125 0.134375 0.159375
0 0.54375 0.17890625 0.125 0.1328125
0 0.771875 0.90625 0.121875 0.125
0 0.72421875 0.5640625 0.1171875 0.121875
0 0.5296875 0.29296875 0.115625 0.1109375
0 0.1296875 0.66484375 0.15 0.0859375
0 0.63203125 0.63046875 0.1125 0.1203125
0 0.884375 0.5265625 0.1375 0.115625
0 0.9078125 0.61328125 0.1140625 0.0875
0 0.65078125 0.51171875 0.071875 0.075
0 0.0921875 0.19296875 0.1828125 0.1484375
0 0.0859375 0.0625 0.153125 0.125
0 0.85703125 0.25625 0.1125 0.1453125
0 0.62890625 0.11171875 0.1328125 0.1390625
0 0.23359375 0.40390625 0.1 0.075
0 0.53359375 0.8171875 0.1296875 0.0921875
0 0.37109375 0.8671875 0.0875 0.065625
0 0.14140625 0.76171875 0.090625 0.0859375
0 0.1 0.5796875 0.1375 0.10625
0 0.571875 0.95 0.1359375 0.1
0 0.56171875 0.43515625 0.1078125 0.196875
0 0.16796875 0.82734375 0.10625 0.0921875
0 0.8640625 0.85078125 0.165625 0.13125
0 0.915625 0.3796875 0.1375 0.1359375
0 0.82890625 0.46015625 0.1265625 0.1140625
0 0.42265625 0.69453125 0.0640625 0.0984375
0 0.75234375 0.22890625 0.115625 0.1078125
0 0.2890625 0.22265625 0.1265625 0.171875
0 0.4453125 0.61328125 0.1 0.0953125
0 0.38984375 0.3796875 0.1078125 0.125
0 0.62578125 0.76875 0.0765625 0.1125
0 0.05078125 0.6796875 0.1015625 0.0953125
0 0.31640625 0.653125 0.165625 0.15625
0 0.7046875 0.06640625 0.109375 0.1328125