0 0.15078125 0.4625 0.0765625 0.05
0 0.28203125 0.47890625 0.06875 0.0796875
0 0.3625 0.321875 0.125 0.1234375
0 0.7140625 0.678125 0.1171875 0.1578125
0 0.565625 0.1265625 0.084375 0.0734375
0 0.34140625 0.590625 0.103125 0.103125
0 0.8796875 0.5078125 0.0875 0.0796875
0 0.7421875 0.95078125 0.1359375 0.0984375
0 0.690625 0.55625 0.0734375 0.0640625
0 0.7765625 0.696875 0.071875 0.0890625
0 0.675 0.3171875 0.0703125 0.071875
0 0.77578125 0.884375 0.071875 0.1078125
0 0.95546875 0.5671875 0.0875 0.1015625
0 0.4734375 0.140625 0.084375 0.1203125
0 0.79375 0.18359375 0.0921875 0.1046875
0 0.81640625 0.290625 0.0828125 0.1140625
0 0.8046875 0.51953125 0.0703125 0.0796875
0 0.70625 0.25 0.128125 0.1203125
0 0.4 0.85078125 0.1328125 0.121875
0 0.17109375 0.32421875 0.09375 0.125
0 0.296875 0.09765625 0.0859375 0.1015625
0 0.94296875 0.74453125 0.1140625 0.0875
0 0.04765625 0.92265625 0.0953125 0.1515625
0 0.88671875 0.15078125 0.1015625 0.115625
0 0.76484375 0.03671875 0.096875 0.0734375
0 0.63515625 0.18984375 0.1078125 0.1265625
0 0.74921875 0.38125 0.10625 0.096875
0 0.40546875 0.03515625 0.1578125 0.0703125
0 0.11875 0.8078125 0.1109375 0.115625
0 0.32109375 0.50859375 0.0984375 0.1046875
0 0.32109375 0.0421875 0.0609375 0.078125
0 0.57421875 0.3984375 0.1265625 0.084375
0 0.671875 0.49140625 0.103125 0.1109375
0 0.26015625 0.35390625 0.121875 0.1296875
0 0.7296875 0.80390625 0.0703125 0.0953125
0 0.896875 0.93671875 0.121875 0.11875
0 0.590625 0.5484375 0.103125 0.0734375
0 0.75625 0.11796875 0.13125 0.1515625
0 0.3671875 0.77265625 0.0625 0.06875
0 0.7109375 0.86171875 0.0640625 0.059375
0 0.1984375 0.42265625 0.1078125 0.0890625
0 0.61953125 0.64140625 0.103125 0.1125
0 0.26875 0.58984375 0.071875 0.0875
0 0.23515625 0.19296875 0.146875 0.1390625
0 0.2875 0.77890625 0.1109375 0.11875
0 0.20234375 0.7984375 0.0921875 0.10625
0 0.25390625 0.66875 0.10625 0.10625
0 0.1421875 0.21796875 0.065625 0.0578125
0 0.89296875 0.6640625 0.0953125 0.0953125
0 0.959375 0.30703125 0.0796875 0.1265625
0 0.8671875 0.58046875 0.103125 0.0828125
0 0.1375 0.8984375 0.13125 0.1234375
0 0.57734375 0.3328125 0.15625 0.13125
0 0.665625 0.09609375 0.08125 0.11875
0 0.853125 0.759375 0.075 0.075
0 0.48125 0.78984375 0.11875 0.1390625
0 0.43515625 0.6078125 0.1109375 0.0796875
0 0.3828125 0.43359375 0.1265625 0.1078125
0 0.5921875 0.4765625 0.0953125 0.0921875
0 0.80625 0.453125 0.078125 0.078125
0 0.1609375 0.12265625 0.115625 0.1296875
0 0.41171875 0.9359375 0.1453125 0.09375
0 0.78359375 0.27421875 0.075 0.0796875
0 0.05546875 0.30703125 0.1078125 0.125
0 0.7421875 0.48671875 0.0765625 0.1203125
0 0.534375 0.1859375 0.1 0.121875
0 0.41484375 0.5328125 0.1015625 0.1234375
0 0.06328125 0.72734375 0.1265625 0.125
0 0.05390625 0.43203125 0.1078125 0.1015625
0 0.41328125 0.75390625 0.0703125 0.0625
0 0.859375 0.0625 0.1328125 0.125
0 0.83125 0.34765625 0.0890625 0.0875
0 0.1765625 0.571875 0.1265625 0.1078125
0 0.2734375 0.27109375 0.1265625 0.078125
0 0.44453125 0.26640625 0.1078125 0.115625
0 0.64375 0.7359375 0.0890625 0.096875
0 0.3921875 0.11875 0.1015625 0.1328125
0 0.9546875 0.2203125 0.0890625 0.0984375
0 0.66015625 0.80703125 0.0828125 0.0953125
0 0.77734375 0.77734375 0.090625 0.1265625
0 0.8859375 0.41171875 0.1359375 0.11875
0 0.5703125 0.88828125 0.125 0.14375
0 0.4171875 0.68671875 0.1140625 0.0953125
0 0.759375 0.3171875 0.0890625 0.075
0 0.509375 0.44609375 0.0875 0.0984375
0 0.06640625 0.19140625 0.1328125 0.134375
0 0.5359375 0.0890625 0.096875 0.1
0 0.7484375 0.5765625 0.0953125 0.078125
0 0.41953125 0.20234375 0.0703125 0.09375
0 0.82734375 0.8890625 0.059375 0.1140625
0 0.89765625 0.3140625 0.0921875 0.11875
0 0.21875 0.4765625 0.0828125 0.05625
0 0.678125 0.41796875 0.0734375 0.0578125
0 0.146875 0.684375 0.1109375 0.11875
0 0.53203125 0.29609375 0.1234375 0.1125
0 0.05625 0.0875 0.1125 0.121875
0 0.83515625 0.6859375 0.071875 0.06875
0 0.88671875 0.82421875 0.1328125 0.103125
0 0.9453125 0.484375 0.109375 0.1234375
0 0.2796875 0.42890625 0.0765625 0.0671875
0 0.61875 0.84453125 0.0703125 0.0765625
0 0.31953125 0.69140625 0.1015625 0.103125