0 0.04765625 0.23046875 0.0953125 0.1875
0 0.12734375 0.79140625 0.24375 0.203125
0 0.48671875 0.11796875 0.0828125 0.11875
0 0.315625 0.43125 0.1234375 0.1296875
0 0.9390625 0.4703125 0.11875 0.1234375
0 0.34921875 0.8390625 0.1640625 0.159375
0 0.0765625 0.41171875 0.153125 0.165625
0 0.08671875 0.1265625 0.1578125 0.159375
0 0.8078125 0.8609375 0.3828125 0.278125
0 0.25 0.63671875 0.1328125 0.11875
0 0.103125 0.928125 0.1375 0.1375
0 0.0921875 0.5328125 0.18125 0.1546875
0 0.16875 0.3140625 0.21875 0.2234375
0 0.428125 0.5 0.2375 0.228125
0 0.8796875 0.571875 0.2359375 0.1546875
0 0.65234375 0.14765625 0.290625 0.2953125
0 0.6796875 0.56875 0.1484375 0.140625
0 0.25234375 0.94453125 0.1859375 0.1078125
0 0.87109375 0.7328125 0.25625 0.209375
0 0.884375 0.1015625 0.2203125 0.203125
0 0.77578125 0.38828125 0.3875 0.3796875
0 0.190625 0.86484375 0.15 0.1515625
0 0.42265625 0.70546875 0.2375 0.2078125
0 0.49296875 0.87265625 0.209375 0.184375
0 0.39453125 0.20703125 0.228125 0.2296875
0 0.07734375 0.65625 0.1546875 0.1890625
0 0.2484375 0.53125 0.1734375 0.146875
0 0.21640625 0.10390625 0.2015625 0.2078125