0 0.04765625 0.27734375 0.0609375 0.0828125
0 0.05 0.35 0.0625 0.06875
0 0.3453125 0.6890625 0.146875 0.109375
0 0.13671875 0.9375 0.1265625 0.10625
0 0.21640625 0.20859375 0.0515625 0.0640625
0 0.11171875 0.875 0.1078125 0.0859375
0 0.85703125 0.93203125 0.0734375 0.0828125
0 0.76875 0.9171875 0.065625 0.0921875
0 0.175 0.421875 0.0484375 0.071875
0 0.209375 0.36796875 0.053125 0.053125
0 0.125 0.3609375 0.0640625 0.075
0 0.15 0.72734375 0.078125 0.0484375
0 0.12578125 0.63125 0.1078125 0.0671875
0 0.24609375 0.56171875 0.071875 0.0796875
0 0.2609375 0.3125 0.0921875 0.053125
0 0.2875 0.4859375 0.0609375 0.0640625
0 0.07421875 0.11328125 0.053125 0.0609375
0 0.3671875 0.96875 0.1109375 0.0609375
0 0.178125 0.2921875 0.1171875 0.1015625
0 0.5546875 0.9375 0.103125 0.125
0 0.13203125 0.41484375 0.0484375 0.06875
0 0.221875 0.68203125 0.084375 0.084375
0 0.14609375 0.67265625 0.0796875 0.0796875
0 0.103125 0.5171875 0.13125 0.09375
0 0.39609375 0.89921875 0.1171875 0.1390625
0 0.67421875 0.85078125 0.071875 0.1015625
0 0.20546875 0.8453125 0.0875 0.103125
0 0.10078125 0.71640625 0.0546875 0.0546875
0 0.0484375 0.7734375 0.08125 0.0671875
0 0.6828125 0.92734375 0.0703125 0.0703125
0 0.26015625 0.76953125 0.1484375 0.1515625
0 0.25625 0.19609375 0.053125 0.040625
0 0.046875 0.71328125 0.078125 0.0625
0 0.1625 0.15390625 0.11875 0.0921875
0 0.19375 0.5359375 0.103125 0.096875
0 0.31484375 0.5375 0.096875 0.0859375
0 0.24921875 0.40390625 0.096875 0.1109375
0 0.73046875 0.87890625 0.0875 0.109375
0 0.084375 0.17421875 0.0828125 0.096875
0 0.36953125 0.7875 0.10625 0.1
0 0.34765625 0.62109375 0.090625 0.0703125
0 0.2453125 0.9375 0.078125 0.09375
0 0.26875 0.25 0.0921875 0.0875
0 0.1046875 0.2640625 0.0625 0.090625
0 0.2921875 0.86875 0.078125 0.08125
0 0.12265625 0.5625 0.05625 0.0640625
0 0.07109375 0.45390625 0.096875 0.0953125
0 0.1171875 0.040625 0.0671875 0.06875