0 0.94453125 0.275 0.1078125 0.1640625
0 0.44375 0.5703125 0.225 0.2359375
0 0.56640625 0.6453125 0.134375 0.190625
0 0.6703125 0.6578125 0.121875 0.15625
0 0.10859375 0.2515625 0.19375 0.1359375
0 0.5984375 0.0734375 0.1609375 0.14375
0 0.1625 0.1125 0.18125 0.1953125
0 0.8359375 0.7109375 0.1875 0.2046875
0 0.0453125 0.3921875 0.090625 0.1453125
0 0.56875 0.32578125 0.16875 0.2296875
0 0.89921875 0.0828125 0.11875 0.165625
0 0.81875 0.2109375 0.1390625 0.1359375
0 0.84140625 0.3625 0.1734375 0.1515625
0 0.05234375 0.796875 0.1046875 0.11875
0 0.0828125 0.89765625 0.165625 0.2015625
0 0.578125 0.8875 0.2078125 0.221875
0 0.246875 0.065625 0.1578125 0.13125
0 0.940625 0.6828125 0.115625 0.178125
0 0.4484375 0.725 0.1015625 0.1265625
0 0.8484375 0.88125 0.115625 0.1390625
0 0.7625 0.08984375 0.1890625 0.175
0 0.74609375 0.9375 0.0984375 0.1171875
0 0.6625 0.165625 0.1546875 0.1046875
0 0.28125 0.71484375 0.1328125 0.140625
0 0.13515625 0.37578125 0.1546875 0.1671875
0 0.875 0.49453125 0.1640625 0.1125
0 0.47890625 0.92265625 0.13125 0.1515625
0 0.29609375 0.3421875 0.190625 0.2359375
0 0.6875 0.29453125 0.1390625 0.178125
0 0.61875 0.7671875 0.1359375 0.1203125
0 0.946875 0.8375 0.103125 0.153125
0 0.303125 0.190625 0.1390625 0.1390625
0 0.75390625 0.79921875 0.1484375 0.165625
0 0.26171875 0.8859375 0.2546875 0.225
0 0.47109375 0.12578125 0.16875 0.18125
0 0.14765625 0.5796875 0.259375 0.25625
0 0.44140625 0.34375 0.13125 0.1859375