0 0.40625 0.62890625 0.1078125 0.1640625
0 0.22734375 0.66484375 0.103125 0.115625
0 0.4984375 0.23828125 0.1125 0.1609375
0 0.88203125 0.8953125 0.1546875 0.1578125
0 0.31796875 0.63203125 0.134375 0.1546875
0 0.8796875 0.3921875 0.178125 0.1640625
0 0.18125 0.2546875 0.0921875 0.1
0 0.10703125 0.58828125 0.1640625 0.0984375
0 0.85625 0.65546875 0.115625 0.0921875
0 0.4453125 0.3 0.1296875 0.146875
0 0.29453125 0.209375 0.1 0.1078125
0 0.634375 0.20078125 0.1671875 0.2125
0 0.6625 0.06875 0.153125 0.1375
0 0.115625 0.70703125 0.1375 0.1609375
0 0.9359375 0.0859375 0.1234375 0.1390625
0 0.6890625 0.7265625 0.1453125 0.128125
0 0.103125 0.93828125 0.0671875 0.0765625
0 0.07421875 0.0640625 0.1484375 0.128125
0 0.21484375 0.05 0.1265625 0.1
0 0.3875 0.7515625 0.0703125 0.0953125
0 0.34140625 0.0484375 0.15 0.096875
0 0.49765625 0.05859375 0.134375 0.1171875
0 0.92578125 0.85 0.1265625 0.1359375
0 0.79375 0.9046875 0.1125 0.140625
0 0.36328125 0.30625 0.0796875 0.09375
0 0.5140625 0.11328125 0.096875 0.121875
0 0.290625 0.11875 0.16875 0.140625
0 0.51640625 0.525 0.1828125 0.153125
0 0.3328125 0.87109375 0.1453125 0.1671875
0 0.20546875 0.14921875 0.0953125 0.1078125
0 0.3515625 0.48984375 0.134375 0.1328125
0 0.165625 0.87421875 0.171875 0.146875
0 0.28359375 0.8 0.1453125 0.1796875
0 0.49375 0.653125 0.134375 0.134375
0 0.41171875 0.18359375 0.1 0.1140625
0 0.26875 0.2734375 0.10625 0.13125
0 0.2234375 0.20703125 0.096875 0.1046875
0 0.9359375 0.27265625 0.1265625 0.1390625
0 0.70703125 0.825 0.1296875 0.0953125
0 0.55625 0.38046875 0.1890625 0.153125
0 0.34453125 0.38203125 0.1515625 0.13125
0 0.196875 0.82109375 0.0984375 0.178125