0 0.784375 0.228125 0.075 0.078125
0 0.94609375 0.08359375 0.0796875 0.090625
0 0.475 0.26171875 0.084375 0.0859375
0 0.9078125 0.24140625 0.06875 0.0703125
0 0.55703125 0.92109375 0.171875 0.1546875
0 0.146875 0.4125 0.0796875 0.0640625
0 0.9390625 0.80234375 0.1203125 0.1296875
0 0.11484375 0.11953125 0.0703125 0.0875
0 0.0640625 0.490625 0.0671875 0.065625
0 0.1890625 0.21875 0.053125 0.0609375
0 0.4625 0.7453125 0.059375 0.053125
0 0.20703125 0.26875 0.0546875 0.0609375
0 0.21171875 0.3359375 0.0921875 0.0734375
0 0.6609375 0.13125 0.0578125 0.053125
0 0.9546875 0.29921875 0.0859375 0.0875
0 0.42578125 0.2234375 0.06875 0.0875
0 0.6109375 0.21015625 0.1078125 0.1015625
0 0.55859375 0.68203125 0.0828125 0.071875
0 0.72265625 0.92578125 0.11875 0.128125
0 0.78046875 0.30859375 0.0765625 0.059375
0 0.9046875 0.94453125 0.1171875 0.109375
0 0.85859375 0.2078125 0.08125 0.0640625
0 0.19609375 0.46328125 0.0375 0.040625
0 0.61015625 0.12109375 0.06875 0.08125
0 0.38515625 0.94453125 0.1078125 0.1078125
0 0.15546875 0.7921875 0.0921875 0.0859375
0 0.5046875 0.56640625 0.075 0.078125
0 0.16796875 0.31484375 0.05 0.04375
0 0.3828125 0.746875 0.0765625 0.0765625
0 0.5703125 0.50703125 0.05 0.0515625
0 0.521875 0.496875 0.0640625 0.08125
0 0.04765625 0.66484375 0.0953125 0.1046875
0 0.67734375 0.6578125 0.06875 0.071875
0 0.63515625 0.5140625 0.090625 0.10625
0 0.34609375 0.6734375 0.0953125 0.1296875
0 0.1078125 0.56015625 0.0453125 0.0515625
0 0.43359375 0.04609375 0.0828125 0.0921875
0 0.72578125 0.58203125 0.0765625 0.084375
0 0.51796875 0.134375 0.090625 0.0984375
0 0.92890625 0.17734375 0.103125 0.08125
0 0.9140625 0.58203125 0.134375 0.109375
0 0.13046875 0.6578125 0.0671875 0.0609375
0 0.925 0.11875 0.08125 0.0515625
0 0.0375 0.59765625 0.0515625 0.0609375
0 0.0671875 0.07109375 0.0609375 0.0578125
0 0.17109375 0.1390625 0.05625 0.0796875
0 0.11640625 0.37109375 0.08125 0.071875
0 0.91328125 0.67265625 0.1703125 0.1421875
0 0.125 0.05390625 0.0609375 0.08125
0 0.4515625 0.41796875 0.0734375 0.0640625
0 0.0625 0.44921875 0.046875 0.0375
0 0.2671875 0.7484375 0.103125 0.0796875
0 0.3703125 0.58359375 0.078125 0.078125
0 0.68515625 0.47421875 0.0375 0.040625
0 0.68203125 0.084375 0.0484375 0.0640625
0 0.8109375 0.39375 0.04375 0.0484375
0 0.1796875 0.68984375 0.1046875 0.096875
0 0.36875 0.8453125 0.1296875 0.1046875
0 0.84140625 0.26875 0.0921875 0.06875
0 0.47421875 0.86015625 0.04375 0.0453125
0 0.3734375 0.23671875 0.0546875 0.0484375
0 0.390625 0.44296875 0.0640625 0.0609375
0 0.0765625 0.14140625 0.0609375 0.065625
0 0.08984375 0.77265625 0.0796875 0.0921875
0 0.4390625 0.89453125 0.0953125 0.090625
0 0.409375 0.52421875 0.08125 0.0625
0 0.60625 0.65625 0.0546875 0.0484375
0 0.4453125 0.6953125 0.0703125 0.0640625
0 0.87109375 0.115625 0.0390625 0.0453125
0 0.44296875 0.3296875 0.0875 0.1109375
0 0.80625 0.66796875 0.075 0.078125
0 0.7953125 0.5953125 0.0796875 0.0734375
0 0.2734375 0.66875 0.0703125 0.103125
0 0.64296875 0.3453125 0.0890625 0.0796875
0 0.35390625 0.05390625 0.0890625 0.1078125
0 0.84453125 0.15859375 0.071875 0.0484375
0 0.3296875 0.259375 0.0765625 0.084375
0 0.52890625 0.41875 0.0984375 0.1046875
0 0.04609375 0.54140625 0.0921875 0.0703125
0 0.0953125 0.60390625 0.0828125 0.06875
0 0.46953125 0.51171875 0.059375 0.059375
0 0.240625 0.4609375 0.0984375 0.09375
0 0.875 0.3375 0.121875 0.09375
0 0.38359375 0.32578125 0.0625 0.084375
0 0.13984375 0.19609375 0.059375 0.053125
0 0.63046875 0.70546875 0.065625 0.059375
0 0.53828125 0.73515625 0.0796875 0.0640625
0 0.43828125 0.1359375 0.0828125 0.10625
0 0.578125 0.16015625 0.0484375 0.0625
0 0.06875 0.4140625 0.075 0.053125
0 0.66953125 0.56875 0.05 0.046875
0 0.7265625 0.05 0.1125 0.1
0 0.2765625 0.31171875 0.0515625 0.0546875
0 0.628125 0.41796875 0.090625 0.0875
0 0.865625 0.06875 0.05625 0.05625
0 0.7046875 0.71328125 0.09375 0.0953125
0 0.54453125 0.81015625 0.053125 0.0578125
0 0.21875 0.15859375 0.06875 0.0671875
0 0.08203125 0.86953125 0.1078125 0.084375
0 0.12265625 0.51640625 0.04375 0.034375
0 0.3140625 0.4078125 0.059375 0.0453125
0 0.5609375 0.29453125 0.0875 0.0953125
0 0.05234375 0.309375 0.0921875 0.0734375
0 0.77265625 0.46328125 0.0859375 0.0890625
0 0.21953125 0.6484375 0.06875 0.0796875
0 0.36796875 0.39140625 0.0703125 0.0703125
0 0.3578125 0.4828125 0.0421875 0.075
0 0.353125 0.19375 0.0671875 0.0640625
0 0.4375 0.60078125 0.084375 0.096875
0 0.6296875 0.76015625 0.0609375 0.075
0 0.32734375 0.3234375 0.0625 0.059375
0 0.18046875 0.86484375 0.0609375 0.08125
0 0.1203125 0.3046875 0.075 0.071875
0 0.67109375 0.61015625 0.05 0.0421875
0 0.303125 0.5265625 0.084375 0.0796875
0 0.12734375 0.471875 0.0921875 0.06875
0 0.75859375 0.82421875 0.1390625 0.1578125
0 0.3125 0.45 0.071875 0.0734375
0 0.66640625 0.9421875 0.0921875 0.1125
0 0.5328125 0.6234375 0.0828125 0.10625
0 0.76015625 0.69296875 0.053125 0.05
0 0.2359375 0.8546875 0.071875 0.09375
0 0.73515625 0.18046875 0.071875 0.0796875
0 0.6 0.38984375 0.053125 0.046875
0 0.7140625 0.2484375 0.071875 0.071875
0 0.16640625 0.91015625 0.040625 0.0453125
0 0.8046875 0.0453125 0.0671875 0.071875
0 0.040625 0.7328125 0.0625 0.0515625
0 0.1015625 0.921875 0.115625 0.1203125
0 0.2578125 0.39453125 0.0578125 0.05
0 0.4921875 0.36953125 0.0453125 0.046875
0 0.76328125 0.1046875 0.1203125 0.0828125
0 0.24921875 0.578125 0.0953125 0.0828125
0 0.17734375 0.559375 0.11875 0.1140625
0 0.7671875 0.4 0.0609375 0.0625
0 0.7078125 0.51875 0.0546875 0.05
0 0.4671875 0.79921875 0.0625 0.071875
0 0.50703125 0.1953125 0.0609375 0.0640625
0 0.79140625 0.1609375 0.0671875 0.0609375
0 0.32890625 0.1046875 0.0671875 0.0703125
0 0.67421875 0.2984375 0.0828125 0.0765625
0 0.075 0.8375 0.0796875 0.0671875
0 0.428125 0.4546875 0.0609375 0.05
0 0.696875 0.4 0.0859375 0.0921875
0 0.58203125 0.775 0.0671875 0.078125
0 0.74765625 0.6421875 0.0828125 0.059375
0 0.196875 0.4046875 0.0796875 0.0734375
0 0.68125 0.18125 0.046875 0.071875
0 0.4875 0.03828125 0.05 0.0703125
0 0.11953125 0.721875 0.071875 0.06875
0 0.40390625 0.49453125 0.0640625 0.053125
0 0.30859375 0.9421875 0.0875 0.1109375
0 0.5984375 0.596875 0.08125 0.084375
0 0.3015625 0.8109375 0.109375 0.090625
0 0.2875 0.3625 0.0640625 0.059375
0 0.64609375 0.06875 0.046875 0.059375
0 0.38671875 0.6890625 0.06875 0.0625
0 0.27109375 0.13984375 0.078125 0.0859375