0 0.91953125 0.43515625 0.0734375 0.0640625
0 0.89140625 0.93203125 0.103125 0.0953125
0 0.5046875 0.64140625 0.0703125 0.0984375
0 0.4734375 0.7484375 0.0953125 0.0875
0 0.1640625 0.61328125 0.084375 0.053125
0 0.29375 0.671875 0.0546875 0.065625
0 0.4765625 0.89453125 0.0671875 0.115625
0 0.88671875 0.646875 0.071875 0.0671875
0 0.75546875 0.11640625 0.0875 0.0890625
0 0.4453125 0.38515625 0.0953125 0.084375
0 0.40078125 0.8609375 0.0609375 0.0765625
0 0.10546875 0.9140625 0.0859375 0.0984375
0 0.2671875 0.5703125 0.0875 0.078125
0 0.83671875 0.76484375 0.08125 0.103125
0 0.88125 0.41015625 0.090625 0.084375
0 0.7953125 0.696875 0.06875 0.0796875
0 0.46640625 0.13046875 0.0515625 0.0640625
0 0.7109375 0.12734375 0.065625 0.0765625
0 0.6890625 0.96796875 0.0765625 0.059375
0 0.903125 0.8015625 0.08125 0.1
0 0.86875 0.1203125 0.0375 0.0546875
0 0.20234375 0.51484375 0.0875 0.0640625
0 0.38359375 0.78515625 0.0734375 0.1015625
0 0.8109375 0.3671875 0.103125 0.11875
0 0.4765625 0.47578125 0.125 0.1234375
0 0.29609375 0.5078125 0.05625 0.0484375
0 0.3125 0.346875 0.1203125 0.103125
0 0.36328125 0.7046875 0.0609375 0.06875
0 0.22734375 0.3328125 0.078125 0.0765625
0 0.8734375 0.06171875 0.053125 0.0515625
0 0.21640625 0.69375 0.0609375 0.0578125
0 0.9140625 0.10859375 0.0578125 0.0515625
0 0.1171875 0.08046875 0.11875 0.1046875
0 0.03515625 0.49921875 0.0703125 0.0875
0 0.22734375 0.12109375 0.115625 0.109375
0 0.67734375 0.30703125 0.0875 0.0859375
0 0.11328125 0.19140625 0.1109375 0.1125
0 0.521875 0.89609375 0.053125 0.10625
0 0.8921875 0.5734375 0.071875 0.06875
0 0.1203125 0.7484375 0.0703125 0.059375
0 0.58828125 0.3625 0.071875 0.075
0 0.546875 0.234375 0.071875 0.059375
0 0.57890625 0.2859375 0.1015625 0.08125
0 0.203125 0.771875 0.053125 0.04375
0 0.3671875 0.57890625 0.0484375 0.0390625
0 0.7671875 0.578125 0.0765625 0.0734375
0 0.82734375 0.29453125 0.0765625 0.0640625
0 0.71796875 0.740625 0.0734375 0.090625
0 0.771875 0.19375 0.0515625 0.0484375
0 0.6265625 0.1234375 0.0859375 0.1
0 0.86171875 0.19140625 0.0484375 0.05
0 0.3828125 0.259375 0.0921875 0.0921875
0 0.93828125 0.34921875 0.1140625 0.10625
0 0.953125 0.13984375 0.0875 0.0609375
0 0.2796875 0.81171875 0.0703125 0.090625
0 0.73046875 0.82421875 0.075 0.1046875
0 0.71484375 0.04296875 0.0796875 0.0734375
0 0.22421875 0.4390625 0.1140625 0.0859375
0 0.80625 0.225 0.0390625 0.0359375
0 0.79296875 0.8375 0.0921875 0.103125
0 0.40625 0.55859375 0.046875 0.05
0 0.6625 0.91171875 0.0734375 0.1
0 0.8 0.07578125 0.053125 0.05625
0 0.16953125 0.725 0.0484375 0.053125
0 0.8875 0.27734375 0.0640625 0.0578125
0 0.646875 0.66171875 0.1015625 0.090625
0 0.73515625 0.55390625 0.0671875 0.0875
0 0.265625 0.240625 0.1046875 0.10625
0 0.46328125 0.303125 0.096875 0.0921875
0 0.11015625 0.59453125 0.10625 0.0703125
0 0.0671875 0.28515625 0.134375 0.1296875
0 0.6390625 0.45859375 0.090625 0.1
0 0.784375 0.4890625 0.0671875 0.0546875
0 0.153125 0.35078125 0.090625 0.1015625
0 0.26015625 0.73125 0.0453125 0.0625
0 0.68125 0.23203125 0.0953125 0.078125
0 0.9515625 0.49375 0.0828125 0.0828125
0 0.11875 0.809375 0.078125 0.084375
0 0.2390625 0.8671875 0.065625 0.0765625
0 0.5953125 0.828125 0.0609375 0.090625
0 0.60625 0.5640625 0.0953125 0.084375
0 0.49375 0.55390625 0.134375 0.09375
0 0.06484375 0.66328125 0.084375 0.0578125