0 0.8296875 0.6703125 0.121875 0.11875
0 0.75 0.90390625 0.196875 0.165625
0 0.9375 0.28046875 0.103125 0.128125
0 0.6671875 0.3296875 0.2359375 0.228125
0 0.3109375 0.2671875 0.325 0.3375
0 0.61796875 0.8890625 0.1640625 0.1703125
0 0.8765625 0.44921875 0.084375 0.0921875
0 0.809375 0.5171875 0.178125 0.18125
0 0.10078125 0.475 0.2015625 0.2
0 0.25234375 0.74765625 0.2328125 0.2078125
0 0.153125 0.8984375 0.30625 0.2
0 0.63125 0.12734375 0.15 0.1703125
0 0.94296875 0.171875 0.1125 0.146875
0 0.69453125 0.08671875 0.1453125 0.1734375
0 0.17734375 0.365625 0.296875 0.2734375
0 0.78984375 0.184375 0.19375 0.1859375
0 0.15390625 0.1109375 0.2125 0.203125
0 0.8921875 0.06171875 0.1484375 0.1234375
0 0.13359375 0.6234375 0.2671875 0.1875
0 0.61640625 0.60390625 0.3328125 0.3546875
0 0.08125 0.7453125 0.1625 0.13125
0 0.846875 0.32734375 0.1359375 0.1859375
0 0.91015625 0.84765625 0.178125 0.240625
0 0.740625 0.7765625 0.2171875 0.1390625