0 0.3796875 0.1421875 0.0859375 0.1296875
0 0.89609375 0.56015625 0.165625 0.1546875
0 0.865625 0.71015625 0.1578125 0.209375
0 0.8296875 0.1171875 0.109375 0.1375
0 0.05625 0.890625 0.1125 0.1234375
0 0.6625 0.86015625 0.11875 0.1625
0 0.1078125 0.21328125 0.153125 0.13125
0 0.58984375 0.1109375 0.103125 0.1015625
0 0.565625 0.209375 0.1 0.121875
0 0.3546875 0.91875 0.103125 0.115625
0 0.47578125 0.53515625 0.090625 0.1234375
0 0.92265625 0.22734375 0.1359375 0.1265625
0 0.70859375 0.58125 0.1578125 0.15
0 0.83359375 0.46640625 0.128125 0.1453125
0 0.16953125 0.83046875 0.1375 0.115625
0 0.33828125 0.59140625 0.1921875 0.1671875
0 0.71640625 0.9390625 0.109375 0.109375
0 0.37109375 0.2203125 0.1296875 0.1546875
0 0.8296875 0.2171875 0.1203125 0.1390625
0 0.1890625 0.4046875 0.1578125 0.203125
0 0.375 0.396875 0.0953125 0.0953125
0 0.45703125 0.18984375 0.10625 0.14375
0 0.409375 0.346875 0.1015625 0.1171875
0 0.7359375 0.7515625 0.1359375 0.1484375
0 0.44296875 0.95546875 0.0953125 0.0875
0 0.37890625 0.4859375 0.0765625 0.084375
0 0.42578125 0.6890625 0.1421875 0.153125
0 0.58046875 0.51953125 0.1453125 0.1515625
0 0.8203125 0.85859375 0.1265625 0.1234375
0 0.17421875 0.721875 0.190625 0.140625
0 0.75546875 0.67578125 0.1125 0.1015625
0 0.890625 0.93203125 0.1328125 0.134375
0 0.9078125 0.35859375 0.1828125 0.1484375
0 0.1109375 0.128125 0.153125 0.1375
0 0.75390625 0.1296875 0.1046875 0.128125
0 0.1921875 0.90078125 0.11875 0.0828125
0 0.1 0.0625 0.1578125 0.125
0 0.5390625 0.87421875 0.0796875 0.1
0 0.27734375 0.446875 0.1296875 0.1375
0 0.2109375 0.275 0.1890625 0.171875
0 0.91953125 0.0875 0.1609375 0.175
0 0.58046875 0.68828125 0.175 0.1984375
0 0.709375 0.38203125 0.15 0.1234375
0 0.21328125 0.0625 0.146875 0.125
0 0.64453125 0.1796875 0.1265625 0.1265625
0 0.521875 0.7859375 0.0921875 0.096875
0 0.9453125 0.8140625 0.1078125 0.125
0 0.571875 0.0421875 0.125 0.084375
0 0.04375 0.34140625 0.0875 0.1640625
0 0.646875 0.2703125 0.0921875 0.1125
0 0.70546875 0.23515625 0.1140625 0.071875
0 0.07734375 0.425 0.10625 0.15
0 0.5453125 0.3625 0.184375 0.165625
0 0.7859375 0.3015625 0.13125 0.13125
0 0.44375 0.84765625 0.159375 0.1640625
0 0.36171875 0.75390625 0.115625 0.125