0 0.578125 0.759375 0.1140625 0.1671875
0 0.5859375 0.25625 0.209375 0.209375
0 0.66328125 0.89296875 0.2296875 0.2109375
0 0.4203125 0.7 0.24375 0.1765625
0 0.88671875 0.51015625 0.1953125 0.203125
0 0.10625 0.565625 0.2125 0.2421875
0 0.6046875 0.43359375 0.2453125 0.2203125
0 0.3703125 0.32890625 0.225 0.20625
0 0.8796875 0.18984375 0.2375 0.2546875
0 0.33359375 0.12265625 0.1703125 0.2453125
0 0.13671875 0.2828125 0.2671875 0.3046875
0 0.58984375 0.090625 0.2203125 0.18125
0 0.8953125 0.9171875 0.2046875 0.1640625
0 0.27734375 0.1765625 0.1171875 0.134375
0 0.709375 0.6203125 0.3296875 0.2546875
0 0.84453125 0.69609375 0.1578125 0.1421875
0 0.39375 0.4578125 0.234375 0.1390625
0 0.7953125 0.42890625 0.1984375 0.2375
0 0.5125 0.83671875 0.115625 0.1734375
0 0.065625 0.83203125 0.13125 0.2421875
0 0.225 0.7515625 0.2046875 0.1890625
0 0.6890625 0.79140625 0.203125 0.1890625
0 0.77109375 0.14375 0.2296875 0.2828125
0 0.903125 0.25625 0.190625 0.196875
0 0.1625 0.88984375 0.23125 0.215625
0 0.4171875 0.85078125 0.165625 0.1859375
0 0.10078125 0.0953125 0.2015625 0.190625
0 0.8609375 0.7921875 0.215625 0.178125
0 0.9296875 0.42109375 0.1375 0.1921875
0 0.3578125 0.56171875 0.3125 0.2578125
0 0.46875 0.121875 0.1421875 0.24375