0 0.22265625 0.753125 0.2234375 0.265625
0 0.7796875 0.940625 0.24375 0.115625
0 0.52578125 0.64921875 0.1078125 0.121875
0 0.53828125 0.93515625 0.2359375 0.128125
0 0.91875 0.33828125 0.1578125 0.15625
0 0.3453125 0.8 0.1546875 0.2046875
0 0.1203125 0.5265625 0.240625 0.253125
0 0.38671875 0.5671875 0.196875 0.2421875
0 0.459375 0.8921875 0.1546875 0.140625
0 0.91796875 0.07421875 0.1625 0.1484375
0 0.1046875 0.075 0.209375 0.15
0 0.93515625 0.63671875 0.128125 0.1421875
0 0.5734375 0.7375 0.2 0.1609375
0 0.84453125 0.71015625 0.1546875 0.153125
0 0.6234375 0.84140625 0.2671875 0.178125
0 0.68515625 0.69375 0.184375 0.15625
0 0.4890625 0.5078125 0.1453125 0.190625
0 0.590625 0.10546875 0.18125 0.2109375
0 0.6140625 0.55546875 0.1375 0.1390625
0 0.85 0.14453125 0.2625 0.2375
0 0.26953125 0.14921875 0.16875 0.228125
0 0.59375 0.28515625 0.2046875 0.2296875
0 0.18671875 0.92265625 0.146875 0.153125
0 0.453125 0.20859375 0.1828125 0.2140625
0 0.92734375 0.77734375 0.14375 0.1953125
0 0.81796875 0.86328125 0.175 0.1765625
0 0.29765625 0.9546875 0.15 0.0890625
0 0.41015625 0.8453125 0.1578125 0.184375
0 0.0828125 0.90546875 0.165625 0.1859375
0 0.35390625 0.10546875 0.1859375 0.2109375
0 0.24375 0.3515625 0.2109375 0.1890625
0 0.14140625 0.2375 0.1203125 0.1796875
0 0.12421875 0.71484375 0.19375 0.18125
0 0.05625 0.2078125 0.1125 0.2078125