0 0.409375 0.30078125 0.1265625 0.1765625
0 0.3015625 0.25546875 0.178125 0.1703125
0 0.7359375 0.696875 0.075 0.10625
0 0.615625 0.46015625 0.1390625 0.1296875
0 0.83515625 0.51015625 0.1796875 0.1796875
0 0.628125 0.609375 0.190625 0.18125
0 0.59296875 0.9125 0.18125 0.1734375
0 0.58984375 0.3609375 0.1640625 0.1484375
0 0.39609375 0.44921875 0.13125 0.134375
0 0.9515625 0.940625 0.09375 0.115625
0 0.15703125 0.64453125 0.1765625 0.1453125
0 0.81015625 0.0984375 0.1359375 0.1859375
0 0.5625 0.2421875 0.13125 0.1421875
0 0.92109375 0.08984375 0.1546875 0.1796875
0 0.81640625 0.74609375 0.134375 0.153125
0 0.2890625 0.79453125 0.18125 0.196875
0 0.33515625 0.671875 0.128125 0.121875
0 0.696875 0.8703125 0.2046875 0.225
0 0.9546875 0.8015625 0.0890625 0.128125
0 0.35625 0.5484375 0.1015625 0.1
0 0.92265625 0.634375 0.15 0.203125
0 0.928125 0.4453125 0.1421875 0.171875
0 0.478125 0.12890625 0.2015625 0.2359375
0 0.515625 0.5375 0.125 0.1515625
0 0.10625 0.3828125 0.165625 0.1734375
0 0.24609375 0.53125 0.1421875 0.15
0 0.8703125 0.859375 0.1234375 0.1234375
0 0.4203125 0.89765625 0.175 0.203125
0 0.24609375 0.09921875 0.2125 0.1984375
0 0.08828125 0.79375 0.1765625 0.175
0 0.67265625 0.0796875 0.1578125 0.1265625
0 0.91171875 0.26796875 0.1671875 0.1765625
0 0.08046875 0.2015625 0.1609375 0.25625
0 0.14765625 0.96484375 0.11875 0.06875
0 0.459375 0.5765625 0.115625 0.146875
0 0.27109375 0.94296875 0.1265625 0.1125
0 0.265625 0.36171875 0.165625 0.1359375
0 0.66796875 0.2015625 0.1390625 0.1609375
0 0.74375 0.3734375 0.153125 0.14375
0 0.81953125 0.2265625 0.14375 0.1484375
0 0.08671875 0.56953125 0.1734375 0.1640625