0 0.29765625 0.3515625 0.1 0.1
0 0.3984375 0.40859375 0.11875 0.11875
0 0.7578125 0.7953125 0.1171875 0.1
0 0.490625 0.1484375 0.0890625 0.0921875
0 0.225 0.30390625 0.1 0.096875
0 0.3171875 0.271875 0.1046875 0.0796875
0 0.36015625 0.875 0.0890625 0.08125
0 0.78671875 0.2796875 0.0453125 0.053125
0 0.71640625 0.921875 0.0578125 0.0828125
0 0.46875 0.5953125 0.084375 0.090625
0 0.7609375 0.1890625 0.115625 0.115625
0 0.809375 0.490625 0.109375 0.1140625
0 0.415625 0.740625 0.071875 0.075
0 0.6875 0.521875 0.1359375 0.1046875
0 0.4421875 0.5078125 0.0765625 0.0921875
0 0.315625 0.446875 0.115625 0.1015625
0 0.303125 0.75546875 0.06875 0.071875
0 0.87265625 0.78125 0.0890625 0.090625
0 0.5734375 0.75390625 0.0828125 0.0765625
0 0.45625 0.8078125 0.0828125 0.071875
0 0.171875 0.846875 0.1078125 0.128125
0 0.2359375 0.05625 0.090625 0.1125
0 0.1578125 0.9515625 0.0875 0.0953125
0 0.6421875 0.76875 0.08125 0.084375
0 0.49609375 0.3125 0.134375 0.115625
0 0.27578125 0.5484375 0.15 0.10625
0 0.5875 0.825 0.1140625 0.1078125
0 0.27734375 0.9140625 0.103125 0.1453125
0 0.6578125 0.6015625 0.15 0.1328125
0 0.03671875 0.4328125 0.0734375 0.13125
0 0.165625 0.34765625 0.096875 0.0765625
0 0.42578125 0.8625 0.078125 0.103125
0 0.84765625 0.84453125 0.09375 0.0875
0 0.071875 0.171875 0.140625 0.1265625
0 0.3515625 0.94765625 0.1234375 0.103125
0 0.59296875 0.05 0.1171875 0.1
0 0.1625 0.0703125 0.146875 0.1375
0 0.771875 0.34140625 0.0796875 0.0875
0 0.29453125 0.634375 0.1078125 0.078125
0 0.07265625 0.55703125 0.0875 0.1046875
0 0.496875 0.22890625 0.109375 0.0890625
0 0.36015625 0.72734375 0.0859375 0.0875
0 0.46953125 0.7171875 0.1515625 0.1703125
0 0.48359375 0.4140625 0.109375 0.11875
0 0.4953125 0.92421875 0.1625 0.15
0 0.37890625 0.5171875 0.06875 0.084375
0 0.803125 0.759375 0.0609375 0.059375
0 0.06171875 0.83984375 0.1234375 0.1171875
0 0.06640625 0.30546875 0.1328125 0.1421875
0 0.7046875 0.371875 0.071875 0.065625
0 0.94453125 0.94921875 0.06875 0.0859375
0 0.059375 0.0890625 0.11875 0.096875
0 0.090625 0.94296875 0.11875 0.1140625
0 0.9015625 0.19453125 0.08125 0.0765625
0 0.621875 0.45 0.109375 0.1015625
0 0.396875 0.5859375 0.078125 0.0796875
0 0.28671875 0.05625 0.1015625 0.1125
0 0.190625 0.640625 0.1359375 0.128125
0 0.12578125 0.384375 0.1 0.0640625
0 0.875 0.91171875 0.09375 0.09375
0 0.3796875 0.2046875 0.0921875 0.10625
0 0.49453125 0.05 0.1390625 0.1
0 0.0859375 0.45625 0.1078125 0.121875
0 0.18203125 0.1859375 0.11875 0.1359375
0 0.9140625 0.4421875 0.1265625 0.1375
0 0.696875 0.31015625 0.0578125 0.0609375
0 0.209375 0.9421875 0.06875 0.1015625
0 0.47890625 0.8484375 0.078125 0.090625
0 0.82890625 0.10078125 0.1 0.1328125
0 0.29921875 0.20546875 0.1421875 0.1390625
0 0.7328125 0.1109375 0.1078125 0.0921875
0 0.73359375 0.4453125 0.1125 0.128125
0 0.15390625 0.56015625 0.1296875 0.109375
0 0.6140625 0.3625 0.15 0.14375
0 0.9109375 0.10234375 0.0875 0.1078125
0 0.384375 0.31015625 0.1078125 0.10625
0 0.19140625 0.4484375 0.15 0.134375
0 0.71875 0.0640625 0.14375 0.125
0 0.59453125 0.68515625 0.1328125 0.1171875
0 0.05703125 0.6265625 0.1140625 0.0796875
0 0.7203125 0.27421875 0.090625 0.06875
0 0.88671875 0.28828125 0.0546875 0.0703125
0 0.07734375 0.8890625 0.1078125 0.109375
0 0.784375 0.65390625 0.1984375 0.1953125
0 0.65234375 0.88203125 0.0796875 0.1015625
0 0.534375 0.4859375 0.125 0.115625
0 0.59921875 0.9140625 0.0890625 0.109375
0 0.059375 0.684375 0.11875 0.08125
0 0.40546875 0.11796875 0.13125 0.1625
0 0.8140625 0.409375 0.08125 0.075
0 0.8359375 0.22734375 0.0859375 0.0765625
0 0.89375 0.55625 0.146875 0.14375
0 0.83515625 0.3203125 0.0859375 0.11875
0 0.52109375 0.5625 0.1078125 0.078125
0 0.63515625 0.190625 0.1421875 0.1359375
0 0.13671875 0.7171875 0.103125 0.0734375
0 0.775 0.8921875 0.1109375 0.115625
0 0.359375 0.80625 0.0953125 0.09375