0 0.84921875 0.29453125 0.225 0.2125
0 0.9015625 0.06328125 0.19375 0.1265625
0 0.2 0.428125 0.1546875 0.2640625
0 0.85 0.915625 0.2984375 0.165625
0 0.46171875 0.15390625 0.265625 0.30625
0 0.2875 0.90703125 0.1109375 0.1578125
0 0.12890625 0.8453125 0.2578125 0.2703125
0 0.43359375 0.865625 0.240625 0.2421875
0 0.08515625 0.61328125 0.1703125 0.165625
0 0.8890625 0.765625 0.21875 0.2703125
0 0.0609375 0.29296875 0.121875 0.1640625
0 0.35859375 0.7484375 0.1328125 0.1203125
0 0.2234375 0.6828125 0.165625 0.1984375
0 0.83203125 0.11953125 0.184375 0.1625