0 0.7765625 0.634375 0.078125 0.078125
0 0.61328125 0.5 0.171875 0.1859375
0 0.8609375 0.665625 0.1078125 0.1
0 0.959375 0.5453125 0.0796875 0.096875
0 0.4234375 0.43203125 0.10625 0.071875
0 0.7625 0.29921875 0.0875 0.0828125
0 0.2125 0.0390625 0.0640625 0.075
0 0.478125 0.54453125 0.0640625 0.0703125
0 0.49296875 0.82890625 0.0609375 0.1
0 0.34296875 0.59765625 0.1 0.0484375
0 0.353125 0.1125 0.078125 0.0828125
0 0.1203125 0.5125 0.0796875 0.065625
0 0.784375 0.74453125 0.0765625 0.1140625
0 0.11875 0.6640625 0.0671875 0.0625
0 0.2703125 0.4546875 0.053125 0.0484375
0 0.69921875 0.66640625 0.1 0.0828125
0 0.49296875 0.1265625 0.0890625 0.0921875
0 0.70234375 0.5015625 0.0625 0.05625
0 0.48125 0.21796875 0.090625 0.096875
0 0.4 0.47578125 0.0609375 0.046875
0 0.7984375 0.39140625 0.153125 0.1171875
0 0.41171875 0.9015625 0.1015625 0.125
0 0.37109375 0.2171875 0.0875 0.078125
0 0.39296875 0.5234375 0.065625 0.05625
0 0.12578125 0.39140625 0.1234375 0.084375
0 0.17421875 0.07109375 0.075 0.0765625
0 0.2234375 0.396875 0.1078125 0.1046875
0 0.4765625 0.625 0.05 0.0546875
0 0.909375 0.84921875 0.13125 0.109375
0 0.75390625 0.4578125 0.090625 0.0640625
0 0.79140625 0.90390625 0.084375 0.0984375
0 0.9515625 0.453125 0.0953125 0.0953125
0 0.51015625 0.4703125 0.0859375 0.0921875
0 0.8765625 0.05 0.1375 0.1
0 0.759375 0.509375 0.0828125 0.0734375
0 0.528125 0.8921875 0.0921875 0.115625
0 0.5375 0.428125 0.06875 0.0578125
0 0.04453125 0.53046875 0.0859375 0.115625
0 0.09296875 0.4671875 0.0796875 0.06875
0 0.328125 0.48671875 0.084375 0.08125
0 0.409375 0.07421875 0.1 0.1296875
0 0.52421875 0.29609375 0.0890625 0.0921875
0 0.55078125 0.59765625 0.0875 0.0859375
0 0.54765625 0.80859375 0.0609375 0.08125
0 0.34296875 0.73671875 0.059375 0.0515625
0 0.3875 0.70078125 0.10625 0.0984375
0 0.33046875 0.40625 0.109375 0.1
0 0.8375 0.56484375 0.090625 0.10625
0 0.2421875 0.3359375 0.0515625 0.053125
0 0.928125 0.25546875 0.0875 0.078125
0 0.9375 0.61484375 0.09375 0.0671875
0 0.04453125 0.28515625 0.0796875 0.0734375
0 0.58125 0.07578125 0.0765625 0.1
0 0.90546875 0.5734375 0.08125 0.0921875
0 0.26484375 0.76171875 0.1078125 0.096875
0 0.396875 0.18203125 0.0765625 0.0609375
0 0.2078125 0.215625 0.1 0.1046875
0 0.65078125 0.08359375 0.071875 0.046875
0 0.9578125 0.14453125 0.084375 0.103125
0 0.1875 0.6828125 0.1296875 0.1
0 0.10078125 0.10234375 0.0796875 0.084375
0 0.171875 0.1421875 0.0890625 0.0875
0 0.1828125 0.28046875 0.0578125 0.059375
0 0.25703125 0.7015625 0.109375 0.0640625
0 0.7171875 0.734375 0.0828125 0.0875
0 0.540625 0.6703125 0.078125 0.109375
0 0.9671875 0.7875 0.0625 0.0984375
0 0.83984375 0.25390625 0.0984375 0.090625
0 0.8375 0.14296875 0.115625 0.125
0 0.34921875 0.33359375 0.0546875 0.0515625
0 0.375 0.78984375 0.1109375 0.1328125
0 0.0484375 0.41484375 0.084375 0.071875
0 0.9484375 0.6984375 0.1015625 0.1078125
0 0.7328125 0.1953125 0.175 0.16875
0 0.709375 0.58203125 0.0734375 0.0953125
0 0.8828125 0.7515625 0.1453125 0.109375
0 0.69921875 0.88828125 0.10625 0.125
0 0.3234375 0.934375 0.1203125 0.13125
0 0.709375 0.7984375 0.0640625 0.0671875
0 0.24609375 0.825 0.06875 0.0578125
0 0.153125 0.44375 0.0765625 0.06875
0 0.53828125 0.15 0.0625 0.078125
0 0.32265625 0.0421875 0.071875 0.078125
0 0.30078125 0.56171875 0.053125 0.065625
0 0.625 0.9 0.0984375 0.0953125
0 0.759375 0.5671875 0.0734375 0.0609375
0 0.5421875 0.953125 0.078125 0.090625
0 0.63984375 0.303125 0.14375 0.1703125
0 0.4734375 0.72890625 0.121875 0.1578125
0 0.05390625 0.62734375 0.0984375 0.090625
0 0.4875 0.06484375 0.0625 0.0640625
0 0.3859375 0.2734375 0.071875 0.0703125
0 0.30234375 0.271875 0.0671875 0.075
0 0.34921875 0.5515625 0.0515625 0.0515625
0 0.73125 0.084375 0.05625 0.0640625
0 0.6265625 0.78203125 0.128125 0.178125
0 0.3 0.18984375 0.0859375 0.0953125
0 0.31171875 0.65625 0.1140625 0.1046875
0 0.3046875 0.8234375 0.0859375 0.10625
0 0.7640625 0.09921875 0.078125 0.0671875
0 0.253125 0.2734375 0.0546875 0.05625
0 0.23359375 0.9 0.0765625 0.09375
0 0.29375 0.3265625 0.046875 0.0484375
0 0.3921875 0.56796875 0.0515625 0.046875
0 0.60078125 0.6890625 0.10625 0.1421875
0 0.43671875 0.67109375 0.0578125 0.059375
0 0.1734375 0.765625 0.096875 0.0984375