0 0.84375 0.66796875 0.10625 0.1109375
0 0.3765625 0.66640625 0.06875 0.0671875
0 0.73984375 0.63515625 0.1 0.0796875
0 0.2515625 0.965625 0.06875 0.06875
0 0.82109375 0.7265625 0.11875 0.0953125
0 0.4265625 0.40390625 0.04375 0.0875
0 0.153125 0.63359375 0.0484375 0.0640625
0 0.72265625 0.6984375 0.125 0.1125
0 0.1671875 0.78828125 0.1078125 0.084375
0 0.4625 0.51171875 0.084375 0.0953125
0 0.48125 0.58671875 0.0953125 0.09375
0 0.578125 0.478125 0.103125 0.0828125
0 0.2359375 0.8921875 0.0890625 0.1
0 0.53828125 0.521875 0.1078125 0.090625
0 0.20234375 0.3609375 0.1328125 0.1265625
0 0.86484375 0.30703125 0.140625 0.1109375
0 0.784375 0.07421875 0.13125 0.1484375
0 0.68203125 0.3765625 0.134375 0.1140625
0 0.7453125 0.86875 0.1015625 0.0890625
0 0.95 0.31796875 0.1 0.146875
0 0.46953125 0.26171875 0.11875 0.1203125
0 0.51953125 0.8140625 0.1421875 0.1078125
0 0.9375 0.91015625 0.1234375 0.1453125
0 0.61953125 0.81875 0.084375 0.0875
0 0.82578125 0.38984375 0.1203125 0.09375
0 0.9171875 0.42890625 0.1265625 0.1203125
0 0.01875 0.16796875 0.0375 0.0546875
0 0.17421875 0.478125 0.1 0.1296875
0 0.2515625 0.28984375 0.1203125 0.115625
0 0.9203125 0.18046875 0.1140625 0.1203125
0 0.896875 0.0875 0.10625 0.10625
0 0.2265625 0.7171875 0.0828125 0.121875
0 0.53515625 0.4265625 0.071875 0.0921875
0 0.18515625 0.8578125 0.096875 0.11875
0 0.3875 0.740625 0.084375 0.0921875
0 0.42109375 0.1859375 0.1015625 0.0953125
0 0.1125 0.8859375 0.09375 0.1171875
0 0.215625 0.603125 0.1125 0.115625
0 0.32578125 0.43125 0.075 0.0859375
0 0.13984375 0.225 0.115625 0.1453125
0 0.03359375 0.04140625 0.0640625 0.075
0 0.38515625 0.4203125 0.065625 0.08125
0 0.27578125 0.5390625 0.053125 0.0625
0 0.41015625 0.79296875 0.084375 0.078125
0 0.26484375 0.475 0.0953125 0.084375
0 0.296875 0.6921875 0.0796875 0.0796875
0 0.43515625 0.62890625 0.0796875 0.0859375
0 0.3328125 0.85625 0.121875 0.1109375
0 0.31171875 0.61640625 0.1015625 0.0796875
0 0.22578125 0.17578125 0.1203125 0.1234375
0 0.39765625 0.50859375 0.05 0.096875
0 0.31171875 0.76953125 0.0890625 0.1015625
0 0.80625 0.18125 0.14375 0.1609375
0 0.865625 0.775 0.1203125 0.10625
0 0.5640625 0.6046875 0.10625 0.0921875
0 0.446875 0.70859375 0.078125 0.1
0 0.54296875 0.7109375 0.1265625 0.1265625
0 0.81953125 0.8890625 0.11875 0.1140625
0 0.10234375 0.66015625 0.1546875 0.153125
0 0.29140625 0.21796875 0.10625 0.096875
0 0.3109375 0.9421875 0.0921875 0.1
0 0.74609375 0.55234375 0.1484375 0.11875
0 0.9578125 0.60703125 0.084375 0.0921875
0 0.6984375 0.77890625 0.0984375 0.08125
0 0.5453125 0.19140625 0.1546875 0.146875
0 0.76796875 0.78984375 0.0765625 0.0796875
0 0.04921875 0.259375 0.0984375 0.153125
0 0.71953125 0.28671875 0.1453125 0.146875
0 0.95390625 0.8453125 0.0921875 0.1140625
0 0.6296875 0.91328125 0.140625 0.115625
0 0.375 0.2453125 0.078125 0.096875
0 0.0953125 0.33828125 0.109375 0.11875
0 0.90859375 0.70703125 0.0796875 0.09375
0 0.04375 0.4109375 0.0875 0.10625
0 0.478125 0.40390625 0.0671875 0.103125
0 0.10234375 0.14921875 0.0828125 0.0921875