0 0.25078125 0.8265625 0.1265625 0.1265625
0 0.73046875 0.83671875 0.1578125 0.1546875
0 0.87421875 0.571875 0.13125 0.15
0 0.9390625 0.69140625 0.1203125 0.1453125
0 0.6953125 0.28515625 0.1453125 0.1375
0 0.85625 0.13671875 0.1546875 0.153125
0 0.21796875 0.571875 0.1203125 0.0953125
0 0.73046875 0.49296875 0.1609375 0.14375
0 0.1171875 0.55546875 0.1 0.103125
0 0.9078125 0.2953125 0.1828125 0.1453125
0 0.9234375 0.4828125 0.1515625 0.146875
0 0.55234375 0.284375 0.121875 0.146875
0 0.55859375 0.62421875 0.11875 0.14375
0 0.6640625 0.09375 0.090625 0.1265625
0 0.12890625 0.0734375 0.15625 0.146875
0 0.8265625 0.8296875 0.115625 0.1359375
0 0.4453125 0.08203125 0.146875 0.1640625
0 0.2328125 0.3828125 0.1265625 0.11875
0 0.51484375 0.73984375 0.1375 0.1109375
0 0.45078125 0.521875 0.165625 0.13125
0 0.54296875 0.884375 0.253125 0.2234375
0 0.75078125 0.05234375 0.1078125 0.1046875
0 0.1265625 0.375 0.0875 0.115625
0 0.703125 0.60859375 0.16875 0.1359375
0 0.36171875 0.81953125 0.1296875 0.15
0 0.71953125 0.72421875 0.1703125 0.13125
0 0.05859375 0.328125 0.090625 0.1046875
0 0.3078125 0.075 0.090625 0.0796875
0 0.0765625 0.4609375 0.1390625 0.1171875
0 0.32421875 0.95078125 0.171875 0.096875
0 0.428125 0.23984375 0.1578125 0.1546875
0 0.140625 0.7578125 0.11875 0.1421875
0 0.23125 0.10859375 0.0953125 0.134375
0 0.228125 0.4828125 0.1546875 0.109375
0 0.85234375 0.7640625 0.1265625 0.1421875
0 0.5390625 0.059375 0.1671875 0.11875
0 0.5046875 0.63984375 0.1375 0.153125
0 0.115625 0.65234375 0.13125 0.0984375
0 0.3921875 0.678125 0.1140625 0.10625
0 0.26640625 0.70546875 0.09375 0.10625
0 0.515625 0.41484375 0.196875 0.1515625