0 0.79921875 0.6515625 0.0453125 0.0484375
0 0.16875 0.3609375 0.1203125 0.096875
0 0.45859375 0.30390625 0.065625 0.0625
0 0.3140625 0.54609375 0.0734375 0.059375
0 0.71015625 0.821875 0.040625 0.0546875
0 0.509375 0.3890625 0.0625 0.0609375
0 0.7359375 0.2796875 0.05625 0.0609375
0 0.4921875 0.1234375 0.109375 0.1140625
0 0.3140625 0.93828125 0.0921875 0.11875
0 0.3 0.0875 0.08125 0.0703125
0 0.43828125 0.62578125 0.134375 0.1703125
0 0.0984375 0.29375 0.0796875 0.078125
0 0.62265625 0.12890625 0.059375 0.059375
0 0.45078125 0.371875 0.0703125 0.0578125
0 0.775 0.2359375 0.046875 0.0515625
0 0.21484375 0.9078125 0.0734375 0.08125
0 0.21015625 0.6875 0.0734375 0.0765625
0 0.53125 0.63359375 0.0765625 0.084375
0 0.3859375 0.3703125 0.103125 0.0953125
0 0.55390625 0.28515625 0.090625 0.0875
0 0.4109375 0.30703125 0.0546875 0.0671875
0 0.3921875 0.8984375 0.0703125 0.08125
0 0.18515625 0.234375 0.1 0.1109375
0 0.36640625 0.1796875 0.128125 0.1109375
0 0.88671875 0.571875 0.1015625 0.0875
0 0.54765625 0.42734375 0.059375 0.0546875
0 0.34453125 0.31171875 0.08125 0.0609375
0 0.1046875 0.5625 0.0640625 0.071875
0 0.60703125 0.05703125 0.071875 0.065625
0 0.28671875 0.77734375 0.0953125 0.115625
0 0.1 0.95234375 0.0640625 0.075
0 0.4484375 0.21875 0.0875 0.0875
0 0.640625 0.20078125 0.0421875 0.04375
0 0.52265625 0.7234375 0.09375 0.121875
0 0.3125 0.3609375 0.059375 0.0609375
0 0.1390625 0.48515625 0.1109375 0.0875
0 0.2375 0.6234375 0.0796875 0.0703125
0 0.29453125 0.471875 0.065625 0.065625
0 0.49765625 0.85859375 0.15625 0.128125
0 0.08203125 0.13203125 0.084375 0.0796875
0 0.109375 0.7515625 0.1328125 0.1359375
0 0.79140625 0.86640625 0.065625 0.0640625
0 0.578125 0.1609375 0.0609375 0.08125