0 0.79921875 0.15625 0.2078125 0.159375
0 0.6390625 0.8671875 0.15625 0.1453125
0 0.5265625 0.04609375 0.109375 0.0921875
0 0.72578125 0.0671875 0.209375 0.134375
0 0.946875 0.628125 0.1046875 0.171875
0 0.540625 0.81796875 0.096875 0.1296875
0 0.82109375 0.88515625 0.15625 0.134375
0 0.39296875 0.11015625 0.159375 0.2015625
0 0.55859375 0.3375 0.121875 0.1625
0 0.4734375 0.65703125 0.1671875 0.178125
0 0.640625 0.71328125 0.2453125 0.24375
0 0.6046875 0.53046875 0.1734375 0.1515625
0 0.76328125 0.2765625 0.115625 0.1171875
0 0.884375 0.228125 0.134375 0.1015625
0 0.30390625 0.23515625 0.1515625 0.19375
0 0.82421875 0.33828125 0.1953125 0.209375
0 0.4 0.31640625 0.209375 0.2828125
0 0.63671875 0.39921875 0.140625 0.1296875
0 0.86484375 0.50859375 0.2234375 0.2109375
0 0.534375 0.14921875 0.1171875 0.134375
0 0.640625 0.2375 0.1734375 0.1875
0 0.409375 0.946875 0.1140625 0.1
0 0.415625 0.790625 0.2109375 0.1921875
0 0.3296875 0.07109375 0.1734375 0.1421875
0 0.76796875 0.61796875 0.24375 0.253125
0 0.2953125 0.9203125 0.1375 0.1578125
0 0.825 0.76484375 0.1859375 0.2015625
0 0.28828125 0.5578125 0.2765625 0.315625