0 0.60390625 0.3671875 0.1109375 0.1
0 0.66015625 0.7640625 0.2703125 0.28125
0 0.75234375 0.1140625 0.1421875 0.209375
0 0.59140625 0.45234375 0.11875 0.1109375
0 0.80546875 0.3578125 0.1703125 0.2125
0 0.6578125 0.93203125 0.1734375 0.13125
0 0.3578125 0.29375 0.178125 0.2265625
0 0.80703125 0.89609375 0.2078125 0.20625
0 0.62265625 0.54453125 0.1640625 0.1140625
0 0.1328125 0.08515625 0.13125 0.1703125
0 0.48046875 0.88203125 0.234375 0.234375
0 0.61640625 0.11328125 0.1734375 0.2265625
0 0.07421875 0.675 0.1265625 0.1453125
0 0.94765625 0.1796875 0.103125 0.128125
0 0.96953125 0.3125 0.059375 0.1203125
0 0.24765625 0.09375 0.2578125 0.1875
0 0.38046875 0.9515625 0.121875 0.0953125
0 0.14609375 0.7078125 0.134375 0.209375
0 0.903125 0.640625 0.19375 0.228125
0 0.875 0.4265625 0.1421875 0.1515625
0 0.0671875 0.58515625 0.134375 0.3046875
0 0.875 0.0734375 0.134375 0.146875
0 0.415625 0.478125 0.2546875 0.2015625
0 0.4875 0.3046875 0.175 0.184375
0 0.7296875 0.221875 0.1515625 0.1140625
0 0.2359375 0.72265625 0.153125 0.165625
0 0.22421875 0.8890625 0.2359375 0.2203125
0 0.23203125 0.48046875 0.28125 0.3203125
0 0.88359375 0.25625 0.1 0.1078125
0 0.6921875 0.33984375 0.11875 0.15
0 0.46875 0.65234375 0.2125 0.21875