0 0.9046875 0.746875 0.0921875 0.09375
0 0.690625 0.2625 0.0875 0.0953125
0 0.43203125 0.16640625 0.04375 0.05625
0 0.85234375 0.54765625 0.109375 0.084375
0 0.16015625 0.21953125 0.1140625 0.0828125
0 0.69609375 0.7296875 0.090625 0.090625
0 0.425 0.89921875 0.0578125 0.1109375
0 0.49609375 0.15859375 0.0671875 0.0765625
0 0.38984375 0.56953125 0.0890625 0.0859375
0 0.8296875 0.6734375 0.096875 0.09375
0 0.1234375 0.7796875 0.0734375 0.065625
0 0.11953125 0.4265625 0.1109375 0.0609375
0 0.76875 0.50078125 0.0859375 0.065625
0 0.70078125 0.1109375 0.090625 0.0703125
0 0.34296875 0.715625 0.0859375 0.1203125
0 0.45390625 0.090625 0.0671875 0.071875
0 0.78046875 0.5765625 0.090625 0.0671875
0 0.6203125 0.153125 0.075 0.071875
0 0.4375 0.4359375 0.0828125 0.0671875
0 0.1296875 0.609375 0.134375 0.090625
0 0.7921875 0.05390625 0.0921875 0.1078125
0 0.34765625 0.0609375 0.0765625 0.0796875
0 0.34375 0.60859375 0.0421875 0.0375
0 0.54296875 0.275 0.071875 0.0609375
0 0.11640625 0.7203125 0.1375 0.096875
0 0.37109375 0.83203125 0.0453125 0.1015625
0 0.41796875 0.11640625 0.0640625 0.0640625
0 0.75390625 0.30390625 0.109375 0.084375
0 0.0734375 0.475 0.1125 0.0671875
0 0.29296875 0.084375 0.071875 0.1078125
0 0.12734375 0.3578125 0.1328125 0.078125
0 0.9234375 0.37421875 0.0890625 0.071875
0 0.784375 0.3859375 0.0796875 0.0734375
0 0.2796875 0.83515625 0.1015625 0.13125
0 0.75625 0.21484375 0.0734375 0.071875
0 0.821875 0.44921875 0.0765625 0.065625
0 0.53984375 0.20703125 0.084375 0.0796875
0 0.56640625 0.1078125 0.075 0.0765625
0 0.7 0.1921875 0.0703125 0.0640625
0 0.7828125 0.78125 0.0890625 0.096875
0 0.38203125 0.1 0.065625 0.0609375
0 0.14453125 0.15078125 0.1375 0.0953125
0 0.8453125 0.1515625 0.115625 0.1
0 0.69921875 0.3828125 0.1 0.06875
0 0.81875 0.128125 0.0671875 0.0640625
0 0.57265625 0.04765625 0.1 0.0875
0 0.2578125 0.215625 0.084375 0.0875
0 0.9 0.2 0.109375 0.0953125
0 0.84765625 0.3828125 0.071875 0.053125
0 0.8734375 0.08515625 0.078125 0.0734375
0 0.640625 0.23125 0.0625 0.0578125
0 0.13125 0.075 0.1265625 0.11875
0 0.59921875 0.275 0.071875 0.0828125
0 0.36328125 0.1578125 0.08125 0.1
0 0.05546875 0.165625 0.1078125 0.0796875
0 0.20078125 0.721875 0.0796875 0.065625
0 0.29375 0.64140625 0.090625 0.0703125
0 0.41015625 0.05625 0.0703125 0.0703125
0 0.2296875 0.6328125 0.071875 0.075
0 0.68359375 0.4984375 0.0859375 0.0703125
0 0.22265625 0.33203125 0.0984375 0.071875
0 0.95625 0.52265625 0.0734375 0.0859375
0 0.6109375 0.3453125 0.0875 0.06875
0 0.5296875 0.5609375 0.1171875 0.1015625
0 0.49453125 0.8671875 0.071875 0.1078125
0 0.83203125 0.259375 0.08125 0.065625
0 0.75390625 0.16015625 0.0875 0.071875
0 0.19609375 0.79609375 0.1140625 0.109375
0 0.89765625 0.47734375 0.08125 0.0671875
0 0.43359375 0.25078125 0.1046875 0.11875
0 0.146875 0.28125 0.146875 0.1
0 0.5140625 0.31796875 0.0828125 0.078125
0 0.146875 0.66796875 0.1125 0.071875
0 0.6140625 0.440625 0.09375 0.0796875