0 0.1671875 0.2984375 0.1890625 0.2109375
0 0.28984375 0.3875 0.1578125 0.1625
0 0.7203125 0.571875 0.1953125 0.1546875
0 0.13671875 0.69453125 0.1578125 0.1828125
0 0.86875 0.75234375 0.14375 0.1234375
0 0.9171875 0.8984375 0.1640625 0.1546875
0 0.08203125 0.8734375 0.1640625 0.178125
0 0.15390625 0.50390625 0.1171875 0.209375
0 0.6640625 0.1703125 0.1671875 0.203125
0 0.90390625 0.5234375 0.1921875 0.1828125
0 0.609375 0.08984375 0.15 0.153125
0 0.7484375 0.70625 0.1765625 0.13125
0 0.48828125 0.440625 0.13125 0.165625
0 0.0828125 0.1828125 0.165625 0.146875
0 0.3265625 0.71796875 0.2546875 0.2375
0 0.49609375 0.2828125 0.2796875 0.315625
0 0.29921875 0.2 0.1609375 0.209375
0 0.1796875 0.79609375 0.1390625 0.171875
0 0.91875 0.06953125 0.1578125 0.1390625
0 0.06015625 0.29375 0.1203125 0.159375
0 0.921875 0.23125 0.1546875 0.1859375
0 0.340625 0.846875 0.1140625 0.1078125
0 0.7046875 0.28125 0.2015625 0.2046875
0 0.16640625 0.1015625 0.2328125 0.203125
0 0.74921875 0.79609375 0.1921875 0.1453125
0 0.81875 0.1515625 0.1578125 0.1828125
0 0.5609375 0.83984375 0.18125 0.18125
0 0.6078125 0.7546875 0.1609375 0.18125
0 0.9296875 0.3640625 0.1390625 0.1140625
0 0.39140625 0.44140625 0.128125 0.1578125
0 0.0625 0.60234375 0.125 0.15
0 0.2296875 0.90703125 0.10625 0.1078125
0 0.28671875 0.521875 0.1671875 0.1390625
0 0.384375 0.10390625 0.16875 0.1734375
0 0.91796875 0.6578125 0.1640625 0.115625