0 0.07734375 0.69375 0.1546875 0.1375
0 0.51953125 0.8515625 0.1203125 0.1625
0 0.92578125 0.634375 0.1375 0.1078125
0 0.1828125 0.3671875 0.109375 0.09375
0 0.91953125 0.24609375 0.159375 0.19375
0 0.77734375 0.60703125 0.1375 0.1046875
0 0.24140625 0.64296875 0.15 0.159375
0 0.8265625 0.88046875 0.1453125 0.1328125
0 0.678125 0.771875 0.090625 0.1109375
0 0.77109375 0.53125 0.103125 0.0875
0 0.51796875 0.41171875 0.13125 0.1296875
0 0.34375 0.0484375 0.1 0.096875
0 0.821875 0.33359375 0.1265625 0.103125
0 0.3875 0.9203125 0.1015625 0.1328125
0 0.0828125 0.90390625 0.1421875 0.1390625
0 0.32109375 0.87578125 0.084375 0.1546875
0 0.5921875 0.153125 0.1109375 0.146875
0 0.09375 0.29921875 0.0828125 0.071875
0 0.51328125 0.30546875 0.0859375 0.0640625
0 0.2359375 0.859375 0.0859375 0.0921875
0 0.084375 0.79375 0.16875 0.1421875
0 0.64375 0.94453125 0.1234375 0.1109375
0 0.38671875 0.32578125 0.090625 0.1046875
0 0.67734375 0.21875 0.121875 0.1203125
0 0.13125 0.4890625 0.1390625 0.1265625
0 0.83984375 0.46875 0.15 0.125
0 0.89375 0.5625 0.1125 0.109375
0 0.63515625 0.70546875 0.1 0.1203125
0 0.35 0.40078125 0.0765625 0.0796875
0 0.79375 0.22421875 0.1171875 0.09375
0 0.9203125 0.94765625 0.1109375 0.0984375
0 0.26796875 0.765625 0.1609375 0.1453125
0 0.7640625 0.73203125 0.1 0.090625
0 0.853125 0.1390625 0.15 0.109375
0 0.68125 0.87578125 0.103125 0.1390625
0 0.70625 0.134375 0.0796875 0.0796875
0 0.9171875 0.7953125 0.1296875 0.115625
0 0.55234375 0.06796875 0.1265625 0.1109375
0 0.78125 0.2921875 0.11875 0.078125
0 0.6671875 0.37578125 0.0953125 0.1015625
0 0.74453125 0.821875 0.0859375 0.11875
0 0.2421875 0.046875 0.0859375 0.071875
0 0.3796875 0.83984375 0.0875 0.1625
0 0.85 0.73515625 0.1171875 0.103125