0 0.4578125 0.48046875 0.075 0.06875
0 0.475 0.2421875 0.04375 0.040625
0 0.46484375 0.11875 0.0734375 0.0828125
0 0.76953125 0.1734375 0.04375 0.0484375
0 0.7984375 0.06953125 0.0859375 0.071875
0 0.5578125 0.51171875 0.071875 0.071875
0 0.175 0.21015625 0.19375 0.1703125
0 0.63046875 0.1328125 0.05 0.0484375
0 0.07890625 0.54140625 0.1578125 0.203125
0 0.58984375 0.184375 0.103125 0.1078125
0 0.2125 0.49296875 0.2203125 0.175
0 0.5484375 0.0921875 0.0671875 0.053125
0 0.83046875 0.8671875 0.24375 0.265625
0 0.66171875 0.23515625 0.078125 0.053125
0 0.52421875 0.13046875 0.05 0.0546875
0 0.61015625 0.871875 0.1859375 0.209375
0 0.7625 0.24140625 0.103125 0.065625
0 0.5875 0.10859375 0.0484375 0.0515625
0 0.29140625 0.553125 0.15 0.121875
0 0.81015625 0.1265625 0.059375 0.0734375
0 0.29296875 0.88828125 0.1375 0.2140625
0 0.19296875 0.94140625 0.1625 0.1171875
0 0.484375 0.5296875 0.0765625 0.05625
0 0.43359375 0.03671875 0.1 0.0734375
0 0.0453125 0.703125 0.0796875 0.10625
0 0.3203125 0.184375 0.1296875 0.1046875
0 0.9125 0.68671875 0.1734375 0.175
0 0.1375 0.690625 0.146875 0.11875
0 0.0734375 0.11328125 0.146875 0.1546875
0 0.875 0.1015625 0.071875 0.0640625
0 0.640625 0.4765625 0.0921875 0.071875
0 0.72265625 0.1703125 0.0640625 0.0640625
0 0.58671875 0.03984375 0.1046875 0.0796875
0 0.89296875 0.54921875 0.2125 0.1484375