0 0.434375 0.43359375 0.09375 0.13125
0 0.86796875 0.30625 0.11875 0.0921875
0 0.63125 0.35 0.075 0.0921875
0 0.6625 0.21875 0.10625 0.1359375
0 0.87421875 0.409375 0.1140625 0.134375
0 0.8390625 0.81015625 0.1078125 0.1296875
0 0.57890625 0.61171875 0.1 0.11875
0 0.7734375 0.49765625 0.090625 0.090625
0 0.18671875 0.09296875 0.0953125 0.10625
0 0.65390625 0.67578125 0.0734375 0.08125
0 0.7265625 0.20234375 0.075 0.0796875
0 0.54375 0.4234375 0.1125 0.0984375
0 0.7828125 0.71640625 0.0859375 0.0890625
0 0.63359375 0.746875 0.0875 0.1
0 0.165625 0.60703125 0.121875 0.109375
0 0.94375 0.1171875 0.1109375 0.128125
0 0.5265625 0.7078125 0.1328125 0.1109375
0 0.1625 0.7359375 0.146875 0.171875
0 0.23046875 0.92890625 0.10625 0.140625
0 0.28828125 0.18671875 0.1015625 0.103125
0 0.7109375 0.8796875 0.1265625 0.146875
0 0.9328125 0.44921875 0.0921875 0.1109375
0 0.5796875 0.24609375 0.1328125 0.1171875
0 0.5734375 0.32890625 0.0921875 0.09375
0 0.95 0.1953125 0.1 0.0890625
0 0.08984375 0.6 0.09375 0.0953125
0 0.7421875 0.8203125 0.0953125 0.1359375
0 0.8765625 0.9421875 0.11875 0.115625
0 0.06171875 0.5671875 0.1234375 0.11875
0 0.74375 0.3515625 0.140625 0.1625
0 0.4890625 0.35390625 0.0984375 0.1
0 0.59375 0.8765625 0.125 0.14375
0 0.07578125 0.83515625 0.1171875 0.109375
0 0.79140625 0.228125 0.0609375 0.0515625
0 0.3421875 0.0515625 0.134375 0.103125
0 0.4984375 0.621875 0.075 0.071875
0 0.74921875 0.07265625 0.1125 0.1140625
0 0.08984375 0.25625 0.134375 0.084375
0 0.6078125 0.45703125 0.0578125 0.0765625
0 0.67890625 0.4640625 0.103125 0.09375
0 0.86328125 0.2 0.0671875 0.0578125
0 0.75 0.14140625 0.071875 0.0875
0 0.22578125 0.79921875 0.13125 0.146875
0 0.2046875 0.428125 0.1515625 0.125
0 0.19140625 0.521875 0.1421875 0.0953125
0 0.6328125 0.04609375 0.109375 0.0921875
0 0.0859375 0.4734375 0.1421875 0.115625
0 0.51171875 0.90703125 0.0921875 0.1390625
0 0.89453125 0.5578125 0.1296875 0.1453125
0 0.4703125 0.29375 0.06875 0.0546875
0 0.06953125 0.3375 0.090625 0.0796875
0 0.84609375 0.10859375 0.11875 0.1546875
0 0.2203125 0.090625 0.0671875 0.0765625
0 0.25390625 0.6765625 0.1125 0.11875
0 0.30234375 0.2671875 0.090625 0.0984375
0 0.5484375 0.18203125 0.1109375 0.1296875
0 0.66015625 0.38203125 0.0796875 0.0765625
0 0.27421875 0.58671875 0.125 0.115625
0 0.38984375 0.2625 0.1015625 0.1265625
0 0.19609375 0.35625 0.096875 0.0890625
0 0.08984375 0.19453125 0.1109375 0.0734375
0 0.365625 0.34609375 0.121875 0.1046875
0 0.85 0.684375 0.0953125 0.115625
0 0.33828125 0.44453125 0.1078125 0.1140625
0 0.12890625 0.321875 0.103125 0.0796875
0 0.7875 0.93671875 0.0828125 0.065625
0 0.5859375 0.771875 0.0546875 0.0734375
0 0.8984375 0.24140625 0.125 0.075
0 0.75703125 0.44609375 0.0703125 0.065625
0 0.5234375 0.50625 0.103125 0.0921875
0 0.96328125 0.39296875 0.071875 0.1453125
0 0.48828125 0.540625 0.0953125 0.10625
0 0.92734375 0.8296875 0.1125 0.1515625
0 0.396875 0.5109375 0.0921875 0.10625
0 0.284375 0.334375 0.090625 0.1
0 0.06328125 0.07265625 0.1265625 0.1453125
0 0.803125 0.61328125 0.1140625 0.134375
0 0.4140625 0.85234375 0.15 0.1953125
0 0.625 0.5453125 0.1265625 0.0984375
0 0.68515625 0.63984375 0.128125 0.1859375
0 0.32890625 0.9265625 0.1140625 0.1390625
0 0.459375 0.21328125 0.1203125 0.121875
0 0.40703125 0.13671875 0.1515625 0.125