0 0.13046875 0.6 0.109375 0.121875
0 0.55546875 0.4921875 0.071875 0.0859375
0 0.45859375 0.14921875 0.1 0.1359375
0 0.57265625 0.78671875 0.0296875 0.05
0 0.54609375 0.0484375 0.09375 0.09375
0 0.1796875 0.7015625 0.09375 0.075
0 0.065625 0.17734375 0.078125 0.08125
0 0.78125 0.87265625 0.0421875 0.040625
0 0.89453125 0.34453125 0.13125 0.1375
0 0.58125 0.68671875 0.053125 0.065625
0 0.5296875 0.74140625 0.0734375 0.078125
0 0.19921875 0.65 0.0875 0.1046875
0 0.2953125 0.775 0.0921875 0.09375
0 0.696875 0.05859375 0.178125 0.1171875
0 0.79296875 0.153125 0.1515625 0.1578125
0 0.47890625 0.6234375 0.071875 0.0640625
0 0.1390625 0.73984375 0.0859375 0.0765625
0 0.55859375 0.928125 0.05 0.0375
0 0.090625 0.4640625 0.0796875 0.078125
0 0.46953125 0.6890625 0.06875 0.059375
0 0.18984375 0.80859375 0.1046875 0.125
0 0.62421875 0.76328125 0.046875 0.0703125
0 0.0796875 0.571875 0.0953125 0.0828125
0 0.528125 0.56796875 0.0703125 0.075
0 0.15546875 0.3015625 0.0734375 0.096875
0 0.06875 0.29140625 0.1078125 0.0984375
0 0.696875 0.890625 0.0421875 0.05
0 0.06875 0.5109375 0.0796875 0.0640625
0 0.40078125 0.621875 0.078125 0.0875
0 0.5328125 0.30625 0.134375 0.1734375
0 0.26875 0.4859375 0.15 0.1265625
0 0.34375 0.7359375 0.0828125 0.0765625
0 0.11171875 0.4125 0.0578125 0.0578125
0 0.1078125 0.26015625 0.09375 0.1
0 0.93125 0.5828125 0.1359375 0.1203125
0 0.91015625 0.09296875 0.159375 0.1859375
0 0.0640625 0.12265625 0.10625 0.0828125
0 0.1625 0.378125 0.0765625 0.0703125
0 0.465625 0.553125 0.0890625 0.0890625
0 0.07265625 0.9015625 0.1390625 0.13125
0 0.73671875 0.39765625 0.13125 0.0984375
0 0.9109375 0.9359375 0.0921875 0.084375
0 0.13203125 0.196875 0.078125 0.0796875
0 0.59140625 0.25703125 0.0734375 0.1015625
0 0.6265625 0.49375 0.1015625 0.1359375
0 0.33515625 0.90546875 0.1265625 0.09375
0 0.67578125 0.1875 0.09375 0.1515625
0 0.61328125 0.8359375 0.04375 0.059375
0 0.55625 0.66875 0.065625 0.0609375
0 0.46171875 0.75703125 0.0625 0.078125
0 0.21015625 0.103125 0.121875 0.134375
0 0.540625 0.165625 0.1171875 0.1421875
0 0.18671875 0.234375 0.078125 0.109375
0 0.14609375 0.5 0.0859375 0.0765625
0 0.70859375 0.478125 0.0859375 0.115625
0 0.52109375 0.8265625 0.0875 0.0875
0 0.409375 0.72421875 0.078125 0.1
0 0.603125 0.82890625 0.03125 0.0453125
0 0.909375 0.4546875 0.134375 0.125
0 0.58125 0.80625 0.0359375 0.05
0 0.87109375 0.72109375 0.25625 0.271875
0 0.78984375 0.4765625 0.1 0.115625
0 0.259375 0.6546875 0.1 0.0875
0 0.621875 0.7046875 0.0375 0.046875
0 0.73828125 0.91171875 0.0453125 0.0734375
0 0.603125 0.3828125 0.153125 0.128125
0 0.76015625 0.2890625 0.153125 0.153125
0 0.26328125 0.8640625 0.11875 0.1265625
0 0.3671875 0.196875 0.1296875 0.159375
0 0.459375 0.04609375 0.134375 0.0921875
0 0.64453125 0.78984375 0.028125 0.0421875
0 0.0625 0.375 0.125 0.1078125
0 0.37265625 0.10078125 0.0921875 0.1109375
0 0.05625 0.65 0.1125 0.1140625