0 0.2625 0.46875 0.31875 0.2640625
0 0.7125 0.8203125 0.1515625 0.14375
0 0.0484375 0.1734375 0.096875 0.178125
0 0.74609375 0.58359375 0.1578125 0.2046875
0 0.1171875 0.60859375 0.234375 0.278125
0 0.596875 0.6625 0.1203125 0.1140625
0 0.2078125 0.2953125 0.215625 0.1828125
0 0.92421875 0.2890625 0.146875 0.28125
0 0.85390625 0.090625 0.2875 0.18125
0 0.76484375 0.92890625 0.1703125 0.1390625
0 0.3078125 0.6984375 0.1984375 0.20625
0 0.77578125 0.1875 0.2203125 0.1859375
0 0.8859375 0.93515625 0.1 0.128125
0 0.37734375 0.17578125 0.2390625 0.1984375
0 0.371875 0.8921875 0.2125 0.215625
0 0.66328125 0.28671875 0.2171875 0.221875
0 0.64453125 0.7421875 0.1265625 0.134375
0 0.60703125 0.54296875 0.140625 0.15
0 0.62109375 0.0796875 0.1796875 0.159375
0 0.8484375 0.64140625 0.2984375 0.3328125
0 0.21328125 0.8609375 0.25625 0.278125
0 0.8 0.38203125 0.28125 0.228125
0 0.53984375 0.83359375 0.1828125 0.2203125