0 0.121875 0.17421875 0.0890625 0.0640625
0 0.36484375 0.3515625 0.065625 0.075
0 0.7953125 0.31796875 0.05625 0.053125
0 0.55859375 0.81796875 0.065625 0.059375
0 0.17734375 0.484375 0.08125 0.0421875
0 0.6984375 0.18359375 0.0671875 0.0640625
0 0.578125 0.384375 0.0609375 0.0515625
0 0.90859375 0.45625 0.078125 0.05
0 0.33359375 0.26875 0.0625 0.06875
0 0.28359375 0.24609375 0.0640625 0.0671875
0 0.3640625 0.73359375 0.075 0.0703125
0 0.39453125 0.64453125 0.065625 0.0515625
0 0.896875 0.29140625 0.06875 0.0703125
0 0.49140625 0.5671875 0.05625 0.0703125
0 0.16328125 0.365625 0.075 0.065625
0 0.8296875 0.4046875 0.078125 0.075
0 0.35078125 0.1984375 0.053125 0.0703125
0 0.68125 0.05078125 0.065625 0.0796875
0 0.6703125 0.4921875 0.0796875 0.08125
0 0.721875 0.95859375 0.0703125 0.0796875
0 0.24765625 0.55703125 0.0625 0.05625
0 0.5 0.7546875 0.0890625 0.08125
0 0.66640625 0.2515625 0.065625 0.0921875
0 0.3296875 0.625 0.0921875 0.0875
0 0.50546875 0.0734375 0.05625 0.0734375
0 0.04453125 0.91796875 0.08125 0.0796875
0 0.50078125 0.3375 0.0671875 0.059375
0 0.6 0.915625 0.0421875 0.0640625
0 0.4609375 0.07578125 0.053125 0.0921875
0 0.6 0.04296875 0.0515625 0.0703125
0 0.903125 0.87265625 0.1 0.1
0 0.16171875 0.6234375 0.0765625 0.053125
0 0.3859375 0.08671875 0.0515625 0.0921875
0 0.6453125 0.1140625 0.0671875 0.078125
0 0.6109375 0.4546875 0.0890625 0.0796875
0 0.53671875 0.65546875 0.0609375 0.0640625
0 0.13046875 0.584375 0.084375 0.0640625
0 0.4296875 0.31640625 0.0734375 0.0671875
0 0.24453125 0.3078125 0.0765625 0.084375
0 0.56640625 0.19296875 0.0578125 0.096875
0 0.8375 0.13828125 0.1109375 0.1046875
0 0.425 0.875 0.0703125 0.0859375
0 0.92734375 0.5296875 0.0703125 0.0640625
0 0.86328125 0.22578125 0.05625 0.0546875
0 0.209375 0.5421875 0.0640625 0.059375
0 0.7890625 0.80234375 0.0796875 0.084375
0 0.09921875 0.78671875 0.078125 0.0796875
0 0.4421875 0.171875 0.0484375 0.071875
0 0.2921875 0.37421875 0.0703125 0.075
0 0.47890625 0.83359375 0.05625 0.0875
0 0.4953125 0.2546875 0.0515625 0.053125
0 0.5515625 0.06796875 0.084375 0.1078125
0 0.509375 0.39609375 0.0609375 0.0765625
0 0.13671875 0.884375 0.06875 0.0671875
0 0.81875 0.73046875 0.075 0.0765625
0 0.04375 0.621875 0.0875 0.0625
0 0.909375 0.69921875 0.071875 0.075
0 0.9265625 0.21171875 0.071875 0.0921875
0 0.0859375 0.30078125 0.084375 0.06875
0 0.62421875 0.20546875 0.09375 0.1203125
0 0.5171875 0.15234375 0.05625 0.1203125
0 0.0578125 0.4640625 0.115625 0.1046875
0 0.4 0.4921875 0.0625 0.0625
0 0.6828125 0.93359375 0.046875 0.0765625
0 0.90546875 0.75703125 0.0890625 0.065625
0 0.34921875 0.42421875 0.046875 0.0578125
0 0.3375 0.55078125 0.05625 0.06875
0 0.43203125 0.4484375 0.0875 0.071875
0 0.71953125 0.746875 0.0828125 0.0734375
0 0.05390625 0.55078125 0.103125 0.0578125
0 0.18515625 0.4125 0.0609375 0.0546875
0 0.27109375 0.47265625 0.071875 0.075
0 0.04296875 0.253125 0.0703125 0.053125
0 0.09921875 0.36875 0.0890625 0.0921875
0 0.72578125 0.62421875 0.0703125 0.0625
0 0.175 0.80859375 0.1 0.1015625
0 0.7703125 0.46015625 0.0640625 0.0546875
0 0.753125 0.4046875 0.0640625 0.0609375
0 0.840625 0.084375 0.0578125 0.05
0 0.78125 0.05078125 0.08125 0.0796875
0 0.6203125 0.546875 0.0453125 0.040625
0 0.546875 0.9375 0.0625 0.08125
0 0.603125 0.61015625 0.0640625 0.05625
0 0.6328125 0.8953125 0.053125 0.0625
0 0.896875 0.13125 0.0703125 0.0875
0 0.41640625 0.2125 0.04375 0.04375
0 0.428125 0.09765625 0.0453125 0.0703125
0 0.321875 0.7484375 0.053125 0.0546875
0 0.2203125 0.95546875 0.071875 0.0875
0 0.37890625 0.21875 0.0375 0.0671875
0 0.76171875 0.2546875 0.0734375 0.084375
0 0.471875 0.15390625 0.046875 0.103125
0 0.84375 0.66953125 0.0734375 0.05625
0 0.584375 0.34375 0.071875 0.0625
0 0.8359375 0.28515625 0.0578125 0.0625
0 0.94765625 0.81875 0.0875 0.0765625
0 0.234375 0.1578125 0.08125 0.0640625
0 0.23359375 0.790625 0.0765625 0.0828125
0 0.19609375 0.12734375 0.071875 0.0828125
0 0.74453125 0.715625 0.10625 0.0859375
0 0.5828125 0.5734375 0.059375 0.0515625
0 0.71953125 0.27578125 0.08125 0.0921875
0 0.36875 0.8203125 0.0765625 0.0625
0 0.73828125 0.84375 0.0671875 0.071875
0 0.7078125 0.08203125 0.0578125 0.0640625
0 0.8078125 0.6171875 0.06875 0.0578125
0 0.296875 0.69453125 0.0515625 0.0484375
0 0.63046875 0.75390625 0.065625 0.0640625
0 0.053125 0.678125 0.10625 0.08125
0 0.84375 0.478125 0.08125 0.0484375
0 0.8578125 0.43671875 0.0875 0.0640625
0 0.85234375 0.540625 0.0765625 0.071875