0 0.36953125 0.65234375 0.1078125 0.109375
0 0.4703125 0.6890625 0.10625 0.1328125
0 0.5546875 0.33046875 0.0859375 0.1
0 0.13671875 0.5765625 0.1265625 0.134375
0 0.33671875 0.78125 0.078125 0.0984375
0 0.815625 0.38984375 0.0703125 0.075
0 0.953125 0.775 0.0921875 0.1046875
0 0.36640625 0.14453125 0.11875 0.125
0 0.61015625 0.79453125 0.1078125 0.1140625
0 0.35546875 0.8921875 0.071875 0.0625
0 0.9296875 0.50078125 0.059375 0.05625
0 0.29453125 0.64921875 0.08125 0.096875
0 0.2375 0.37421875 0.0859375 0.084375
0 0.60546875 0.38515625 0.10625 0.1015625
0 0.24765625 0.82265625 0.0921875 0.0875
0 0.91953125 0.3296875 0.1125 0.0953125
0 0.37890625 0.85078125 0.0796875 0.084375
0 0.11953125 0.3015625 0.1453125 0.1265625
0 0.59765625 0.25625 0.1453125 0.1578125
0 0.1328125 0.06484375 0.0453125 0.0453125
0 0.14453125 0.1765625 0.1109375 0.0921875
0 0.2921875 0.09140625 0.0546875 0.046875
0 0.24140625 0.453125 0.0953125 0.0890625
0 0.234375 0.27734375 0.1078125 0.1203125
0 0.8453125 0.32734375 0.046875 0.078125
0 0.0625 0.45 0.125 0.1265625
0 0.62578125 0.4671875 0.103125 0.0765625
0 0.196875 0.08671875 0.1 0.1265625
0 0.84921875 0.0921875 0.1375 0.1578125
0 0.103125 0.10859375 0.090625 0.078125
0 0.6359375 0.71953125 0.0921875 0.096875
0 0.8125 0.48359375 0.10625 0.1171875
0 0.38359375 0.3765625 0.13125 0.1234375
0 0.49921875 0.38671875 0.0953125 0.103125
0 0.49453125 0.4890625 0.1078125 0.1203125
0 0.91171875 0.39921875 0.08125 0.075
0 0.45546875 0.82421875 0.1 0.096875
0 0.15703125 0.515625 0.09375 0.0640625
0 0.46015625 0.18359375 0.0859375 0.0796875
0 0.60859375 0.1453125 0.128125 0.1
0 0.9078125 0.94375 0.10625 0.1109375
0 0.28515625 0.0421875 0.0953125 0.084375
0 0.4171875 0.5828125 0.1171875 0.103125
0 0.24609375 0.76640625 0.1265625 0.0828125
0 0.25390625 0.134375 0.084375 0.0953125
0 0.2921875 0.51015625 0.1046875 0.1015625
0 0.6328125 0.62421875 0.078125 0.1015625
0 0.71328125 0.2125 0.1375 0.1234375
0 0.2078125 0.90390625 0.13125 0.1359375
0 0.309375 0.4109375 0.0765625 0.1015625
0 0.04375 0.11953125 0.0875 0.0921875
0 0.06171875 0.21015625 0.1171875 0.1203125
0 0.16875 0.228125 0.103125 0.10625
0 0.95546875 0.27578125 0.0875 0.090625
0 0.1703125 0.44609375 0.1140625 0.11875
0 0.43828125 0.94296875 0.0984375 0.1125
0 0.67734375 0.31953125 0.0875 0.1015625
0 0.578125 0.91796875 0.1265625 0.1578125
0 0.3859375 0.04765625 0.140625 0.0953125
0 0.0703125 0.79921875 0.140625 0.134375
0 0.7609375 0.0703125 0.1109375 0.140625
0 0.91640625 0.56015625 0.0984375 0.0765625
0 0.81171875 0.6625 0.175 0.184375
0 0.7140625 0.68125 0.0890625 0.1296875
0 0.11328125 0.68515625 0.165625 0.1265625
0 0.24453125 0.71796875 0.125 0.09375
0 0.87265625 0.41640625 0.0703125 0.0875
0 0.521875 0.87578125 0.0890625 0.115625
0 0.303125 0.853125 0.071875 0.0921875
0 0.540625 0.190625 0.0703125 0.0859375
0 0.31875 0.58359375 0.0671875 0.059375
0 0.39609375 0.75703125 0.0765625 0.1015625
0 0.3109375 0.27734375 0.071875 0.10625
0 0.53984375 0.64453125 0.1046875 0.1171875
0 0.89140625 0.47734375 0.08125 0.0828125
0 0.2828125 0.184375 0.1 0.1125
0 0.8296875 0.81796875 0.128125 0.1484375
0 0.940625 0.9015625 0.1 0.125
0 0.83359375 0.5703125 0.0640625 0.06875
0 0.91640625 0.6390625 0.103125 0.10625
0 0.77578125 0.309375 0.1265625 0.1265625
0 0.5609375 0.73203125 0.0484375 0.05
0 0.23046875 0.6015625 0.1703125 0.20625
0 0.40859375 0.26796875 0.13125 0.15
0 0.73671875 0.84140625 0.11875 0.134375
0 0.521875 0.5640625 0.1015625 0.1015625
0 0.7125 0.5375 0.1375 0.10625
0 0.64296875 0.071875 0.153125 0.14375
0 0.46484375 0.0953125 0.11875 0.1078125
0 0.0734375 0.925 0.146875 0.146875
0 0.61484375 0.5296875 0.109375 0.103125
0 0.70078125 0.79375 0.115625 0.125
0 0.3828125 0.5015625 0.134375 0.1296875
0 0.7171875 0.43203125 0.1203125 0.109375