0 0.5328125 0.2109375 0.209375 0.196875
0 0.82265625 0.446875 0.1625 0.2109375
0 0.4765625 0.89921875 0.2046875 0.2015625
0 0.07890625 0.21875 0.1359375 0.1328125
0 0.07890625 0.509375 0.1578125 0.1578125
0 0.9171875 0.053125 0.1640625 0.10625
0 0.834375 0.13828125 0.209375 0.1796875
0 0.1875 0.66015625 0.16875 0.1484375
0 0.92421875 0.45546875 0.1265625 0.1484375
0 0.2921875 0.8828125 0.240625 0.2328125
0 0.64453125 0.15703125 0.159375 0.1765625
0 0.3515625 0.15859375 0.2265625 0.221875
0 0.55078125 0.41796875 0.14375 0.165625
0 0.71328125 0.303125 0.153125 0.125
0 0.38125 0.3671875 0.1859375 0.146875
0 0.32890625 0.6984375 0.153125 0.19375
0 0.69140625 0.42890625 0.153125 0.1796875
0 0.396875 0.53125 0.1515625 0.209375
0 0.9453125 0.5890625 0.109375 0.21875
0 0.06640625 0.65703125 0.1328125 0.171875
0 0.18125 0.09609375 0.2078125 0.1921875
0 0.746875 0.04765625 0.159375 0.0953125
0 0.24765625 0.521875 0.16875 0.1625
0 0.6703125 0.61875 0.1890625 0.1890625
0 0.89921875 0.32109375 0.1703125 0.178125
0 0.85 0.609375 0.1625 0.165625
0 0.5484375 0.571875 0.1390625 0.184375
0 0.1578125 0.340625 0.2453125 0.2203125
0 0.28203125 0.2328125 0.1734375 0.1265625