0 0.140625 0.4125 0.103125 0.109375
0 0.60234375 0.54375 0.184375 0.2078125
0 0.27578125 0.18671875 0.171875 0.253125
0 0.05625 0.40703125 0.1125 0.1421875
0 0.478125 0.1234375 0.1421875 0.19375
0 0.22265625 0.51171875 0.1625 0.2109375
0 0.178125 0.88515625 0.234375 0.228125
0 0.80078125 0.32265625 0.2671875 0.259375
0 0.65 0.41953125 0.1328125 0.140625
0 0.059375 0.23828125 0.11875 0.1796875
0 0.58828125 0.06015625 0.175 0.1203125
0 0.60078125 0.2453125 0.1640625 0.21875
0 0.50703125 0.32421875 0.09375 0.1265625
0 0.40546875 0.2015625 0.1171875 0.2125
0 0.9109375 0.7 0.175 0.1625
0 0.19453125 0.31484375 0.1859375 0.1578125
0 0.84921875 0.5265625 0.1921875 0.21875
0 0.73984375 0.059375 0.1796875 0.11875
0 0.4546875 0.40234375 0.209375 0.2
0 0.3953125 0.8578125 0.2609375 0.2828125
0 0.7484375 0.18828125 0.1859375 0.1546875
0 0.07890625 0.5546875 0.1578125 0.16875
0 0.134375 0.18046875 0.121875 0.1421875