0 0.38515625 0.8109375 0.128125 0.1328125
0 0.71484375 0.5328125 0.2046875 0.2671875
0 0.4828125 0.634375 0.1453125 0.1640625
0 0.603125 0.875 0.1078125 0.096875
0 0.25390625 0.8625 0.1390625 0.1765625
0 0.4765625 0.8578125 0.18125 0.2328125
0 0.509375 0.3375 0.16875 0.190625
0 0.1765625 0.7046875 0.159375 0.2109375
0 0.08515625 0.46875 0.1703125 0.1828125
0 0.82265625 0.1484375 0.2203125 0.1921875
0 0.15546875 0.396875 0.171875 0.1625
0 0.34453125 0.18515625 0.19375 0.2
0 0.61875 0.74765625 0.18125 0.15
0 0.61171875 0.6390625 0.1359375 0.153125
0 0.309375 0.60859375 0.125 0.128125
0 0.07890625 0.65390625 0.1578125 0.1984375
0 0.35546875 0.90234375 0.103125 0.121875
0 0.13046875 0.08984375 0.2578125 0.1796875
0 0.21484375 0.22265625 0.2015625 0.246875
0 0.47734375 0.46640625 0.178125 0.16875
0 0.303125 0.71640625 0.1390625 0.1390625
0 0.92734375 0.67421875 0.1453125 0.18125
0 0.23984375 0.51328125 0.178125 0.1953125
0 0.74296875 0.93671875 0.23125 0.1234375
0 0.74921875 0.80859375 0.19375 0.221875
0 0.63828125 0.08671875 0.2546875 0.1734375
0 0.3578125 0.3828125 0.1828125 0.2359375
0 0.90234375 0.27109375 0.18125 0.203125
0 0.8609375 0.478125 0.1984375 0.2140625
0 0.0796875 0.27265625 0.159375 0.1953125
0 0.571875 0.53828125 0.1140625 0.140625