0 0.27109375 0.66484375 0.1109375 0.1078125
0 0.67578125 0.47890625 0.1140625 0.1
0 0.678125 0.1875 0.11875 0.0703125
0 0.5765625 0.72421875 0.0875 0.0734375
0 0.06484375 0.54375 0.0828125 0.078125
0 0.93359375 0.20078125 0.05625 0.059375
0 0.8421875 0.8578125 0.0640625 0.109375
0 0.59765625 0.09921875 0.0703125 0.096875
0 0.8125 0.1734375 0.065625 0.0765625
0 0.76796875 0.8265625 0.1078125 0.0984375
0 0.27734375 0.8921875 0.09375 0.1078125
0 0.909375 0.49140625 0.1234375 0.0875
0 0.7953125 0.11484375 0.0671875 0.0546875
0 0.64609375 0.35078125 0.0890625 0.1
0 0.69609375 0.69140625 0.090625 0.0859375
0 0.10234375 0.8578125 0.096875 0.11875
0 0.53046875 0.675 0.1015625 0.0953125
0 0.91953125 0.5609375 0.1046875 0.090625
0 0.8703125 0.6734375 0.1015625 0.1140625
0 0.71015625 0.87109375 0.1046875 0.1328125
0 0.26875 0.76796875 0.0875 0.1140625
0 0.0546875 0.67578125 0.0796875 0.109375
0 0.734375 0.95625 0.0984375 0.084375
0 0.184375 0.84609375 0.1359375 0.1625
0 0.48984375 0.90234375 0.0984375 0.115625
0 0.946875 0.890625 0.1046875 0.128125
0 0.93125 0.15 0.065625 0.0734375
0 0.253125 0.53046875 0.1203125 0.0859375
0 0.60546875 0.8328125 0.1046875 0.13125
0 0.89453125 0.8 0.0921875 0.0875
0 0.87265625 0.1265625 0.075 0.0671875
0 0.95703125 0.7109375 0.0828125 0.10625
0 0.88828125 0.4078125 0.08125 0.078125
0 0.65 0.10546875 0.0921875 0.121875
0 0.5953125 0.2609375 0.0890625 0.1
0 0.609375 0.44375 0.090625 0.0921875
0 0.82109375 0.57109375 0.0953125 0.090625
0 0.928125 0.63125 0.0921875 0.06875
0 0.8125 0.634375 0.0953125 0.0703125
0 0.6921875 0.2359375 0.0984375 0.0828125
0 0.78125 0.2671875 0.0828125 0.0890625
0 0.76484375 0.19296875 0.084375 0.0890625
0 0.775 0.0765625 0.08125 0.0671875
0 0.84140625 0.24375 0.0875 0.078125
0 0.6046875 0.55703125 0.13125 0.11875
0 0.63828125 0.9265625 0.09375 0.0921875
0 0.79765625 0.88671875 0.071875 0.071875
0 0.24765625 0.46953125 0.096875 0.075
0 0.63359375 0.78125 0.0953125 0.1109375
0 0.04375 0.271875 0.0875 0.0921875
0 0.8125 0.3046875 0.0875 0.06875
0 0.7484375 0.04140625 0.078125 0.0671875
0 0.121875 0.65078125 0.13125 0.1375
0 0.87265625 0.73671875 0.0703125 0.071875
0 0.834375 0.37109375 0.0953125 0.084375
0 0.8890625 0.8765625 0.059375 0.0859375
0 0.8125 0.43515625 0.0859375 0.078125
0 0.51015625 0.75 0.0859375 0.0765625
0 0.73203125 0.7359375 0.065625 0.096875
0 0.7046875 0.38984375 0.0890625 0.0796875
0 0.8984375 0.3296875 0.0953125 0.0953125
0 0.690625 0.54765625 0.071875 0.071875
0 0.76171875 0.40625 0.065625 0.0796875
0 0.79453125 0.72890625 0.090625 0.121875
0 0.08203125 0.81640625 0.0890625 0.0859375
0 0.06875 0.9515625 0.103125 0.0953125
0 0.853125 0.05703125 0.078125 0.0734375
0 0.73203125 0.325 0.065625 0.08125
0 0.91875 0.265625 0.0875 0.0546875
0 0.93671875 0.0671875 0.090625 0.06875
0 0.7265625 0.1203125 0.078125 0.0625
0 0.15234375 0.43828125 0.0921875 0.0859375