0 0.08359375 0.26796875 0.140625 0.1109375
0 0.16484375 0.6625 0.1484375 0.1140625
0 0.27421875 0.05 0.1109375 0.1
0 0.66796875 0.1984375 0.1578125 0.16875
0 0.77421875 0.17890625 0.084375 0.084375
0 0.94296875 0.32734375 0.1125 0.1078125
0 0.14765625 0.31953125 0.1328125 0.1015625
0 0.5140625 0.4453125 0.171875 0.1625
0 0.56953125 0.365625 0.1546875 0.109375
0 0.06328125 0.84375 0.1265625 0.1171875
0 0.375 0.225 0.121875 0.1453125
0 0.46796875 0.0765625 0.1171875 0.1375
0 0.046875 0.43046875 0.09375 0.09375
0 0.0703125 0.92578125 0.0921875 0.071875
0 0.603125 0.04921875 0.10625 0.0984375
0 0.378125 0.0875 0.0703125 0.09375
0 0.7015625 0.8953125 0.2015625 0.209375
0 0.23046875 0.71875 0.1578125 0.1609375
0 0.19609375 0.86171875 0.1421875 0.146875
0 0.93984375 0.203125 0.11875 0.128125
0 0.8953125 0.409375 0.1109375 0.0984375
0 0.096875 0.40625 0.0765625 0.078125
0 0.9375 0.4703125 0.1234375 0.1390625
0 0.14375 0.5640625 0.14375 0.109375
0 0.21953125 0.4546875 0.1421875 0.1328125
0 0.23125 0.92265625 0.11875 0.15
0 0.5875 0.2609375 0.1609375 0.1421875
0 0.3359375 0.69140625 0.0875 0.0828125
0 0.67109375 0.07109375 0.134375 0.1390625
0 0.8796875 0.91171875 0.171875 0.171875
0 0.62890625 0.4734375 0.115625 0.14375
0 0.4 0.91953125 0.2171875 0.159375
0 0.70234375 0.32109375 0.0859375 0.096875
0 0.4296875 0.13515625 0.0859375 0.0953125
0 0.81796875 0.32578125 0.1671875 0.1921875
0 0.1296875 0.46875 0.096875 0.071875
0 0.046875 0.71796875 0.09375 0.078125
0 0.646875 0.73515625 0.20625 0.1890625
0 0.15234375 0.83828125 0.1234375 0.11875
0 0.14921875 0.3765625 0.115625 0.0640625
0 0.05703125 0.5328125 0.1140625 0.115625
0 0.09765625 0.75390625 0.1 0.0875
0 0.43359375 0.29921875 0.0953125 0.1140625
0 0.33203125 0.159375 0.1140625 0.15625
0 0.49140625 0.19765625 0.121875 0.11875
0 0.52421875 0.09375 0.0734375 0.10625
0 0.76796875 0.78046875 0.1 0.1140625