0 0.3484375 0.73828125 0.05625 0.0765625
0 0.575 0.8359375 0.053125 0.0546875
0 0.6421875 0.46875 0.08125 0.075
0 0.540625 0.1109375 0.05625 0.090625
0 0.5265625 0.571875 0.059375 0.05625
0 0.11171875 0.91796875 0.10625 0.1265625
0 0.31015625 0.11328125 0.0734375 0.0765625
0 0.05078125 0.2015625 0.1015625 0.078125
0 0.46015625 0.26953125 0.0734375 0.071875
0 0.5625 0.0515625 0.115625 0.1015625
0 0.24375 0.59609375 0.0890625 0.0765625
0 0.7046875 0.7671875 0.0640625 0.0875
0 0.89765625 0.5921875 0.08125 0.05
0 0.3953125 0.7765625 0.065625 0.0875
0 0.72265625 0.475 0.071875 0.05625
0 0.92265625 0.66640625 0.0828125 0.065625
0 0.27890625 0.4125 0.0578125 0.0703125
0 0.5171875 0.7515625 0.05625 0.090625
0 0.83984375 0.63984375 0.1 0.084375
0 0.1125 0.415625 0.115625 0.0859375
0 0.50078125 0.540625 0.0546875 0.053125
0 0.6640625 0.87421875 0.06875 0.0875
0 0.728125 0.9078125 0.0875 0.109375
0 0.21640625 0.90703125 0.06875 0.115625
0 0.71484375 0.60703125 0.06875 0.059375
0 0.19609375 0.0546875 0.0640625 0.08125
0 0.5875 0.6390625 0.0796875 0.08125
0 0.2703125 0.5546875 0.0453125 0.0390625
0 0.05625 0.65390625 0.1 0.0703125
0 0.5640625 0.5296875 0.075 0.0828125
0 0.5296875 0.9 0.0765625 0.084375
0 0.4484375 0.4171875 0.059375 0.06875
0 0.69609375 0.4328125 0.0640625 0.0546875
0 0.15 0.6125 0.096875 0.0734375
0 0.17265625 0.85 0.0875 0.1
0 0.4375 0.15234375 0.053125 0.071875
0 0.384375 0.865625 0.090625 0.1015625
0 0.77265625 0.653125 0.053125 0.0609375
0 0.1 0.1125 0.090625 0.0921875
0 0.90625 0.39140625 0.115625 0.0859375
0 0.034375 0.07265625 0.06875 0.084375
0 0.25859375 0.65859375 0.078125 0.090625
0 0.2578125 0.0765625 0.0625 0.090625
0 0.93359375 0.80078125 0.13125 0.1
0 0.43359375 0.49453125 0.059375 0.059375
0 0.89765625 0.83515625 0.1015625 0.1046875
0 0.22890625 0.2671875 0.1078125 0.0875
0 0.35390625 0.0703125 0.103125 0.1140625
0 0.28515625 0.92890625 0.1015625 0.1375
0 0.62890625 0.78515625 0.0625 0.0828125
0 0.7875 0.22109375 0.0859375 0.0703125
0 0.7953125 0.490625 0.0765625 0.0703125
0 0.2015625 0.45 0.0984375 0.071875
0 0.29296875 0.77109375 0.0765625 0.10625
0 0.8828125 0.075 0.1109375 0.0921875
0 0.734375 0.11015625 0.0671875 0.0859375
0 0.4046875 0.71171875 0.075 0.0640625
0 0.87265625 0.1984375 0.134375 0.1171875
0 0.20703125 0.5078125 0.1171875 0.06875
0 0.49609375 0.22734375 0.06875 0.0828125
0 0.484375 0.7921875 0.0609375 0.08125
0 0.9390625 0.53125 0.11875 0.1078125
0 0.36015625 0.60703125 0.0625 0.0640625
0 0.31640625 0.48671875 0.0796875 0.05625
0 0.67890625 0.20390625 0.0984375 0.0765625
0 0.0546875 0.50546875 0.0703125 0.0625
0 0.7828125 0.15 0.053125 0.0515625
0 0.38671875 0.334375 0.0828125 0.0828125
0 0.5140625 0.484375 0.0734375 0.08125
0 0.44609375 0.58671875 0.075 0.0671875
0 0.28984375 0.8578125 0.0828125 0.0828125
0 0.578125 0.73515625 0.06875 0.06875
0 0.1453125 0.69140625 0.1 0.090625
0 0.4921875 0.65703125 0.0578125 0.0640625
0 0.59296875 0.37265625 0.0984375 0.0921875
0 0.39296875 0.66796875 0.0875 0.065625
0 0.11484375 0.2046875 0.0703125 0.0578125
0 0.6359375 0.3171875 0.0984375 0.0796875
0 0.48671875 0.85234375 0.0828125 0.078125
0 0.7171875 0.35859375 0.0875 0.0765625
0 0.86015625 0.340625 0.0859375 0.0609375
0 0.3203125 0.37109375 0.0375 0.04375
0 0.3359375 0.92890625 0.075 0.11875
0 0.12890625 0.34375 0.0953125 0.0640625
0 0.209375 0.390625 0.090625 0.071875
0 0.81484375 0.934375 0.1046875 0.1265625
0 0.6828125 0.25234375 0.0875 0.084375
0 0.090625 0.7703125 0.1 0.0921875
0 0.328125 0.31953125 0.0734375 0.0578125
0 0.1515625 0.23984375 0.0578125 0.059375
0 0.57421875 0.953125 0.0703125 0.0859375
0 0.8203125 0.71875 0.096875 0.0671875
0 0.1984375 0.2078125 0.0703125 0.053125
0 0.1421875 0.534375 0.0984375 0.0734375
0 0.8453125 0.3046875 0.0921875 0.053125
0 0.6453125 0.10859375 0.0953125 0.0921875
0 0.34375 0.5421875 0.06875 0.0765625
0 0.896875 0.903125 0.1234375 0.11875
0 0.7265625 0.84765625 0.078125 0.109375
0 0.45234375 0.8984375 0.071875 0.0859375
0 0.19921875 0.75078125 0.103125 0.1046875
0 0.76171875 0.4015625 0.084375 0.0640625