0 0.559375 0.26328125 0.1359375 0.1421875
0 0.86484375 0.58984375 0.0921875 0.071875
0 0.8390625 0.76171875 0.0640625 0.0796875
0 0.8140625 0.27734375 0.06875 0.05625
0 0.68515625 0.2171875 0.109375 0.0640625
0 0.7796875 0.81171875 0.090625 0.1078125
0 0.52578125 0.521875 0.14375 0.1671875
0 0.64296875 0.5328125 0.1578125 0.18125
0 0.928125 0.3640625 0.0734375 0.059375
0 0.65390625 0.309375 0.1046875 0.146875
0 0.8390625 0.95078125 0.0640625 0.071875
0 0.765625 0.70703125 0.121875 0.11875
0 0.65234375 0.04765625 0.1140625 0.0953125
0 0.8125 0.540625 0.0875 0.0953125
0 0.73515625 0.8609375 0.11875 0.0890625
0 0.43359375 0.12265625 0.13125 0.1609375
0 0.5328125 0.846875 0.1421875 0.16875
0 0.51328125 0.67734375 0.1375 0.175
0 0.68359375 0.4296875 0.1171875 0.115625
0 0.9640625 0.59609375 0.0703125 0.06875
0 0.9125 0.8859375 0.0859375 0.084375
0 0.5515625 0.38671875 0.1453125 0.11875
0 0.90859375 0.72890625 0.1375 0.103125
0 0.4421875 0.3984375 0.08125 0.1
0 0.93046875 0.8125 0.115625 0.090625
0 0.91015625 0.95 0.06875 0.053125
0 0.9234375 0.31640625 0.0546875 0.0671875
0 0.71796875 0.63046875 0.0921875 0.071875
0 0.76328125 0.9453125 0.065625 0.0671875
0 0.8046875 0.39296875 0.125 0.1703125
0 0.63515625 0.13671875 0.16875 0.1609375
0 0.63125 0.66875 0.10625 0.10625
0 0.77890625 0.16328125 0.1046875 0.10625
0 0.8875 0.521875 0.0796875 0.0828125
0 0.703125 0.7796875 0.059375 0.0671875
0 0.62421875 0.7984375 0.1265625 0.1390625
0 0.615625 0.915625 0.0875 0.1234375
0 0.74609375 0.5453125 0.0703125 0.0875
0 0.53046875 0.08671875 0.0875 0.103125
0 0.790625 0.0609375 0.1171875 0.121875
0 0.934375 0.45 0.13125 0.159375
0 0.82578125 0.884375 0.084375 0.078125
0 0.7375 0.9140625 0.0921875 0.0515625
0 0.859375 0.659375 0.1359375 0.096875
0 0.74375 0.346875 0.1625 0.1625
0 0.9234375 0.1 0.1515625 0.14375