0 0.62734375 0.85859375 0.353125 0.2796875
0 0.615625 0.66640625 0.1296875 0.1765625
0 0.6515625 0.11796875 0.1953125 0.2359375
0 0.2953125 0.5046875 0.1328125 0.146875
0 0.1953125 0.9203125 0.1515625 0.1546875
0 0.1125 0.23828125 0.190625 0.209375
0 0.56875 0.3296875 0.190625 0.265625
0 0.684375 0.56875 0.2109375 0.1828125
0 0.23203125 0.81484375 0.1734375 0.1609375
0 0.49375 0.66875 0.175 0.190625
0 0.70234375 0.2578125 0.13125 0.1171875
0 0.4828125 0.8484375 0.1 0.13125
0 0.7140625 0.36953125 0.1140625 0.1140625
0 0.8765625 0.309375 0.2453125 0.28125
0 0.12421875 0.584375 0.2484375 0.3140625
0 0.50078125 0.1 0.175 0.18125
0 0.19140625 0.07890625 0.1875 0.1578125
0 0.13125 0.35078125 0.1515625 0.1546875
0 0.25625 0.3265625 0.171875 0.2125
0 0.8390625 0.74296875 0.1109375 0.10625
0 0.3140625 0.675 0.1859375 0.2
0 0.3671875 0.2125 0.165625 0.178125
0 0.41171875 0.3890625 0.19375 0.221875