0 0.8604166666666667 0.8967592592592593 0.10885416666666667 0.2064814814814815
0 0.7380208333333333 0.9180555555555555 0.1515625 0.1638888888888889
0 0.59375 0.23287037037037037 0.06510416666666667 0.11388888888888889
0 0.5825520833333333 0.11481481481481481 0.0453125 0.08518518518518518
0 0.5424479166666667 0.09444444444444444 0.04791666666666667 0.13518518518518519
0 0.68828125 0.034722222222222224 0.08125 0.06944444444444445
0 0.9541666666666667 0.6361111111111111 0.06770833333333333 0.12037037037037036
0 0.3921875 0.5875 0.09322916666666667 0.14629629629629629
0 0.3424479166666667 0.4398148148148148 0.1234375 0.24351851851851852
0 0.4109375 0.4824074074074074 0.0640625 0.125
0 0.25390625 0.799074074074074 0.13854166666666667 0.2101851851851852
0 0.22994791666666667 0.6148148148148148 0.14895833333333333 0.18703703703703703
0 0.12109375 0.46944444444444444 0.1171875 0.12314814814814815
0 0.07578125 0.3287037037037037 0.10104166666666667 0.12037037037037036
0 0.115625 0.1865740740740741 0.07708333333333334 0.09722222222222222
0 0.134375 0.9569444444444445 0.090625 0.08611111111111111
0 0.22135416666666666 0.9638888888888889 0.06770833333333333 0.07222222222222222
0 0.14557291666666666 0.6180555555555556 0.0703125 0.11851851851851852
0 0.11770833333333333 0.799074074074074 0.0703125 0.07777777777777778
0 0.09375 0.6430555555555556 0.0625 0.0824074074074074
0 0.04192708333333333 0.19953703703703704 0.057291666666666664 0.09907407407407408
0 0.043229166666666666 0.05740740740740741 0.08645833333333333 0.11481481481481481
0 0.1109375 0.05138888888888889 0.09166666666666666 0.10277777777777777
0 0.65703125 0.38055555555555554 0.050520833333333334 0.10185185185185185
0 0.7174479166666666 0.1712962962962963 0.0359375 0.1037037037037037
0 0.4434895833333333 0.7449074074074075 0.057291666666666664 0.09722222222222222
0 0.30130208333333336 0.2814814814814815 0.04895833333333333 0.06388888888888888
0 0.28984375 0.37962962962962965 0.07447916666666667 0.11388888888888889
0 0.28046875 0.09444444444444444 0.0640625 0.125
0 0.2559895833333333 0.16296296296296298 0.0359375 0.12962962962962962
0 0.3171875 0.23287037037037037 0.06770833333333333 0.1037037037037037