0 0.5572374645222328 0.12577881619937695 0.08230842005676443 0.17990654205607476
0 0.7400662251655629 0.6958722741433022 0.07048249763481551 0.15109034267912771
0 0.717360454115421 0.5712616822429907 0.07568590350047304 0.12071651090342679
0 0.8469725638599811 0.404595015576324 0.12771996215704826 0.19470404984423675
0 0.44820245979186374 0.910436137071651 0.18637653736991486 0.15109034267912771
0 0.3616367076631977 0.39485981308411217 0.0879848628192999 0.10514018691588785
0 0.45151371807000945 0.16394080996884736 0.09176915799432356 0.15109034267912771
0 0.3351466414380322 0.20327102803738317 0.11163670766319773 0.1557632398753894
0 0.24597918637653737 0.2087227414330218 0.09839167455061495 0.1838006230529595
0 0.038552507095553454 0.07320872274143302 0.05581835383159887 0.10046728971962617
0 0.12157048249763482 0.9501557632398754 0.15042573320719016 0.09968847352024922
0 0.07781456953642384 0.7702492211838006 0.13434247871333965 0.14641744548286603
0 0.15350047303689687 0.6160436137071651 0.09176915799432356 0.09657320872274143
0 0.09366130558183539 0.28309968847352024 0.11021759697256386 0.13551401869158877
0 0.04588457899716178 0.1923676012461059 0.09176915799432356 0.12461059190031153
0 0.053216650898770104 0.6203271028037384 0.06669820245979187 0.10514018691588785
0 0.06977294228949858 0.4396417445482866 0.09697256385998108 0.20794392523364486
0 0.1596499526963103 0.45716510903426794 0.10122989593188268 0.17289719626168223
0 0.825685903500473 0.8524143302180686 0.07710501419110691 0.11370716510903427
0 0.380321665089877 0.6534267912772586 0.06669820245979187 0.10514018691588785
0 0.3770104068117313 0.7496105919003115 0.06244087038789026 0.09657320872274143
0 0.6563386944181646 0.3742211838006231 0.05203405865657521 0.08566978193146417
0 0.6769157994323557 0.5284267912772586 0.06385998107852413 0.12694704049844235
0 0.6255912961210974 0.3060747663551402 0.06007568590350047 0.07242990654205607
0 0.6043046357615894 0.26557632398753894 0.046357615894039736 0.05218068535825545
0 0.7518921475875118 0.07866043613707165 0.06244087038789026 0.15109034267912771