0 0.09895833333333333 0.6407407407407407 0.06510416666666667 0.09259259259259259
0 0.11640625 0.8106481481481481 0.06770833333333333 0.09259259259259259
0 0.03984375 0.1962962962962963 0.0609375 0.10185185185185185
0 0.04583333333333333 0.06574074074074074 0.09166666666666666 0.13148148148148148
0 0.1078125 0.055092592592592596 0.09322916666666667 0.11018518518518519
0 0.3072916666666667 0.21296296296296297 0.0609375 0.09259259259259259
0 0.31328125 0.28703703703703703 0.057291666666666664 0.08055555555555556
0 0.8723958333333334 0.9037037037037037 0.1171875 0.1925925925925926
0 0.7341145833333333 0.9189814814814815 0.14635416666666667 0.16203703703703703
0 0.9567708333333333 0.6439814814814815 0.057291666666666664 0.175
0 0.5997395833333333 0.2388888888888889 0.0796875 0.12037037037037036
0 0.6794270833333333 0.04675925925925926 0.09322916666666667 0.09351851851851851
0 0.5869791666666667 0.11944444444444445 0.06510416666666667 0.11851851851851852
0 0.5393229166666667 0.08842592592592592 0.04895833333333333 0.13703703703703704
0 0.39348958333333334 0.5981481481481481 0.09583333333333334 0.14907407407407408
0 0.3416666666666667 0.4361111111111111 0.11458333333333333 0.25092592592592594
0 0.25 0.812037037037037 0.1171875 0.2462962962962963
0 0.22942708333333334 0.6027777777777777 0.15572916666666667 0.18703703703703703
0 0.07109375 0.3143518518518518 0.11822916666666666 0.11574074074074074
0 0.12630208333333334 0.47638888888888886 0.1171875 0.10833333333333334
0 0.11640625 0.18935185185185185 0.07291666666666667 0.09722222222222222
0 0.14348958333333334 0.9546296296296296 0.08489583333333334 0.09074074074074075