0 0.24192708333333332 0.8180555555555555 0.0984375 0.18703703703703703
0 0.74921875 0.9296296296296296 0.13958333333333334 0.14074074074074075
0 0.853125 0.9074074074074074 0.10520833333333333 0.18518518518518517
0 0.11770833333333333 0.8013888888888889 0.06770833333333333 0.10648148148148148
0 0.13828125 0.9449074074074074 0.09322916666666667 0.11018518518518519
0 0.22604166666666667 0.9574074074074074 0.090625 0.07777777777777778
0 0.44088541666666664 0.7708333333333334 0.0703125 0.1111111111111111
0 0.4036458333333333 0.7023148148148148 0.04375 0.08703703703703704
0 0.396875 0.5814814814814815 0.11041666666666666 0.13518518518518519
0 0.5903645833333333 0.22453703703703703 0.0796875 0.09722222222222222
0 0.5885416666666666 0.11805555555555555 0.06510416666666667 0.1111111111111111
0 0.5440104166666667 0.0875 0.034375 0.15833333333333333
0 0.23072916666666668 0.6157407407407407 0.14479166666666668 0.14629629629629629
0 0.30130208333333336 0.7375 0.0703125 0.14907407407407408
0 0.3651041666666667 0.43842592592592594 0.17135416666666667 0.1935185185185185
0 0.27447916666666666 0.07546296296296297 0.057291666666666664 0.14907407407407408
0 0.30182291666666666 0.20324074074074075 0.05572916666666667 0.10648148148148148
0 0.30390625 0.2847222222222222 0.04114583333333333 0.0712962962962963
0 0.28802083333333334 0.362962962962963 0.04375 0.14166666666666666
0 0.03802083333333333 0.17592592592592593 0.0703125 0.09444444444444444
0 0.046614583333333334 0.06574074074074074 0.09322916666666667 0.13148148148148148
0 0.09635416666666667 0.044444444444444446 0.0890625 0.08888888888888889
0 0.9567708333333333 0.625462962962963 0.07291666666666667 0.13703703703703704
0 0.6614583333333334 0.36898148148148147 0.052083333333333336 0.11574074074074074
0 0.13776041666666666 0.6125 0.04375 0.1398148148148148
0 0.06848958333333334 0.29907407407407405 0.11822916666666666 0.15092592592592594
0 0.10963541666666667 0.4787037037037037 0.08645833333333333 0.12777777777777777
0 0.6828125 0.03611111111111111 0.08125 0.07222222222222222
0 0.10104166666666667 0.6324074074074074 0.058333333333333334 0.06111111111111111