0 0.890003889799118 0.5376858711242676 0.21333926916122437 0.21679306030273438
0 0.681677520275116 0.3763122260570526 0.23097467422485352 0.2376909852027893
0 0.4802144914865494 0.23362595960497856 0.26697883009910583 0.2671341672539711
0 0.6022998690605164 0.6351675093173981 0.18510818481445312 0.2023448348045349
0 0.27629881352186203 0.08595993067137897 0.19884540140628815 0.1607041866518557
0 0.1113853664137423 0.5714775174856186 0.1956247864291072 0.21186235547065735
0 0.8187015652656555 0.14114302676171064 0.2503652572631836 0.2356055323034525
0 0.19634046778082848 0.32195666432380676 0.1932901218533516 0.22769522666931152
0 0.7976207137107849 0.7748650014400482 0.2008117437362671 0.1961175799369812
0 0.3032624274492264 0.7136344909667969 0.21262648701667786 0.2111755609512329
0 0.3921613097190857 0.4889497458934784 0.21889197826385498 0.23686200380325317
0 0.9606539011001587 0.31644415855407715 0.07737064361572266 0.21751022338867188
0 0.07076041249092668 0.02721411698439624 0.13376373355276883 0.05363348944229074
0 0.22712713107466698 0.9266796112060547 0.22166145592927933 0.14196360111236572
0 0.04027897119522095 0.13567424565553665 0.0805579423904419 0.18232806026935577
0 0.7007903158664703 0.9638961851596832 0.2151293158531189 0.07198542356491089
0 0.059408534318208694 0.8249703645706177 0.11881706863641739 0.25574564933776855