0 0.8623032569885254 0.5636193305253983 0.2528790235519409 0.2469160258769989
0 0.9094842970371246 0.3273991271853447 0.17815321683883667 0.21624191105365753
0 0.4580576568841934 0.26271679997444153 0.2584875524044037 0.2620730996131897
0 0.08518316596746445 0.5830399692058563 0.1703663319349289 0.26330894231796265
0 0.16038170456886292 0.34774497896432877 0.23479896783828735 0.23879991471767426
0 0.7720443308353424 0.16792166605591774 0.25851911306381226 0.2712201401591301
0 0.5845932215452194 0.6524905562400818 0.26739731431007385 0.24712800979614258
0 0.35281145572662354 0.5113808065652847 0.27031826972961426 0.2778225839138031
0 0.6472086906433105 0.4088849276304245 0.29037046432495117 0.27851346135139465
0 0.7988625764846802 0.8162334561347961 0.2088794708251953 0.22063565254211426
0 0.19383428618311882 0.09032160342030693 0.21930275112390518 0.18024318813695572
0 0.05913184955716133 0.857208251953125 0.11826369911432266 0.23190844058990479
0 0.4841400682926178 0.8965254426002502 0.2506712079048157 0.2069491147994995
0 0.5580297708511353 0.06277376413345337 0.24659264087677002 0.12554752826690674
0 0.21156899631023407 0.9500569403171539 0.24961790442466736 0.09664422273635864
0 0.9414101243019104 0.04319211468100548 0.1171797513961792 0.08638422936201096