0 0.4761607199907303 0.3290601745247841 0.20178112387657166 0.21153543889522552
0 0.2557486891746521 0.1725756861269474 0.23228412866592407 0.21767162531614304
0 0.6608374118804932 0.4756678640842438 0.20473062992095947 0.20114725828170776
0 0.37991340458393097 0.5633969455957413 0.24785885214805603 0.22574028372764587
0 0.8744233250617981 0.636501282453537 0.19302749633789062 0.22938114404678345
0 0.7789601385593414 0.8424351811408997 0.21566921472549438 0.2302001714706421
0 0.2867342531681061 0.8140609860420227 0.2692902684211731 0.2830702066421509
0 0.15778268687427044 0.41189515590667725 0.22922489419579506 0.24042141437530518
0 0.06593874399550259 0.05920094402972609 0.12792580714449286 0.11238577659241855
0 0.5193039625883102 0.9265502095222473 0.20577195286750793 0.14458155632019043
0 0.09628172963857651 0.657633364200592 0.19256345927715302 0.25746846199035645
0 0.5453301519155502 0.06846582889556885 0.17374303936958313 0.13074243068695068
0 0.929290384054184 0.34319278597831726 0.13924485445022583 0.26021039485931396
0 0.06351912021636963 0.9098796844482422 0.12286114692687988 0.1674184799194336
0 0.9535375833511353 0.9434580206871033 0.09014511108398438 0.11030197143554688
0 0.5699872225522995 0.7050605714321136 0.19954434037208557 0.20436400175094604
0 0.963776707649231 0.11309791496023536 0.06761610507965088 0.2087943973019719
0 0.840295135974884 0.04249986038485076 0.1977325677871704 0.08440489022177644