0 0.9410985112190247 0.9211762547492981 0.11471676826477051 0.15543675422668457
0 0.11381313356105238 0.36985644698143005 0.22062870557419956 0.23096656799316406
0 0.4748659282922745 0.30322442948818207 0.20890209078788757 0.20441332459449768
0 0.775087296962738 0.7918418049812317 0.20317316055297852 0.21698665618896484
0 0.47077980637550354 0.9068639278411865 0.24463385343551636 0.18627214431762695
0 0.25320953875780106 0.7701075375080109 0.20168213546276093 0.19618159532546997
0 0.3428258076310158 0.4960855692625046 0.22203366458415985 0.1931571066379547
0 0.16848063841462135 0.9599868655204773 0.1875666305422783 0.0798788070678711
0 0.21389059722423553 0.1344832694157958 0.25280269980430603 0.231900529935956
0 0.07036141603020951 0.6150950193405151 0.13704896869603544 0.224983811378479
0 0.5718428790569305 0.6471039056777954 0.2536018490791321 0.22976768016815186