0 0.1168196564540267 0.5282928496599197 0.19590734131634235 0.20734462141990662
0 0.821606457233429 0.7651435136795044 0.20443284511566162 0.22791194915771484
0 0.27534903585910797 0.09669764636782929 0.24207386374473572 0.189910376095213
0 0.624661922454834 0.5969756096601486 0.22602689266204834 0.23451033234596252
0 0.9056200087070465 0.5332432836294174 0.18700259923934937 0.2538011372089386
0 0.2394963875412941 0.9154045283794403 0.20744751393795013 0.16546684503555298
0 0.18180224113166332 0.3060927912592888 0.2522245682775974 0.23858405649662018
0 0.0644025295987376 0.13091022381559014 0.12854270338721108 0.24254928808659315
0 0.31010089069604874 0.6552348136901855 0.1744586080312729 0.18816423416137695
0 0.7425125241279602 0.9319688975811005 0.20242571830749512 0.1322820782661438
0 0.41527581214904785 0.4466658681631088 0.22681427001953125 0.23375895619392395
0 0.5126696974039078 0.18005653284490108 0.23226985335350037 0.25411536172032356
0 0.7149036526679993 0.37369443476200104 0.18277764320373535 0.2058301866054535
0 0.5224093645811081 0.8586923778057098 0.23312512040138245 0.23300379514694214