0 0.9451625943183899 0.3153022304177284 0.10529839992523193 0.13421927392482758
0 0.2500641644001007 0.7190670967102051 0.1420881748199463 0.14282703399658203
0 0.6295232772827148 0.42056089639663696 0.15739047527313232 0.163163423538208
0 0.43614041805267334 0.06735547340940684 0.1466463804244995 0.12909214780665934
0 0.31144704669713974 0.4903636872768402 0.15939946472644806 0.15752190351486206
0 0.692619800567627 0.1923839971423149 0.15043509006500244 0.14468272030353546
0 0.49036455154418945 0.3421941250562668 0.1444835662841797 0.14713773131370544
0 0.5484648644924164 0.12185068055987358 0.13266724348068237 0.1411307528614998
0 0.5731508731842041 0.6265882253646851 0.169916033744812 0.16740667819976807
0 0.3394600450992584 0.9663074612617493 0.16084039211273193 0.06319046020507812
0 0.13784775882959366 0.6746142506599426 0.08882884681224823 0.11015152931213379
0 0.4378771334886551 0.5615570098161697 0.1430182158946991 0.1448483169078827
0 0.19976477324962616 0.9288922250270844 0.13653823733329773 0.12298792600631714
0 0.07743076235055923 0.8629177808761597 0.11559440195560455 0.12699496746063232
0 0.3860565572977066 0.7767171859741211 0.12826338410377502 0.1336268186569214
0 0.7979481518268585 0.9682504832744598 0.1547045111656189 0.059960901737213135