0 0.7303851246833801 0.13324971497058868 0.270694375038147 0.25965455174446106
0 0.7687318623065948 0.777352899312973 0.2345396876335144 0.25136929750442505
0 0.8627102971076965 0.5306816697120667 0.2184680700302124 0.25554370880126953
0 0.5757171213626862 0.62446728348732 0.23001033067703247 0.22214752435684204
0 0.491694375872612 0.8840111792087555 0.25045207142829895 0.22957271337509155
0 0.9026949405670166 0.2746539041399956 0.1946101188659668 0.2614506036043167
0 0.9218643307685852 0.8935425877571106 0.1513679027557373 0.2129148244857788
0 0.2860233411192894 0.733729898929596 0.22166557610034943 0.23910129070281982
0 0.6646555662155151 0.3648747056722641 0.23986434936523438 0.2661975920200348
0 0.24229088425636292 0.08987761288881302 0.21743488311767578 0.1763056069612503
0 0.11225905269384384 0.31214187294244766 0.20675568282604218 0.23204253613948822
0 0.19064246863126755 0.930720329284668 0.24744243919849396 0.13855934143066406
0 0.43838782608509064 0.24139880388975143 0.22455665469169617 0.24387069046497345
0 0.3598529174923897 0.44976794719696045 0.24125085771083832 0.24746906757354736
0 0.07587116211652756 0.5701380521059036 0.15174232423305511 0.23633310198783875
0 0.04845891520380974 0.8294906914234161 0.09691783040761948 0.2218826413154602
0 0.7165782153606415 0.9457929730415344 0.28097397089004517 0.10841405391693115