0 0.12818120419979095 0.6500577330589294 0.2563624083995819 0.2971916198730469
0 0.11656718701124191 0.8756832182407379 0.23313437402248383 0.24811118841171265
0 0.5325003415346146 0.9041382968425751 0.276412695646286 0.19172340631484985
0 0.2906767502427101 0.1315400986932218 0.2343413084745407 0.24230132717639208
0 0.8508640229701996 0.857683539390564 0.2885708212852478 0.2842381000518799
0 0.34363890439271927 0.7646101713180542 0.28921644389629364 0.2817378044128418
0 0.4047871381044388 0.512922540307045 0.280438631772995 0.28832170367240906
0 0.6521456837654114 0.6836702227592468 0.2568591833114624 0.2638072967529297
0 0.5049412697553635 0.2768654450774193 0.21028974652290344 0.22965802252292633
0 0.8234653472900391 0.06655491440324113 0.22515106201171875 0.13033027353230864
0 0.06426285952329636 0.21052099391818047 0.1285257190465927 0.21222273260354996
0 0.2646552100777626 0.9548677504062653 0.20910786092281342 0.0900149941444397
0 0.2102053016424179 0.36901161819696426 0.2686384618282318 0.2502785176038742