0 0.16967135295271873 0.39372915029525757 0.19524813443422318 0.22552728652954102
0 0.456183522939682 0.28007451444864273 0.26178568601608276 0.25253628194332123
0 0.3609279468655586 0.5581947714090347 0.2838486284017563 0.2697816789150238
0 0.08193498104810715 0.6422376334667206 0.1638699620962143 0.2264823317527771
0 0.888329029083252 0.6323986053466797 0.2233419418334961 0.2624020576477051
0 0.2684219256043434 0.796725869178772 0.263553723692894 0.2479623556137085
0 0.5225529223680496 0.063775627349969 0.22392722964286804 0.1250555842416361
0 0.7881835103034973 0.8578919768333435 0.28106188774108887 0.26413631439208984
0 0.7349825799465179 0.2166852317750454 0.22226732969284058 0.20424223691225052
0 0.4874425381422043 0.9009744822978973 0.28555765748023987 0.19805103540420532
0 0.5787785947322845 0.6922023892402649 0.30857914686203003 0.2830005884170532
0 0.21978257596492767 0.12256188225001097 0.18528148531913757 0.19173980690538883
0 0.6482543349266052 0.46823516488075256 0.25853586196899414 0.25519806146621704
0 0.21865354105830193 0.9513469934463501 0.29351720958948135 0.09412765502929688
0 0.044859156012535095 0.8820625245571136 0.08971831202507019 0.21602994203567505
0 0.9277591109275818 0.3712325692176819 0.13640594482421875 0.19528168439865112
0 0.9398960471153259 0.954770565032959 0.1195974349975586 0.09040200710296631
0 0.8218897879123688 0.030871421098709106 0.24644678831100464 0.06174284219741821
0 0.04336783738108352 0.05815715796779841 0.0839994460111484 0.11113927350379527