0 0.07702761143445969 0.8852188885211945 0.15405522286891937 0.22249644994735718
0 0.277588926255703 0.7727664113044739 0.20196659862995148 0.22449040412902832
0 0.5193880200386047 0.9090075790882111 0.21534442901611328 0.17530041933059692
0 0.22537904232740402 0.12897431664168835 0.1940946727991104 0.1851584054529667
0 0.23011955991387367 0.9512034356594086 0.24080251902341843 0.09643250703811646
0 0.08062958717346191 0.5958335101604462 0.16125917434692383 0.20554155111312866
0 0.5878313928842545 0.694378137588501 0.23861894011497498 0.2370833158493042
0 0.15847063809633255 0.3615201860666275 0.172577902674675 0.18840447068214417
0 0.5337776839733124 0.07081259635742754 0.1975516676902771 0.13472760026343167
0 0.39429304003715515 0.5172953307628632 0.21938592195510864 0.20590239763259888
0 0.660957932472229 0.4147251099348068 0.1734384298324585 0.20366278290748596
0 0.8874955475330353 0.5839280635118484 0.22500890493392944 0.23428258299827576
0 0.45820191502571106 0.2876769080758095 0.15544015169143677 0.1366923302412033
0 0.9655785262584686 0.08731547323986888 0.06884294748306274 0.15885888878256083
0 0.7458120286464691 0.19760625064373016 0.22539597749710083 0.21326526999473572