0 0.6659864187240601 0.8875116407871246 0.23731768131256104 0.22403186559677124
0 0.4382254630327225 0.7343149185180664 0.21098706126213074 0.22436964511871338
0 0.7278440594673157 0.6576071679592133 0.1710059642791748 0.17299431562423706
0 0.49602027237415314 0.48641325533390045 0.21074768900871277 0.20337268710136414
0 0.20881157740950584 0.5865830481052399 0.20135707408189774 0.21166974306106567
0 0.13921685796231031 0.8421009182929993 0.2364842537790537 0.24723660945892334
0 0.06688433140516281 0.39131298661231995 0.13376866281032562 0.23485225439071655
0 0.08420762582682073 0.1385987214744091 0.1588565376587212 0.1913853958249092
0 0.3310418799519539 0.9484659135341644 0.2394835203886032 0.10214406251907349
0 0.9245865941047668 0.8082784712314606 0.14535009860992432 0.241132915019989
0 0.7918597757816315 0.38145433366298676 0.21640771627426147 0.22532567381858826
0 0.8226680755615234 0.9637018144130707 0.2610445022583008 0.07224446535110474
0 0.2884830981492996 0.33618664741516113 0.19603416323661804 0.17811459302902222
0 0.06320708990097046 0.9667891561985016 0.12641417980194092 0.06642168760299683
0 0.5773268938064575 0.22611433267593384 0.17614853382110596 0.19033509492874146