0 0.09805724176112562 0.2814497873187065 0.19079026277177036 0.21094460785388947
0 0.3153468668460846 0.42472587525844574 0.20258808135986328 0.2175016701221466
0 0.62595134973526 0.3510691002011299 0.18268287181854248 0.20872579514980316
0 0.6458139419555664 0.9339109659194946 0.21078383922576904 0.12959420680999756
0 0.8095897734165192 0.49375902116298676 0.17780834436416626 0.1920166313648224
0 0.15074949245899916 0.9135325849056244 0.25004258193075657 0.17293483018875122
0 0.6857466101646423 0.0821691796882078 0.17986440658569336 0.15848292992450297
0 0.4376194626092911 0.8512106239795685 0.24174007773399353 0.22901076078414917
0 0.9305054843425751 0.8960632383823395 0.13577324151992798 0.19828182458877563
0 0.7352855503559113 0.7327446341514587 0.18800896406173706 0.23090410232543945
0 0.16691704094409943 0.06756369478534907 0.17514654994010925 0.12969378218986094
0 0.2378886267542839 0.6698461174964905 0.1821761280298233 0.18438291549682617
0 0.060240961611270905 0.5029130429029465 0.12029607594013214 0.199478417634964
0 0.3809128701686859 0.17285197600722313 0.1740759015083313 0.1969640925526619
0 0.8686792552471161 0.24723323434591293 0.1732993721961975 0.2094683200120926
0 0.5325557291507721 0.5811731368303299 0.1764553189277649 0.18529555201530457
0 0.03712752088904381 0.8162440359592438 0.07425504177808762 0.24054545164108276