0 0.0782826766371727 0.6306410729885101 0.1565653532743454 0.23148077726364136
0 0.43119513988494873 0.2735852524638176 0.1896878480911255 0.19157101213932037
0 0.8413785099983215 0.5687954127788544 0.1955273151397705 0.20340102910995483
0 0.33342622220516205 0.523954764008522 0.21238753199577332 0.19775256514549255
0 0.9052470326423645 0.3558901697397232 0.177695631980896 0.2040608823299408
0 0.25173574686050415 0.7803099453449249 0.20659810304641724 0.2456614375114441
0 0.6424326598644257 0.40808168053627014 0.2058064341545105 0.20377367734909058
0 0.6905732154846191 0.21688690409064293 0.19579732418060303 0.1958789899945259
0 0.04528791084885597 0.8833737373352051 0.09027949720621109 0.20786476135253906
0 0.17716638557612896 0.9597194194793701 0.23057333007454872 0.08056116104125977
0 0.940535843372345 0.9292142987251282 0.11263251304626465 0.1386568546295166
0 0.5140657871961594 0.08286862971726805 0.22437790036201477 0.1623339771758765
0 0.7540960609912872 0.827996551990509 0.14857786893844604 0.17277586460113525
0 0.2142978571355343 0.10958401416428387 0.23040223866701126 0.21490741660818458
0 0.10468700435012579 0.37655429542064667 0.17663529701530933 0.1852036416530609