0 0.10621406137943268 0.12887873779982328 0.21242812275886536 0.22578606940805912
0 0.6006799787282944 0.17168816644698381 0.2780485451221466 0.28775024972856045
0 0.22954211384058 0.4862345904111862 0.24383537471294403 0.23883071541786194
0 0.8025641441345215 0.32360168546438217 0.28382623195648193 0.3013390451669693
0 0.07652521878480911 0.3621180057525635 0.15305043756961823 0.22231382131576538
0 0.6634157598018646 0.8232250511646271 0.2742782235145569 0.25361841917037964
0 0.15821343380957842 0.7688926756381989 0.2733147796243429 0.27546221017837524
0 0.8624802827835083 0.10547864437103271 0.2726125717163086 0.21095728874206543
0 0.4621160477399826 0.6676908135414124 0.290852814912796 0.28363752365112305
0 0.3143742308020592 0.26551125943660736 0.23399396240711212 0.26817551255226135
0 0.3634526804089546 0.8859626352787018 0.2686075419187546 0.22807472944259644
0 0.5073385834693909 0.41994257271289825 0.2797989845275879 0.27722880244255066
0 0.8681990802288055 0.9396292865276337 0.24418503046035767 0.11846691370010376
0 0.7396626472473145 0.5829440206289291 0.2784169912338257 0.2575506269931793
0 0.0765041783452034 0.9399222433567047 0.1530083566904068 0.11801093816757202
0 0.9130578339099884 0.7350338697433472 0.16943281888961792 0.2540661096572876
0 0.9286203384399414 0.49457016587257385 0.1427593231201172 0.2775647044181824
0 0.41412656009197235 0.06571352184255375 0.25053730607032776 0.1309638082893798
0 0.5813125818967819 0.964468389749527 0.2527698576450348 0.07106322050094604