0 0.700955718755722 0.6759448051452637 0.2850458025932312 0.2937605381011963
0 0.3356696143746376 0.10687356442213058 0.22759704291820526 0.20751510560512543
0 0.24065787345170975 0.33350128680467606 0.19399766623973846 0.21433572471141815
0 0.5326515287160873 0.2281106449663639 0.20305576920509338 0.21944450587034225
0 0.7666694521903992 0.4054432809352875 0.21873843669891357 0.22496384382247925
0 0.3889271914958954 0.7276299893856049 0.2304171919822693 0.23749786615371704
0 0.5943458676338196 0.8897669315338135 0.2615194320678711 0.22046613693237305
0 0.1946646198630333 0.5951491445302963 0.24165906012058258 0.2618592083454132
0 0.48195116221904755 0.48791933059692383 0.20510199666023254 0.2081845998764038
0 0.9346774220466614 0.03223925456404686 0.12849962711334229 0.06447850912809372
0 0.6737285256385803 0.07555758804664947 0.22237980365753174 0.14936718641547486
0 0.08207720518112183 0.18278459087014198 0.16415441036224365 0.23870157450437546
0 0.8348356187343597 0.17273852042853832 0.23616796731948853 0.2375701703131199
0 0.9676811397075653 0.3719543516635895 0.06328338384628296 0.19455957412719727
0 0.9083169996738434 0.8072159886360168 0.18336600065231323 0.25254321098327637
0 0.6272669434547424 0.2693960666656494 0.194230318069458 0.19837689399719238
0 0.9508865475654602 0.5639583021402359 0.09688925743103027 0.22087106108665466