0 0.9239844381809235 0.8380238711833954 0.150590717792511 0.25650709867477417
0 0.17583973426371813 0.8544373214244843 0.2903218027204275 0.2911253571510315
0 0.7286141514778137 0.6734498739242554 0.24232029914855957 0.2356739044189453
0 0.6810662746429443 0.8912286162376404 0.27177631855010986 0.21754276752471924
0 0.31694456934928894 0.34725797921419144 0.23804348707199097 0.2659389227628708
0 0.44688110053539276 0.7807993292808533 0.24877765774726868 0.2573843002319336
0 0.8231230676174164 0.47006794810295105 0.23169595003128052 0.22568541765213013
0 0.5175176113843918 0.5224971324205399 0.2093508541584015 0.232570618391037
0 0.4282969981431961 0.12193698290502653 0.24449500441551208 0.24124951951671392
0 0.8606247305870056 0.9709778130054474 0.22269964218139648 0.05803471803665161
0 0.22121728211641312 0.5833775699138641 0.1671646684408188 0.16265100240707397
0 0.9234167337417603 0.03922283574956964 0.14544236660003662 0.07840661853515485
0 0.6800597012042999 0.07583865674678236 0.16977816820144653 0.14430841500870883
0 0.36204928159713745 0.9575203955173492 0.23711663484573364 0.08495920896530151
0 0.9673835933208466 0.5556356906890869 0.06000727415084839 0.1858348846435547
0 0.6229732930660248 0.2843637689948082 0.24334114789962769 0.25766874849796295