0 0.859481543302536 0.4874543696641922 0.2605361342430115 0.2537653148174286
0 0.8940585255622864 0.22933626919984818 0.21188294887542725 0.2207488864660263
0 0.629798412322998 0.34508707374334335 0.23761045932769775 0.2391742616891861
0 0.7323032021522522 0.10144821256471914 0.2732827663421631 0.20266368090960896
0 0.5714839547872543 0.5851420909166336 0.2568381130695343 0.2630116641521454
0 0.4254816174507141 0.16756988875567913 0.2706798315048218 0.22599324956536293
0 0.3567581921815872 0.4009830504655838 0.28164181113243103 0.30763110518455505
0 0.9292716085910797 0.8881617784500122 0.13800674676895142 0.20631277561187744
0 0.7675414383411407 0.7508935034275055 0.2779744267463684 0.28926223516464233
0 0.13131556822918355 0.28765062242746353 0.24813292594626546 0.24758456647396088
0 0.7810617685317993 0.9247485995292664 0.26197659969329834 0.1494884490966797