0 0.8917518258094788 0.3659750446677208 0.21649634838104248 0.256849005818367
0 0.8352271914482117 0.6163875162601471 0.25374531745910645 0.27875739336013794
0 0.775236964225769 0.852435976266861 0.27568519115448 0.28014320135116577
0 0.13909988291561604 0.07150170802924549 0.16113650426268578 0.14275516867928673
0 0.073061452829279 0.8796305954456329 0.1405833929311484 0.16242676973342896
0 0.3780955374240875 0.05409371852874756 0.17099523544311523 0.10818743705749512
0 0.335706889629364 0.14441832900047302 0.16324692964553833 0.17527467012405396
0 0.2956377640366554 0.26287033408880234 0.1578117460012436 0.13428159058094025
0 0.08516311342827976 0.18111427873373032 0.15742993960157037 0.15909244120121002
0 0.044064294546842575 0.40485572814941406 0.08637281507253647 0.1487799882888794
0 0.26267264783382416 0.35524772107601166 0.16368672251701355 0.1310419738292694
0 0.05906849131861236 0.2906233072280884 0.11748588530463167 0.13276618719100952
0 0.927938848733902 0.9329580366611481 0.14133793115615845 0.13198322057724
0 0.9618835747241974 0.7629176378250122 0.07258588075637817 0.25253045558929443
0 0.9485011100769043 0.1259854156523943 0.09979498386383057 0.2203405760228634