0 0.08358270255848765 0.2748631089925766 0.1479859882965684 0.12768957018852234
0 0.4765974283218384 0.534185603260994 0.18732893466949463 0.16063448786735535
0 0.12998435087502003 0.1722049005329609 0.19309630617499352 0.17160596698522568
0 0.27632003277540207 0.4444766640663147 0.16005291044712067 0.13733816146850586
0 0.22789152711629868 0.5615729093551636 0.20308919250965118 0.17819523811340332
0 0.6121080815792084 0.8207250833511353 0.1691843867301941 0.15627193450927734
0 0.3100224509835243 0.3469391167163849 0.1657722443342209 0.1464329957962036
0 0.42570778727531433 0.6466537117958069 0.173234760761261 0.15839624404907227
0 0.5225905179977417 0.43435612320899963 0.16642343997955322 0.1443902850151062
0 0.171240646392107 0.6673082709312439 0.15420236438512802 0.13685274124145508
0 0.8570033013820648 0.21201280504465103 0.16374272108078003 0.14638195931911469
0 0.6638956665992737 0.7041597366333008 0.16796541213989258 0.14916229248046875
0 0.8538144528865814 0.8160360455513 0.17519336938858032 0.1452629566192627
0 0.9627768695354462 0.37279435992240906 0.07198220491409302 0.13770806789398193
0 0.5680586993694305 0.9284330308437347 0.13685065507888794 0.1208755373954773
0 0.17000675201416016 0.06490302237216383 0.1667008399963379 0.12657478149048984
0 0.06393713952274993 0.38589972257614136 0.12636376020964235 0.1533183455467224
0 0.34349068999290466 0.24011869728565216 0.1578460931777954 0.13929560780525208
0 0.7994616031646729 0.31640389561653137 0.1535435914993286 0.12322431802749634
0 0.6966008841991425 0.6070465445518494 0.16266053915023804 0.14987802505493164
0 0.30906447023153305 0.9383951425552368 0.16317148506641388 0.12167966365814209
0 0.7658975422382355 0.4289615601301193 0.1767149567604065 0.1778053343296051
0 0.3418582081794739 0.853925883769989 0.15608519315719604 0.14599084854125977
0 0.06642351899063215 0.9460631608963013 0.12941628985572606 0.10453414916992188
0 0.3922334611415863 0.7599267363548279 0.16854524612426758 0.1483539342880249
0 0.8766187727451324 0.7240539789199829 0.16860979795455933 0.13496005535125732
0 0.7427023947238922 0.5283510237932205 0.15148407220840454 0.1130591332912445
0 0.04279045315342955 0.5058959126472473 0.08442858752096072 0.17627429962158203
0 0.5573178976774216 0.3176898807287216 0.14668074250221252 0.1319078505039215
0 0.779722660779953 0.9677968919277191 0.15717798471450806 0.06440621614456177
0 0.8134569525718689 0.9041443765163422 0.15496838092803955 0.1278669238090515
0 0.5193088054656982 0.9726236462593079 0.1727670431137085 0.05475270748138428
0 0.9407463371753693 0.5957252681255341 0.11152917146682739 0.12879353761672974
0 0.37511439621448517 0.14494073763489723 0.14451190829277039 0.1278533861041069
0 0.8896375298500061 0.09015616774559021 0.21576964855194092 0.18031233549118042
0 0.9569865465164185 0.4735668748617172 0.08192312717437744 0.1498517096042633
0 0.14270775578916073 0.7588216066360474 0.1676849015057087 0.18033325672149658
0 0.02334163896739483 0.03863749877200462 0.04668327793478966 0.07634683995274827
0 0.8068318665027618 0.04066566826077178 0.16413956880569458 0.08004287478979677
0 0.5982452630996704 0.23126298934221268 0.13772070407867432 0.12033490836620331