0 0.8930210173130035 0.13032665103673935 0.20684856176376343 0.22197048366069794
0 0.9198455810546875 0.7813487946987152 0.15611135959625244 0.20723098516464233
0 0.28090014308691025 0.3299729824066162 0.24139036238193512 0.23624199628829956
0 0.182374969124794 0.5855041444301605 0.2571939527988434 0.2319290041923523
0 0.3741249740123749 0.09614541381597519 0.18280935287475586 0.18080000579357147
0 0.08725207298994064 0.16944598592817783 0.1745041459798813 0.23358584567904472
0 0.04553145393583691 0.43112578988075256 0.0906157001882093 0.20995885133743286
0 0.49494314193725586 0.4768294245004654 0.2045903205871582 0.204075425863266
0 0.6969390511512756 0.6129692494869232 0.18989253044128418 0.17932206392288208
0 0.7770857214927673 0.3892521858215332 0.2528423070907593 0.24862945079803467
0 0.6333513855934143 0.04774971678853035 0.20559191703796387 0.0954994335770607
0 0.9625014364719391 0.5266307592391968 0.07212203741073608 0.19483816623687744
0 0.8558917045593262 0.9623706936836243 0.2418142557144165 0.07425212860107422