0 0.7351893782615662 0.8993777334690094 0.2134695053100586 0.1902490258216858
0 0.46983230113983154 0.08700095117092133 0.17661237716674805 0.1689613163471222
0 0.22729268670082092 0.8257947266101837 0.19100338220596313 0.19977718591690063
0 0.8780817091464996 0.3644830137491226 0.21378189325332642 0.20435157418251038
0 0.4467350095510483 0.9368391036987305 0.2092743217945099 0.12106990814208984
0 0.3019667938351631 0.5759190618991852 0.18030469119548798 0.21835929155349731
0 0.6887972950935364 0.22517695277929306 0.17076802253723145 0.16251863539218903
0 0.15287608467042446 0.1594749242067337 0.21250366047024727 0.23933783173561096
0 0.7989186346530914 0.6205252408981323 0.1869540810585022 0.19056665897369385
0 0.5348578542470932 0.7261417210102081 0.21397092938423157 0.20891839265823364
0 0.09022968425415456 0.3967057466506958 0.17095817299559712 0.18042701482772827
0 0.946132481098175 0.9633706212043762 0.10578346252441406 0.07180249691009521
0 0.5761156231164932 0.4690072238445282 0.18079540133476257 0.20301097631454468
0 0.9541246592998505 0.7815681993961334 0.08819180727005005 0.18760710954666138
0 0.7614493668079376 0.05607722926652059 0.196774423122406 0.10856206261087209
0 0.9513254463672638 0.11403746455835062 0.09446829557418823 0.2279309421792277
0 0.3657361716032028 0.30342867970466614 0.18861499428749084 0.19354701042175293