0 0.8756693005561829 0.49514542520046234 0.23730051517486572 0.24904528260231018
0 0.7887951731681824 0.7383864521980286 0.2149510383605957 0.22694993019104004
0 0.3885096609592438 0.421657532453537 0.20031893253326416 0.2030314803123474
0 0.9413929879665375 0.8826874494552612 0.11645239591598511 0.2266981601715088
0 0.45320770144462585 0.2186056189239025 0.21968930959701538 0.2233850136399269
0 0.5736250877380371 0.5957148671150208 0.23540592193603516 0.22185325622558594
0 0.6767295002937317 0.3415861800312996 0.23400282859802246 0.24734549224376678
0 0.49652865529060364 0.8410767614841461 0.24408608675003052 0.25126177072525024
0 0.9199498295783997 0.24565980210900307 0.15259039402008057 0.24424313753843307
0 0.708742767572403 0.9372109472751617 0.25435322523117065 0.12379413843154907
0 0.1944245658814907 0.9191807806491852 0.21070391684770584 0.15620654821395874
0 0.2975120544433594 0.6780731678009033 0.24918889999389648 0.22783386707305908
0 0.07217029482126236 0.5073114484548569 0.14434058964252472 0.2214381992816925
0 0.7604566216468811 0.08294488041428849 0.20509123802185059 0.1630040496820584