0 0.7294258773326874 0.216630220413208 0.1692410111427307 0.13736438751220703
0 0.5595476180315018 0.0592178858933039 0.16387364268302917 0.11517624405678362
0 0.5063166320323944 0.2665928229689598 0.12852710485458374 0.13377739489078522
0 0.5287805795669556 0.15536129847168922 0.13446009159088135 0.15566381067037582
0 0.9228987991809845 0.27985354512929916 0.14426535367965698 0.14508916437625885
0 0.767394483089447 0.1284055020660162 0.17599725723266602 0.1482471413910389
0 0.6714571714401245 0.30905938893556595 0.14946937561035156 0.1346687525510788
0 0.5263220518827438 0.7450012564659119 0.18154671788215637 0.15291380882263184
0 0.6152053773403168 0.5387537032365799 0.1734740138053894 0.14090844988822937
0 0.9394338726997375 0.8919168412685394 0.11171936988830566 0.12303715944290161
0 0.9595828354358673 0.18853690475225449 0.0790594220161438 0.12511201202869415
0 0.5786325484514236 0.6297089755535126 0.19078359007835388 0.1638053059577942
0 0.8049591183662415 0.033778595923649846 0.18259787559509277 0.06738608479645336
0 0.4680957943201065 0.3653542846441269 0.09321245551109314 0.11854425072669983
0 0.6372167468070984 0.42732955515384674 0.16995954513549805 0.15248283743858337
0 0.45226484537124634 0.43646062910556793 0.0719040036201477 0.11581745743751526
0 0.9765990674495697 0.6818775534629822 0.046801865100860596 0.1339411735534668
0 0.9058559536933899 0.4174210727214813 0.1786283254623413 0.2026565670967102
0 0.8876456618309021 0.9536801874637604 0.1699686050415039 0.09263962507247925
0 0.9798623919487 0.11367221921682358 0.04022407531738281 0.14860056340694427