0 0.8925382792949677 0.33516643941402435 0.2149234414100647 0.2392365038394928
0 0.25315050035715103 0.7867462038993835 0.25523196160793304 0.2726372480392456
0 0.19917359575629234 0.1278249965980649 0.23299629241228104 0.2180358376353979
0 0.487864226102829 0.07471662014722824 0.24759715795516968 0.14943324029445648
0 0.6929534077644348 0.20955928787589073 0.26336097717285156 0.26476288586854935
0 0.4381827861070633 0.9074757993221283 0.25448867678642273 0.1850484013557434
0 0.9392329454421997 0.11615390190854669 0.11517143249511719 0.2176071284338832
0 0.22774291783571243 0.9405921101570129 0.26541756093502045 0.11657559871673584
0 0.4106634557247162 0.30220402032136917 0.22839373350143433 0.23233525454998016
0 0.586278885602951 0.44731858372688293 0.253132164478302 0.2553918957710266
0 0.3422499746084213 0.5294233113527298 0.21149942278862 0.21680232882499695
0 0.07034724950790405 0.6227735877037048 0.1406944990158081 0.24551105499267578
0 0.05594697073684074 0.8782718479633331 0.11056509165791795 0.21927422285079956
0 0.9143365919589996 0.9353718757629395 0.16596561670303345 0.12822306156158447