0 0.5132135301828384 0.8294714391231537 0.23476514220237732 0.2403671145439148
0 0.3171657994389534 0.6999369859695435 0.23249273002147675 0.25521695613861084
0 0.7149013578891754 0.9384921193122864 0.23066216707229614 0.12229704856872559
0 0.5810753107070923 0.5669828802347183 0.1876908540725708 0.19382867217063904
0 0.15279432851821184 0.2661576569080353 0.27221966348588467 0.2838359475135803
0 0.07008383423089981 0.7681390941143036 0.14016766846179962 0.2586917281150818
0 0.9357838034629822 0.22496706247329712 0.12686729431152344 0.18134862184524536
0 0.687216579914093 0.3314788341522217 0.18750691413879395 0.19080829620361328
0 0.09160679578781128 0.5409102141857147 0.18321359157562256 0.25409406423568726
0 0.21820564568042755 0.8987233340740204 0.2570108473300934 0.20255333185195923
0 0.8695793449878693 0.4802141785621643 0.1914922595024109 0.20834505558013916
0 0.35644853115081787 0.42576898634433746 0.17745071649551392 0.17343100905418396
0 0.23163063451647758 0.08438010513782501 0.2730036750435829 0.16876021027565002
0 0.7846792638301849 0.7239259779453278 0.19807451963424683 0.19302183389663696
0 0.413432240486145 0.9579344689846039 0.2969719171524048 0.08413106203079224
0 0.44097164273262024 0.17722388356924057 0.18211346864700317 0.18286682665348053
0 0.04417695477604866 0.11303771287202835 0.08835390955209732 0.2132789045572281