0 0.25412311404943466 0.47429458796977997 0.18609829246997833 0.18087640404701233
0 0.8832837641239166 0.9006674885749817 0.23343247175216675 0.19866502285003662
0 0.08280880749225616 0.941955953836441 0.16561761498451233 0.11608809232711792
0 0.8636166751384735 0.27115992456674576 0.272766649723053 0.28398679196834564
0 0.12981603108346462 0.07752181441173889 0.19437827542424202 0.15325457154540345
0 0.7218464016914368 0.7999144494533539 0.23764777183532715 0.23117107152938843
0 0.09678764641284943 0.3575363755226135 0.19357529282569885 0.2749202847480774
0 0.41113966703414917 0.06716133505688049 0.2022719383239746 0.13322419225005433
0 0.5191129595041275 0.6318233609199524 0.24728497862815857 0.24097418785095215
0 0.3642669543623924 0.2389235496520996 0.2336733490228653 0.25681447982788086
0 0.9152942895889282 0.0642765075317584 0.16077423095703125 0.1253374993102625
0 0.6824689507484436 0.12621586327441037 0.2805821895599365 0.2482909201644361
0 0.17290018498897552 0.7341953217983246 0.23753401637077332 0.2462032437324524
0 0.7362987995147705 0.9525053203105927 0.20997893810272217 0.09474426507949829
0 0.9336924850940704 0.6910767257213593 0.1271875500679016 0.22156816720962524
0 0.5892548263072968 0.953155905008316 0.210049569606781 0.09368818998336792