0 0.9169827401638031 0.3496052846312523 0.1626022458076477 0.2062208205461502
0 0.4041626453399658 0.282805860042572 0.17951107025146484 0.19083285331726074
0 0.521381288766861 0.6954140663146973 0.1789453625679016 0.1948162317276001
0 0.7413194477558136 0.8406484723091125 0.19505280256271362 0.20375466346740723
0 0.45774371922016144 0.9266436696052551 0.19150397181510925 0.14387834072113037
0 0.926273912191391 0.9469369053840637 0.14189797639846802 0.10463178157806396
0 0.8061237633228302 0.5877167880535126 0.18025225400924683 0.19945412874221802
0 0.6200958490371704 0.43505726754665375 0.1778954267501831 0.18942657113075256
0 0.24720370024442673 0.8174626529216766 0.183920755982399 0.19358938932418823
0 0.6923552453517914 0.21699567139148712 0.15713471174240112 0.16548863053321838
0 0.9588192105293274 0.7432746589183807 0.08013403415679932 0.20781177282333374
0 0.21425853297114372 0.12835652567446232 0.18968770653009415 0.17337976023554802
0 0.5007584244012833 0.0817035362124443 0.22517940402030945 0.15994881093502045
0 0.06960480066481978 0.6369437873363495 0.13594543631188571 0.19792455434799194
0 0.32181087136268616 0.5525536686182022 0.16802310943603516 0.18490490317344666
0 0.15547710098326206 0.9709311723709106 0.20659209415316582 0.05786097049713135