0 0.11907089641317725 0.8784070014953613 0.21484331507235765 0.22650492191314697
0 0.5689007341861725 0.28619159758090973 0.19531601667404175 0.2141355574131012
0 0.8078299760818481 0.4226967841386795 0.2670987844467163 0.22897383570671082
0 0.296485997736454 0.3717193603515625 0.21063922345638275 0.21232366561889648
0 0.3601132929325104 0.12497675325721502 0.18926513195037842 0.19654789753258228
0 0.19454317539930344 0.6064939200878143 0.21694572269916534 0.22650140523910522
0 0.419559583067894 0.7664779722690582 0.2624383270740509 0.2802128195762634
0 0.4924897253513336 0.5099801123142242 0.1906554102897644 0.1921585202217102
0 0.048501938581466675 0.47305913269519806 0.09635138511657715 0.20752176642417908
0 0.633184403181076 0.9105525314807892 0.23413854837417603 0.1723749041557312
0 0.8774349391460419 0.19592564925551414 0.23565155267715454 0.2162616327404976