0 0.5739440470933914 0.8275644481182098 0.2170836627483368 0.20792025327682495
0 0.3565875142812729 0.6727847456932068 0.1771862804889679 0.18746232986450195
0 0.8826422691345215 0.7537176609039307 0.2298187017440796 0.22193634510040283
0 0.6509933173656464 0.611588329076767 0.18863266706466675 0.19628304243087769
0 0.21845458447933197 0.2724517956376076 0.202055424451828 0.1966477483510971
0 0.12878145836293697 0.5074677467346191 0.19454680755734444 0.19167649745941162
0 0.05757497623562813 0.7323508262634277 0.11514995247125626 0.179726243019104
0 0.7571736574172974 0.9415712356567383 0.26324665546417236 0.11556112766265869
0 0.2491086646914482 0.8931073546409607 0.22386927902698517 0.20225059986114502
0 0.054531633853912354 0.1318413196131587 0.10906326770782471 0.2131874207407236
0 0.4432123899459839 0.4418894797563553 0.24311602115631104 0.2397577464580536
0 0.4814557582139969 0.9724836349487305 0.23162242770195007 0.05312955379486084