0 0.8905363082885742 0.27014096081256866 0.18259990215301514 0.186155766248703
0 0.1560977455228567 0.9262144267559052 0.1964145191013813 0.145250141620636
0 0.10027941316366196 0.2823452055454254 0.2005588263273239 0.2114241123199463
0 0.23678718507289886 0.7112108469009399 0.199838787317276 0.19945907592773438
0 0.6636200845241547 0.12159631308168173 0.20793133974075317 0.20976619608700275
0 0.06627708673477173 0.5619644224643707 0.13255417346954346 0.2020370364189148
0 0.38592052459716797 0.19598255679011345 0.2070867419242859 0.19138846546411514
0 0.5919206738471985 0.3654511868953705 0.18632090091705322 0.18487387895584106
0 0.8061174750328064 0.4949353337287903 0.17952251434326172 0.18029308319091797
0 0.9280498623847961 0.07126250280998647 0.13247990608215332 0.13442541332915425
0 0.27863243222236633 0.4756316691637039 0.18703937530517578 0.1990785300731659
0 0.4491301625967026 0.8689471483230591 0.20359233021736145 0.1849743127822876
0 0.17381660640239716 0.08281354024074972 0.1669820249080658 0.15566371055319905
0 0.035906899720430374 0.8199520409107208 0.07181379944086075 0.22512608766555786