0 0.10940594971179962 0.4017409384250641 0.21881189942359924 0.2826555371284485
0 0.7225639522075653 0.8752973675727844 0.24923592805862427 0.2391364574432373
0 0.7862489521503448 0.6266204118728638 0.23843711614608765 0.24893474578857422
0 0.5134238004684448 0.7481878399848938 0.26057207584381104 0.2601054906845093
0 0.2894452139735222 0.5739362835884094 0.20885969698429108 0.20633041858673096
0 0.8920249938964844 0.9656955301761627 0.2153177261352539 0.06860893964767456
0 0.43436647951602936 0.9295303523540497 0.19052883982658386 0.13631480932235718
0 0.9533676505088806 0.864399641752243 0.08964920043945312 0.20620518922805786
0 0.8636477589607239 0.3506556823849678 0.24551427364349365 0.24229054152965546
0 0.9569602906703949 0.7436084747314453 0.08210164308547974 0.15481936931610107
0 0.9691992998123169 0.483987495303154 0.06021595001220703 0.22821322083473206