0 0.6335780322551727 0.9240919649600983 0.22684866189956665 0.15181607007980347
0 0.22965166717767715 0.7582347393035889 0.15067677199840546 0.14553582668304443
0 0.572057843208313 0.5327500253915787 0.17721474170684814 0.17623528838157654
0 0.48798875510692596 0.14427025243639946 0.17681732773780823 0.1477874293923378
0 0.41633015871047974 0.9274205267429352 0.17567873001098633 0.143140971660614
0 0.44304056465625763 0.820608377456665 0.18397864699363708 0.163565993309021
0 0.20630726963281631 0.8683615624904633 0.16618482768535614 0.14257949590682983
0 0.7877968847751617 0.612931877374649 0.1985817551612854 0.18958371877670288
0 0.6158180236816406 0.42202916741371155 0.15713882446289062 0.14145851135253906
0 0.44061727821826935 0.2529633194208145 0.1633569896221161 0.1449820101261139
0 0.4105786681175232 0.3473340570926666 0.14135754108428955 0.12652921676635742
0 0.15533232688903809 0.9529739618301392 0.12815776467323303 0.09188234806060791
0 0.5054866224527359 0.053665744548197836 0.1375785768032074 0.10459227405954152
0 0.925990104675293 0.19586702436208725 0.13665294647216797 0.13599355518817902
0 0.38030004501342773 0.4392007738351822 0.13372009992599487 0.11754009127616882
0 0.6601641178131104 0.3185969889163971 0.17395496368408203 0.15550017356872559
0 0.9054570198059082 0.29681263864040375 0.16604840755462646 0.14625802636146545
0 0.8732917904853821 0.4074741452932358 0.17041528224945068 0.13639631867408752
0 0.7548476457595825 0.06804088353965199 0.15891873836517334 0.1358275294332998
0 0.3047110214829445 0.6574082672595978 0.15047608315944672 0.13445550203323364
0 0.7344165444374084 0.11665317974984646 0.16173720359802246 0.15397678688168526
0 0.4851580262184143 0.6780147850513458 0.12344980239868164 0.12712842226028442
0 0.7097449898719788 0.20691946521401405 0.1895970106124878 0.18246232718229294
0 0.9498378336429596 0.07837623357772827 0.10032433271408081 0.15675246715545654
0 0.18761301413178444 0.2696361839771271 0.145471028983593 0.15637743473052979
0 0.08137361099943519 0.9850944578647614 0.14025602955371141 0.029278576374053955