0 0.7624708414077759 0.37842777371406555 0.26782286167144775 0.2800787091255188
0 0.5761863142251968 0.8713268339633942 0.29087695479393005 0.25734633207321167
0 0.37028704583644867 0.7166396081447601 0.2364661991596222 0.22196835279464722
0 0.8722619116306305 0.7913789749145508 0.2541502118110657 0.27174150943756104
0 0.2853594049811363 0.9288874566555023 0.21817804872989655 0.14222508668899536
0 0.08467821031808853 0.8159210085868835 0.16935642063617706 0.23993194103240967
0 0.15791433490812778 0.5640352815389633 0.2575422637164593 0.26394322514533997
0 0.8295026123523712 0.1313592583173886 0.26168709993362427 0.256253820611164
0 0.442763090133667 0.4829599857330322 0.2028731107711792 0.19773578643798828
0 0.6849139928817749 0.617632120847702 0.29558074474334717 0.25704652070999146
0 0.9207409024238586 0.5124286711215973 0.153525710105896 0.2166317105293274
0 0.049540727588464506 0.3286093845963478 0.09832029193057679 0.1769314855337143
0 0.06990333646535873 0.13359840400516987 0.13980667293071747 0.224521454423666
0 0.756989061832428 0.9432795643806458 0.22458624839782715 0.10901713371276855
0 0.30135275423526764 0.08199935406446457 0.2649053633213043 0.16399870812892914