0 0.6324242949485779 0.8432316780090332 0.25508737564086914 0.24310338497161865
0 0.10685548931360245 0.13569028116762638 0.2137109786272049 0.23685483261942863
0 0.41893720626831055 0.689465194940567 0.3056076765060425 0.2872762084007263
0 0.7103174924850464 0.6197190433740616 0.24023425579071045 0.24536344408988953
0 0.367803618311882 0.9162546694278717 0.24296316504478455 0.1674906611442566
0 0.9197531640529633 0.7348175644874573 0.15921229124069214 0.20702600479125977
0 0.22556404396891594 0.5332328975200653 0.26616183668375015 0.2855367064476013
0 0.07061557471752167 0.3748997375369072 0.14123114943504333 0.25858737528324127
0 0.8878796398639679 0.11385038343723863 0.2242407202720642 0.2223739952314645
0 0.49429528415203094 0.46503913402557373 0.2809782326221466 0.27287209033966064
0 0.13558138348162174 0.7957276701927185 0.2381860427558422 0.25318050384521484
0 0.303985632956028 0.2909311428666115 0.28309987485408783 0.29854123294353485
0 0.394156739115715 0.0855538472533226 0.25847128033638 0.1711076945066452
0 0.8350962996482849 0.9382413029670715 0.2573890686035156 0.12121105194091797
0 0.5889167934656143 0.20704986155033112 0.2686487138271332 0.305046945810318
0 0.940878301858902 0.49035143852233887 0.11824339628219604 0.24046659469604492
0 0.7754526734352112 0.3394879698753357 0.21980500221252441 0.22351747751235962
0 0.6540806293487549 0.055144464247860014 0.20758426189422607 0.10819057072512805