0 0.2681995779275894 0.20178376138210297 0.22662344574928284 0.2524615228176117
0 0.40989284217357635 0.6156791299581528 0.2595900595188141 0.2654551565647125
0 0.8784653842449188 0.6254472732543945 0.1842401623725891 0.20257914066314697
0 0.6322245597839355 0.7795356214046478 0.2671703100204468 0.26496952772140503
0 0.12202193588018417 0.7159641087055206 0.23993127048015594 0.2523842453956604
0 0.4534541219472885 0.31896545737981796 0.21023276448249817 0.21141763031482697
0 0.9510269463062286 0.43050795793533325 0.09773939847946167 0.17877256870269775
0 0.21193800121545792 0.46390677988529205 0.2529161423444748 0.2715749442577362
0 0.7738674581050873 0.24989726766943932 0.23961859941482544 0.26397819072008133
0 0.6806179285049438 0.5102862566709518 0.2346740961074829 0.23529914021492004
0 0.5788975954055786 0.1260223537683487 0.27760326862335205 0.2520447075366974
0 0.07339372334536165 0.08622162195388228 0.1410541117656976 0.16772365267388523
0 0.05824404954910278 0.3025693967938423 0.11648809909820557 0.23056809604167938
0 0.8262729048728943 0.8982141613960266 0.2522491216659546 0.20357167720794678
0 0.8720654845237732 0.06702661962481216 0.20632362365722656 0.1318916886812076
0 0.5174331665039062 0.9479288160800934 0.17654895782470703 0.10038644075393677