0 0.09808234870433807 0.6794846951961517 0.19616469740867615 0.2802068591117859
0 0.15040328493341804 0.43285252153873444 0.2748572351410985 0.29782459139823914
0 0.07321359366142133 0.8975906670093536 0.1463355392224912 0.20481866598129272
0 0.42540061473846436 0.3442602977156639 0.2275792360305786 0.2512817531824112
0 0.2905995696783066 0.8476219177246094 0.27435633540153503 0.2675069570541382
0 0.6600460708141327 0.5195952504873276 0.2333042025566101 0.20134237408638
0 0.8690849542617798 0.6654635965824127 0.25212574005126953 0.26357775926589966
0 0.52231664955616 0.11262387502938509 0.23329231142997742 0.19917448423802853
0 0.3552587330341339 0.5910505503416061 0.22914034128189087 0.24581578373908997
0 0.21001869440078735 0.18554570898413658 0.25093555450439453 0.22509361058473587
0 0.5500257164239883 0.7612163722515106 0.22130891680717468 0.25086480379104614
0 0.7916573286056519 0.8931356370449066 0.23665297031402588 0.2092025876045227
0 0.9193733334541321 0.42451097071170807 0.15884649753570557 0.22246524691581726
0 0.06726681295549497 0.07172664851532318 0.13247628801036626 0.14278927742270753
0 0.4800250083208084 0.9515034854412079 0.24971625208854675 0.09590739011764526
0 0.03887423872947693 0.26385388523340225 0.07774847745895386 0.25247929990291595
0 0.6864036023616791 0.3585941940546036 0.19924134016036987 0.16880980134010315
0 0.9309428334236145 0.9605589807033539 0.13625812530517578 0.07877558469772339