0 0.46980421245098114 0.5497195869684219 0.284885436296463 0.2917204797267914
0 0.3109644800424576 0.14995494484901428 0.2859279215335846 0.292680561542511
0 0.1807752288877964 0.6135906875133514 0.23164241760969162 0.21969681978225708
0 0.8258914947509766 0.17951303534209728 0.2529226541519165 0.2610188163816929
0 0.24523728340864182 0.37070272117853165 0.22329623997211456 0.2535315006971359
0 0.62855663895607 0.09424440562725067 0.27731114625930786 0.18848881125450134
0 0.559553399682045 0.30695129930973053 0.27673205733299255 0.28624066710472107
0 0.7340919077396393 0.4670056849718094 0.2636018395423889 0.2784901559352875
0 0.12371437717229128 0.0637146204826422 0.19967221282422543 0.1244494974380359
0 0.3838954269886017 0.7741397619247437 0.1897214651107788 0.18942272663116455
0 0.6688540577888489 0.6889100074768066 0.23879659175872803 0.24260962009429932
0 0.08102600276470184 0.24039150401949883 0.1620520055294037 0.2528067007660866
0 0.9248516261577606 0.6164906919002533 0.14308661222457886 0.2492472529411316
0 0.9420677125453949 0.9695792198181152 0.1158645749092102 0.059870362281799316