0 0.4051278382539749 0.8281086087226868 0.20340916514396667 0.19937396049499512
0 0.8754307627677917 0.22859905660152435 0.17714715003967285 0.16702118515968323
0 0.348890945315361 0.9245349168777466 0.17798790335655212 0.14866602420806885
0 0.6880796551704407 0.37596555054187775 0.20685231685638428 0.21500471234321594
0 0.9646612405776978 0.2808719649910927 0.06796109676361084 0.13723354041576385
0 0.6055141985416412 0.09559827437624335 0.17065995931625366 0.16914345044642687
0 0.578500896692276 0.9578993022441864 0.15641218423843384 0.08266597986221313
0 0.741099089384079 0.1637161299586296 0.16304951906204224 0.15953011810779572
0 0.934624582529068 0.042757374816574156 0.130750834941864 0.08325277711264789
0 0.8369216024875641 0.4254869073629379 0.13180261850357056 0.13931456208229065
0 0.9424518048763275 0.5083681344985962 0.11509639024734497 0.1798769235610962