0 0.46955062448978424 0.274368979036808 0.19073471426963806 0.20682702958583832
0 0.6165616065263748 0.6910406649112701 0.2575201690196991 0.2715016007423401
0 0.6779313683509827 0.4108911603689194 0.25000178813934326 0.23424199223518372
0 0.8811249732971191 0.5916160643100739 0.2285383939743042 0.26424676179885864
0 0.8256254494190216 0.8455758094787598 0.2480584979057312 0.25071942806243896
0 0.3233687952160835 0.7687563002109528 0.20608274638652802 0.19797998666763306
0 0.9243696331977844 0.33419302850961685 0.15040850639343262 0.2621883600950241
0 0.7675458788871765 0.1958387140184641 0.27474260330200195 0.2889605276286602
0 0.3837180882692337 0.5187869220972061 0.16947606205940247 0.189565509557724
0 0.20955508202314377 0.9617997407913208 0.19586630165576935 0.07407093048095703
0 0.5244543254375458 0.9203283488750458 0.2046303153038025 0.15470808744430542
0 0.18664055690169334 0.389144167304039 0.22927624732255936 0.21927925944328308
0 0.953260064125061 0.9545079469680786 0.09045827388763428 0.08802735805511475
0 0.05471036583185196 0.9544317424297333 0.10942073166370392 0.08683818578720093