0 0.6180235743522644 0.28176889568567276 0.19765901565551758 0.21954844892024994
0 0.3863136023283005 0.13492546882480383 0.24189630150794983 0.2291738409548998
0 0.5238577872514725 0.5415091067552567 0.26666662096977234 0.27181121706962585
0 0.23966050520539284 0.623586043715477 0.27075105160474777 0.29897430539131165
0 0.6569441854953766 0.9200036227703094 0.2154192328453064 0.1599927544593811
0 0.33889196068048477 0.393944650888443 0.2189687341451645 0.236250102519989
0 0.6913676261901855 0.08005539627629332 0.23791444301605225 0.15891177352750674
0 0.45643915235996246 0.7952995896339417 0.27564868330955505 0.2854573726654053
0 0.877510666847229 0.21329335495829582 0.244978666305542 0.24228373914957047
0 0.8393392860889435 0.45191046595573425 0.25920408964157104 0.2818496823310852
0 0.9315184652805328 0.8525860011577606 0.13696306943893433 0.272335946559906
0 0.10915730148553848 0.20294219255447388 0.21831460297107697 0.2395491600036621
0 0.741275280714035 0.7081127762794495 0.224917471408844 0.2409055233001709
0 0.1593861673027277 0.8720900416374207 0.26574162766337395 0.25292158126831055
0 0.07808593660593033 0.5038383305072784 0.15617187321186066 0.270649254322052
0 0.9394339621067047 0.043490417301654816 0.12032490968704224 0.08698083460330963
0 0.33967648446559906 0.9538602828979492 0.2661459147930145 0.09227943420410156
0 0.16066612303256989 0.0454394705593586 0.22667637467384338 0.0908789411187172