0 0.8884877562522888 0.6368372440338135 0.22302448749542236 0.2560300827026367
0 0.41621896624565125 0.5807081162929535 0.2594861388206482 0.27755802869796753
0 0.9428816735744476 0.37210308015346527 0.11423665285110474 0.25429651141166687
0 0.8492482006549835 0.8736858069896698 0.28110450506210327 0.2526283860206604
0 0.7928522229194641 0.24247264117002487 0.24390661716461182 0.25252456963062286
0 0.49792933464050293 0.3196640759706497 0.20541560649871826 0.22414526343345642
0 0.7115558981895447 0.5139202773571014 0.26845884323120117 0.27140170335769653
0 0.5791109949350357 0.08558104187250137 0.27151307463645935 0.17116208374500275
0 0.6131373643875122 0.7261345684528351 0.2017965316772461 0.21844464540481567
0 0.5369235575199127 0.9517773687839508 0.2112477421760559 0.09621661901473999
0 0.2127586118876934 0.4148404598236084 0.256497360765934 0.24651432037353516
0 0.3577817976474762 0.8385176658630371 0.22027254104614258 0.23400366306304932
0 0.05439756438136101 0.2346634678542614 0.10879512876272202 0.21959469467401505
0 0.11855274345725775 0.06608004122972488 0.18073532171547413 0.1288069635629654
0 0.2862582877278328 0.17257860861718655 0.26394014060497284 0.2501707561314106
0 0.37343432009220123 0.9627891480922699 0.21672973036766052 0.0744217038154602