0 0.07977233233395964 0.5771435648202896 0.1563123285304755 0.1560283601284027
0 0.11563592590391636 0.46783918142318726 0.16429371759295464 0.15240156650543213
0 0.18620558455586433 0.2634980231523514 0.1699494943022728 0.15986260771751404
0 0.3664780557155609 0.46139203011989594 0.17261260747909546 0.16522100567817688
0 0.24703846126794815 0.1672520972788334 0.1640704721212387 0.14769449084997177
0 0.05466198921203613 0.6839832961559296 0.10614299774169922 0.13808351755142212
0 0.1548367366194725 0.36460447311401367 0.16496656835079193 0.15012437105178833
0 0.2780240848660469 0.061000784509815276 0.1482323259115219 0.11638439144007862
0 0.6201523840427399 0.4241180419921875 0.16411226987838745 0.1482275128364563
0 0.5295895636081696 0.06935714930295944 0.19127005338668823 0.13846613466739655
0 0.2508123144507408 0.7734890878200531 0.14802570641040802 0.14752453565597534
0 0.29321539402008057 0.6557203829288483 0.1829635500907898 0.18680912256240845
0 0.421453520655632 0.36368733644485474 0.1445516049861908 0.11237341165542603
0 0.45954330265522003 0.14415069669485092 0.1298982799053192 0.12227384746074677
0 0.6742008328437805 0.2985508292913437 0.1730051040649414 0.15057411789894104
0 0.16758766397833824 0.9446238577365875 0.17015988379716873 0.10833722352981567
0 0.4460024982690811 0.8639152646064758 0.19246706366539001 0.17498266696929932
0 0.2098102644085884 0.8690150380134583 0.15236394107341766 0.1279141902923584
0 0.5396063476800919 0.6328310668468475 0.17533573508262634 0.153453528881073
0 0.4573213905096054 0.2634754031896591 0.18250492215156555 0.16510632634162903
0 0.04063088895054534 0.7863910496234894 0.07929981348570436 0.12995654344558716
0 0.3398092985153198 0.563232809305191 0.1267344355583191 0.10503941774368286
0 0.5791748315095901 0.525731772184372 0.15881749987602234 0.1400197148323059
0 0.7063891589641571 0.19719738513231277 0.15001147985458374 0.12199918925762177
0 0.05986309051513672 0.09495365479961038 0.11671924591064453 0.18203845899552107
0 0.7340189814567566 0.10244660824537277 0.14978015422821045 0.13238249719142914
0 0.0292001124471426 0.25748953968286514 0.05828927084803581 0.20660482347011566
0 0.41127175092697144 0.9490163028240204 0.16512531042099 0.10000473260879517
0 0.5035406798124313 0.7400728166103363 0.16099444031715393 0.1460781693458557
0 0.01896984875202179 0.8835545480251312 0.03793969750404358 0.13757342100143433