0 0.16272086277604103 0.1321516167372465 0.16258107870817184 0.15132487192749977
0 0.04403717815876007 0.7884652018547058 0.084320068359375 0.15593326091766357
0 0.2705864980816841 0.9223867356777191 0.17092381417751312 0.15145474672317505
0 0.8676900863647461 0.2687447890639305 0.14173352718353271 0.13402391970157623
0 0.038518411660334095 0.0807705179322511 0.07520826609106734 0.15164480498060584
0 0.10894489288330078 0.8406411111354828 0.11800539493560791 0.13185185194015503
0 0.1805073767900467 0.8639296591281891 0.11533069610595703 0.13731175661087036
0 0.07340067921904847 0.34337764978408813 0.14365213515702635 0.14776533842086792
0 0.06046297700959258 0.5737532079219818 0.1199372797855176 0.1532236933708191
0 0.28935928642749786 0.21297720819711685 0.14669999480247498 0.1382647603750229
0 0.2207084745168686 0.4156256318092346 0.14286372065544128 0.13751685619354248
0 0.4668303281068802 0.7959467172622681 0.14497873187065125 0.14056909084320068
0 0.17628409713506699 0.6267648935317993 0.16839607059955597 0.1647263765335083