0 0.498971898560658 0.4577239488117002 0.055517477724468814 0.0763254113345521
0 0.5526045236463331 0.47212065813528337 0.06477039067854695 0.08318098720292505
0 0.5037697052775874 0.5182815356489945 0.07402330363262509 0.07952468007312614
0 0.5580877313228239 0.5578153564899452 0.07984921178889651 0.08363802559414991
0 0.4230637422892392 0.4419561243144424 0.08053461274845784 0.08043875685557587
0 0.317854694996573 0.39488117001828155 0.10932145305003427 0.10603290676416818
0 0.296435915010281 0.2870201096892139 0.07196710075394105 0.10786106032906764
0 0.39599040438656613 0.2070383912248629 0.06134338588074023 0.08226691042047532
0 0.40421521590130227 0.1526508226691042 0.035298149417409184 0.03473491773308958
0 0.36463331048663467 0.138254113345521 0.03289924605894448 0.05073126142595978
0 0.35092529129540784 0.30255941499085925 0.037011651816312545 0.05941499085923217
0 0.2626799177518849 0.15287934186471663 0.06134338588074023 0.07815356489945155
0 0.2570253598355038 0.06512797074954296 0.07059629883481837 0.11197440585009141
0 0.34629883481836876 0.5909506398537477 0.11686086360520904 0.13893967093235832
0 0.31956819739547637 0.4812614259597806 0.090815627141878 0.09140767824497258
0 0.5167923235092529 0.6953839122486288 0.05483207676490747 0.07541133455210237
0 0.43951336531871144 0.6736745886654479 0.05106237148732008 0.06307129798903108
0 0.48612063056888277 0.6588208409506399 0.0640849897189856 0.07175502742230347
0 0.4742974640164496 0.6028336380255942 0.06579849211788896 0.0603290676416819
0 0.6331391363947909 0.5345063985374772 0.08875942426319397 0.09643510054844608
0 0.6249143248800548 0.46046617915904936 0.07916381082933516 0.08912248628884827
0 0.5596298834818368 0.3101005484460695 0.11651816312542837 0.1329981718464351
0 0.4441398217957505 0.29250457038391225 0.08087731322823852 0.09597806215722121
0 0.4936600411240576 0.3148994515539305 0.0702535983550377 0.09506398537477148
0 0.5452364633310487 0.25182815356489946 0.07333790267306374 0.10146252285191956
0 0.4922892392049349 0.2260054844606947 0.07093899931459904 0.07541133455210237
0 0.4761823166552433 0.1590493601462523 0.07847840986977382 0.09049360146252285
0 0.07950651130911583 0.2767367458866545 0.09595613433858807 0.09460694698354662
0 0.11343385880740232 0.1723034734917733 0.07059629883481837 0.09049360146252285
0 0.12542837559972583 0.10740402193784278 0.05620287868403016 0.10968921389396709
0 0.16278272789581905 0.08752285191956125 0.05071967100753941 0.08820840950639854
0 0.2069910897875257 0.0930073126142596 0.05483207676490747 0.06444241316270567
0 0.18231665524331733 0.340036563071298 0.11172035640849898 0.09872029250457039
0 0.17443454420836188 0.26439670932358317 0.07059629883481837 0.04890310786106033
0 0.2147018505825908 0.1926416819012797 0.07299520219328307 0.07998171846435101
0 0.25685400959561344 0.4303016453382084 0.07162440027416038 0.10283363802559416
0 0.20150788211103496 0.5361060329067642 0.08156271418779987 0.06946983546617916
0 0.272446881425634 0.5527879341864717 0.05277587388622344 0.05347349177330896
0 0.23166552433173407 0.5726691042047533 0.05620287868403016 0.04661791590493602
0 0.158670322138451 0.45429616087751373 0.09184372858122002 0.07586837294332724
0 0.09475668265935572 0.44104204753199266 0.06065798492117889 0.06672760511882998
0 0.11274845784784099 0.36288848263254114 0.06511309115832763 0.06398537477148081
0 0.06425633995887595 0.5877513711151737 0.07642220699108979 0.09780621572212066
0 0.25257025359835505 0.6563071297989032 0.06716929403701165 0.0740402193784278
0 0.22464016449623028 0.7221206581352834 0.07368060315284441 0.10511882998171847
0 0.36737491432488006 0.6855575868372943 0.09389993145990404 0.11060329067641682
0 0.478581220013708 0.7888482632541134 0.05311857436600411 0.0740402193784278
0 0.4437971213159698 0.7486288848263254 0.047978067169294036 0.07678244972577697
0 0.42649074708704593 0.7906764168190128 0.043522960932145305 0.062157221206581355
0 0.5899588759424264 0.6238574040219378 0.12165867032213845 0.11608775137111517
0 0.6088074023303632 0.4211608775137112 0.05586017820424949 0.06444241316270567
0 0.502570253598355 0.38711151736745886 0.07162440027416038 0.06581352833638025
0 0.5531185743660041 0.3976234003656307 0.050034270047978065 0.07221206581352833
0 0.7251542152159013 0.5907221206581352 0.07607950651130911 0.11745886654478976
0 0.727553118574366 0.5034277879341865 0.05071967100753941 0.04890310786106033
0 0.8322481151473612 0.47714808043875684 0.07436600411240575 0.05941499085923217
0 0.7748457847840987 0.4629798903107861 0.06237148732008225 0.06855575868372943
0 0.7667923235092529 0.5626142595978062 0.05654557916381083 0.06581352833638025
0 0.8200822481151474 0.5712979890310786 0.07607950651130911 0.07495429616087751
0 0.795407813570939 0.6396252285191956 0.09184372858122002 0.10283363802559416
0 0.7232693625771076 0.7175502742230347 0.07984921178889651 0.09597806215722121
0 0.6394790952707334 0.7175502742230347 0.0993831391363948 0.08043875685557587
0 0.5868745716244003 0.738345521023766 0.05106237148732008 0.06535648994515539
0 0.6233721727210418 0.7774223034734917 0.04386566141192598 0.055758683729433274
0 0.656100068540096 0.8007312614259597 0.03735435229609321 0.04296160877513711
0 0.6893420150788211 0.8343235831809872 0.049006168608636054 0.0763254113345521
0 0.6449623029472241 0.8619744058500914 0.061686086360520906 0.0923217550274223
0 0.6089787525702536 0.8957952468007313 0.047978067169294036 0.0850091407678245
0 0.6007539410555175 0.8121572212065814 0.04866346812885538 0.08683729433272395
0 0.5524331734064428 0.8258683729433273 0.050034270047978065 0.07495429616087751
0 0.567340644276902 0.9451553930530164 0.046264564770390676 0.07861060329067641
0 0.5179917751884853 0.9440127970749543 0.059972583961617545 0.09460694698354662
0 0.46538725154215216 0.9291590493601463 0.0520904729266621 0.06307129798903108
0 0.5272446881425634 0.8791133455210237 0.049006168608636054 0.05347349177330896
0 0.47806716929403703 0.8656307129798904 0.04318026045236463 0.05850091407678245
0 0.501542152159013 0.8363802559414991 0.049006168608636054 0.048446069469835464
0 0.4115832762165867 0.9117915904936015 0.06374228923920494 0.09140767824497258
0 0.30534612748457846 0.8174131627056673 0.041809458533241944 0.06535648994515539
0 0.3365318711446196 0.8811700182815356 0.05483207676490747 0.08226691042047532
0 0.3644619602467443 0.8212979890310786 0.06888279643591501 0.09872029250457039
0 0.26593557230980125 0.80827239488117 0.06031528444139822 0.07358318098720293
0 0.30671692940370116 0.7118372943327239 0.08773132282385196 0.08912248628884827
0 0.12405757368060315 0.6110603290676416 0.06922549691569568 0.0740402193784278
0 0.6574708704592186 0.2136654478976234 0.136737491432488 0.17687385740402195
0 0.45133653187114464 0.0850091407678245 0.05894448252227553 0.06855575868372943
0 0.38708019191226867 0.06992687385740402 0.06751199451679232 0.09597806215722121
0 0.5503769705277587 0.07289762340036562 0.05414667580534613 0.1046617915904936
0 0.6860863605209048 0.08615173674588665 0.08910212474297464 0.09186471663619744
0 0.05054832076764908 0.12248628884826325 0.06888279643591501 0.07038391224862889
0 0.0707676490747087 0.06284277879341865 0.07162440027416038 0.0726691042047532
0 0.8560657984921178 0.6889853747714808 0.047978067169294036 0.04981718464351006
0 0.8959904043865662 0.6681901279707495 0.06271418779986292 0.06398537477148081
0 0.2553118574366004 0.2858775137111517 0.039753255654557916 0.06718464351005485
0 0.14616175462645647 0.5239945155393053 0.05311857436600411 0.06627056672760512
0 0.1987662782727896 0.6181444241316271 0.06648389307745031 0.06809872029250456
0 0.410212474297464 0.600091407678245 0.0726525017135024 0.08226691042047532
0 0.6655243317340644 0.3743144424131627 0.08156271418779987 0.10603290676416818
0 0.7152159013022619 0.4460694698354662 0.0520904729266621 0.07221206581352833
0 0.7988348183687457 0.4031078610603291 0.05894448252227553 0.08135283363802559
0 0.7152159013022619 0.3626599634369287 0.03769705277587389 0.040676416819012795
0 0.5039410555174777 0.09049360146252285 0.05037697052775874 0.07221206581352833
0 0.5937285812200137 0.10420475319926874 0.049006168608636054 0.06764168190127971
0 0.33961617546264566 0.16293418647166363 0.050034270047978065 0.05712979890310786
0 0.2213845099383139 0.4113345521023766 0.06031528444139822 0.0712979890310786
0 0.7606237148732008 0.23720292504570384 0.10795065113091158 0.18190127970749542
0 0.8440712816997944 0.7360603290676416 0.07470870459218643 0.10740402193784278
0 0.09578478409869774 0.7520566727605119 0.1113776559287183 0.16681901279707495