0 0.6833447566826594 0.6691042047531993 0.13982179575051404 0.16819012797074953
0 0.5981836874571624 0.6053473491773309 0.1285126799177519 0.17413162705667276
0 0.7947224126113777 0.6549360146252285 0.08636052090472926 0.08957952468007313
0 0.476525017135024 0.6926416819012797 0.20047978067169295 0.21069469835466179
0 0.2988348183687457 0.6553930530164533 0.13776559287183002 0.1882998171846435
0 0.36874571624400276 0.5470749542961609 0.0993831391363948 0.10420475319926874
0 0.38468128855380396 0.47052102376599636 0.08053461274845784 0.10374771480804387
0 0.4694996572995202 0.4757769652650823 0.09869773817683344 0.15996343692870202
0 0.5164496230294723 0.5207952468007313 0.08978752570253598 0.126599634369287
0 0.6213159698423578 0.42047531992687387 0.17409184372858122 0.236745886654479
0 0.7900959561343386 0.5091407678244972 0.1888279643591501 0.236745886654479
0 0.49777244688142563 0.30827239488117003 0.15318711446196023 0.18144424131627057
0 0.3947909527073338 0.31924131627056673 0.10349554489376285 0.10740402193784278
0 0.228581220013708 0.3087294332723949 0.12268677176148046 0.10557586837294333
0 0.7445167923235092 0.09414990859232175 0.15935572309801233 0.17550274223034734
0 0.6427347498286498 0.2013254113345521 0.11549006168608636 0.13208409506398539
0 0.6134338588074023 0.0872943327239488 0.1501028101439342 0.11791590493601463
0 0.7935229609321454 0.2538848263254113 0.1353666895133653 0.1686471663619744
0 0.8723440712816998 0.36060329067641683 0.12988348183687456 0.1316270566727605
0 0.9220356408498972 0.4789762340036563 0.12508567511994517 0.17641681901279707
0 0.904557916381083 0.6542504570383912 0.12577107607950652 0.13117001828153566
0 0.3827964359150103 0.2109232175502742 0.16723783413296778 0.1403107861060329
0 0.343385880740233 0.0740402193784278 0.12611377655928718 0.12431444241316271
0 0.26028101439342016 0.19218464351005485 0.1223440712816998 0.13482632541133455
0 0.2523989033584647 0.3037020109689214 0.14633310486634682 0.12477148080438757
0 0.2935229609321453 0.4312157221206581 0.16209732693625772 0.14396709323583182
0 0.15558601782042494 0.2835923217550274 0.07950651130911583 0.07998171846435101
0 0.18300205620287868 0.4351005484460695 0.0884167237834133 0.12431444241316271
0 0.21384509938313914 0.5511882998171846 0.10212474297464016 0.11425959780621572
0 0.4511651816312543 0.8706581352833638 0.12165867032213845 0.19195612431444242
0 0.5382111034955449 0.8288391224862889 0.0592871830020562 0.1156307129798903
0 0.595442083618917 0.8775137111517367 0.07299520219328307 0.12979890310786105
0 0.869431117203564 0.09277879341864717 0.08636052090472926 0.17184643510054845
0 0.9491089787525703 0.276508226691042 0.10109664153529815 0.13711151736745886
0 0.13639479095270735 0.17915904936014626 0.09252912954078135 0.12979890310786105
0 0.14650445510623714 0.06878427787934187 0.1572995202193283 0.12385740402193784