0 0.4511651816312543 0.511654478976234 0.07299520219328307 0.11106032906764168
0 0.40558601782042497 0.3626599634369287 0.05586017820424949 0.090036563071298
0 0.44482522275531183 0.375 0.05962988348183688 0.07358318098720293
0 0.3819396847155586 0.27056672760511885 0.08807402330363262 0.09780621572212066
0 0.3379026730637423 0.07975319926873857 0.0568882796435915 0.07723948811700183
0 0.37834132967786155 0.13117001828153566 0.07676490747087046 0.09689213893967093
0 0.2871830020562029 0.3327239488117002 0.05620287868403016 0.07495429616087751
0 0.3274503084304318 0.2899908592321755 0.043522960932145305 0.052559414990859234
0 0.28529814941740916 0.22006398537477148 0.06065798492117889 0.07998171846435101
0 0.23817683344756682 0.29021937842778794 0.05071967100753941 0.08409506398537477
0 0.21572995202193282 0.4056215722120658 0.06134338588074023 0.06627056672760512
0 0.136223440712817 0.36997257769652653 0.04763536668951337 0.04981718464351006
0 0.0932145305003427 0.3178702010968921 0.04866346812885538 0.06992687385740402
0 0.14513365318711446 0.32541133455210236 0.054489376285126796 0.05301645338208409
0 0.1920836189170665 0.3219835466179159 0.0496915695681974 0.04341864716636198
0 0.11206305688827964 0.4172760511882998 0.0726525017135024 0.056672760511883
0 0.113262508567512 0.45589579524680074 0.09218642906100069 0.04890310786106033
0 0.10932145305003427 0.4906307129798903 0.11034955448937629 0.05073126142595978
0 0.12165867032213845 0.5578153564899452 0.09595613433858807 0.08546617915904936
0 0.2232693625771076 0.4789762340036563 0.09904043865661412 0.09323583180987204
0 0.3666895133653187 0.3468921389396709 0.055517477724468814 0.055758683729433274
0 0.34424263193968474 0.3740859232175503 0.057230980123372174 0.054387568555758686
0 0.5243317340644277 0.5493601462522852 0.07333790267306374 0.0923217550274223
0 0.6130911583276216 0.263254113345521 0.08361891706648389 0.10511882998171847
0 0.384167237834133 0.7420018281535649 0.06579849211788896 0.08820840950639854
0 0.18437285812200138 0.6789305301645339 0.09252912954078135 0.06352833638025594
0 0.11291980808773132 0.6841864716636198 0.06134338588074023 0.06489945155393052
0 0.08978752570253598 0.628199268738574 0.12542837559972583 0.07906764168190128
0 0.4856065798492118 0.4323583180987203 0.058259081562714185 0.08683729433272395
0 0.589273474982865 0.47143510054844606 0.04283755997258396 0.06261425959780621
0 0.6202878684030158 0.4421846435100548 0.04660726525017135 0.08912248628884827
0 0.6016106922549691 0.5283363802559415 0.05311857436600411 0.061243144424131625
0 0.6970527758738863 0.5237659963436929 0.07470870459218643 0.07678244972577697
0 0.7757025359835503 0.5724405850091407 0.10109664153529815 0.11288848263254113
0 0.6752912954078135 0.3873400365630713 0.0702535983550377 0.09277879341864717
0 0.7184715558601782 0.29021937842778794 0.08259081562714188 0.10694698354661791
0 0.7345784784098698 0.1905850091407678 0.09492803289924606 0.11425959780621572
0 0.7328649760109665 0.07952468007312614 0.10109664153529815 0.11425959780621572
0 0.567340644276902 0.1613345521023766 0.0750514050719671 0.11425959780621572
0 0.6576422206991089 0.2100091407678245 0.06854009595613433 0.11106032906764168
0 0.8036326250856751 0.3720292504570384 0.08361891706648389 0.10786106032906764
0 0.8058601782042495 0.19287020109689215 0.038039753255654556 0.07769652650822668
0 0.8968471555860178 0.24451553930530165 0.06991089787525702 0.10420475319926874
0 0.8468128855380398 0.3032449725776965 0.05277587388622344 0.08272394881170018
0 0.8589787525702536 0.371800731261426 0.08670322138450993 0.090036563071298
0 0.844928032899246 0.6030621572212066 0.04009595613433859 0.0443327239488117
0 0.8911925976696368 0.6167733089579525 0.0496915695681974 0.07449725776965264
0 0.7983207676490747 0.6812157221206582 0.0860178204249486 0.10557586837294333
0 0.9360863605209048 0.6946983546617916 0.08259081562714188 0.09780621572212066
0 0.8509252912954078 0.7897623400365631 0.08773132282385196 0.13985374771480805
0 0.6315969842357779 0.7152650822669104 0.055517477724468814 0.0603290676416819
0 0.5075394105551748 0.6553930530164533 0.06100068540095956 0.11882998171846434
0 0.4383139136394791 0.6384826325411335 0.08019191226867718 0.11882998171846434
0 0.6454763536668952 0.6288848263254113 0.09904043865661412 0.12522851919561243
0 0.5486634681288554 0.46115173674588666 0.0520904729266621 0.08226691042047532
0 0.5270733379026731 0.4149908592321755 0.041809458533241944 0.08226691042047532
0 0.3605209047292666 0.2113802559414991 0.05483207676490747 0.06718464351005485
0 0.4437971213159698 0.18807129798903108 0.08978752570253598 0.1046617915904936
0 0.7052775873886223 0.4584095063985375 0.08910212474297464 0.08957952468007313
0 0.8865661411925977 0.5258226691042047 0.07196710075394105 0.09186471663619744
0 0.822995202193283 0.47554844606946983 0.0956134338588074 0.12111517367458867
0 0.2080191912268677 0.3039305301645338 0.045236463331048665 0.05393053016453382
0 0.23629198080877314 0.18258683729433273 0.0640849897189856 0.0872943327239488
0 0.23115147361206306 0.09209323583180987 0.05243317340644277 0.08272394881170018
0 0.28529814941740916 0.1359689213893967 0.07230980123372173 0.10191956124314443
0 0.28427004797806715 0.26188299817184646 0.054489376285126796 0.0740402193784278
0 0.07111034955448937 0.10877513711151737 0.05654557916381083 0.04661791590493602
0 0.10263879369431117 0.1453382084095064 0.059972583961617545 0.05941499085923217
0 0.12577107607950652 0.8146709323583181 0.0568882796435915 0.06352833638025594
0 0.25788211103495545 0.8667733089579525 0.0860178204249486 0.1010054844606947
0 0.23594928032899246 0.776508226691042 0.08053461274845784 0.09049360146252285
0 0.2667923235092529 0.6869287020109689 0.07299520219328307 0.09597806215722121
0 0.3192254969156957 0.5678702010968921 0.10932145305003427 0.10283363802559416
0 0.1984235777930089 0.5877513711151737 0.05757368060315284 0.05393053016453382
0 0.29609321453050036 0.49154478976234006 0.050034270047978065 0.06718464351005485
0 0.3207676490747087 0.4323583180987203 0.05414667580534613 0.062157221206581355
0 0.3995887594242632 0.4312157221206581 0.08293351610692255 0.10740402193784278
0 0.5248457847840987 0.803473491773309 0.05037697052775874 0.08592321755027423
0 0.46778615490061687 0.8158135283363802 0.06648389307745031 0.09780621572212066
0 0.5985263879369431 0.801416819012797 0.09355723098012338 0.126599634369287
0 0.3761137765592872 0.8909963436928702 0.06477039067854695 0.13208409506398539
0 0.7498286497601097 0.6542504570383912 0.0774503084304318 0.10009140767824497
0 0.6651816312542838 0.56672760511883 0.07539410555174778 0.0923217550274223
0 0.48971898560657984 0.3016453382084095 0.06854009595613433 0.11243144424131626
0 0.45202193283070596 0.3350091407678245 0.05140507196710076 0.07952468007312614
0 0.5241603838245373 0.2680530164533821 0.057230980123372174 0.1046617915904936
0 0.4335161069225497 0.26508226691042047 0.047978067169294036 0.06855575868372943
0 0.5848183687457162 0.39945155393053017 0.06065798492117889 0.07586837294332724
0 0.274503084304318 0.6115173674588665 0.07470870459218643 0.0850091407678245