0 0.520904729266621 0.2842778793418647 0.10212474297464016 0.11060329067641682
0 0.5476353666895134 0.48217550274223037 0.10897875257025359 0.1170018281535649
0 0.6703221384509939 0.5982632541133455 0.09252912954078135 0.10877513711151737
0 0.7642220699108979 0.6256855575868373 0.09664153529814942 0.1316270566727605
0 0.7652501713502399 0.7276051188299817 0.10555174777244689 0.12705667276051189
0 0.6048663468128855 0.7422303473491774 0.06991089787525702 0.10146252285191956
0 0.3317340644276902 0.7520566727605119 0.0822481151473612 0.1256855575868373
0 0.2342357779300891 0.5955210237659964 0.06956819739547636 0.09597806215722121
0 0.7328649760109665 0.46823583180987205 0.0750514050719671 0.10648994515539305
0 0.5675119945167924 0.21709323583180987 0.0884167237834133 0.12157221206581353
0 0.659184372858122 0.20383912248628885 0.07093899931459904 0.12979890310786105
0 0.7640507196710076 0.10534734917733089 0.10109664153529815 0.11654478976234003
0 0.5572309801233721 0.803473491773309 0.05414667580534613 0.08957952468007313
0 0.6041809458533242 0.9373857404021938 0.05140507196710076 0.11151736745886655
0 0.4631596984235778 0.9353290676416819 0.08122001370801919 0.10191956124314443
0 0.5152501713502399 0.8206124314442413 0.06065798492117889 0.12842778793418647
0 0.2428032899246059 0.7758226691042047 0.12028786840301577 0.16681901279707495
0 0.1386223440712817 0.7486288848263254 0.08670322138450993 0.08226691042047532
0 0.1004112405757368 0.6627056672760512 0.07676490747087046 0.05941499085923217
0 0.05980123372172721 0.6953839122486288 0.08053461274845784 0.06718464351005485
0 0.14924605894448253 0.5102833638025595 0.12919808087731321 0.0370201096892139
0 0.14804660726525018 0.5502742230347349 0.13022618231665525 0.04021937842778794
0 0.06751199451679232 0.5198811700182815 0.06374228923920494 0.08363802559414991
0 0.17443454420836188 0.4225319926873857 0.11514736120630568 0.13025594149908593
0 0.33207676490747084 0.46526508226691043 0.07333790267306374 0.09597806215722121
0 0.5119945167923236 0.5585009140767825 0.06854009595613433 0.08683729433272395
0 0.37697052775873885 0.6302559414990859 0.07333790267306374 0.08592321755027423
0 0.3079163810829335 0.5959780621572212 0.09904043865661412 0.07221206581352833
0 0.2700479780671693 0.5180530164533821 0.09252912954078135 0.08363802559414991
0 0.35623714873200824 0.5601005484460695 0.06134338588074023 0.0763254113345521
0 0.1920836189170665 0.3171846435100548 0.06614119259766964 0.08318098720292505
0 0.24914324880054833 0.32586837294332727 0.07196710075394105 0.09140767824497258
0 0.3406442769019877 0.24908592321755027 0.09595613433858807 0.08135283363802559
0 0.3142563399588759 0.3313528336380256 0.09595613433858807 0.11608775137111517
0 0.41175462645647704 0.2129798903107861 0.06682659355723097 0.11882998171846434
0 0.47875257025359835 0.10626142595978062 0.09184372858122002 0.09734917733089579
0 0.2577107607950651 0.1373400365630713 0.1295407813570939 0.14122486288848263
0 0.6684372858122002 0.42618829981718465 0.07642220699108979 0.07084095063985375
0 0.6477039067854695 0.5034277879341865 0.08087731322823852 0.09095063985374771
0 0.5947566826593558 0.36585923217550276 0.07642220699108979 0.11928702010968921
0 0.567854694996573 0.40973491773308957 0.0822481151473612 0.10831809872029251
0 0.4742974640164496 0.636654478976234 0.07813570938999315 0.08409506398537477
0 0.5371830020562028 0.6789305301645339 0.07642220699108979 0.10283363802559416
0 0.5786497601096642 0.618601462522852 0.07916381082933516 0.12294332723948811
0 0.9192940370116518 0.3274680073126143 0.06682659355723097 0.0726691042047532
0 0.9501370801919122 0.4149908592321755 0.09904043865661412 0.07038391224862889
0 0.8935915010281015 0.43555758683729434 0.09766963673749143 0.05941499085923217
0 0.8486977381768335 0.4840036563071298 0.07642220699108979 0.05758683729433273
0 0.820938999314599 0.3014168190127971 0.07916381082933516 0.08638025594149909
0 0.7517135023989033 0.9255027422303473 0.05037697052775874 0.07221206581352833
0 0.4996572995202193 0.2070383912248629 0.06374228923920494 0.0886654478976234
0 0.4468814256339959 0.2333180987202925 0.05414667580534613 0.07906764168190128
0 0.3953050034270048 0.3555758683729433 0.05586017820424949 0.06581352833638025
0 0.4437971213159698 0.34986288848263253 0.06237148732008225 0.07358318098720293
0 0.4431117203564085 0.2970749542961609 0.0520904729266621 0.061243144424131625
0 0.6632967786154901 0.7324040219378428 0.035298149417409184 0.07449725776965264
0 0.6879712131596984 0.6860146252285192 0.04009595613433859 0.037477148080438755
0 0.6783755997258396 0.7186928702010968 0.02844413982179575 0.052559414990859234
0 0.6082933516106922 0.8270109689213894 0.05620287868403016 0.06535648994515539
0 0.6579849211788896 0.8503199268738574 0.04318026045236463 0.07723948811700183
0 0.6238862234407128 0.8800274223034735 0.043522960932145305 0.07541133455210237
0 0.3159698423577793 0.6862431444241316 0.0568882796435915 0.0726691042047532
0 0.0640849897189856 0.7655393053016454 0.08156271418779987 0.08592321755027423
0 0.8361891706648389 0.6106032906764168 0.06031528444139822 0.05758683729433273
0 0.8461274845784784 0.6462522851919561 0.058259081562714185 0.05850091407678245
0 0.8786840301576422 0.6894424131627057 0.047978067169294036 0.08638025594149909
0 0.8098012337217272 0.42070383912248627 0.06511309115832763 0.06809872029250456
0 0.8582933516106922 0.3807129798903108 0.06819739547635367 0.07586837294332724
0 0.8665181631254284 0.16544789762340037 0.07573680603152845 0.09963436928702012
0 0.9110692254969157 0.1999542961608775 0.0592871830020562 0.09917733089579525
0 0.38313913639479097 0.4111060329067642 0.07607950651130911 0.06718464351005485
0 0.39170664838930774 0.4833180987202925 0.04866346812885538 0.058957952468007314
0 0.410212474297464 0.6028336380255942 0.03906785469499657 0.09414990859232175
0 0.4792666209732694 0.5 0.06065798492117889 0.0712979890310786
0 0.43334475668265937 0.5 0.06271418779986292 0.07861060329067641
0 0.455106237148732 0.5754113345521024 0.06100068540095956 0.0886654478976234
0 0.28941055517477726 0.42755941499085925 0.10178204249485949 0.10283363802559416
0 0.5601439342015079 0.11471663619744059 0.059972583961617545 0.07678244972577697
0 0.564770390678547 0.04616087751371115 0.047292666209732694 0.050274223034734916
0 0.6333104866346813 0.11540219378427788 0.06854009595613433 0.07906764168190128
0 0.6417066483893078 0.051873857404021936 0.06614119259766964 0.07084095063985375
0 0.6754626456477039 0.45726691042047535 0.05277587388622344 0.047989031078610606
0 0.752570253598355 0.3914533820840951 0.045236463331048665 0.06809872029250456
0 0.7489718985606579 0.34049360146252283 0.06065798492117889 0.06398537477148081
0 0.6410212474297464 0.34277879341864714 0.04489376285126799 0.0923217550274223
0 0.685229609321453 0.31375685557586835 0.046264564770390676 0.06718464351005485
0 0.7215558601782043 0.29273308957952465 0.05037697052775874 0.06627056672760512
0 0.7563399588759424 0.3119287020109689 0.03495544893762851 0.054387568555758686
0 0.7710760795065114 0.284963436928702 0.03427004797806717 0.05987202925045704
0 0.7332076764907471 0.21755027422303475 0.06065798492117889 0.06855575868372943
0 0.7837559972583962 0.2413162705667276 0.039753255654557916 0.044789762340036565
0 0.4909184372858122 0.39785191956124316 0.04832076764907471 0.06718464351005485
0 0.49948594928032897 0.34277879341864714 0.033241946538725156 0.05941499085923217
0 0.522446881425634 0.3686014625228519 0.03050034270047978 0.07084095063985375
0 0.3641192597669637 0.8523765996343693 0.04489376285126799 0.07861060329067641
0 0.3771418779986292 0.783363802559415 0.0387251542152159 0.07586837294332724
0 0.4431117203564085 0.7447440585009141 0.05962988348183688 0.09460694698354662
0 0.40610006854009595 0.7678244972577697 0.039753255654557916 0.06489945155393052