0 0.7875257025359835 0.6421389396709324 0.11446196024674435 0.13345521023765997
0 0.7686771761480466 0.7486288848263254 0.08636052090472926 0.15447897623400367
0 0.8529814941740919 0.600091407678245 0.11240575736806031 0.1590493601462523
0 0.7890678546949965 0.45749542961608775 0.0894448252227553 0.1343692870201097
0 0.7242974640164497 0.28244972577696525 0.13399588759424264 0.19287020109689215
0 0.8322481151473612 0.36380255941499084 0.08533241946538725 0.1425959780621572
0 0.9348869088416724 0.3306672760511883 0.12611377655928718 0.18327239488117003
0 0.867888965044551 0.19652650822669104 0.14701850582590817 0.1480804387568556
0 0.5957847840986977 0.2579981718464351 0.1353666895133653 0.19972577696526508
0 0.587217272104181 0.40493601462522855 0.09355723098012338 0.13893967093235832
0 0.27518848526387935 0.24223034734917734 0.13982179575051404 0.15356489945155394
0 0.25719671007539413 0.09346435100548446 0.11823166552433173 0.13208409506398539
0 0.1650102810143934 0.21937842778793418 0.11069225496915695 0.10511882998171847
0 0.10812200137080191 0.328382084095064 0.1113776559287183 0.1256855575868373
0 0.17529129540781357 0.5052559414990859 0.11480466072652502 0.07541133455210237
0 0.16775188485263878 0.6023765996343693 0.14427690198766277 0.14990859232175502
0 0.19379712131596985 0.44492687385740404 0.11206305688827964 0.09460694698354662
0 0.26747772446881424 0.38688299817184646 0.13193968471555861 0.13756855575868374
0 0.36960246744345443 0.35283363802559414 0.11960246744345442 0.12705667276051189
0 0.44825222755311855 0.1796160877513711 0.13296778615490062 0.1590493601462523
0 0.3761137765592872 0.18784277879341865 0.09287183002056203 0.10694698354661791
0 0.4828649760109664 0.3386654478976234 0.11103495544893763 0.11060329067641682
0 0.44294037011651816 0.45178244972577697 0.10109664153529815 0.1540219378427788
0 0.5131939684715559 0.4127056672760512 0.08190541466758053 0.08318098720292505
0 0.37542837559972586 0.5159963436928702 0.09150102810143934 0.11608775137111517
0 0.33481836874571624 0.4506398537477148 0.06991089787525702 0.08043875685557587
0 0.2983207676490747 0.5786106032906764 0.13468128855380399 0.17184643510054845
0 0.2503427004797807 0.723491773308958 0.1113776559287183 0.1745886654478976
0 0.46967100753941055 0.6627056672760512 0.12508567511994517 0.17824497257769653
0 0.5169636737491432 0.5580438756855576 0.08875942426319397 0.10786106032906764
0 0.610178204249486 0.5966636197440585 0.15661411925976695 0.18692870201096892
0 0.6973954763536669 0.4636654478976234 0.11514736120630568 0.1896709323583181
0 0.7018505825908157 0.629798903107861 0.08978752570253598 0.11425959780621572
0 0.6675805346127485 0.7632541133455211 0.10349554489376285 0.12340036563071298
0 0.909184372858122 0.8361517367458866 0.09869773817683344 0.12020109689213894
0 0.677004797806717 0.9044789762340036 0.09355723098012338 0.15082266910420475
0 0.7357779300891021 0.9003656307129799 0.08087731322823852 0.13893967093235832
0 0.8058601782042495 0.9106489945155393 0.12302947224126114 0.1750457038391225
0 0.585675119945168 0.9069926873857403 0.10143934201507881 0.14579524680073125
0 0.47669636737491433 0.9076782449725777 0.1185743660041124 0.15722120658135283
0 0.5570596298834818 0.768510054844607 0.12782727895819054 0.14670932358318098
0 0.3971898560657985 0.6368829981718465 0.09252912954078135 0.13482632541133455
0 0.39239204934886907 0.8139853747714808 0.10486634681288554 0.12797074954296161
0 0.3106579849211789 0.8308957952468007 0.1271418779986292 0.16819012797074953
0 0.16655243317340646 0.8265539305301646 0.10349554489376285 0.14579524680073125
0 0.05980123372172721 0.5313071297989032 0.09150102810143934 0.10557586837294333
0 0.10640849897189857 0.17641681901279707 0.08533241946538725 0.10146252285191956
0 0.06014393420150788 0.20223948811700182 0.06271418779986292 0.1046617915904936
0 0.13947909527073338 0.07655393053016453 0.11514736120630568 0.09095063985374771
0 0.9297464016449623 0.5084552102376599 0.11583276216586703 0.09826325411334552
0 0.9443111720356409 0.600091407678245 0.11069225496915695 0.11425959780621572
0 0.8349897189856066 0.7890767824497258 0.07368060315284441 0.1156307129798903
0 0.4725839616175463 0.7874771480804388 0.10281014393420151 0.1416819012797075
0 0.12165867032213845 0.7289762340036563 0.08636052090472926 0.062157221206581355
0 0.08807402330363262 0.47989031078610606 0.08910212474297464 0.06672760511882998