0 0.5269019876627827 0.520109689213894 0.054489376285126796 0.10694698354661791
0 0.5637422892392049 0.5274223034734917 0.04386566141192598 0.061243144424131625
0 0.48012337217272105 0.6565356489945156 0.05414667580534613 0.09277879341864717
0 0.4374571624400274 0.6496800731261426 0.0592871830020562 0.09277879341864717
0 0.7135023989033584 0.6835009140767825 0.06100068540095956 0.10009140767824497
0 0.7244688142563399 0.5898080438756855 0.06374228923920494 0.07449725776965264
0 0.5351267991775188 0.6108318098720292 0.043522960932145305 0.058957952468007314
0 0.4799520219328307 0.5866087751371115 0.051747772446881425 0.06535648994515539
0 0.48337902673063743 0.7586837294332724 0.05586017820424949 0.10786106032906764
0 0.5495202193283071 0.6864716636197441 0.05791638108293352 0.10054844606946983
0 0.6208019191226868 0.7941042047531993 0.05586017820424949 0.0763254113345521
0 0.7006511309115833 0.9287020109689214 0.05311857436600411 0.08409506398537477
0 0.6453050034270048 0.8649451553930531 0.04866346812885538 0.07906764168190128
0 0.6927690198766279 0.8384369287020109 0.04763536668951337 0.0763254113345521
0 0.700993831391364 0.7694241316270567 0.04694996572995202 0.0690127970749543
0 0.6708361891706648 0.716636197440585 0.0640849897189856 0.07586837294332724
0 0.6189170664838931 0.6535648994515539 0.08978752570253598 0.09597806215722121
0 0.5574023303632625 0.8016453382084096 0.08122001370801919 0.08592321755027423
0 0.2900959561343386 0.7360603290676416 0.07368060315284441 0.08638025594149909
0 0.35863605209047295 0.7671389396709324 0.07847840986977382 0.09643510054844608
0 0.44259766963673747 0.756398537477148 0.07093899931459904 0.10146252285191956
0 0.22721041809458534 0.4309872029250457 0.08087731322823852 0.08043875685557587
0 0.2887251542152159 0.4636654478976234 0.046264564770390676 0.06352833638025594
0 0.35555174777244686 0.46046617915904936 0.046264564770390676 0.06078610603290677
0 0.4557916381082934 0.46686471663619744 0.07539410555174778 0.11288848263254113
0 0.4727553118574366 0.3827696526508227 0.041466758053461276 0.06718464351005485
0 0.5133653187114462 0.4120201096892139 0.04318026045236463 0.0726691042047532
0 0.4259766963673749 0.35146252285191953 0.04660726525017135 0.06307129798903108
0 0.4417409184372858 0.2945612431444241 0.03838245373543523 0.0690127970749543
0 0.49108978752570254 0.20749542961608775 0.050034270047978065 0.06581352833638025
0 0.5346127484578478 0.18281535648994515 0.04249485949280329 0.0712979890310786
0 0.5130226182316655 0.2781078610603291 0.06374228923920494 0.08546617915904936
0 0.5378684030157642 0.3482632541133455 0.059972583961617545 0.07495429616087751
0 0.5827621658670322 0.2554844606946984 0.07230980123372173 0.1316270566727605
0 0.5671692940370117 0.4156764168190128 0.05894448252227553 0.10009140767824497
0 0.610178204249486 0.38185557586837293 0.0750514050719671 0.10557586837294333
0 0.6252570253598355 0.31672760511882997 0.03735435229609321 0.055758683729433274
0 0.7193283070596299 0.31215722120658135 0.05620287868403016 0.08683729433272395
0 0.6889993145990404 0.2472577696526508 0.06477039067854695 0.07861060329067641
0 0.6600411240575736 0.49725776965265084 0.08567511994516792 0.07952468007312614
0 0.08276216586703221 0.5070840950639853 0.07710760795065114 0.10283363802559416
0 0.06905414667580535 0.4017367458866545 0.07368060315284441 0.09689213893967093
0 0.1381082933516107 0.3642595978062157 0.09527073337902674 0.09323583180987204
0 0.15592871830020563 0.30210237659963435 0.07059629883481837 0.06489945155393052
0 0.1108636052090473 0.22989031078610603 0.07984921178889651 0.09140767824497258
0 0.062028786840301574 0.16316270566727606 0.06442769019876628 0.062157221206581355
0 0.744345442083619 0.49657221206581353 0.0788211103495545 0.0763254113345521
0 0.8200822481151474 0.463436928702011 0.045236463331048665 0.044789762340036565
0 0.6963673749143249 0.4186471663619744 0.06991089787525702 0.0850091407678245
0 0.6744345442083619 0.36380255941499084 0.04934886908841672 0.0712979890310786
0 0.6036668951336532 0.5290219378427788 0.04832076764907471 0.06992687385740402
0 0.6583276216586703 0.5790676416819013 0.04386566141192598 0.05850091407678245
0 0.6166895133653187 0.5856946983546618 0.049006168608636054 0.052559414990859234
0 0.40318711446196026 0.5557586837294333 0.062028786840301574 0.0712979890310786
0 0.38365318711446195 0.6131170018281535 0.06065798492117889 0.08455210237659963
0 0.3226525017135024 0.5989488117001828 0.057230980123372174 0.05987202925045704
0 0.3500685400959561 0.5621572212065814 0.05791638108293352 0.056672760511883
0 0.28495544893762853 0.6236288848263254 0.0702535983550377 0.035191956124314444
0 0.27998629198080877 0.6638482632541134 0.0884167237834133 0.06627056672760512
0 0.2721041809458533 0.5557586837294333 0.0726525017135024 0.11882998171846434
0 0.2227553118574366 0.5639853747714808 0.0822481151473612 0.10237659963436929
0 0.09784098697738176 0.67481718464351 0.05243317340644277 0.05347349177330896
0 0.15130226182316656 0.6460237659963437 0.06682659355723097 0.04616087751371115
0 0.23080877313228237 0.33021023765996343 0.05037697052775874 0.07541133455210237
0 0.20956134338588073 0.18212979890310785 0.05586017820424949 0.09460694698354662
0 0.19568197395476353 0.248400365630713 0.07813570938999315 0.058957952468007314
0 0.33104866346812883 0.26188299817184646 0.05483207676490747 0.08592321755027423
0 0.3827964359150103 0.2529707495429616 0.05071967100753941 0.11197440585009141
0 0.3791980808773132 0.17138939670932357 0.055174777244688146 0.0712979890310786
0 0.4187799862919808 0.13756855575868374 0.0520904729266621 0.08135283363802559
0 0.36874571624400276 0.06170018281535649 0.10212474297464016 0.12340036563071298
0 0.7822138450993832 0.3023308957952468 0.05791638108293352 0.08272394881170018
0 0.7647361206305688 0.2376599634369287 0.06065798492117889 0.09597806215722121
0 0.8058601782042495 0.18212979890310785 0.06751199451679232 0.08546617915904936
0 0.882111034955449 0.21663619744058502 0.07333790267306374 0.10968921389396709
0 0.8404729266620973 0.34414990859232175 0.09766963673749143 0.09872029250457039
0 0.8031185743660041 0.5749542961608776 0.06545579163810829 0.09872029250457039
0 0.9040438656614119 0.7239488117001828 0.0520904729266621 0.07769652650822668
0 0.82145305003427 0.7344606946983546 0.07128169979437972 0.10877513711151737
0 0.29198080877313226 0.1503656307129799 0.06991089787525702 0.07952468007312614
0 0.14976010966415354 0.17618829981718465 0.05140507196710076 0.07998171846435101
0 0.21624400274160382 0.125 0.06991089787525702 0.06444241316270567
0 0.034098697738176836 0.4296160877513711 0.06614119259766964 0.05941499085923217
0 0.10281014393420151 0.7904478976234004 0.1041809458533242 0.11471663619744059
0 0.42649074708704593 0.9282449725776966 0.10109664153529815 0.1425959780621572
0 0.2594242631939685 0.9019652650822669 0.11309115832762166 0.12202925045703839
0 0.6701507882111035 0.18624314442413162 0.05791638108293352 0.07998171846435101
0 0.6197738176833447 0.13459780621572212 0.0702535983550377 0.09734917733089579
0 0.7191569568197396 0.12477148080438757 0.07710760795065114 0.08226691042047532
0 0.3725154215215901 0.3859689213893967 0.04249485949280329 0.07084095063985375
0 0.39976010966415354 0.35443327239488115 0.0387251542152159 0.07084095063985375
0 0.31271418779986293 0.36151736745886653 0.0702535983550377 0.10237659963436929
0 0.7757025359835503 0.8871115173674589 0.06271418779986292 0.10054844606946983
0 0.8584647018505825 0.928473491773309 0.04592186429061001 0.0763254113345521
0 0.9014736120630569 0.9579524680073126 0.02981494174091844 0.037477148080438755
0 0.8941055517477724 0.8660877513711152 0.05483207676490747 0.06946983546617916
0 0.9544208361891706 0.8190127970749543 0.05483207676490747 0.07312614259597806
0 0.18265935572309802 0.7090950639853748 0.12268677176148046 0.06992687385740402