0 0.2357779300891021 0.24520109689213895 0.07470870459218643 0.08546617915904936
0 0.23269362577107608 0.35214808043875684 0.08156271418779987 0.09917733089579525
0 0.29712131596984237 0.27879341864716634 0.08773132282385196 0.08957952468007313
0 0.3020904729266621 0.170018281535649 0.0750514050719671 0.1206581352833638
0 0.37697052775873885 0.1745886654478976 0.09252912954078135 0.1343692870201097
0 0.2601096641535298 0.10511882998171847 0.09801233721727211 0.0850091407678245
0 0.14976010966415354 0.18487202925045704 0.061686086360520906 0.10740402193784278
0 0.11771761480466073 0.2883912248628885 0.06065798492117889 0.09872029250457039
0 0.18779986291980807 0.3235831809872029 0.07196710075394105 0.07952468007312614
0 0.22464016449623028 0.46046617915904936 0.10589444825222755 0.10557586837294333
0 0.14993145990404386 0.45612431444241314 0.09904043865661412 0.11425959780621572
0 0.4115832762165867 0.40882084095063986 0.11309115832762166 0.15219378427787933
0 0.521932830705963 0.36220292504570384 0.11240575736806031 0.14579524680073125
0 0.3325908156271419 0.36517367458866545 0.09766963673749143 0.10877513711151737
0 0.3279643591501028 0.489945155393053 0.10966415352981494 0.09506398537477148
0 0.48680603152844415 0.5041133455210237 0.06339958875942427 0.09597806215722121
0 0.3848526387936943 0.6167733089579525 0.10486634681288554 0.1403107861060329
0 0.32625085675119947 0.6994972577696527 0.10006854009595613 0.11197440585009141
0 0.25496915695681976 0.626599634369287 0.12337217272104181 0.170018281535649
0 0.2352638793694311 0.8039305301645339 0.06751199451679232 0.10146252285191956
0 0.5380397532556546 0.7349177330895795 0.11994516792323509 0.15813528336380256
0 0.6718642906100069 0.756398537477148 0.10726525017135025 0.12248628884826325
0 0.7882111034955449 0.7006398537477148 0.07539410555174778 0.07586837294332724
0 0.8409869773817683 0.6423674588665448 0.0726525017135024 0.08638025594149909
0 0.7657642220699109 0.5635283363802559 0.06271418779986292 0.05941499085923217
0 0.5959561343385881 0.6053473491773309 0.12405757368060315 0.1613345521023766
0 0.5687114461960247 0.5045703839122486 0.11549006168608636 0.12340036563071298
0 0.43128855380397535 0.2273765996343693 0.09766963673749143 0.12294332723948811
0 0.5567169294037012 0.17321755027422303 0.09013022618231666 0.09689213893967093
0 0.5695681973954764 0.28816270566727603 0.07950651130911583 0.12842778793418647
0 0.6482179575051406 0.3430073126142596 0.07093899931459904 0.08912248628884827
0 0.6088074023303632 0.40425045703839124 0.07299520219328307 0.09734917733089579
0 0.7338930774503084 0.3813985374771481 0.10589444825222755 0.12202925045703839
0 0.8577793008910213 0.17915904936014626 0.09047292666209733 0.12888482632541134
0 0.8180260452364634 0.2657678244972578 0.06442769019876628 0.0763254113345521
0 0.7924948594928033 0.3178702010968921 0.0702535983550377 0.08638025594149909
0 0.7277244688142563 0.29821755027422303 0.09766963673749143 0.09369287020109689
0 0.7424605894448252 0.21115173674588666 0.09492803289924606 0.08775137111517367
0 0.7695339273474983 0.11882998171846434 0.09766963673749143 0.11425959780621572
0 0.6209732693625771 0.07061243144424131 0.08156271418779987 0.11106032906764168
0 0.9292323509252913 0.20475319926873858 0.08122001370801919 0.09780621572212066
0 0.931631254283756 0.2863345521023766 0.10589444825222755 0.10283363802559416
0 0.9021590130226183 0.4063071297989031 0.07710760795065114 0.0740402193784278
0 0.794379712131597 0.39648080438756855 0.05483207676490747 0.05712979890310786
0 0.8817683344756683 0.49337294332723947 0.05962988348183688 0.07449725776965264
0 0.799006168608636 0.4892595978062157 0.07779300891021247 0.07998171846435101
0 0.7004797806716929 0.5840950639853748 0.08636052090472926 0.07769652650822668
0 0.7052775873886223 0.5139396709323584 0.1041809458533242 0.07815356489945155
0 0.7258396161754627 0.6510511882998172 0.06579849211788896 0.090036563071298
0 0.9220356408498972 0.6693327239488117 0.08259081562714188 0.09460694698354662
0 0.8337902673063742 0.5708409506398537 0.07128169979437972 0.08135283363802559
0 0.9520219328307059 0.5930073126142597 0.09527073337902674 0.11928702010968921
0 0.9040438656614119 0.9003656307129799 0.07676490747087046 0.09597806215722121
0 0.7967786154900617 0.9245886654478976 0.07128169979437972 0.09323583180987204
0 0.8481836874571624 0.9049360146252285 0.06305688827964359 0.09049360146252285
0 0.8481836874571624 0.8345521023765996 0.06579849211788896 0.06307129798903108
0 0.8450993831391364 0.7810786106032906 0.06648389307745031 0.07678244972577697
0 0.8509252912954078 0.7138939670932358 0.0726525017135024 0.06855575868372943
0 0.7762165867032214 0.7682815356489945 0.0822481151473612 0.07861060329067641
0 0.6432488005483208 0.826782449725777 0.06031528444139822 0.09323583180987204
0 0.42049348869088415 0.9063071297989032 0.11240575736806031 0.15356489945155394
0 0.3389307745030843 0.8011882998171846 0.10555174777244689 0.14716636197440586
0 0.5394105551747772 0.909963436928702 0.13776559287183002 0.17915904936014626
0 0.08430431802604524 0.6905850091407678 0.11309115832762166 0.11151736745886655
0 0.054489376285126796 0.5370201096892139 0.0932145305003427 0.10968921389396709
0 0.10795065113091158 0.5447897623400365 0.07402330363262509 0.09780621572212066
0 0.07162440027416038 0.19012797074954296 0.08636052090472926 0.11243144424131626
0 0.10966415352981494 0.090036563071298 0.10760795065113091 0.10786106032906764
0 0.6381082933516107 0.24908592321755027 0.11172035640849898 0.113345521023766
0 0.5507196710075394 0.090036563071298 0.09458533241946539 0.07861060329067641
0 0.26285126799177516 0.057358318098720294 0.07196710075394105 0.06170018281535649
0 0.19585332419465387 0.11037477148080439 0.07368060315284441 0.06261425959780621
0 0.2027073337902673 0.7472577696526508 0.06477039067854695 0.06581352833638025
0 0.1562714187799863 0.7378884826325411 0.06922549691569568 0.11106032906764168
0 0.08533241946538725 0.843235831809872 0.12611377655928718 0.09597806215722121
0 0.1936257710760795 0.9271023765996343 0.0774503084304318 0.12020109689213894
0 0.4468814256339959 0.7664533820840951 0.07676490747087046 0.11974405850091407
0 0.4602467443454421 0.6526508226691042 0.06648389307745031 0.08957952468007313
0 0.7318368745716244 0.840036563071298 0.0750514050719671 0.10054844606946983
0 0.935229609321453 0.7554844606946983 0.08087731322823852 0.11517367458866545
0 0.9246058944482523 0.4926873857404022 0.06374228923920494 0.09963436928702012
0 0.658670322138451 0.16179159049360145 0.07333790267306374 0.09963436928702012
0 0.1888279643591501 0.5758683729433273 0.10143934201507881 0.10877513711151737
0 0.4940027416038382 0.5852376599634369 0.0496915695681974 0.06170018281535649
0 0.44928032899246056 0.5655850091407678 0.03564084989718986 0.06261425959780621
0 0.7004797806716929 0.1437385740402194 0.04455106237148732 0.06170018281535649
0 0.37834132967786155 0.296617915904936 0.0788211103495545 0.11974405850091407
0 0.6259424263193969 0.8804844606946983 0.04283755997258396 0.07449725776965264