0 0.5347840986977381 0.5146252285191956 0.09150102810143934 0.10877513711151737
0 0.46641535298149417 0.48148994515539306 0.08704592186429061 0.09095063985374771
0 0.4167237834132968 0.48811700182815354 0.0774503084304318 0.07861060329067641
0 0.4335161069225497 0.5438756855575868 0.05277587388622344 0.05941499085923217
0 0.5083961617546264 0.571983546617916 0.07984921178889651 0.07084095063985375
0 0.477039067854695 0.6240859232175503 0.06031528444139822 0.1156307129798903
0 0.4283755997258396 0.6622486288848263 0.07333790267306374 0.0923217550274223
0 0.39033584647018504 0.579981718464351 0.08498971898560657 0.10054844606946983
0 0.34921178889650445 0.5073126142595978 0.0726525017135024 0.08318098720292505
0 0.41415352981494175 0.4143053016453382 0.0894448252227553 0.090036563071298
0 0.5478067169294037 0.38779707495429616 0.09013022618231666 0.1156307129798903
0 0.633653187114462 0.3909963436928702 0.08773132282385196 0.1183729433272395
0 0.7078478409869774 0.34643510054844606 0.08670322138450993 0.10054844606946983
0 0.6838588074023304 0.5153107861060329 0.059972583961617545 0.11380255941499086
0 0.6276559287183002 0.5372486288848263 0.07436600411240575 0.11288848263254113
0 0.817854694996573 0.5763254113345521 0.0592871830020562 0.08043875685557587
0 0.8899931459904044 0.373400365630713 0.13365318711446195 0.11243144424131626
0 0.6549006168608636 0.696526508226691 0.15078821110349555 0.15996343692870202
0 0.7518848526387937 0.603290676416819 0.0993831391363948 0.11243144424131626
0 0.8217957505140507 0.676873857404022 0.08567511994516792 0.09872029250457039
0 0.7172721041809459 0.7906764168190128 0.10555174777244689 0.13254113345521024
0 0.5868745716244003 0.8057586837294333 0.10109664153529815 0.10603290676416818
0 0.5358122001370802 0.8903107861060329 0.08670322138450993 0.12522851919561243
0 0.42460589444825225 0.8912248628884827 0.07470870459218643 0.11151736745886655
0 0.34818368745716244 0.9367001828153565 0.05140507196710076 0.08363802559414991
0 0.3240233036326251 0.8466636197440585 0.0592871830020562 0.09643510054844608
0 0.3791980808773132 0.8487202925045704 0.0640849897189856 0.09689213893967093
0 0.2650788211103495 0.8398080438756855 0.06682659355723097 0.09643510054844608
0 0.21898560657984922 0.8667733089579525 0.067854694996573 0.09460694698354662
0 0.16312542837559973 0.7342321755027422 0.10692254969156957 0.10923217550274222
0 0.18865661411925977 0.6343692870201096 0.06545579163810829 0.05941499085923217
0 0.32179575051405074 0.5811243144424132 0.0884167237834133 0.13025594149908593
0 0.251028101439342 0.5150822669104205 0.062028786840301574 0.08226691042047532
0 0.21898560657984922 0.5776965265082267 0.09595613433858807 0.08318098720292505
0 0.3245373543522961 0.34255027422303475 0.07402330363262509 0.07449725776965264
0 0.40455791638108296 0.2726234003656307 0.08396161754626456 0.11014625228519195
0 0.3293351610692255 0.261654478976234 0.06442769019876628 0.09186471663619744
0 0.2630226182316655 0.27010968921389394 0.0956134338588074 0.12340036563071298
0 0.2762165867032214 0.1846435100548446 0.061686086360520906 0.07952468007312614
0 0.34869773817683347 0.19881170018281535 0.06819739547635367 0.06489945155393052
0 0.3493831391363948 0.14282449725776966 0.09698423577793008 0.08455210237659963
0 0.4119259766963674 0.180073126142596 0.06374228923920494 0.09414990859232175
0 0.48063742289239203 0.1809872029250457 0.07984921178889651 0.09780621572212066
0 0.5083961617546264 0.286563071297989 0.062028786840301574 0.10237659963436929
0 0.6106922549691569 0.29387568555758686 0.08636052090472926 0.09689213893967093
0 0.5865318711446196 0.21617915904936014 0.04832076764907471 0.09963436928702012
0 0.6475325565455792 0.1903564899451554 0.07710760795065114 0.12842778793418647
0 0.686771761480466 0.13345521023765997 0.061686086360520906 0.11517367458866545
0 0.7585675119945168 0.21206581352833637 0.06065798492117889 0.1343692870201097
0 0.8245373543522961 0.24588665447897623 0.08910212474297464 0.12614259597806216
0 0.9506511309115833 0.13711151736745886 0.0884167237834133 0.10511882998171847
0 0.8759424263193969 0.1910420475319927 0.09595613433858807 0.08957952468007313
0 0.9386566141192597 0.2420018281535649 0.12200137080191913 0.13574040219378428
0 0.04043865661411926 0.1432815356489945 0.08087731322823852 0.13482632541133455
0 0.09886908841672379 0.13893967093235832 0.07710760795065114 0.07861060329067641
0 0.15130226182316656 0.16704753199268738 0.05791638108293352 0.06352833638025594
0 0.10161069225496916 0.1823583180987203 0.054489376285126796 0.07038391224862889
0 0.1797464016449623 0.10626142595978062 0.09013022618231666 0.09460694698354662
0 0.1286840301576422 0.38162705667276053 0.09218642906100069 0.07312614259597806
0 0.08584647018505825 0.645109689213894 0.08053461274845784 0.06444241316270567
0 0.14016449623029473 0.6247714808043876 0.07539410555174778 0.06398537477148081
0 0.18848526387936942 0.6412248628884827 0.08156271418779987 0.0603290676416819
0 0.8329335161069226 0.8132998171846435 0.07847840986977382 0.0763254113345521
0 0.8553803975325566 0.7696526508226691 0.05962988348183688 0.06307129798903108
0 0.8965044551062371 0.7376599634369287 0.067854694996573 0.06855575868372943
0 0.8934201507882111 0.6652193784277879 0.10212474297464016 0.11654478976234003
0 0.906614119259767 0.8135283363802559 0.0592871830020562 0.09414990859232175
0 0.9283755997258396 0.5852376599634369 0.05894448252227553 0.05987202925045704
0 0.957676490747087 0.5495886654478976 0.07093899931459904 0.05073126142595978
0 0.48046607265250174 0.09506398537477148 0.047978067169294036 0.07678244972577697
0 0.5767649074708705 0.06924131627056673 0.06374228923920494 0.13848263254113347
0 0.5332419465387251 0.23720292504570384 0.07333790267306374 0.08775137111517367
0 0.5010281014393421 0.3820840950639854 0.061686086360520906 0.08683729433272395
0 0.2690198766278273 0.38322669104204754 0.05620287868403016 0.07906764168190128
0 0.31802604523646333 0.41521937842778794 0.0932145305003427 0.09095063985374771
0 0.23166552433173407 0.4403564899451554 0.06305688827964359 0.0872943327239488
0 0.20407813570938999 0.37842778793418647 0.08464701850582591 0.0712979890310786
0 0.1869431117203564 0.32084095063985374 0.05654557916381083 0.056672760511883
0 0.1423920493488691 0.2755941499085923 0.08053461274845784 0.07495429616087751
0 0.08019191226867718 0.33775137111517367 0.05894448252227553 0.048446069469835464
0 0.1041809458533242 0.8622029250457038 0.06374228923920494 0.06261425959780621
0 0.12200137080191913 0.9079067641681902 0.05414667580534613 0.058957952468007314
0 0.06425633995887595 0.6994972577696527 0.06614119259766964 0.04890310786106033
0 0.08927347498286498 0.5854661791590493 0.09698423577793008 0.04570383912248629
0 0.09115832762165867 0.5251371115173674 0.08156271418779987 0.050274223034734916
0 0.04557916381082933 0.4405850091407678 0.07950651130911583 0.0886654478976234
0 0.43043180260452363 0.11677330895795247 0.04866346812885538 0.0763254113345521
0 0.4276901987662783 0.353290676416819 0.06442769019876628 0.0603290676416819
0 0.19893762851267993 0.24794332723948811 0.06271418779986292 0.09277879341864717
0 0.1696367374914325 0.44424131627056673 0.0788211103495545 0.09963436928702012
0 0.3766278272789582 0.7029250457038391 0.08361891706648389 0.10603290676416818
0 0.6751199451679233 0.30438756855575866 0.04934886908841672 0.08135283363802559
0 0.7206991089787526 0.27856489945155394 0.05483207676490747 0.08455210237659963
0 0.7919808087731323 0.07495429616087751 0.05894448252227553 0.016453382084095063
0 0.7918094585332419 0.1170018281535649 0.11343385880740232 0.09506398537477148
0 0.866346812885538 0.13117001828153566 0.04318026045236463 0.056672760511883