0 0.5339273474982865 0.15585009140767825 0.0932145305003427 0.0886654478976234
0 0.5140507196710076 0.0820383912248629 0.0932145305003427 0.08363802559414991
0 0.4302604523646333 0.07175502742230347 0.0592871830020562 0.0740402193784278
0 0.4722412611377656 0.037477148080438755 0.058259081562714185 0.07495429616087751
0 0.454592186429061 0.16613345521023767 0.09835503769705277 0.11380255941499086
0 0.3966758053461275 0.15516453382084094 0.07573680603152845 0.07906764168190128
0 0.3697738176833448 0.21709323583180987 0.07333790267306374 0.08775137111517367
0 0.4518505825908156 0.24680073126142596 0.07573680603152845 0.11060329067641682
0 0.5651130911583276 0.2602833638025594 0.0822481151473612 0.14579524680073125
0 0.6267991775188485 0.2230347349177331 0.07128169979437972 0.1206581352833638
0 0.5097669636737492 0.27445155393053017 0.08190541466758053 0.11380255941499086
0 0.410212474297464 0.24977148080438757 0.05414667580534613 0.06535648994515539
0 0.3843385880740233 0.3037020109689214 0.06888279643591501 0.09369287020109689
0 0.43557230980123374 0.34277879341864714 0.0726525017135024 0.1170018281535649
0 0.4986291980808773 0.3823126142595978 0.07676490747087046 0.10191956124314443
0 0.6708361891706648 0.3446069469835466 0.0860178204249486 0.11243144424131626
0 0.5303289924605894 0.4570383912248629 0.10452364633310486 0.11517367458866545
0 0.59184372858122 0.44949725776965266 0.0884167237834133 0.11106032906764168
0 0.6033241946538725 0.36814442413162707 0.11000685400959562 0.08912248628884827
0 0.7808430431802604 0.14442413162705667 0.06888279643591501 0.12431444241316271
0 0.8570938999314599 0.1606489945155393 0.08636052090472926 0.1293418647166362
0 0.9401987662782728 0.5870658135283364 0.08670322138450993 0.10009140767824497
0 0.32179575051405074 0.5459323583180987 0.07128169979437972 0.10009140767824497
0 0.3721727210418095 0.4986288848263254 0.08430431802604524 0.08957952468007313
0 0.3605209047292666 0.41590493601462525 0.07950651130911583 0.08135283363802559
0 0.34184372858122003 0.32381170018281535 0.08396161754626456 0.08638025594149909
0 0.17717614804660728 0.3123857404021938 0.10486634681288554 0.08912248628884827
0 0.20630568882796435 0.3953382084095064 0.08567511994516792 0.0923217550274223
0 0.2914667580534613 0.3802559414990859 0.08807402330363262 0.07861060329067641
0 0.274503084304318 0.4321297989031079 0.09801233721727211 0.07998171846435101
0 0.08327621658670323 0.3992230347349177 0.06305688827964359 0.08455210237659963
0 0.1386223440712817 0.4344149908592322 0.08190541466758053 0.08272394881170018
0 0.1046949965729952 0.48651736745886653 0.06065798492117889 0.06444241316270567
0 0.1615832762165867 0.5141681901279708 0.08259081562714188 0.0740402193784278
0 0.7631939684715559 0.7511425959780622 0.11446196024674435 0.136654478976234
0 0.7558259081562714 0.6062614259597806 0.09218642906100069 0.10648994515539305
0 0.6992803289924606 0.5319926873857403 0.0750514050719671 0.12888482632541134
0 0.7452021932830706 0.4805758683729433 0.07299520219328307 0.10648994515539305
0 0.6247429746401645 0.5402193784277879 0.09115832762165867 0.12705667276051189
0 0.5526045236463331 0.6222577696526508 0.06682659355723097 0.08363802559414991
0 0.4701850582590816 0.5863802559414991 0.09184372858122002 0.09872029250457039
0 0.5347840986977381 0.5509597806215722 0.07230980123372173 0.0872943327239488
0 0.4919465387251542 0.504798903107861 0.07916381082933516 0.08363802559414991
0 0.4641877998629198 0.703382084095064 0.06956819739547636 0.1380255941499086
0 0.5843043180260452 0.7013254113345521 0.0993831391363948 0.11288848263254113
0 0.5322138450993832 0.7527422303473492 0.06511309115832763 0.09689213893967093
0 0.6783755997258396 0.6944698354661791 0.07984921178889651 0.126599634369287
0 0.6963673749143249 0.6142595978062158 0.07128169979437972 0.08135283363802559
0 0.6273132282385195 0.8064442413162706 0.08053461274845784 0.12385740402193784
0 0.5848183687457162 0.899908592321755 0.05586017820424949 0.11791590493601463
0 0.5397532556545579 0.8503199268738574 0.05483207676490747 0.09643510054844608
0 0.4919465387251542 0.9049360146252285 0.06682659355723097 0.11791590493601463
0 0.43591501028101437 0.920018281535649 0.06511309115832763 0.12797074954296161
0 0.3999314599040439 0.8132998171846435 0.09389993145990404 0.11928702010968921
0 0.3733721727210418 0.6393967093235832 0.07916381082933516 0.08226691042047532
0 0.26387936943111723 0.8153564899451554 0.13228238519533927 0.1343692870201097
0 0.2681631254283756 0.6414533820840951 0.10315284441398218 0.14670932358318098
0 0.16518163125428376 0.6953839122486288 0.12405757368060315 0.1905850091407678
0 0.06734064427690199 0.5642138939670932 0.13468128855380399 0.14396709323583182
0 0.07779300891021247 0.7858775137111518 0.12063056888279644 0.1576782449725777
0 0.8557230980123373 0.36151736745886653 0.11309115832762166 0.1480804387568556
0 0.949451679232351 0.3626599634369287 0.08122001370801919 0.12477148080438757
0 0.17374914324880056 0.9207038391224863 0.10349554489376285 0.11745886654478976
0 0.13348183687457163 0.8464351005484461 0.1209732693625771 0.11791590493601463
0 0.7762165867032214 0.8754570383912249 0.08636052090472926 0.11288848263254113
0 0.7206991089787526 0.9314442413162706 0.10143934201507881 0.13071297989031078
0 0.7054489376285127 0.806672760511883 0.0640849897189856 0.10054844606946983
0 0.3497258396161755 0.9127056672760512 0.06065798492117889 0.09140767824497258
0 0.3269362577107608 0.8402650822669104 0.05757368060315284 0.05621572212065813
0 0.6040095956134338 0.17161791590493602 0.06682659355723097 0.08638025594149909
0 0.3934201507882111 0.5632998171846435 0.08498971898560657 0.08455210237659963
0 0.8963331048663468 0.4554387568555759 0.07299520219328307 0.06718464351005485
0 0.9645305003427005 0.4954296160877514 0.0702535983550377 0.11060329067641682