0 0.5961274845784784 0.6759597806215722 0.07642220699108979 0.09872029250457039
0 0.6465044551062371 0.5678702010968921 0.08053461274845784 0.12202925045703839
0 0.6632967786154901 0.4657221206581353 0.07642220699108979 0.09323583180987204
0 0.6141192597669637 0.373400365630713 0.10075394105551748 0.11882998171846434
0 0.4458533241946539 0.6126599634369287 0.05757368060315284 0.06078610603290677
0 0.3103152844413982 0.5861517367458866 0.11549006168608636 0.15676416819012798
0 0.34818368745716244 0.7241773308957953 0.09664153529814942 0.11288848263254113
0 0.36925976696367374 0.6485374771480804 0.07093899931459904 0.07495429616087751
0 0.20956134338588073 0.6167733089579525 0.10520904729266621 0.1476234003656307
0 0.14170664838930774 0.7269195612431444 0.1113776559287183 0.09552102376599635
0 0.4645305003427005 0.33158135283363804 0.06956819739547636 0.09277879341864717
0 0.34115832762165865 0.30895795246800734 0.08327621658670323 0.11151736745886655
0 0.3733721727210418 0.19469835466179158 0.07710760795065114 0.10877513711151737
0 0.4079849211788896 0.32289762340036565 0.07299520219328307 0.13025594149908593
0 0.30534612748457846 0.20840950639853748 0.08498971898560657 0.13254113345521024
0 0.25257025359835505 0.2230347349177331 0.08361891706648389 0.1425959780621572
0 0.3015764222069911 0.10808957952468007 0.06237148732008225 0.09917733089579525
0 0.28803975325565456 0.03473491773308958 0.07779300891021247 0.06946983546617916
0 0.6665524331734064 0.17276051188299818 0.07128169979437972 0.15813528336380256
0 0.613776559287183 0.18350091407678246 0.07333790267306374 0.17138939670932357
0 0.5181631254283756 0.11243144424131626 0.06648389307745031 0.06307129798903108
0 0.5138793694311172 0.21252285191956125 0.0860178204249486 0.14990859232175502
0 0.8303632625085675 0.09095063985374771 0.07196710075394105 0.11425959780621572
0 0.8947909527073338 0.08752285191956125 0.0520904729266621 0.09826325411334552
0 0.9516792323509253 0.10511882998171847 0.09595613433858807 0.1636197440585009
0 0.7799862919808088 0.16476234003656307 0.06991089787525702 0.09917733089579525
0 0.7128169979437972 0.08272394881170018 0.08430431802604524 0.113345521023766
0 0.7847840986977381 0.34712065813528337 0.14667580534612748 0.17413162705667276
0 0.9138108293351611 0.3146709323583181 0.0702535983550377 0.13208409506398539
0 0.8586360520904729 0.5797531992687386 0.16620973269362577 0.193327239488117
0 0.7325222755311858 0.5909506398537477 0.08738862234407128 0.13619744058500913
0 0.7361206305688828 0.7088665447897623 0.11034955448937629 0.12340036563071298
0 0.8276216586703221 0.7168647166361974 0.08087731322823852 0.09552102376599635
0 0.7791295407813571 0.8151279707495429 0.07916381082933516 0.1046617915904936
0 0.6903701165181632 0.7417733089579525 0.0750514050719671 0.08683729433272395
0 0.7119602467443454 0.8558043875685558 0.054489376285126796 0.1010054844606947
0 0.4604180945853324 0.7260054844606947 0.08122001370801919 0.10009140767824497
0 0.09921178889650445 0.8587751371115173 0.1511309115832762 0.15722120658135283
0 0.32248115147361206 0.9143053016453382 0.08636052090472926 0.17047531992687387
0 0.4588759424263194 0.8324954296160878 0.061686086360520906 0.13391224862888482
0 0.5049691569568198 0.8368372943327239 0.0640849897189856 0.12431444241316271
0 0.564770390678547 0.8160420475319927 0.08156271418779987 0.16590493601462522
0 0.6608978752570254 0.8169561243144424 0.0750514050719671 0.10009140767824497
0 0.6108636052090473 0.8363802559414991 0.07368060315284441 0.12614259597806216
0 0.7825565455791638 0.9451553930530164 0.0894448252227553 0.10877513711151737
0 0.9216929403701165 0.9341864716636198 0.10589444825222755 0.12248628884826325
0 0.9422549691569568 0.6231718464351006 0.06956819739547636 0.10191956124314443
0 0.9228923920493489 0.754798903107861 0.09047292666209733 0.09826325411334552
0 0.1447909527073338 0.16978976234003657 0.09013022618231666 0.12202925045703839
0 0.23886223440712817 0.9271023765996343 0.0993831391363948 0.14488117001828155
0 0.44431117203564086 0.16224862888482633 0.10109664153529815 0.12797074954296161
0 0.3476696367374914 0.10169104204753199 0.06751199451679232 0.09369287020109689
0 0.8238519533927348 0.45726691042047535 0.09115832762165867 0.090036563071298