0 0.24400274160383825 0.46846435100548445 0.13502398903358465 0.14076782449725778
0 0.1888279643591501 0.2915904936014625 0.1185743660041124 0.1590493601462523
0 0.3002056202878684 0.36608775137111516 0.08293351610692255 0.08957952468007313
0 0.1941398217957505 0.1519652650822669 0.09835503769705277 0.12842778793418647
0 0.06596984235777931 0.15562157221206582 0.13193968471555861 0.17595978062157222
0 0.3966758053461275 0.2100091407678245 0.0956134338588074 0.11197440585009141
0 0.31802604523646333 0.27308043875685556 0.10212474297464016 0.08912248628884827
0 0.40558601782042497 0.3249542961608775 0.1065798492117889 0.08957952468007313
0 0.593899931459904 0.7413162705667276 0.09595613433858807 0.13345521023765997
0 0.6514736120630569 0.8194698354661791 0.06579849211788896 0.07861060329067641
0 0.7320082248115147 0.8414076782449725 0.08156271418779987 0.1170018281535649
0 0.8930774503084304 0.6844149908592322 0.11925976696367376 0.16956124314442414
0 0.7825565455791638 0.7031535648994516 0.0894448252227553 0.10923217550274222
0 0.8099725839616175 0.46914990859232175 0.11960246744345442 0.13574040219378428
0 0.8798834818368746 0.4757769652650823 0.054489376285126796 0.10511882998171847
0 0.9283755997258396 0.5022851919561243 0.06511309115832763 0.10420475319926874
0 0.7602810143934201 0.350091407678245 0.10932145305003427 0.12431444241316271
0 0.6800891021247429 0.2662248628884826 0.09904043865661412 0.14122486288848263
0 0.7811857436600411 0.24542961608775138 0.07162440027416038 0.08135283363802559
0 0.7721041809458533 0.17573126142595977 0.06374228923920494 0.08089579524680073
0 0.7028786840301576 0.12819926873857404 0.12405757368060315 0.13482632541133455
0 0.8858807402330363 0.1910420475319927 0.06648389307745031 0.10603290676416818
0 0.8894790952707334 0.36128884826325414 0.0894448252227553 0.11745886654478976
0 0.8634338588074023 0.27696526508226693 0.07230980123372173 0.07678244972577697
0 0.8370459218642906 0.20589579524680074 0.05311857436600411 0.09186471663619744
0 0.8163125428375599 0.1293418647166362 0.0774503084304318 0.07952468007312614
0 0.589273474982865 0.15105118829981717 0.09424263193968471 0.12842778793418647
0 0.5162782727895819 0.17138939670932357 0.0956134338588074 0.12522851919561243
0 0.5171350239890335 0.05918647166361975 0.1453050034270048 0.11654478976234003
0 0.5289581905414668 0.2577696526508227 0.10932145305003427 0.08226691042047532
0 0.5663125428375599 0.30187385740402195 0.07710760795065114 0.06078610603290677
0 0.6045236463331048 0.351691042047532 0.10692254969156957 0.10740402193784278
0 0.5565455791638109 0.46549360146252283 0.10966415352981494 0.1476234003656307
0 0.5078821110349554 0.36380255941499084 0.09801233721727211 0.09506398537477148
0 0.43060315284441397 0.5573583180987203 0.07230980123372173 0.10374771480804387
0 0.5059972583961617 0.5610146252285192 0.1004112405757368 0.09917733089579525
0 0.4912611377655929 0.46457952468007313 0.09835503769705277 0.1183729433272395
0 0.4244345442083619 0.41750457038391225 0.09972583961617547 0.09369287020109689
0 0.36360520904729265 0.6643053016453382 0.1247429746401645 0.06809872029250456
0 0.29437971213159697 0.6839579524680073 0.06648389307745031 0.07815356489945155
0 0.2823851953392735 0.6135740402193784 0.10692254969156957 0.11106032906764168
0 0.36103495544893766 0.7824497257769653 0.1353666895133653 0.1636197440585009
0 0.5140507196710076 0.6480804387568556 0.10281014393420151 0.1343692870201097
0 0.48303632625085674 0.8272394881170019 0.10932145305003427 0.1425959780621572
0 0.502570253598355 0.908363802559415 0.07093899931459904 0.09917733089579525
0 0.3827964359150103 0.9092778793418648 0.15215901302261822 0.1723034734917733
0 0.2366346812885538 0.8434643510054844 0.12988348183687456 0.16224862888482633
0 0.1453050034270048 0.5422760511882998 0.12748457847840988 0.15127970749542963
0 0.13999314599040438 0.6759597806215722 0.1113776559287183 0.12522851919561243
0 0.11343385880740232 0.36448811700182815 0.10623714873200822 0.11471663619744059
0 0.5964701850582591 0.6028336380255942 0.08396161754626456 0.11060329067641682
0 0.6949965729952022 0.5098263254113345 0.09732693625771076 0.09460694698354662
0 0.6329677861549006 0.551873857404022 0.08910212474297464 0.10557586837294333
0 0.6812885538039753 0.6830438756855576 0.09252912954078135 0.10740402193784278
0 0.8324194653872515 0.8523765996343693 0.10966415352981494 0.13345521023765997
0 0.1223440712816998 0.051645338208409504 0.08567511994516792 0.08683729433272395
0 0.9636737491432488 0.23423217550274222 0.07196710075394105 0.11197440585009141
0 0.9683002056202878 0.318327239488117 0.06271418779986292 0.08089579524680073
0 0.9671007539410555 0.4165904936014625 0.06511309115832763 0.10648994515539305
0 0.3092871830020562 0.16956124314442414 0.12165867032213845 0.1425959780621572
0 0.03495544893762851 0.45086837294332727 0.06991089787525702 0.11745886654478976
0 0.030671692940370116 0.29547531992687387 0.06134338588074023 0.10374771480804387