0 0.4588759424263194 0.2897623400365631 0.08293351610692255 0.11517367458866545
0 0.5109664153529815 0.3210694698354662 0.06374228923920494 0.09552102376599635
0 0.23166552433173407 0.3263254113345521 0.06854009595613433 0.09506398537477148
0 0.3233379026730637 0.3329524680073126 0.08396161754626456 0.10831809872029251
0 0.46967100753941055 0.148308957952468 0.06888279643591501 0.09095063985374771
0 0.5113091158327622 0.5525594149908593 0.06511309115832763 0.10420475319926874
0 0.41244002741603836 0.49017367458866545 0.10452364633310486 0.11654478976234003
0 0.6197738176833447 0.37842778793418647 0.08327621658670323 0.10877513711151737
0 0.590301576422207 0.5374771480804388 0.08122001370801919 0.10968921389396709
0 0.5222755311857437 0.6320840950639853 0.0568882796435915 0.08043875685557587
0 0.4772104180945853 0.6898994515539305 0.09287183002056203 0.11654478976234003
0 0.46778615490061687 0.623400365630713 0.04866346812885538 0.054844606946983544
0 0.4641877998629198 0.5827239488117002 0.054489376285126796 0.05941499085923217
0 0.46333104866346814 0.5331352833638026 0.041809458533241944 0.052559414990859234
0 0.38845099383139137 0.6377970749542962 0.08190541466758053 0.10009140767824497
0 0.40267306374228923 0.5614716636197441 0.0774503084304318 0.08180987202925045
0 0.36360520904729265 0.49657221206581353 0.053461274845784786 0.0763254113345521
0 0.3062028786840302 0.5543875685557587 0.10452364633310486 0.13711151736745886
0 0.5315284441398218 0.16956124314442414 0.0726525017135024 0.09872029250457039
0 0.5610006854009596 0.24474405850091407 0.047292666209732694 0.090036563071298
0 0.7376627827278959 0.29821755027422303 0.07299520219328307 0.11014625228519195
0 0.6932830705962988 0.3459780621572212 0.067854694996573 0.09689213893967093
0 0.6490747087045922 0.3169561243144424 0.067854694996573 0.09734917733089579
0 0.6598697738176833 0.40425045703839124 0.06819739547635367 0.08180987202925045
0 0.657128169979438 0.4760054844606947 0.07642220699108979 0.09460694698354662
0 0.6290267306374229 0.6574497257769653 0.10726525017135025 0.12202925045703839
0 0.659698423577793 0.5692413162705667 0.10349554489376285 0.1010054844606947
0 0.7090472926662097 0.5242230347349177 0.06991089787525702 0.12431444241316271
0 0.768334475668266 0.47052102376599636 0.07333790267306374 0.090036563071298
0 0.32145305003427005 0.6590493601462523 0.08361891706648389 0.08135283363802559
0 0.33379026730637423 0.7079524680073126 0.04043865661411926 0.0740402193784278
0 0.38399588759424264 0.7086380255941499 0.07710760795065114 0.09095063985374771
0 0.08361891706648389 0.5493601462522852 0.07128169979437972 0.08409506398537477
0 0.24982864976010966 0.47463436928702013 0.07196710075394105 0.06992687385740402
0 0.1845442083618917 0.22806215722120657 0.07093899931459904 0.09049360146252285
0 0.054489376285126796 0.19469835466179158 0.06579849211788896 0.08775137111517367
0 0.11600411240575736 0.16270566727605118 0.07436600411240575 0.061243144424131625
0 0.16552433173406442 0.10808957952468007 0.06100068540095956 0.0726691042047532
0 0.406614119259767 0.10694698354661791 0.05037697052775874 0.06307129798903108
0 0.3977039067854695 0.16179159049360145 0.0702535983550377 0.06489945155393052
0 0.3845099383139136 0.23720292504570384 0.06991089787525702 0.07861060329067641
0 0.39787525702535986 0.3624314442413163 0.055517477724468814 0.06946983546617916
0 0.7153872515421522 0.20840950639853748 0.06477039067854695 0.10329067641681901
0 0.6850582590815627 0.13985374771480805 0.06579849211788896 0.10420475319926874
0 0.6002398903358465 0.22394881170018283 0.02981494174091844 0.08957952468007313
0 0.6331391363947909 0.2042961608775137 0.05586017820424949 0.09414990859232175
0 0.5779643591501028 0.1432815356489945 0.06134338588074023 0.08638025594149909
0 0.590815627141878 0.08409506398537477 0.08156271418779987 0.08683729433272395
0 0.319910897875257 0.2561700182815356 0.05860178204249486 0.058043875685557585
0 0.2796435915010281 0.28450639853747717 0.0568882796435915 0.06352833638025594
0 0.2717614804660727 0.2093235831809872 0.07950651130911583 0.08683729433272395
0 0.29163810829335163 0.4063071297989031 0.06442769019876628 0.062157221206581355
0 0.09869773817683344 0.5758683729433273 0.07813570938999315 0.07495429616087751
0 0.07659355723098012 0.4469835466179159 0.08327621658670323 0.10054844606946983
0 0.14461960246744346 0.4056215722120658 0.06374228923920494 0.06992687385740402
0 0.17940370116518164 0.3654021937842779 0.07642220699108979 0.06627056672760512
0 0.23200822481151473 0.3265539305301645 0.0788211103495545 0.09277879341864717
0 0.16672378341329677 0.4936014625228519 0.07230980123372173 0.08318098720292505
0 0.2318368745716244 0.47691956124314444 0.08533241946538725 0.090036563071298
0 0.13022618231665525 0.7228062157221207 0.07813570938999315 0.14579524680073125
0 0.06425633995887595 0.2961608775137112 0.09424263193968471 0.09597806215722121
0 0.4280328992460589 0.4163619744058501 0.058259081562714185 0.07221206581352833
0 0.4880054832076765 0.48651736745886653 0.05894448252227553 0.07358318098720293
0 0.524503084304318 0.4499542961608775 0.05243317340644277 0.05987202925045704
0 0.5327278958190541 0.3912248628884826 0.055174777244688146 0.07678244972577697
0 0.5777930089102125 0.3811700182815356 0.04934886908841672 0.07312614259597806
0 0.5579163810829335 0.3249542961608775 0.05414667580534613 0.06489945155393052
0 0.6363947909527073 0.7527422303473492 0.07676490747087046 0.11425959780621572
0 0.5827621658670322 0.6636197440585009 0.05243317340644277 0.05941499085923217
0 0.5829335161069226 0.7269195612431444 0.053461274845784786 0.07084095063985375
0 0.20424948594928033 0.6455667276051188 0.08156271418779987 0.06809872029250456
0 0.24605894448252227 0.5770109689213894 0.07813570938999315 0.09917733089579525
0 0.3197395476353667 0.09780621572212066 0.06991089787525702 0.09414990859232175
0 0.34681288553803974 0.8361517367458866 0.06854009595613433 0.10557586837294333
0 0.4501370801919123 0.8834552102376599 0.05791638108293352 0.11060329067641682
0 0.3485263879369431 0.4382998171846435 0.06716929403701165 0.07495429616087751
0 0.2016792323509253 0.038391224862888484 0.04694996572995202 0.050274223034734916
0 0.24742974640164497 0.11037477148080439 0.08087731322823852 0.08820840950639854
0 0.06768334475668265 0.9001371115173674 0.06339958875942427 0.05621572212065813
0 0.7578821110349554 0.14191042047531993 0.0592871830020562 0.09277879341864717
0 0.7652501713502399 0.0820383912248629 0.047292666209732694 0.07998171846435101
0 0.7097326936257711 0.0646709323583181 0.05757368060315284 0.07084095063985375
0 0.7618231665524332 0.20178244972577697 0.05071967100753941 0.07084095063985375