0 0.5231322823851954 0.46914990859232175 0.08122001370801919 0.10191956124314443
0 0.6074366004112406 0.43944241316270566 0.10452364633310486 0.1156307129798903
0 0.6674091843728581 0.3711151736745887 0.08053461274845784 0.09689213893967093
0 0.45596298834818366 0.25 0.08053461274845784 0.10603290676416818
0 0.4962302947224126 0.3576325411334552 0.07676490747087046 0.09826325411334552
0 0.44533927347498287 0.5029707495429616 0.1004112405757368 0.11654478976234003
0 0.35092529129540784 0.5114259597806216 0.06922549691569568 0.06764168190127971
0 0.35161069225496916 0.5818098720292505 0.061686086360520906 0.08043875685557587
0 0.27398903358464705 0.5150822669104205 0.05586017820424949 0.07221206581352833
0 0.385195339273475 0.40973491773308957 0.08293351610692255 0.08820840950639854
0 0.38708019191226867 0.4554387568555759 0.04215215901302262 0.03793418647166362
0 0.2978067169294037 0.32084095063985374 0.05620287868403016 0.05210237659963437
0 0.2486291980808773 0.26919561243144424 0.06065798492117889 0.054844606946983544
0 0.19722412611377657 0.3452925045703839 0.08190541466758053 0.07906764168190128
0 0.2707333790267306 0.38162705667276053 0.05140507196710076 0.05941499085923217
0 0.29335161069225496 0.32769652650822667 0.061686086360520906 0.06764168190127971
0 0.3370459218642906 0.42390310786106034 0.055174777244688146 0.09095063985374771
0 0.26799177518848527 0.45658135283363804 0.06716929403701165 0.056672760511883
0 0.30843043180260454 0.15562157221206582 0.04660726525017135 0.06809872029250456
0 0.3276216586703221 0.0820383912248629 0.053461274845784786 0.08455210237659963
0 0.429061000685401 0.07975319926873857 0.055517477724468814 0.08455210237659963
0 0.4120973269362577 0.11860146252285192 0.06134338588074023 0.07815356489945155
0 0.38502398903358465 0.12431444241316271 0.07779300891021247 0.07586837294332724
0 0.4043865661411926 0.18075868372943327 0.08636052090472926 0.09095063985374771
0 0.5171350239890335 0.068327239488117 0.06305688827964359 0.09734917733089579
0 0.49246058944482524 0.21823583180987202 0.05894448252227553 0.08912248628884827
0 0.6526730637422893 0.15539305301645337 0.0592871830020562 0.08683729433272395
0 0.6365661411925977 0.0872943327239488 0.04283755997258396 0.07038391224862889
0 0.5354694996572995 0.26371115173674586 0.04694996572995202 0.07312614259597806
0 0.6000685400959561 0.24314442413162707 0.05071967100753941 0.06672760511882998
0 0.5685400959561343 0.27148080438756855 0.05483207676490747 0.06398537477148081
0 0.5436943111720356 0.3388939670932358 0.049006168608636054 0.06718464351005485
0 0.6278272789581906 0.30027422303473494 0.0822481151473612 0.10329067641681901
0 0.7539410555174777 0.24748628884826326 0.06442769019876628 0.07815356489945155
0 0.7861549006168609 0.29478976234003657 0.08087731322823852 0.08318098720292505
0 0.7376627827278959 0.36814442413162707 0.07093899931459904 0.08272394881170018
0 0.6590130226182317 0.37088665447897623 0.067854694996573 0.10557586837294333
0 0.46967100753941055 0.42984460694698357 0.062028786840301574 0.08455210237659963
0 0.8932488005483208 0.47120658135283366 0.09150102810143934 0.07952468007312614
0 0.7854694996572995 0.5548446069469836 0.06716929403701165 0.06855575868372943
0 0.8389307745030843 0.5836380255941499 0.0726525017135024 0.0850091407678245
0 0.7697052775873886 0.6636197440585009 0.04455106237148732 0.055758683729433274
0 0.7272104180945853 0.6391681901279708 0.06991089787525702 0.10009140767824497
0 0.6350239890335847 0.7518281535648994 0.07470870459218643 0.08226691042047532
0 0.364804660726525 0.6871572212065814 0.053803975325565453 0.08089579524680073
0 0.32522275531185746 0.6597349177330896 0.05414667580534613 0.09095063985374771
0 0.5483207676490747 0.653107861060329 0.067854694996573 0.09049360146252285
0 0.4859492803289925 0.6695612431444241 0.07676490747087046 0.10146252285191956
0 0.4922892392049349 0.7374314442413162 0.06956819739547636 0.06352833638025594
0 0.4230637422892392 0.7838208409506399 0.0750514050719671 0.11608775137111517
0 0.4890335846470185 0.5763254113345521 0.06031528444139822 0.08043875685557587
0 0.40215901302261825 0.5904936014625228 0.043522960932145305 0.06307129798903108
0 0.4343728581220014 0.5941499085923218 0.04420836189170665 0.054844606946983544
0 0.4223783413296779 0.6750457038391224 0.06339958875942427 0.10968921389396709
0 0.3891363947909527 0.34186471663619744 0.057230980123372174 0.07769652650822668
0 0.39033584647018504 0.2863345521023766 0.05894448252227553 0.06078610603290677
0 0.35195339273474985 0.3075868372943327 0.05483207676490747 0.0740402193784278
0 0.45767649074708705 0.14648080438756855 0.0496915695681974 0.08546617915904936
0 0.6912268677176148 0.26828153564899454 0.07607950651130911 0.10146252285191956
0 0.721898560657985 0.4844606946983547 0.10932145305003427 0.13619744058500913
0 0.5373543522960932 0.8037020109689214 0.06991089787525702 0.13391224862888482
0 0.5904729266620973 0.8722577696526508 0.06716929403701165 0.09734917733089579
0 0.6182316655243317 0.6428244972577697 0.07333790267306374 0.09643510054844608
0 0.6667237834132967 0.6007769652650823 0.08670322138450993 0.11197440585009141
0 0.16655243317340646 0.3039305301645338 0.08430431802604524 0.07586837294332724
0 0.09852638793694311 0.2977605118829982 0.07368060315284441 0.08912248628884827
0 0.09184372858122002 0.1896709323583181 0.05483207676490747 0.06855575868372943
0 0.09715558601782043 0.13962522851919562 0.0640849897189856 0.07723948811700183
0 0.20322138450993832 0.2289762340036563 0.06511309115832763 0.07952468007312614
0 0.2662782727895819 0.125 0.07059629883481837 0.08638025594149909
0 0.25257025359835505 0.1999542961608775 0.06854009595613433 0.06627056672760512
0 0.30174777244688145 0.2529707495429616 0.05037697052775874 0.0690127970749543
0 0.5068540095956134 0.1960694698354662 0.05140507196710076 0.08592321755027423
0 0.5539753255654558 0.21755027422303475 0.04009595613433859 0.06581352833638025
0 0.8351610692254969 0.3679159049360146 0.08430431802604524 0.08043875685557587
0 0.8468128855380398 0.18624314442413162 0.06991089787525702 0.09552102376599635
0 0.9261480466072652 0.2420018281535649 0.07230980123372173 0.07815356489945155
0 0.8702878684030158 0.6403107861060329 0.05860178204249486 0.0850091407678245
0 0.9204934886908842 0.6540219378427788 0.06442769019876628 0.09689213893967093
0 0.7554832076764908 0.7993601462522852 0.059972583961617545 0.07312614259597806
0 0.8387594242631939 0.7324040219378428 0.059972583961617545 0.0690127970749543
0 0.7890678546949965 0.7287477148080439 0.06888279643591501 0.07998171846435101
0 0.35349554489376284 0.7792504570383912 0.06956819739547636 0.09780621572212066
0 0.318368745716244 0.7413162705667276 0.06511309115832763 0.08226691042047532
0 0.2664496230294722 0.7906764168190128 0.06682659355723097 0.07586837294332724
0 0.2547978067169294 0.8402650822669104 0.08875942426319397 0.09186471663619744
0 0.2227553118574366 0.7097806215722121 0.07676490747087046 0.09963436928702012
0 0.18814256339958876 0.5943784277879341 0.0884167237834133 0.08820840950639854
0 0.26953392734749826 0.6579067641681902 0.0702535983550377 0.06627056672760512
0 0.2633653187114462 0.6003199268738574 0.0750514050719671 0.05530164533820841
0 0.21641535298149417 0.4977148080438757 0.07779300891021247 0.06489945155393052
0 0.1511309115832762 0.4636654478976234 0.08773132282385196 0.07358318098720293
0 0.08618917066483893 0.5760968921389397 0.10520904729266621 0.09369287020109689
0 0.11651816312542837 0.7209780621572212 0.08293351610692255 0.07541133455210237
0 0.08618917066483893 0.6620201096892139 0.0640849897189856 0.05621572212065813
0 0.1415352981494174 0.6224862888482633 0.041809458533241944 0.06581352833638025
0 0.1792323509252913 0.7280621572212066 0.05140507196710076 0.09140767824497258
0 0.6379369431117203 0.5098263254113345 0.059972583961617545 0.07541133455210237
0 0.7469156956819739 0.8857404021937842 0.07710760795065114 0.09597806215722121
0 0.6161754626456477 0.9364716636197441 0.06237148732008225 0.11791590493601463
0 0.3819396847155586 0.9193327239488117 0.05311857436600411 0.10191956124314443
0 0.34150102810143934 0.8994515539305301 0.0496915695681974 0.10054844606946983