0 0.42991775188485265 0.4641224862888483 0.09835503769705277 0.15219378427787933
0 0.49948594928032897 0.4947440585009141 0.07573680603152845 0.11380255941499086
0 0.3469842357779301 0.4609232175502742 0.10589444825222755 0.1010054844606947
0 0.3260795065113091 0.5397623400365631 0.09629883481836875 0.10420475319926874
0 0.13262508567511994 0.526508226691042 0.10692254969156957 0.15082266910420475
0 0.5700822481151474 0.12385740402193784 0.11206305688827964 0.14076782449725778
0 0.572995202193283 0.5027422303473492 0.11720356408498972 0.15447897623400367
0 0.656614119259767 0.5228519195612431 0.08019191226867718 0.09963436928702012
0 0.7069910897875257 0.47714808043875684 0.08636052090472926 0.09414990859232175
0 0.5935572309801234 0.6284277879341865 0.09801233721727211 0.12431444241316271
0 0.4890335846470185 0.6371115173674589 0.10555174777244689 0.1453382084095064
0 0.4139821795750514 0.6238574040219378 0.09389993145990404 0.12614259597806216
0 0.22926662097326936 0.5230804387568556 0.09184372858122002 0.1329981718464351
0 0.27398903358464705 0.4179616087751371 0.08190541466758053 0.12385740402193784
0 0.7938656614119259 0.4737202925045704 0.06682659355723097 0.09277879341864717
0 0.7292666209732693 0.6327696526508226 0.07539410555174778 0.10557586837294333
0 0.6766620973269363 0.781764168190128 0.04832076764907471 0.07175502742230347
0 0.7577107607950652 0.8925959780621572 0.1185743660041124 0.15356489945155394
0 0.843899931459904 0.8743144424131627 0.08190541466758053 0.13528336380255943
0 0.8450993831391364 0.7559414990859232 0.07676490747087046 0.09689213893967093
0 0.7614804660726525 0.7136654478976234 0.07539410555174778 0.08912248628884827
0 0.7864976010966416 0.6403107861060329 0.06854009595613433 0.08135283363802559
0 0.5049691569568198 0.8005027422303473 0.08122001370801919 0.12111517367458867
0 0.43197395476353667 0.8832266910420475 0.08807402330363262 0.14396709323583182
0 0.5512337217272104 0.9172760511882998 0.05106237148732008 0.10054844606946983
0 0.6286840301576422 0.9255027422303473 0.13193968471555861 0.14716636197440586
0 0.3389307745030843 0.6176873857404022 0.10281014393420151 0.11288848263254113
0 0.27553118574366003 0.6190585009140768 0.09115832762165867 0.06809872029250456
0 0.25822481151473614 0.6773308957952467 0.07916381082933516 0.08683729433272395
0 0.07762165867032214 0.6007769652650823 0.09492803289924606 0.07906764168190128
0 0.15233036326250857 0.723491773308958 0.0750514050719671 0.09963436928702012
0 0.08773132282385196 0.7433729433272395 0.058259081562714185 0.09277879341864717
0 0.17769019876627828 0.6638482632541134 0.10109664153529815 0.07449725776965264
0 0.13605209047292666 0.4405850091407678 0.09664153529814942 0.10146252285191956
0 0.8786840301576422 0.4702925045703839 0.08156271418779987 0.11060329067641682
0 0.8391021247429746 0.40585009140767825 0.0956134338588074 0.0923217550274223
0 0.8421864290610007 0.553473491773309 0.09424263193968471 0.07861060329067641
0 0.9453392734749828 0.4963436928702011 0.07984921178889651 0.07952468007312614
0 0.8603495544893763 0.6471663619744058 0.059972583961617545 0.07312614259597806
0 0.8312200137080192 0.6501371115173674 0.03735435229609321 0.05712979890310786
0 0.9076422206991089 0.7769652650822669 0.06614119259766964 0.06307129798903108
0 0.4460246744345442 0.7673674588665448 0.08464701850582591 0.10786106032906764
0 0.38742289239204936 0.7831352833638026 0.0592871830020562 0.07723948811700183
0 0.3910212474297464 0.704981718464351 0.07333790267306374 0.0690127970749543
0 0.33344756682659354 0.7653107861060329 0.0993831391363948 0.11197440585009141
0 0.22429746401644962 0.8272394881170019 0.09013022618231666 0.12340036563071298
0 0.25496915695681976 0.7326325411334552 0.08293351610692255 0.07495429616087751
0 0.2155586017820425 0.9161334552102377 0.07196710075394105 0.09277879341864717
0 0.33550376970527757 0.8562614259597806 0.07470870459218643 0.07084095063985375
0 0.723440712816998 0.7669104204753199 0.0520904729266621 0.06672760511882998
0 0.6708361891706648 0.6919561243144424 0.06888279643591501 0.10329067641681901
0 0.6322823851953393 0.7815356489945156 0.05483207676490747 0.09049360146252285
0 0.5853324194653873 0.8110146252285192 0.08978752570253598 0.1183729433272395