0 0.5371830020562028 0.2413162705667276 0.08259081562714188 0.10877513711151737
0 0.5166209732693626 0.15310786106032906 0.055174777244688146 0.06855575868372943
0 0.5532899246058944 0.09894881170018281 0.08259081562714188 0.10374771480804387
0 0.47481151473612065 0.09506398537477148 0.06888279643591501 0.08226691042047532
0 0.452535983550377 0.14556672760511882 0.07299520219328307 0.06170018281535649
0 0.4578478409869774 0.21046617915904936 0.08430431802604524 0.10648994515539305
0 0.32882111034955447 0.12591407678244973 0.07847840986977382 0.13208409506398539
0 0.2640507196710075 0.07061243144424131 0.07230980123372173 0.1010054844606947
0 0.2203564084989719 0.08249542961608775 0.055517477724468814 0.08546617915904936
0 0.2633653187114462 0.20086837294332724 0.07299520219328307 0.05530164533820841
0 0.2914667580534613 0.2506855575868373 0.090815627141878 0.1183729433272395
0 0.25788211103495545 0.3375228519195612 0.10315284441398218 0.09095063985374771
0 0.48577793008910214 0.506398537477148 0.06819739547635367 0.09963436928702012
0 0.5666552433173406 0.5109689213893968 0.11343385880740232 0.15539305301645337
0 0.6843728581220013 0.6359689213893968 0.09389993145990404 0.12385740402193784
0 0.8243660041124058 0.24542961608775138 0.07368060315284441 0.10146252285191956
0 0.6686086360520904 0.4986288848263254 0.1041809458533242 0.14076782449725778
0 0.4407128169979438 0.5390767824497258 0.07950651130911583 0.09552102376599635
0 0.4025017135023989 0.6188299817184644 0.07368060315284441 0.09506398537477148
0 0.48149417409184375 0.6595063985374772 0.06854009595613433 0.11060329067641682
0 0.5397532556545579 0.6937842778793418 0.07333790267306374 0.11060329067641682
0 0.5556888279643591 0.6158592321755028 0.0702535983550377 0.07723948811700183
0 0.44928032899246056 0.7646252285191956 0.08704592186429061 0.13711151736745886
0 0.3036326250856751 0.6147166361974405 0.08773132282385196 0.10968921389396709
0 0.34013022618231664 0.5283363802559415 0.10795065113091158 0.1206581352833638
0 0.23766278272789582 0.5278793418647166 0.1004112405757368 0.10968921389396709
0 0.23012337217272105 0.4312157221206581 0.053803975325565453 0.0872943327239488
0 0.2758738862234407 0.42230347349177333 0.09184372858122002 0.10420475319926874
0 0.6228581220013708 0.3523765996343693 0.1004112405757368 0.14076782449725778
0 0.660212474297464 0.2659963436928702 0.08807402330363262 0.09963436928702012
0 0.6739204934886909 0.1640767824497258 0.10246744345442084 0.13528336380255943
0 0.8992460589444825 0.06649908592321754 0.09801233721727211 0.11288848263254113
0 0.25308430431802603 0.7579981718464351 0.08807402330363262 0.12020109689213894
0 0.2864976010966415 0.6661334552102377 0.08019191226867718 0.08455210237659963
0 0.2299520219328307 0.6572212065813529 0.08156271418779987 0.10420475319926874
0 0.2027073337902673 0.2659963436928702 0.07779300891021247 0.09414990859232175
0 0.2198423577793009 0.19378427787934185 0.07642220699108979 0.08683729433272395
0 0.7940370116518163 0.5342778793418648 0.12131596984235778 0.17915904936014626
0 0.8975325565455792 0.34255027422303475 0.09527073337902674 0.11197440585009141
0 0.839273474982865 0.39945155393053017 0.09732693625771076 0.12431444241316271
0 0.6041809458533242 0.8196983546617916 0.09389993145990404 0.13482632541133455
0 0.6530157642220699 0.7159506398537477 0.0894448252227553 0.09826325411334552
0 0.6908841672378341 0.796617915904936 0.07059629883481837 0.10054844606946983
0 0.7518848526387937 0.7385740402193784 0.09869773817683344 0.09689213893967093
0 0.7798149417409185 0.8450639853747715 0.10109664153529815 0.1380255941499086
0 0.9186086360520904 0.8692870201096892 0.07299520219328307 0.08226691042047532
0 0.8906785469499657 0.7881627056672761 0.07813570938999315 0.08180987202925045
0 0.7921521590130226 0.6389396709323584 0.057230980123372174 0.06946983546617916
0 0.9641877998629198 0.7893053016453382 0.07093899931459904 0.11882998171846434
0 0.8913639479095271 0.6695612431444241 0.08978752570253598 0.09140767824497258
0 0.8639479095270733 0.5054844606946983 0.09732693625771076 0.1316270566727605
0 0.9460246744345442 0.521709323583181 0.07368060315284441 0.10191956124314443
0 0.476525017135024 0.295018281535649 0.09492803289924606 0.09826325411334552
0 0.33755997258396164 0.41910420475319926 0.05620287868403016 0.07038391224862889
0 0.15644276901987664 0.3706581352833638 0.07916381082933516 0.10420475319926874
0 0.1501028101439342 0.49177330895795246 0.09732693625771076 0.11974405850091407
0 0.0568882796435915 0.5882084095063985 0.09732693625771076 0.11882998171846434
0 0.17237834132967786 0.5859232175502742 0.08704592186429061 0.07038391224862889
0 0.36206305688827967 0.7244058500914077 0.07916381082933516 0.09780621572212066
0 0.30603152844413983 0.7856489945155393 0.08361891706648389 0.09689213893967093
0 0.3694311172035641 0.8032449725776966 0.07539410555174778 0.09552102376599635
0 0.3546949965729952 0.8871115173674589 0.09184372858122002 0.09597806215722121
0 0.27124742974640165 0.876599634369287 0.10383824537354353 0.11791590493601463
0 0.048149417409184374 0.7486288848263254 0.0640849897189856 0.08683729433272395
0 0.15370116518163127 0.6942413162705667 0.0860178204249486 0.11791590493601463
0 0.10332419465387252 0.716636197440585 0.08053461274845784 0.10420475319926874
0 0.17135023989033585 0.7945612431444241 0.11103495544893763 0.08363802559414991
0 0.19619602467443453 0.8852833638025595 0.09972583961617547 0.09780621572212066
0 0.682659355723098 0.8852833638025595 0.07333790267306374 0.09140767824497258
0 0.9568197395476353 0.2547989031078611 0.08567511994516792 0.136654478976234
0 0.08618917066483893 0.1956124314442413 0.06339958875942427 0.07769652650822668
0 0.13553803975325565 0.24108775137111518 0.057230980123372174 0.07998171846435101
0 0.05243317340644277 0.38345521023765994 0.06442769019876628 0.06855575868372943
0 0.05294722412611377 0.46457952468007313 0.0894448252227553 0.08089579524680073
0 0.7952364633310487 0.13185557586837293 0.08190541466758053 0.1010054844606947
0 0.8726867717614805 0.15173674588665448 0.05106237148732008 0.04021937842778794
0 0.8766278272789582 0.18921389396709323 0.06031528444139822 0.04661791590493602
0 0.5147361206305688 0.3503199268738574 0.05894448252227553 0.10831809872029251
0 0.3809115832762166 0.45109689213893966 0.046264564770390676 0.06946983546617916
0 0.4210075394105552 0.4305301645338208 0.04283755997258396 0.06489945155393052
0 0.46812885538039756 0.45109689213893966 0.053461274845784786 0.08135283363802559
0 0.38930774503084303 0.3626599634369287 0.058259081562714185 0.054387568555758686
0 0.40044551062371486 0.3219835466179159 0.04283755997258396 0.08272394881170018
0 0.8231665524331734 0.7445155393053017 0.06648389307745031 0.07861060329067641