0 0.5488348183687457 0.6807586837294333 0.11411925976696367 0.16224862888482633
0 0.6922549691569568 0.7438299817184644 0.0932145305003427 0.13848263254113347
0 0.6761480466072652 0.6030621572212066 0.09252912954078135 0.11471663619744059
0 0.48680603152844415 0.5612431444241316 0.09150102810143934 0.08775137111517367
0 0.45904729266620975 0.6279707495429616 0.09698423577793008 0.0850091407678245
0 0.4809801233721727 0.715036563071298 0.10726525017135025 0.11928702010968921
0 0.21093214530500343 0.3880255941499086 0.12371487320082249 0.1170018281535649
0 0.2227553118574366 0.27696526508226693 0.0822481151473612 0.10968921389396709
0 0.30740233036326253 0.38391224862888484 0.0822481151473612 0.06855575868372943
0 0.30243317340644277 0.15059414990859232 0.05860178204249486 0.10831809872029251
0 0.3538382453735435 0.19195612431444242 0.07436600411240575 0.10146252285191956
0 0.4160383824537354 0.2746800731261426 0.08978752570253598 0.11151736745886655
0 0.406614119259767 0.15653564899451555 0.06614119259766964 0.12020109689213894
0 0.36737491432488006 0.08226691042047532 0.09115832762165867 0.13254113345521024
0 0.1562714187799863 0.23811700182815357 0.07470870459218643 0.10054844606946983
0 0.18231665524331733 0.15013711151736747 0.08910212474297464 0.10923217550274222
0 0.13776559287183002 0.05050274223034735 0.09184372858122002 0.09460694698354662
0 0.09904043865661412 0.15950639853747714 0.08293351610692255 0.09597806215722121
0 0.0411240575736806 0.2246343692870201 0.07470870459218643 0.07084095063985375
0 0.12405757368060315 0.41910420475319926 0.0884167237834133 0.08135283363802559
0 0.227553118574366 0.548217550274223 0.0774503084304318 0.11197440585009141
0 0.16278272789581905 0.4805758683729433 0.10760795065113091 0.0443327239488117
0 0.1549006168608636 0.5310786106032906 0.08156271418779987 0.06855575868372943
0 0.2839273474982865 0.3176416819012797 0.05791638108293352 0.12705667276051189
0 0.3145990404386566 0.3155850091407678 0.08430431802604524 0.12294332723948811
0 0.7623372172721041 0.2977605118829982 0.1572995202193283 0.1860146252285192
0 0.7453735435229609 0.13985374771480805 0.11103495544893763 0.14716636197440586
0 0.5992117888965045 0.5541590493601463 0.11411925976696367 0.11380255941499086
0 0.6100068540095956 0.4819469835466179 0.1247429746401645 0.10009140767824497
0 0.5947566826593558 0.3969378427787934 0.09013022618231666 0.12020109689213894
0 0.6706648389307746 0.38094149908592323 0.09252912954078135 0.1293418647166362
0 0.7405757368060315 0.4353290676416819 0.10075394105551748 0.09186471663619744
0 0.6874571624400274 0.506398537477148 0.08978752570253598 0.10968921389396709
0 0.46247429746401647 0.47851919561243145 0.10109664153529815 0.10603290676416818
0 0.41278272789581905 0.43144424131627057 0.07230980123372173 0.09323583180987204
0 0.39067854694996573 0.35146252285191953 0.07539410555174778 0.09414990859232175
0 0.45699108978752573 0.363345521023766 0.07573680603152845 0.09963436928702012
0 0.29437971213159697 0.5374771480804388 0.05071967100753941 0.06855575868372943
0 0.3139136394790953 0.47554844606946983 0.06922549691569568 0.08180987202925045
0 0.36686086360520903 0.5537020109689214 0.09492803289924606 0.1156307129798903
0 0.3075736806031528 0.754798903107861 0.10589444825222755 0.11106032906764168
0 0.2721041809458533 0.6414533820840951 0.10555174777244689 0.10648994515539305
0 0.22104180945853324 0.8612888482632541 0.09047292666209733 0.1403107861060329
0 0.21007539410555176 0.7378884826325411 0.08704592186429061 0.06809872029250456
0 0.4465387251542152 0.8151279707495429 0.10281014393420151 0.18053016453382084
0 0.5058259081562714 0.8222120658135283 0.07539410555174778 0.14716636197440586
0 0.6196024674434544 0.8722577696526508 0.0993831391363948 0.16316270566727606
0 0.8226525017135023 0.729890310786106 0.09629883481836875 0.12248628884826325
0 0.9124400274160384 0.7070383912248629 0.09355723098012338 0.14076782449725778
0 0.6744345442083619 0.18304387568555758 0.07607950651130911 0.11197440585009141
0 0.6261137765592872 0.1380255941499086 0.06716929403701165 0.12614259597806216
0 0.477039067854695 0.1889853747714808 0.07470870459218643 0.1046617915904936
0 0.5724811514736121 0.276508226691042 0.06614119259766964 0.09323583180987204
0 0.5438656614119259 0.21892138939670933 0.045236463331048665 0.04936014625228519
0 0.614290610006854 0.22783363802559414 0.08259081562714188 0.10374771480804387
0 0.7621658670322139 0.6972120658135283 0.08019191226867718 0.09643510054844608
0 0.8946196024674434 0.8185557586837294 0.09150102810143934 0.09506398537477148
0 0.8253941055517477 0.856489945155393 0.09835503769705277 0.10694698354661791
0 0.8730294722412612 0.9478976234003657 0.09629883481836875 0.10329067641681901
0 0.9198080877313228 0.1860146252285192 0.07333790267306374 0.11608775137111517
0 0.8625771076079507 0.21275137111517367 0.09595613433858807 0.14579524680073125
0 0.8670322138450994 0.375 0.11309115832762166 0.11014625228519195
0 0.22155586017820425 0.6663619744058501 0.08259081562714188 0.08957952468007313
0 0.18420150788211104 0.6110603290676416 0.10178204249485949 0.10054844606946983
0 0.7755311857436601 0.5598720292504571 0.10897875257025359 0.15539305301645337
0 0.5776216586703221 0.9442413162705667 0.10520904729266621 0.11060329067641682
0 0.564770390678547 0.846892138939671 0.06442769019876628 0.09597806215722121
0 0.2931802604523646 0.8816270566727605 0.06751199451679232 0.10968921389396709
0 0.09441398217957506 0.5034277879341865 0.07710760795065114 0.051645338208409504
0 0.0774503084304318 0.5914076782449725 0.08704592186429061 0.07861060329067641
0 0.05774503084304318 0.676416819012797 0.09698423577793008 0.07038391224862889
0 0.15798492117888965 0.6825868372943327 0.08156271418779987 0.08272394881170018
0 0.41706648389307743 0.045018281535649 0.07813570938999315 0.07541133455210237
0 0.3977039067854695 0.14236745886654478 0.043522960932145305 0.09095063985374771
0 0.5603152844413982 0.1236288848263254 0.07196710075394105 0.14945155393053017
0 0.8327621658670322 0.10717550274223035 0.09252912954078135 0.11014625228519195
0 0.12748457847840988 0.3807129798903108 0.05620287868403016 0.051188299817184646
0 0.12731322823851954 0.32244058500914075 0.06888279643591501 0.06535648994515539
0 0.44671007539410557 0.12682815356489946 0.05311857436600411 0.06992687385740402
0 0.4019876627827279 0.656764168190128 0.07402330363262509 0.08592321755027423
0 0.3766278272789582 0.7579981718464351 0.06442769019876628 0.11928702010968921