0 0.2727895819054147 0.24223034734917734 0.08087731322823852 0.10054844606946983
0 0.316826593557231 0.2173217550274223 0.05654557916381083 0.08363802559414991
0 0.29660726525017134 0.14945155393053017 0.0640849897189856 0.07861060329067641
0 0.22515421521590132 0.388254113345521 0.05757368060315284 0.06627056672760512
0 0.271418779986292 0.3976234003656307 0.047978067169294036 0.04753199268738574
0 0.3384167237834133 0.3907678244972578 0.0894448252227553 0.054844606946983544
0 0.3798834818368746 0.4725776965265082 0.08396161754626456 0.08957952468007313
0 0.33550376970527757 0.4412705667276051 0.058259081562714185 0.06627056672760512
0 0.40849897189856066 0.38391224862888484 0.08773132282385196 0.12248628884826325
0 0.4578478409869774 0.30918647166361973 0.06237148732008225 0.07449725776965264
0 0.33190541466758056 0.16613345521023767 0.04009595613433859 0.03976234003656307
0 0.3733721727210418 0.19972577696526508 0.04763536668951337 0.07769652650822668
0 0.2787868403015764 0.3375228519195612 0.08190541466758053 0.090036563071298
0 0.23132282385195338 0.2774223034734918 0.053461274845784786 0.08409506398537477
0 0.19156956819739548 0.33615173674588666 0.05962988348183688 0.058957952468007314
0 0.19088416723783413 0.30415904936014626 0.04386566141192598 0.054387568555758686
0 0.14753255654557917 0.523308957952468 0.08327621658670323 0.044789762340036565
0 0.14307745030843044 0.48583180987202923 0.07368060315284441 0.04296160877513711
0 0.17220699108978751 0.4467550274223035 0.06888279643591501 0.05347349177330896
0 0.17803289924605895 0.6142595978062158 0.06614119259766964 0.09597806215722121
0 0.3932488005483208 0.601691042047532 0.051747772446881425 0.07449725776965264
0 0.4652159013022618 0.6170018281535649 0.09013022618231666 0.12522851919561243
0 0.5371830020562028 0.5994058500914077 0.051747772446881425 0.07815356489945155
0 0.5101096641535298 0.5150822669104205 0.07368060315284441 0.09872029250457039
0 0.546435915010281 0.46275137111517367 0.049006168608636054 0.07449725776965264
0 0.5966415352981495 0.541819012797075 0.07539410555174778 0.07723948811700183
0 0.503598355037697 0.40447897623400364 0.053803975325565453 0.07678244972577697
0 0.542323509252913 0.25594149908592323 0.0640849897189856 0.08409506398537477
0 0.5491775188485264 0.3375228519195612 0.06339958875942427 0.08546617915904936
0 0.4778958190541467 0.25662705667276053 0.049006168608636054 0.058043875685557585
0 0.44482522275531183 0.2152650822669104 0.04249485949280329 0.05941499085923217
0 0.48166552433173404 0.16156307129798902 0.06614119259766964 0.09369287020109689
0 0.6783755997258396 0.12591407678244973 0.10315284441398218 0.11654478976234003
0 0.7511994516792323 0.1736745886654479 0.07333790267306374 0.07861060329067641
0 0.8197395476353667 0.1613345521023766 0.07128169979437972 0.11151736745886655
0 0.884681288553804 0.12180073126142596 0.0496915695681974 0.06444241316270567
0 0.8079163810829335 0.2509140767824497 0.07299520219328307 0.08226691042047532
0 0.7023646333104866 0.28176416819012795 0.10383824537354353 0.1293418647166362
0 0.6889993145990404 0.3823126142595978 0.04283755997258396 0.04981718464351006
0 0.6369088416723784 0.2858775137111517 0.057230980123372174 0.07358318098720293
0 0.6370801919122687 0.3688299817184644 0.03289924605894448 0.09506398537477148
0 0.662782727895819 0.3857404021937843 0.02810143934201508 0.09049360146252285
0 0.6064084989718985 0.3256398537477148 0.04557916381082933 0.06352833638025594
0 0.6026387936943112 0.4220749542961609 0.05311857436600411 0.07084095063985375
0 0.6069225496915696 0.4828610603290676 0.047978067169294036 0.05621572212065813
0 0.6632967786154901 0.5505027422303473 0.03735435229609321 0.06261425959780621
0 0.7112748457847841 0.5082266910420475 0.08396161754626456 0.14351005484460694
0 0.7224126113776559 0.5975776965265083 0.03221384509938314 0.035191956124314444
0 0.7602810143934201 0.6544789762340036 0.05243317340644277 0.07586837294332724
0 0.8120287868403016 0.69172760511883 0.07162440027416038 0.07815356489945155
0 0.839787525702536 0.5386197440585009 0.053803975325565453 0.07449725776965264
0 0.7810143934201508 0.5587294332723949 0.045236463331048665 0.0443327239488117
0 0.8058601782042495 0.6222577696526508 0.051747772446881425 0.06444241316270567
0 0.8819396847155586 0.6037477148080439 0.0496915695681974 0.05393053016453382
0 0.8747429746401645 0.42915904936014626 0.04557916381082933 0.05210237659963437
0 0.8072309801233721 0.3439213893967093 0.04283755997258396 0.05621572212065813
0 0.7522275531185744 0.373400365630713 0.05757368060315284 0.05393053016453382
0 0.7129883481836875 0.6771023765996343 0.04694996572995202 0.04524680073126142
0 0.7194996572995203 0.7527422303473492 0.06545579163810829 0.07769652650822668
0 0.6727210418094586 0.6368829981718465 0.05140507196710076 0.06718464351005485
0 0.6375942426319396 0.6119744058500914 0.046264564770390676 0.06398537477148081
0 0.5901302261823167 0.6211151736745887 0.07333790267306374 0.06307129798903108
0 0.6064084989718985 0.6940127970749543 0.06888279643591501 0.06535648994515539
0 0.6651816312542838 0.725091407678245 0.03769705277587389 0.05530164533820841
0 0.65815627141878 0.7783363802559415 0.04763536668951337 0.06946983546617916
0 0.6232008224811515 0.7650822669104205 0.033241946538725156 0.04296160877513711
0 0.589787525702536 0.748400365630713 0.055517477724468814 0.06444241316270567
0 0.6134338588074023 0.8352376599634369 0.0411240575736806 0.08363802559414991
0 0.5308430431802604 0.8715722120658135 0.07402330363262509 0.11060329067641682
0 0.4838930774503084 0.7031535648994516 0.0568882796435915 0.06627056672760512
0 0.5089102124742975 0.7621115173674589 0.04386566141192598 0.06535648994515539
0 0.28598355037697054 0.7730804387568556 0.06477039067854695 0.09643510054844608
0 0.35212474297464014 0.5728976234003657 0.053803975325565453 0.07449725776965264
0 0.3236806031528444 0.4904021937842779 0.07230980123372173 0.05850091407678245
0 0.14513365318711446 0.3187842778793419 0.046264564770390676 0.0763254113345521
0 0.3303632625085675 0.9309872029250457 0.0568882796435915 0.06946983546617916
0 0.384167237834133 0.8619744058500914 0.05757368060315284 0.10054844606946983
0 0.32522275531185746 0.850091407678245 0.06579849211788896 0.0740402193784278
0 0.3565798492117889 0.7605118829981719 0.05311857436600411 0.062157221206581355
0 0.3564084989718986 0.7104661791590493 0.05414667580534613 0.052559414990859234
0 0.34921178889650445 0.670018281535649 0.05620287868403016 0.04570383912248629
0 0.2844413982179575 0.7164076782449725 0.08361891706648389 0.05987202925045704
0 0.2882111034955449 0.6560786106032906 0.06716929403701165 0.05987202925045704
0 0.35092529129540784 0.30484460694698357 0.06648389307745031 0.09780621572212066
0 0.4297464016449623 0.28382084095063986 0.0568882796435915 0.10694698354661791
0 0.40472926662097325 0.2797074954296161 0.06854009595613433 0.11425959780621572
0 0.5723098012337218 0.12431444241316271 0.0884167237834133 0.0923217550274223
0 0.5666552433173406 0.18738574040219377 0.03050034270047978 0.05758683729433273
0 0.6058944482522276 0.20772394881170017 0.04249485949280329 0.09552102376599635
0 0.26559287183002056 0.08638025594149909 0.07128169979437972 0.10054844606946983
0 0.33156271418779987 0.05530164533820841 0.04283755997258396 0.051188299817184646
0 0.384167237834133 0.07906764168190128 0.03769705277587389 0.05210237659963437
0 0.3733721727210418 0.251599634369287 0.04694996572995202 0.04981718464351006
0 0.17083618917066484 0.2042961608775137 0.07299520219328307 0.07312614259597806
0 0.1290267306374229 0.1839579524680073 0.046264564770390676 0.06078610603290677
0 0.12782727895819054 0.07883912248628885 0.04249485949280329 0.05987202925045704
0 0.17769019876627828 0.07586837294332724 0.053803975325565453 0.07221206581352833
0 0.10897875257025359 0.1272851919561243 0.067854694996573 0.06261425959780621
0 0.08927347498286498 0.08089579524680073 0.04283755997258396 0.05758683729433273
0 0.10640849897189857 0.23606032906764168 0.07916381082933516 0.047989031078610606
0 0.12885538039753255 0.3436928702010969 0.058259081562714185 0.044789762340036565
0 0.912268677176148 0.6551645338208409 0.07539410555174778 0.051645338208409504
0 0.8793694311172036 0.4963436928702011 0.0520904729266621 0.051188299817184646
0 0.2878684030157642 0.9291590493601463 0.06716929403701165 0.10511882998171847
0 0.2438313913639479 0.8053016453382084 0.0496915695681974 0.11882998171846434
0 0.19088416723783413 0.8430073126142597 0.06511309115832763 0.09734917733089579
0 0.19448252227553117 0.7404021937842779 0.06477039067854695 0.061243144424131625
0 0.2064770390678547 0.6924131627056673 0.08464701850582591 0.07038391224862889
0 0.12508567511994517 0.7358318098720292 0.08704592186429061 0.11517367458866545
0 0.22635366689513364 0.1585923217550274 0.05037697052775874 0.08775137111517367
0 0.24640164496230293 0.14648080438756855 0.06511309115832763 0.090036563071298
0 0.477039067854695 0.8494058500914077 0.050034270047978065 0.08546617915904936
0 0.4401987662782728 0.8345521023765996 0.04420836189170665 0.07312614259597806
0 0.43814256339958874 0.7543418647166362 0.0496915695681974 0.08912248628884827
0 0.48612063056888277 0.058957952468007314 0.06751199451679232 0.10877513711151737
0 0.8942769019876627 0.26119744058500916 0.05654557916381083 0.07175502742230347
0 0.9417409184372858 0.248400365630713 0.03906785469499657 0.05987202925045704
0 0.8625771076079507 0.7223491773308958 0.06305688827964359 0.08363802559414991
0 0.28564084989718985 0.46206581352833637 0.04489376285126799 0.061243144424131625
0 0.25411240575736804 0.534963436928702 0.053803975325565453 0.06170018281535649
0 0.3106579849211789 0.5548446069469836 0.05860178204249486 0.06764168190127971
0 0.2419465387251542 0.6670475319926874 0.039753255654557916 0.07084095063985375
0 0.7522275531185744 0.8427787934186471 0.05962988348183688 0.09049360146252285
0 0.8277930089102125 0.8542047531992687 0.057230980123372174 0.08226691042047532
0 0.5786497601096642 0.8338665447897623 0.040781357093899934 0.0690127970749543
0 0.5498629198080878 0.7861060329067642 0.04283755997258396 0.05758683729433273
0 0.5328992460589445 0.6540219378427788 0.047978067169294036 0.044789762340036565
0 0.45904729266620975 0.473491773308958 0.07230980123372173 0.09963436928702012
0 0.04934886908841672 0.7669104204753199 0.07402330363262509 0.09049360146252285
0 0.8032899246058944 0.466636197440585 0.07607950651130911 0.0923217550274223